     1   0.00000   0.00000   0.00000       0    0
     2   0.78100   0.85559   3.12211    1952   16
     3   4.55978   1.25314   4.21425     655    8
     4   3.34015   0.83822   1.45698    1308   11
     5   2.66127   0.55830   1.89888    1332   13
     6   4.00765   1.05427   5.93259    1481   19
     7   5.70179   0.26239   6.19866     608   12
     8   2.41607   1.28489   5.60299    1570   18
     9   2.54287   0.26373   6.00220    1294   12
    10   5.18784   1.45096   1.58268    1078   13
    11   3.03306   0.80828   3.21683     883   15
    12   0.42071   2.48761   1.37179    1075   15
    13   1.65752   0.98290   2.73120    1684   16
    14   3.78099   1.99545   5.32590    1258   15
    15   4.06361   2.16935   2.85620     608   11
    16   0.52765   0.74201   3.57646     833   13
    17   1.39530   1.52938   1.57689     934   11
    18   1.42638   0.38842   4.50091    1923   18
    19   0.98520   2.28806   5.16462     887   12
    20   1.05199   1.62001   4.92960    2032   18
    21   0.94172   2.54384   0.17257    1484   16
    22   3.09786   0.65845   3.08728    1532   11
    23   1.96494   1.61638   1.06662    1240   13
    24   1.20410   1.67052   2.26920    1103   12
    25   0.77858   2.33252   4.80239    1479   14
    26   3.86650   2.32455   0.46687    1193   11
    27   0.65902   2.25558   2.38666     823   11
    28   4.97562   1.81867   1.64342    1217   14
    29   1.52576   0.64175   2.93772    1297   17
    30   2.33955   1.52147   2.11220    1536   17
    31   2.19910   1.83461   4.53214    1095   14
    32   2.58993   1.57634   1.24441    1261   15
    33   5.52097   1.95735   5.60060    1387   16
    34   1.15566   0.47625   4.10576    1698   17
    35   4.14354   1.23426   2.56839    1245   14
    36   1.98183   2.37624   4.26029     770   13
    37   2.07237   1.55366   3.40405    1301   14
    38   2.88402   1.92305   3.43585    1205   14
    39   4.95184   1.92459   4.23107     993   12
    40   0.12604   2.70095   0.72858    1595   15
    41   4.19158   2.54060   0.43897    1505   14
    42   4.97363   1.25274   2.17318    1422   14
    43   2.38295   0.90390   3.56023     977   12
    44   5.24232   2.10794   3.71017     749   11
    45   5.99081   1.58622   3.42383    1352   13
    46   3.22851   1.79609   0.59773     922   15
    47   5.30018   2.14569   4.23703    1133   14
    48   4.46284   2.27017   1.35247    1757   14
    49   5.63011   2.35866   3.61518    1527   20
    50   3.86925   2.30362   1.72677    1224   13
    51   5.48913   2.00286   4.67659    1372   15
    52   4.34995   0.96695   3.39221    1124   17
    53   3.72925   1.85352   5.42966    1186   14
    54   2.04076   1.85430   1.32215    1167   15
    55   3.59321   2.43140   2.13549    1253   14
    56   0.68788   2.19783   1.14081    1897   20
    57   0.74620   2.13612   1.67257    1471   15
    58   1.37772   2.59582   6.04565     730   12
    59   3.69547   1.57238   0.65914    1524   16
    60   2.50390   1.00765   0.50321    1936   17
    61   5.35952   0.78918   4.62093    1290   13
    62   5.25450   1.85643   3.16963    1729   14
    63   5.28521   2.06277   4.95935    1658   12
    64   2.71275   2.96142   0.41647    1449   16
    65   3.96601   1.19172   2.92828    1440   16
    66   2.34590   2.10635   5.48375    1104   13
    67   2.94390   1.49646   6.17031    1041   15
    68   4.61750   1.53153   2.62423    1990   20
    69   0.80208   2.09375   6.23174    1046   12
    70   0.63910   1.38701   3.50828     937   13
    71   0.60299   2.15180   5.78700    1812   16
    72   4.22000   2.13905   5.49161    1154   14
    73   5.45151   1.44107   5.13640    1341   13
    74   6.20348   2.12126   2.94120    1026   14
    75   0.76586   1.99027   0.59507    1402   17
    76   3.62201   1.51202   4.76771    1807   17
    77   5.23395   2.82110   0.54115     805   14
    78   1.12672   1.69344   3.07679    1442   17
    79   3.35263   2.90491   2.49723     759   11
    80   3.79259   1.21320   3.04399    1309   14
    81   5.64768   1.16808   3.82854    2247   21
    82   5.13051   2.78160   0.77376    1953   13
    83   0.17552   2.42422   0.25809     803   10
    84   0.23004   2.87795   0.84068    1034   15
    85   0.72227   0.82711   4.80759    1758   16
    86   2.05123   2.51560   3.50128    1476   14
    87   5.26268   2.18397   2.38298    1382   17
    88   0.53169   2.38026   2.80907    1364   15
    89   1.36501   2.49341   0.68797    1526   15
    90   5.18047   2.32165   2.50411    1446   14
    91   2.83021   1.16222   6.04791     713   13
    92   3.33050   1.06271   4.74870    1079   14
    93   0.79875   1.87128   5.17220    1015   13
    94   4.85178   1.93100   5.71042    1361   12
    95   4.81058   2.05089   5.38175    1752   19
    96   3.98566   1.69083   5.25644    1403   15
    97   3.31980   1.57498   3.15648    1257   15
    98   4.65978   0.14081   4.84805    1609   12
    99   3.47448   1.65405   4.66145    1512   17
   100   1.09244   1.06740   1.03843    1554   18
   101   1.86878   2.28410   2.61721    1887   17
   102   5.22995   0.65454   2.54322    1128   16
   103   4.84356   0.60553   4.32132    1095   14
   104   4.19537   1.98380   4.79678    1333   15
   105   1.11208   2.67445   0.28072     914   14
   106   0.67603   0.83791   5.03602    1801   19
   107   2.99666   2.78413   1.74799    1758   16
   108   3.32670   2.83192   4.41911    1674   16
   109   0.01944   1.60559   0.58019    1061   13
   110   2.91488   0.86443   5.57773    1433   16
   111   1.06533   0.37002   6.10969     714   11
   112   6.12639   1.01001   5.52237    1477   15
   113   3.42417   1.01805   5.17408    1230   17
   114   1.75382   2.26261   5.58123    2523   19
   115   6.07006   0.32160   2.94857    1110   13
   116   2.54770   2.38880   5.62019    1853   16
   117   1.09489   1.17106   0.65875    1146   15
   118   2.01104   1.65156   2.41233     843   10
   119   2.95928   1.26265   4.64631    1097   12
   120   4.44283   1.28158   1.05637    2483   22
   121   0.32683   2.13091   2.81774    1743   16
   122   2.43191   2.74790   0.80734    1351   17
   123   6.13119   0.40323   6.00307    1248   13
   124   0.70879   1.68847   1.13515    1521   18
   125   2.34414   1.06640   5.56610    1814   15
   126   5.99069   1.18641   4.63996     843   11
   127   2.82555   1.62862   3.41638    1034   13
   128   2.17046   1.49869   4.57350    1547   16
   129   4.38508   2.15574   2.07138    1577   19
   130   1.19587   2.52380   1.30812    1166   15
   131   5.56204   1.65236   3.53852    1032   16
   132   1.65038   1.07112   0.44105    1068   13
   133   4.06656   1.64052   2.30128    1504   15
   134   5.24232   2.10794   3.71017    1520   14
   135   5.00457   1.67541   0.41382    1023   15
   136   2.84149   2.91965   1.80185     739   13
   137   3.39159   2.28604   1.54413    1495   16
   138   2.31658   0.98459   1.64167     973   14
   139   2.52776   1.16916   4.31068    1882   16
   140   5.54519   1.65833   3.71714     797   11
   141   1.02331   0.32664   3.75540    1362   16
   142   0.09222   1.64234   4.38181    1012   13
   143   3.75508   2.16465   2.69043     809   12
   144   5.21235   0.26901   1.70171     636   10
   145   3.54725   2.38301   1.00187    1299   16
   146   1.19349   1.03939   4.37195    1247   16
   147   3.63333   2.41229   6.11330    1275   15
   148   4.94270   1.91581   3.39639    1323   14
   149   0.38178   1.52042   6.25071    1778   18
   150   1.29018   0.84487   4.37375    1244   14
   151   5.06260   0.87767   6.16382    1239   14
   152   3.38644   2.37196   2.85874    1453   15
   153   4.65511   1.13319   2.28924     940   16
   154   3.26884   2.38718   3.88852    1556   17
   155   4.80608   2.63063   3.02315    1533   15
   156   4.05832   0.89701   6.12803    1200   14
   157   4.11089   1.63406   5.70814     870   13
   158   0.94098   2.06932   3.69769    2329   18
   159   2.19406   0.79286   5.53036    1086   13
   160   5.18519   2.16061   2.54879    1145   14
   161   4.42702   1.25416   4.75473    1501   15
   162   1.02223   2.53728   2.28920     810   11
   163   5.28419   0.65135   6.25957    1219   14
   164   5.55567   1.46580   3.51948    1240   16
   165   1.98477   2.70465   5.27613     811   12
   166   2.31338   0.81042   0.03408    1134   13
   167   2.83021   1.16222   6.04791    1720   17
   168   6.02925   1.12939   1.34886    1555   13
   169   4.63721   2.11488   0.12493    1518   17
   170   0.41712   0.75844   3.73935    1315   16
   171   2.29367   2.85840   3.66261    1418   16
   172   2.28268   2.01061   1.20530     846   15
   173   1.41535   1.49915   5.27193     970   14
   174   6.06883   0.98341   1.72418     885   11
   175   4.55863   0.80557   1.85843    1604   15
   176   0.77655   1.23920   3.86150    2114   17
   177   0.57725   0.88811   3.32800    1363   12
   178   5.15498   2.46068   5.60636    1212   15
   179   1.21453   1.55477   5.13384    1889   14
   180   2.43619   0.96371   1.51483     902   13
   181   0.65274   0.66501   5.64447    1362   16
   182   3.70599   1.72760   3.34403    1564   14
   183   3.26391   2.33290   3.19219    1101   15
   184   4.84729   1.58027   5.26328     784   11
   185   0.03689   1.25748   1.02913    2923   20
   186   1.34669   2.59710   6.02881     955   13
   187   0.73881   2.52402   2.05105    1769   18
   188   3.87960   1.79445   1.22879    1238   14
   189   5.76484   2.41561   3.70436    1010   14
   190   1.87285   1.11755   5.78937    1688   16
   191   0.87289   0.16356   1.96226    2526   21
   192   5.20463   1.75351   3.63839     967   14
   193   1.52265   0.81056   3.84102    1265   13
   194   2.79714   2.76451   3.47572    1794   16
   195   5.27906   0.90505   5.28505     689   11
   196   2.43411   0.90563   1.40274    1291   15
   197   0.60021   2.31088   2.76327    1285   15
   198   1.51120   1.16353   1.87979    2272   15