     1   0.00000   0.00000   0.00000       0    0
     2   2.31963   1.41356   3.59125    1146   11
     3   3.96272   0.92707   6.24762     643   10
     4   0.66916   0.60128   0.15879     543   10
     5   0.75818   2.15444   4.66704     679   11
     6   3.84652   2.70376   1.47253    1616   15
     7   5.50441   1.55140   2.56917    1086   14
     8   5.56785   1.75990   4.15795    2610   17
     9   3.82923   2.47359   3.04843     887   12
    10   2.41936   1.42318   3.74035     503   10
    11   4.10405   1.06585   2.89670     734   12
    12   4.07759   0.97017   4.47034    4491   28
    13   0.82588   0.54836   0.01757    1731   22
    14   5.61058   1.60757   5.80795    1313   14
    15   3.75338   2.52584   1.38930    2753   19
    16   3.87266   2.56804   2.93689    2566   18
    17   4.04537   1.03775   1.38707    1510   16
    18   3.76531   2.55763   4.56336    4735   26
    19   0.90361   2.21659   4.91150    1342   19
    20   3.95804   1.00507   3.14696    1860   20
    21   0.63267   0.48624   4.94190    2363   15
    22   0.88494   2.17955   3.32929    1879   21
    23   5.61486   1.69359   4.14112    1869   13
    24   5.52776   1.65670   4.30528    3098   18
    25   4.01983   1.01808   4.52151    4202   24
    26   3.68729   2.46277   2.87763     380    9
    27   0.75867   0.55320   3.14916     623   12
    28   2.43629   1.40625   2.18856     792    9
    29   3.58208   2.54902   1.10653    2731   16
    30   0.58919   0.51729   4.91586     832   13
    31   5.60276   1.62340   1.09444    1572   18
    32   5.49747   1.71923   2.51114     888   15
    33   3.76809   2.67479   4.48470    2951   22
    34   0.86079   2.19180   4.80804    1246   16
    35   0.79756   2.21627   1.69637     460    9
    36   3.60281   2.54840   4.23457     390   11
    37   5.56332   1.61981   1.15486    3314   22
    38   0.61008   0.66323   3.30864    1156   15
    39   0.46033   0.63495   1.89224     526    8
    40   4.11134   1.07679   1.29654     523   10
    41   0.78444   2.18268   4.74678    2739   25
    42   3.74421   2.52364   6.08376     295   10
    43   0.94357   2.19349   0.10513    2346   18
    44   3.66746   2.66318   5.94666    2109   12
    45   3.97903   1.10524   2.89158     581    9
    46   3.83447   2.50069   4.47705    4404   22
    47   0.77738   2.11163   6.28214     432    6
    48   0.90717   2.22323   3.24274    2977   19
    49   4.02478   1.15981   3.09036    1515   17
    50   3.73159   2.57400   5.97191    4150   23
    51   3.80611   2.60284   2.99076    2956   23
    52   0.88494   2.17955   3.32929     472   11
    53   3.83787   2.47043   1.40151    1230   14
    54   0.94130   2.14797   3.31489     592   12
    55   2.41638   1.48525   3.80201    1192   14
    56   0.92132   2.20165   1.66631     241    7
    57   5.56427   1.74735   4.20905     429    8
    58   2.42061   1.35244   5.30824    1716   16
    59   0.98045   2.08844   3.35518     847   15
    60   2.41638   1.48525   3.80201     981   14
    61   3.90780   2.59472   4.59739    1784   16
    62   3.66584   2.66118   5.89998     402   11
    63   5.56713   1.59321   4.10470     516   11
    64   0.43067   0.47166   1.91182     373   11
    65   3.90780   2.59472   4.59739     542    8
    66   3.76285   2.46194   1.42311    4358   24
    67   3.99182   1.01856   1.55122    4665   24
    68   4.10951   0.98947   1.35251    1361   15
    69   5.48264   1.67843   2.65308     607   11
    70   0.62084   0.56689   4.92346    2468   17
    71   3.82806   2.58710   1.33346    1612   17
    72   5.52837   1.72974   1.11181     555    9
    73   0.61008   0.66323   3.30864     559    9
    74   3.67896   2.57505   4.37556    1181   13
    75   2.34847   1.57370   0.57910     940   11
    76   0.90361   2.21659   4.91150     502    8
    77   5.61058   1.60757   5.80795     477   11
    78   0.85970   2.09262   1.60072     528   11
    79   5.47303   1.74913   5.77781     427    9
    80   2.31696   1.43633   5.14673     724   11
    81   0.78531   2.13466   1.53569    2640   24
    82   0.93323   2.21146   3.30647     711   13
    83   2.41638   1.48525   3.80201     505   10
    84   4.04627   0.93076   6.04334    1032   12
    85   0.99881   2.13029   4.98704    1275   17
    86   3.90780   2.59472   4.59739    2488   17
    87   0.85469   2.10153   3.22410     696   10
    88   5.42291   1.68553   2.43491    4553   22
    89   0.77738   2.11163   6.28214     498   11
    90   4.03528   0.99288   4.61849    3645   24
    91   5.50864   1.61711   2.63339    2171   16
    92   0.81383   2.10505   1.69391     246    6
    93   3.89733   2.53383   6.14658    1500   17
    94   2.44131   1.47553   0.54054    1219   13
    95   3.64612   2.67732   2.79974     849   13
    96   2.37960   1.40081   0.66744    2084   17
    97   0.57907   0.52847   3.32587    1644   16
    98   2.41337   1.38607   2.15840     471    9
    99   5.53237   1.63117   1.00132     484    9
   100   3.65084   2.54512   2.86959    1185   13
   101   5.57345   1.63645   2.69087    1479   17
   102   3.56554   2.53400   4.30550    1329   18
   103   0.58919   0.51729   4.91586    1199   16
   104   5.45786   1.69957   0.97700     838   12
   105   0.93451   2.11822   3.21197    1037   13
   106   3.88861   0.95722   4.74866    1301   12
   107   5.46013   1.68420   4.05588     777   11
   108   2.39433   1.51282   3.57895    4265   26
   109   2.35995   1.57189   0.48431     886   11
   110   3.61782   2.54701   1.22635     776   14
   111   0.70376   0.53805   0.22643    3789   18
   112   3.81645   2.74410   4.54949     764   10
   113   2.33457   1.46240   3.75832    2078   15
   114   5.54858   1.76046   4.27165     806   11
   115   2.38869   1.49347   3.74706     976   13
   116   2.33457   1.46240   3.75832     915   12
   117   0.57064   0.58677   5.07584     389    9
   118   3.64612   2.67732   2.79974     411    8
   119   0.79756   2.21627   1.69637    1054   13
   120   3.92762   0.90480   1.52540    5175   23
   121   5.52221   1.60205   0.94151    4603   23
   122   5.44263   1.69481   4.14454    2137   17
   123   4.03169   0.98049   2.96818     811   11
   124   4.00955   1.14343   1.48288     742   11
   125   0.95763   2.08194   4.96741    1319   12
   126   3.90780   2.59472   4.59739     420    9
   127   5.47974   1.68397   5.76746     773   13
   128   5.47788   1.69625   1.07311    2560   18
   129   0.84922   2.11315   3.24183     315   10
   130   2.33457   1.46240   3.75832     800   14
   131   0.44837   0.53632   1.90255     323    7
   132   0.56406   0.55760   0.21068    1085   14
   133   3.84652   2.70376   1.47253     590    9
   134   5.53895   1.71214   5.79161     425    9
   135   0.91951   2.21327   0.21579     730   10
   136   5.63628   1.57759   2.52771    2188   19
   137   5.60016   1.66828   0.91536    1305   14
   138   3.84969   2.52682   6.22448    2396   15
   139   0.61913   0.60651   1.82696     638   14
   140   5.53597   1.66622   1.02529    1081   13
   141   2.29302   1.44631   3.70722     424    9
   142   0.81121   0.55877   4.77892     335    8
   143   0.82813   2.15381   1.74032     670   12
   144   0.87895   2.08244   3.29493     429    9
   145   4.10951   0.98947   1.35251     777   15
   146   0.85476   2.09052   3.30375    2212   16
   147   0.88680   2.05911   1.66068    2894   25
   148   3.95755   2.60563   4.64926    3180   18
   149   0.82913   2.14138   4.88353    1985   18
   150   0.58072   0.50148   3.39016    2656   25
   151   3.96416   1.02221   6.16946    3521   16
   152   3.98083   1.16406   3.08545    1773   20
   153   3.90780   2.59472   4.59739    1412   12
   154   0.81783   2.07200   1.68480     551   11
   155   2.33670   1.44461   3.66616     833   13
   156   2.41638   1.48525   3.80201    2429   16
   157   2.33457   1.46240   3.75832     704   13
   158   0.44837   0.53632   1.90255     472   11
   159   2.39009   1.47473   5.19584     527   11
   160   4.08849   1.10702   1.40124     411   10
   161   3.50728   2.56445   5.82430     668   11
   162   4.04496   1.06194   1.38204    3145   22
   163   3.55812   2.53428   5.88096     690   11
   164   3.74785   2.53146   4.44331     706   11
   165   0.76303   2.13089   3.10088     541   15
   166   3.91679   2.53768   3.13828    1401   13
   167   3.94048   1.12846   6.26171    1781   18
   168   0.58919   0.51729   4.91586     375    6
   169   5.48503   1.62919   5.88383     956   12
   170   5.54422   1.78234   2.58210    2975   21
   171   0.93510   2.25475   0.16281     539   12
   172   4.07743   1.08938   1.39209     614   10
   173   0.53162   0.55451   1.84104    3342   19
   174   0.48831   0.48354   3.56984    2876   19
   175   0.82945   2.08018   3.29870     681   11
   176   0.58690   0.47834   0.18242    4585   26
   177   3.65330   2.63957   1.16627    1365   16