     1   0.00000   0.00000   0.00000       0    0
     2   5.77902   1.97132   1.02234    1774   16
     3   2.72617   2.50427   0.23330    1149   12
     4   3.82669   2.37990   4.06837    1088   13
     5   4.79033   0.62784   2.41654    1013   15
     6   2.70919   1.63426   1.45016    1052   13
     7   2.42650   1.07262   4.61476    1167   15
     8   4.55233   0.66551   5.06161    1421   16
     9   3.19849   2.64388   3.19243    1398   15
    10   4.85484   0.64958   0.14052    1495   16
    11   2.31435   1.11992   4.00515     748   13
    12   6.03509   0.72458   1.51870    1663   15
    13   4.49111   1.03429   0.82106    1396   16
    14   5.11358   1.91365   0.96696     953   15
    15   4.22731   0.58037   4.15230    1138   16
    16   2.83792   2.50352   5.56512    1597   16
    17   0.01462   1.71318   0.70901     821   12
    18   3.26543   0.80109   4.52342    1355   12
    19   6.17202   1.62514   5.40921    1452   15
    20   0.23035   1.70386   6.18244    1876   18
    21   0.95034   0.91722   2.71122    1642   18
    22   2.62102   1.94342   1.79903    1433   14
    23   0.55886   2.10222   0.96034     904   14
    24   4.09584   0.86723   3.46467    1665   17
    25   5.22182   0.79809   4.63423    1856   15
    26   3.16424   1.52826   4.64331    1355   13
    27   4.35173   2.82030   0.24845    1013   13
    28   5.78638   1.12513   0.45248    1566   17
    29   3.34308   2.05422   4.04002    2010   19
    30   5.69428   1.74692   0.35099    1433   16
    31   5.97621   1.15083   3.35757    1313   18
    32   0.89958   2.57622   2.10021    1170   17
    33   1.04002   1.98826   0.05675    1312   14
    34   1.87363   1.02786   3.57170    1330   13
    35   1.02059   0.64147   6.10273    1219   14
    36   3.03651   2.39385   5.02118     546    8
    37   5.32416   0.95260   3.55837    2032   18
    38   4.35075   0.90460   2.07271    1861   14
    39   0.28387   0.86419   3.42467    1376   15
    40   2.31009   0.97436   1.16570    1126   15
    41   5.03225   1.72403   0.35572    1045   11
    42   0.62885   2.31974   2.82464    1087   10
    43   1.24213   2.40790   3.92685    1160   11
    44   3.36388   1.17746   1.87421     994   14
    45   2.32764   1.40058   2.31642    1185   14
    46   1.67389   2.59236   4.49078     923   13
    47   2.13918   1.33871   4.42610     918   12
    48   5.06247   1.67535   4.99893    1023   15
    49   3.77095   1.74294   4.65153    2459   17
    50   5.35703   0.76755   5.21019    1578   14
    51   4.24601   1.35829   2.60239    1534   16
    52   5.32129   1.34401   2.52192    1165   12
    53   2.63213   2.71393   1.36009     926   12
    54   2.68897   1.00986   4.20325    1397   14
    55   3.36799   2.38522   3.63374    1162   13
    56   4.54852   1.35031   5.01741    1121   12
    57   1.58676   2.10599   3.48736    1294   13
    58   5.95024   2.57742   2.86283    1727   14
    59   5.51821   1.19377   3.82725    1172   16
    60   0.99353   1.88645   2.59721    1881   16
    61   6.13802   1.86298   2.65478    1835   16
    62   2.47090   2.63634   0.54414    1786   17
    63   0.60561   0.96364   3.71154    1744   19
    64   0.77873   1.52865   0.66280    1271   14
    65   5.13971   0.60492   4.74063    1000   12
    66   0.17294   2.32524   2.31073    1518   17
    67   1.62563   1.33877   2.75606    1062   14
    68   4.41936   2.16245   0.96102    1386   17
    69   0.12977   2.34248   2.87800    1078   13
    70   1.39028   1.15969   4.55938    1465   16
    71   5.21493   1.54606   0.30101    2167   17
    72   2.54503   0.64599   4.32379    1807   16
    73   1.05143   1.69501   1.43235    1506   19
    74   0.57727   2.35525   5.95622    1646   18
    75   0.14069   1.28761   5.52183     939   11
    76   2.13801   1.46254   5.88499    1225   15
    77   4.33959   0.94676   5.77616    1098   13
    78   3.25417   1.75701   0.24665    1176   14
    79   4.95313   2.46650   1.80953    1775   19
    80   2.20554   0.87605   0.34399    1083   13
    81   4.96394   1.91126   4.62956    1824   17
    82   0.82424   1.95512   3.18676     758   12
    83   1.77466   0.76646   3.61375    1714   15
    84   0.41867   0.83919   2.21946    1337   17
    85   5.03876   2.01291   5.28513     942   13
    86   4.22029   1.72268   4.65285    1497   16
    87   1.55889   0.72254   5.46066    1111   14
    88   1.34589   1.49060   4.49694    2111   17
    89   1.28226   1.54048   2.94971    1323   14
    90   4.69386   2.17741   1.86044    1358   14
    91   6.20403   2.49849   3.32135    2083   17
    92   4.96067   1.94723   2.14855    1516   15
    93   5.45659   1.23052   5.51882    1016   13
    94   5.23242   1.71446   3.85695    1745   16
    95   5.50327   1.94417   4.78325    1093   10
    96   0.04265   1.99789   1.20052    1323   14
    97   0.79807   1.49285   4.58347     938   13
    98   6.06612   0.73303   5.96158     850   11
    99   2.95801   0.47588   4.55596    1265   18
   100   5.41859   2.51485   4.50260    1883   16
   101   5.71160   2.21495   1.54263    1427   16
   102   1.85106   0.70980   5.78642     957   12
   103   0.19204   1.76854   4.29603    1435   14
   104   4.61311   1.51163   1.41218     717   13
   105   0.23570   1.09714   2.34073     890   13
   106   6.12153   2.38243   6.09125    1222   15
   107   2.08979   2.47098   2.69989    1356   15
   108   2.39941   1.88864   2.38608    1677   18
   109   5.75037   1.30823   4.97278    1770   16
   110   0.77401   1.77168   4.09896    1361   15
   111   5.74431   0.34919   3.05618    2422   19
   112   3.99462   0.49817   0.33893     800   15
   113   3.75076   1.48562   0.66003    1287   13
   114   3.37297   1.93555   3.87336    2745   17
   115   3.02127   0.95046   1.14551    2054   17
   116   3.76098   0.72560   1.61610    1144   13
   117   5.98118   1.27074   2.72940    1562   17
   118   4.49670   2.50066   4.77994    1587   15
   119   4.34044   1.45023   0.55108    1551   18
   120   2.32764   1.40058   2.31642     926   14
   121   0.18900   2.17139   0.07189    1439   14
   122   2.19256   1.87734   2.37057    1311   13
   123   0.33691   2.37725   3.47955    1689   15
   124   6.23963   1.93119   2.73062    1409   14
   125   4.16926   1.62677   3.58827    1246   13
   126   3.83887   2.38559   4.62348     948   15
   127   2.31344   1.00635   3.83230    1010   14
   128   5.09511   0.56405   0.14055    1613   14
   129   1.30561   1.38984   0.46811    1436   14
   130   3.74070   2.23048   3.98264    1525   16
   131   4.16898   2.77516   1.01524    1607   15
   132   4.40206   1.38457   3.82043    1047   13
   133   0.86570   2.11885   1.85942    1273   13
   134   1.09783   1.73895   2.21033    1094   13
   135   5.22675   2.79040   1.32325     847   13
   136   4.90180   1.73892   6.16393    1557   17
   137   1.90601   2.57787   6.20309    2893   20
   138   0.94039   2.34254   5.89554    1488   16
   139   1.91295   2.08453   0.61453    2288   19
   140   4.17813   0.18773   0.60119     826   12
   141   5.77805   2.36020   5.93685    1089   17
   142   4.21541   0.66485   4.40651    1202   12
   143   0.82633   1.22246   4.26606     987   14
   144   4.86876   2.32447   2.53755     650   10
   145   2.04547   0.53556   3.42743     936   14
   146   0.39652   1.47638   3.31192    2337   21
   147   2.45862   0.98343   0.08100    1119   14
   148   2.86027   1.39724   4.30953     925   12
   149   5.31241   1.76389   4.83246    1008   12
   150   2.38136   1.48333   2.59572     801   12
   151   5.62778   2.70992   1.35953    1231   16
   152   5.30896   2.15984   3.96871     855   13
   153   2.64282   1.29941   2.71997     910   13
   154   0.83679   2.66517   0.02535     903   11
   155   3.12682   1.55414   4.95054    1023   15
   156   5.23527   2.43041   5.02871     951   11
   157   5.33491   2.09692   2.40107    1070   12
   158   4.66722   0.81921   0.89042     729   11
   159   4.73191   1.24938   3.74249    1025   16
   160   3.23130   1.31608   5.57992    1699   15
   161   4.93643   2.45560   3.44021    1828   19
   162   3.57652   2.51170   1.69198    1030   17
   163   5.58573   0.47919   0.53167    1076   12
   164   3.83187   2.08715   5.66044    1616   17
   165   0.48425   1.68752   0.64484    1386   15
   166   5.39925   1.85536   5.17324    1148   18
   167   2.82989   0.75585   2.07299     735   10
   168   4.36077   2.00185   1.49458    1947   15
   169   2.66658   2.32063   2.08291     889   12
   170   5.02388   1.57352   5.09403     977   15
   171   2.61342   0.39976   1.87787    1541   17
   172   0.25265   0.87053   3.64015     652    9
   173   2.21044   1.12449   1.52598    1056   13
   174   0.71685   2.36258   0.62546    1534   13
   175   1.21511   0.88403   3.46372    1938   20
   176   4.72649   1.94951   3.07575     748   12
   177   3.94368   2.75355   4.21435     825   14
   178   3.17242   3.00743   4.59202    1603   16
   179   4.71777   2.38131   2.19141    2589   20
   180   4.63191   1.05515   4.09446    1205   14
   181   1.49755   1.17995   3.61997    1421   17
   182   6.16692   0.61721   5.85280     634   11
   183   5.67499   1.80682   0.94827     895   14
   184   2.42224   1.01511   1.36644    1060   11
   185   1.54696   1.12884   0.61425     855   12
   186   3.84163   1.41651   4.02259    1548   15
   187   0.84373   0.33969   1.95266    1002   11
   188   5.22243   1.88971   0.56927    1731   17
   189   5.94446   1.92335   2.03461    1328   15
   190   2.39384   0.44837   1.25224    1298   14
   191   6.14234   2.37581   2.05051    2362   18
   192   2.68193   1.13370   4.31610    1493   16
   193   5.35955   1.96281   5.38424    1906   17
   194   3.64031   0.94921   2.43831    1977   18
   195   2.23593   0.60546   2.68492    1509   14
   196   0.85314   2.50793   1.76774    1193   13