     1   0.00000   0.00000   0.00000       0    0
     2   3.18520   2.74654   4.98214     303   10
     3   4.50722   1.46363   1.10687     933   12
     4   1.19341   1.74545   0.49524    1446   16
     5   5.95793   1.93884   6.17219     444   11
     6   4.42620   1.30679   2.76947    1656   16
     7   2.77900   1.22799   0.18528    1006   12
     8   0.02770   0.41512   1.23011     448   10
     9   6.26602   0.46426   4.44345    3293   18
    10   3.42024   2.65723   3.70241     816   11
    11   1.18634   1.80048   0.25629     429    9
    12   4.35915   1.36618   5.92097    2169   15
    13   0.14522   0.28618   4.22361    5812   29
    14   4.42620   1.30679   2.76947    1067   10
    15   1.19071   1.79448   1.91480     442    9
    16   1.25635   1.74638   5.07001     401    7
    17   4.39024   1.38640   1.31361    1813   14
    18   1.21117   1.70927   2.05110    1511   17
    19   5.98225   1.97421   1.40513    1141   14
    20   5.81419   1.88111   2.90364     744   12
    21   2.72683   1.13485   4.82663    1148   15
    22   5.97333   1.84403   2.95833    1984   15
    23   2.86438   1.09922   4.93225    3311   21
    24   2.92194   1.17944   4.82397    1759   17
    25   3.50075   2.69458   5.37952     851   11
    26   3.10876   2.77543   3.44760     560   10
    27   2.83128   1.22699   0.21171     778   13
    28   4.53022   1.51857   1.09313     417   11
    29   5.98959   1.96402   4.45040    1213   11
    30   0.48883   0.36403   5.52879     887   12
    31   6.26309   0.34868   2.73154    3628   19
    32   0.16403   0.50688   4.25524     754   10
    33   0.22782   0.41514   2.47657     346    7
    34   5.92892   1.87292   4.41571    1618   16
    35   1.20907   1.70235   1.86945     971   14
    36   5.92514   1.98428   4.57702     382   10
    37   1.27556   1.64993   1.93967    3301   23
    38   4.39896   1.41893   5.81038    1159   12
    39   2.75761   1.22467   0.32970    3958   22
    40   5.80728   1.91019   6.03398    1138   14
    41   5.83720   1.87323   4.59056     838    9
    42   3.30299   2.59595   5.29155     451    8
    43   5.95147   1.85148   4.40581    4229   25
    44   4.49914   1.31993   2.80468    1366   12
    45   1.38230   1.64199   5.10108     764   10
    46   1.25472   1.72949   5.03938     570   11
    47   0.23758   0.35116   2.48742    3404   17
    48   1.29373   1.88840   5.16170    1201   13
    49   1.19669   1.81798   3.50391     890   13
    50   0.28673   0.54096   4.01910    2211   22
    51   0.25390   0.42879   1.03550    2416   20
    52   4.47506   1.38185   4.38674    3199   21
    53   5.89086   1.90143   1.40147     628    8
    54   2.71025   1.31981   0.26617     669    9
    55   5.90022   1.92252   2.87305    2032   16
    56   0.54047   0.38780   0.74812     940   14
    57   2.82690   1.09255   0.20751    1019   13
    58   1.25650   1.78047   1.99217    1000   13
    59   4.33278   1.35009   1.23576    1819   16
    60   1.19071   1.79448   1.91480    1974   17
    61   5.85332   1.89183   2.90600    4096   23
    62   4.49008   1.40126   2.72411    1113   16
    63   1.26736   1.85370   3.50007    1279   17
    64   3.22888   2.68665   3.54654    2908   17
    65   2.84614   1.13722   4.92056    2960   23
    66   2.96219   2.67294   3.32210     470   10
    67   1.20907   1.70235   1.86945     537   11
    68   3.25493   2.75852   1.97927     405   10
    69   1.24824   1.75680   0.26286     897   15
    70   4.33915   1.34411   2.65487     982   11
    71   2.82795   1.13482   4.93204    1901   16
    72   0.06002   0.29632   4.40064     344   10
    73   1.27283   1.73277   5.08548    1674   14
    74   3.30299   2.59595   5.29155     595   10
    75   0.13375   0.39700   1.05954    1233   13
    76   5.87287   1.81256   2.86441    1018   12
    77   1.18950   1.77664   3.53112     625   10
    78   2.90193   1.12482   4.80336     997   13
    79   4.41330   1.28260   1.17387    2414   18
    80   3.03364   2.70801   0.21280    1601   14
    81   2.90095   1.23730   3.27212    3075   18
    82   0.16403   0.50688   4.25524     636   12
    83   2.78415   1.17975   4.87385    1827   16
    84   0.31222   0.40138   2.55549    1386   16
    85   4.37489   1.30184   2.77708    3744   21
    86   0.16300   0.45317   4.23473    1998   15
    87   6.07951   1.84556   6.08403    2129   13
    88   0.33256   0.35987   5.62946    1657   14
    89   4.42620   1.30679   2.76947    1612   16
    90   4.55168   1.35180   2.68179    2378   18
    91   1.28719   1.80769   3.58116     805   10
    92   0.09223   0.44744   1.19789    1072   11
    93   1.32733   1.77510   2.05280     605   11
    94   0.08429   0.45489   1.11162    3832   19
    95   2.78157   1.16976   4.90370    1906   19
    96   0.16300   0.45317   4.23473     289    8
    97   4.32854   1.35888   6.00341    4446   22
    98   2.91420   1.19906   0.15536     987   10
    99   3.14368   2.61455   5.12946     949   11
   100   0.29506   0.41066   1.06992    3909   20
   101   1.27790   1.86406   3.37649    1263   12
   102   5.90433   1.89978   2.94924    1320   13
   103   1.17954   1.67222   1.90762    1741   16
   104   1.26736   1.85370   3.50007     425   12
   105   5.82156   1.87363   1.26668    1753   15
   106   1.21117   1.70927   2.05110     489    9
   107   6.27550   0.33276   4.38081     533   10
   108   6.03650   1.94193   4.51095     269    9
   109   2.85391   1.21933   0.31236    2204   16
   110   2.70794   1.14604   1.77854    2735   17
   111   4.50014   1.32882   1.21445     895   11
   112   2.87732   1.19094   1.68965    2574   19
   113   4.43962   1.42441   1.31614     957   13
   114   6.07951   1.84556   6.08403     319    9
   115   3.50781   2.67540   2.21999     995   11
   116   5.98959   1.96402   4.45040     728   10
   117   2.83428   1.29358   4.85941     757   13
   118   0.16403   0.50688   4.25524    3770   22
   119   5.92188   1.89005   4.59433     501   11
   120   6.22229   0.27204   2.89016    2310   20
   121   4.42382   1.26893   1.24441     436    9
   122   1.37782   1.87258   0.47699     589   10
   123   3.46024   2.66871   3.80247     686    8
   124   2.83104   1.16739   0.23562    1000   11
   125   1.28322   1.73854   0.36098    2301   18
   126   2.87221   1.08853   4.87777    3672   21
   127   3.30299   2.59595   5.29155    2018   16
   128   4.42620   1.30679   2.76947     915   12
   129   1.30419   1.84864   0.47437     283    6
   130   1.18291   1.72190   3.45513     297    6
   131   1.22486   1.78945   5.04455    1511   15
   132   3.25493   2.75852   1.97927    2305   17
   133   6.00181   1.92586   3.04694    2517   19
   134   2.84560   1.21789   0.22358     406   11
   135   4.47794   1.53477   2.85802    5179   26
   136   0.16403   0.50688   4.25524     754    8
   137   3.10375   2.65381   1.80112    4314   23
   138   1.30272   1.69667   1.83728    2061   16
   139   2.87732   1.19094   1.68965    3227   21
   140   3.61240   2.75881   4.02364     701   11
   141   6.07218   1.95245   1.48052     321    7
   142   4.45448   1.53010   4.45172     597   10
   143   4.33428   1.23704   1.18782    4335   24
   144   3.40929   2.71678   5.39276     940   13
   145   3.27037   2.68590   5.15003    2402   22
   146   2.67484   1.18828   0.26659     825   10
   147   2.80486   1.29462   1.76508     974   12
   148   4.39838   1.50606   1.21099    4518   22
   149   0.51472   0.32041   5.55773    1098   13
   150   3.42470   2.82957   0.55737     528    9
   151   2.83022   1.14782   3.26153     737   13
   152   5.94526   1.97305   1.34790    4854   25
   153   3.61240   2.75881   4.02364    1556   16
   154   3.42024   2.65723   3.70241     532   10
   155   1.33063   1.71741   3.52069    3116   23
   156   3.30833   2.82255   0.45544     568   11
   157   4.38807   1.38936   1.24921     680   11
   158   1.36370   1.72079   2.01558     506   12
   159   3.39287   2.57793   0.57255    1516   14
   160   3.42024   2.65723   3.70241     771   11
   161   3.19868   2.62965   5.00854     484    9
   162   0.51472   0.32041   5.55773     606   10
   163   1.25727   1.65349   3.65353    1981   19
   164   2.91420   1.19906   0.15536    1143   14
   165   1.17577   1.78197   3.38189     871   11
   166   1.17891   1.77852   3.53628     466   11
   167   2.75943   1.21523   1.87227     602   10
   168   1.23489   1.76789   3.55941    2667   15
   169   3.51585   2.83201   0.56398     914   13
   170   3.23214   2.74815   0.47627    2340   19
   171   5.98959   1.96402   4.45040    2038   18