     1   0.00000   0.00000   0.00000       0    0
     2   0.39514   0.65782   3.96211    1077   15
     3   2.87691   2.04319   3.83926    1824   17
     4   1.74267   2.51473   3.55110     942   13
     5   2.37882   1.45731   4.62175    1108   12
     6   5.06473   0.75340   2.68245    1459   15
     7   0.21007   0.90515   2.11700    1184   15
     8   0.96672   0.77299   3.55688    1008   16
     9   5.89775   1.86745   1.91577    1904   18
    10   1.97868   0.53768   3.50498     742   12
    11   5.73939   2.14825   3.70997    1057   13
    12   3.91403   1.37323   5.03135    1218   18
    13   0.94913   1.16217   0.64226    1228   13
    14   3.35259   1.10807   4.86844     858   11
    15   5.25166   1.89985   2.39890     927   12
    16   5.80764   1.07372   5.62327     964   12
    17   5.51372   1.19207   5.26140    1126   15
    18   5.72064   2.40620   3.38101    1385   14
    19   0.55226   0.30619   0.02293     542   11
    20   3.81906   1.07835   2.36245    1601   18
    21   5.81040   2.35940   4.86155    1261   15
    22   4.60419   2.92906   4.21923    1128   15
    23   2.69319   1.08728   4.02645     865   13
    24   5.28731   2.19436   0.12044     738   12
    25   1.79525   1.56576   4.36008    1102   12
    26   1.84182   1.33075   0.99643    1360   16
    27   6.26937   1.47312   2.12119     865   13
    28   3.01092   1.80207   3.36070     836   14
    29   2.68798   1.79232   0.61791    1743   16
    30   3.74684   1.27416   6.04469    1925   18
    31   4.13359   2.47832   5.22598     925   12
    32   4.00954   1.90521   4.35191     883   11
    33   3.49541   2.72721   5.72436     487   11
    34   3.59081   2.60081   5.42246    1401   13
    35   2.17900   2.11077   0.48777     897   12
    36   5.90898   0.51496   6.20553    1215   16
    37   1.53110   1.61882   1.77678    1445   16
    38   0.92564   1.52135   3.70562    1349   16
    39   3.32984   2.30636   1.31879    1011   15
    40   2.41983   1.46627   6.05413    1073   14
    41   3.89349   1.88343   6.00586    1888   17
    42   5.92954   2.25543   2.72223    1030   12
    43   5.78158   1.05182   2.92634    1299   14
    44   5.28731   2.19436   0.12044    1317   14
    45   0.25452   2.01501   0.33991    1277   17
    46   4.98428   1.34920   0.22495     766   11
    47   1.73723   2.45617   4.10189    1213   17
    48   0.70764   1.96078   3.32177    1325   15
    49   6.10732   2.07201   4.20481    2565   20
    50   3.47984   1.02329   4.16177    1222   13
    51   2.47040   1.11998   3.71674    1076   11
    52   3.47594   1.94697   0.90154     828   12
    53   2.20294   2.24476   3.13494    2232   17
    54   2.14503   0.82001   0.97522    3031   22
    55   5.05715   1.94020   5.06313     779   11
    56   0.39569   2.30235   5.47911    1585   15
    57   3.26703   1.82579   4.71006     923   13
    58   0.60407   2.43736   4.15240     924   15
    59   1.80613   1.05349   4.57294     791   12
    60   2.27815   1.63867   5.90871    1028   15
    61   5.49243   2.64478   1.38394    1481   15
    62   2.99046   1.02525   0.90006    1361   18
    63   5.88223   0.91358   0.33916     630   12
    64   4.44032   2.13149   0.80599    1191   14
    65   0.15700   1.42547   2.84924    1731   18
    66   4.32770   2.41644   2.94287     877   13
    67   1.10679   0.78581   1.39234    1177   12
    68   2.91295   1.86269   2.43152    1029   14
    69   4.70204   1.57667   2.59031    1085   12
    70   0.92314   1.22831   4.99806     930   14
    71   3.69950   2.66398   3.88274    1447   16
    72   2.55079   1.55759   4.99117    1568   19
    73   1.80490   2.23744   2.41599    1116   16
    74   4.92066   1.10008   3.34822     880   12
    75   0.16305   1.44258   2.07941    1074   16
    76   1.30538   1.33539   3.47151    1394   18
    77   0.60966   1.59718   1.80997    1204   17
    78   1.73723   2.45617   4.10189    1190   16
    79   3.26082   1.59234   1.93261     703   13
    80   0.23725   1.62081   0.59359     902   12
    81   3.67012   1.89741   4.92664    1598   14
    82   2.60828   0.54449   1.73532    1505   18
    83   5.31197   1.97082   1.79698    1341   17
    84   1.36148   0.98316   6.04655    1167   12
    85   3.09880   2.33012   0.00032    1317   15
    86   3.10735   1.40166   5.62724    2291   19
    87   3.08406   1.76772   5.38079    2184   14
    88   1.02506   2.31747   5.20860    1822   18
    89   1.00565   1.80474   1.73282     989   13
    90   0.89998   0.58213   5.11721     566   10
    91   4.01904   2.13114   1.17751    1139   16
    92   2.34751   1.01848   4.97508    1622   15
    93   0.59920   1.99553   4.37905    1469   16
    94   2.04630   1.16933   4.71961     671   11
    95   4.64896   2.37948   6.01358    1672   17
    96   1.83032   1.70220   4.97790    1563   19
    97   4.86341   1.61215   0.52709    1392   14
    98   1.00238   1.70944   1.82028    1419   15
    99   4.97413   0.98733   0.71706     939   12
   100   0.96590   2.08496   0.60801    1316   14
   101   4.25623   2.47447   5.22814    1254   13
   102   4.22648   1.44278   1.94625    1488   15
   103   2.53492   1.43351   2.08609    1172   13
   104   0.95028   0.64716   5.82059    1167   14
   105   1.97478   0.71635   3.55963    1252   15
   106   4.88480   1.94280   5.02702    1868   15
   107   5.90260   1.05018   4.02725    1217   14
   108   5.73939   2.14825   3.70997     959   13
   109   5.97767   1.20933   3.91765    1465   17
   110   5.13601   0.49072   2.87592    2117   14
   111   3.42435   1.81026   0.84954    1811   17
   112   2.17999   3.01394   4.64837    1357   16
   113   5.94145   1.28340   0.03682    1169   14
   114   0.72460   1.47828   6.06872    1188   16
   115   5.28791   2.11106   6.20505    3005   20
   116   3.78964   2.13105   2.29423    1098   14
   117   0.77092   1.31426   2.12235    1413   17
   118   3.32845   1.07649   3.32060     689   14
   119   5.72849   2.00794   0.50959    2343   21
   120   4.16707   0.66395   2.12897     775   13
   121   3.01464   2.31381   2.66230    1130   19
   122   3.91875   2.15546   6.19101     773   11
   123   4.74417   0.97030   4.03802    1387   14
   124   5.19897   0.77149   1.85044    1956   17
   125   0.29270   0.23343   0.81248    1824   17
   126   1.90819   1.54488   1.68611    1273   13
   127   0.46865   1.99331   0.97991     967   13
   128   1.39683   1.54174   0.20677    1285   17
   129   0.64580   1.15767   3.92209    1365   17
   130   5.90578   1.40774   4.22855    1443   19
   131   3.94692   1.31359   3.55194    1080   17
   132   0.18342   0.80433   2.55393    1540   16
   133   2.69399   1.92995   5.07442    1758   15
   134   3.97267   1.88754   0.82865    1450   14
   135   2.20129   2.22846   3.00785    1353   15
   136   6.07551   0.55622   2.92716    1335   16
   137   1.80072   2.36821   3.97106    1014   12
   138   4.86366   1.00949   0.98808     934   11
   139   0.39733   2.42623   2.62985     726   11
   140   4.38747   0.92786   2.29807    1245   16
   141   5.33002   2.27738   0.37646    1733   14
   142   5.33200   1.93797   3.55039    1655   17
   143   2.17314   2.29915   6.17757    1077   14
   144   3.12764   1.34402   1.20320    1500   16
   145   2.57953   0.56981   5.33219     993   14
   146   0.41257   0.83215   0.95957    1773   18
   147   0.96239   1.46086   0.98812    1259   16
   148   0.47600   1.97247   5.22407    1620   18
   149   0.63992   2.13669   4.31032    1926   14
   150   3.32896   0.84009   0.68498    1186   15
   151   2.60895   1.48523   1.10282    1744   17
   152   1.15660   1.95681   2.19532    1703   15
   153   2.32315   1.54742   4.06904    1372   15
   154   0.59893   2.29113   2.83636    1502   14
   155   2.07496   1.07177   3.25098    1724   16
   156   4.77507   2.34196   3.76002    1083   12
   157   1.82135   2.30846   0.74678     804   13
   158   1.25090   2.29383   1.08505    1808   14
   159   0.99247   2.41087   3.81364    2541   20
   160   1.93525   0.18326   2.90032    1623   19
   161   0.04890   1.07562   2.27591     832   13
   162   1.71294   2.71680   2.48552    1716   19
   163   0.51591   0.97607   1.97181    1916   20
   164   5.44104   1.80322   3.99797     854   11
   165   4.54846   1.56332   3.69578    1591   16
   166   2.31066   2.08369   4.31582    1820   15
   167   2.36786   1.03592   2.33878    2283   21
   168   2.57226   1.32429   5.18445    1471   15
   169   4.16940   2.79626   0.94415    1023   12
   170   3.86125   2.28084   2.90206    1083   14
   171   1.13867   0.54249   4.15262    1066   13
   172   4.83337   0.99874   3.53016    1771   18
   173   0.44900   0.88992   1.80846    1549   13
   174   2.52158   1.81888   3.23830    1333   16
   175   2.73447   0.85160   5.45622    1279   15
   176   0.92056   2.22134   4.96965     617   10
   177   3.78362   1.89369   5.10589    2369   20
   178   2.40497   1.88888   3.55809    1503   14
   179   4.33031   1.16117   6.05065     916   14
   180   4.26766   1.52300   3.93043    1588   17
   181   1.47276   1.99126   4.24168    1349   15
   182   3.20714   1.99055   4.05062     901   14
   183   0.34001   0.58236   5.45932     841   10
   184   4.22345   1.04074   5.87832    1299   18
   185   0.36953   2.67762   1.36772    1889   17
   186   4.47990   1.66219   1.33921    1047   13
   187   3.52874   1.44070   2.40495    2297   16
   188   5.71932   1.33031   3.32581     970   13
   189   2.74128   2.39232   4.93359    1330   15
   190   5.15849   1.70530   0.29344     887   12
   191   6.20276   2.36619   2.42780    1579   16
   192   0.65311   0.62950   1.87112     755   11
   193   1.59346   0.81929   3.30650    1281   13
   194   4.46234   2.92045   4.34301     824   13
   195   4.09741   1.21602   2.04017    2275   18
   196   3.16750   1.58494   5.80510     952   13
   197   0.65379   2.49787   2.55576    1270   12
   198   4.41940   1.75178   2.96388    1192   15
   199   1.87616   1.84945   0.28078    1190   14
   200   4.55832   1.36019   4.09368    1451   15