     1   0.00000   0.00000   0.00000       0    0
     2   4.40662   1.51612   4.84557    1837   18
     3   3.08073   1.44180   4.87666    1120   15
     4   5.85139   1.05591   1.25530    2057   16
     5   0.83209   1.86368   0.42106     783   13
     6   2.37288   1.34690   0.18860     831   12
     7   5.51797   0.66869   0.55962    1878   17
     8   3.83253   1.13880   5.99380    1183   12
     9   3.99381   2.34897   0.92134    1287   16
    10   4.66260   0.99037   1.02429     793   11
    11   2.13321   2.15999   2.04841     913   14
    12   1.87569   0.70249   5.34217    1188   11
    13   0.24649   0.51688   5.15470    1065   12
    14   0.04636   1.57664   6.07064    1146   11
    15   1.65757   2.19637   2.31244    1304   14
    16   2.24475   1.10569   3.72887    1189   15
    17   2.29350   1.92891   1.10629    1189   12
    18   0.00476   0.92236   1.94503     662    9
    19   5.40963   1.66760   1.06063    1089   13
    20   3.27147   2.71383   2.02515    1209   13
    21   5.87577   2.12457   0.64530    1932   17
    22   0.88138   1.98525   2.22068    1118   15
    23   5.35273   2.04621   3.75766    1451   17
    24   2.95521   1.48475   1.37618    1659   16
    25   5.74331   2.50889   2.88548     983   13
    26   5.68305   1.11252   4.04050    1468   18
    27   4.82781   2.65839   2.42058     852   13
    28   2.10363   0.72535   5.06248    1573   17
    29   1.46897   0.96071   3.37679    1018   14
    30   3.61684   1.35139   5.18766    1001   17
    31   1.41030   0.83696   0.27497    1126   16
    32   1.41005   1.03855   1.51056    1265   15
    33   1.94402   1.00869   5.02800    1035   12
    34   5.96445   2.23238   1.99724    1106   14
    35   4.86130   0.31169   0.87682    1840   16
    36   2.51467   2.18623   2.55943    1317   18
    37   2.67453   2.36030   4.92918    1803   20
    38   0.76407   1.99990   4.95702    1287   12
    39   0.00459   1.52970   0.34845     881   12
    40   4.54292   2.41578   6.13482    1767   16
    41   0.78056   1.96728   5.05348    1241   17
    42   0.52115   2.37101   0.90676     955   14
    43   4.31319   0.50405   0.46006    1848   18
    44   2.29025   1.33752   5.20691    1122   12
    45   5.02696   0.27956   3.54788    1006   14
    46   5.56882   0.35410   4.80007     861   16
    47   3.78298   1.22531   1.40240    1835   18
    48   6.12168   1.59792   5.90225    1160   13
    49   2.19834   1.32017   3.66755     749   12
    50   3.18067   1.57526   1.57709    1643   19
    51   2.60613   1.27934   2.85336    2326   21
    52   0.49821   0.49560   1.81013     901   12
    53   5.51241   2.18875   5.26058    1620   18
    54   0.24249   1.74753   4.78517     952   14
    55   3.92846   0.50246   4.96653     593    8
    56   5.42119   1.86755   4.29014    1534   15
    57   1.75450   1.28840   2.47462     715   13
    58   0.86808   1.96449   2.26475    1180   14
    59   2.29701   1.32446   0.51616    1134   14
    60   2.55731   1.88360   4.83845     872   14
    61   0.52936   0.79538   3.10044    1480   15
    62   4.63425   2.29626   5.38231     745   13
    63   2.45296   1.43911   2.60783     780   15
    64   4.71557   1.50634   3.97604     999   13
    65   4.57635   1.18301   1.47488    1725   15
    66   4.96220   1.14262   5.79832     958   14
    67   0.61672   2.05035   4.87926    1110   14
    68   3.94845   1.26463   2.90168     910   13
    69   0.28348   1.68914   2.50147    1744   21
    70   3.83218   1.85910   2.23346    1414   18
    71   2.27639   1.29752   3.55003    1812   15
    72   0.83209   1.86368   0.42106     918   14
    73   0.55650   1.02356   5.17292    1492   13
    74   2.78966   1.95265   1.74792    1590   16
    75   2.36885   0.97121   2.21056    1456   15
    76   3.46728   0.61261   1.94504     697   12
    77   3.30738   2.63180   2.74713     879   13
    78   0.53114   2.12998   5.61852    1190   15
    79   4.22578   1.56968   0.95055    2104   18
    80   2.68977   1.31284   2.77054     982   13
    81   5.62007   1.72678   3.86529    1261   14
    82   1.23350   1.56688   3.93121    1479   16
    83   3.46728   0.61261   1.94504    1113   15
    84   2.29598   1.36455   5.16001    1971   18
    85   3.13114   2.28352   2.78799    1331   17
    86   1.03768   1.30162   5.54648     676   12
    87   2.84251   1.03310   6.09098    1413   17
    88   0.50686   0.97072   5.14524    1236   16
    89   0.30448   2.49251   4.15809    1249   12
    90   4.74651   1.85959   0.35949    1026   12
    91   2.03268   1.57534   6.22993     870   12
    92   3.88094   2.23199   5.11642    1347   15
    93   3.24979   0.81644   4.00877     756   12
    94   2.03602   2.78583   5.55846    1635   19
    95   5.57762   1.34839   4.76772    1389   18
    96   1.37295   2.32580   3.01125    1370   16
    97   5.25640   1.85690   4.26980     874   11
    98   4.18416   2.02314   1.82003    1873   18
    99   1.06299   1.92742   0.24783    1110   11
   100   5.35667   1.94717   4.54169     896   13
   101   5.89177   2.20344   4.83576    1393   13
   102   5.80792   1.84610   2.06443    1417   15
   103   3.80081   1.02705   3.67953    1817   15
   104   3.56763   2.27307   4.37180    1017   14
   105   5.32183   1.69011   5.81527    1336   17
   106   3.95587   2.21691   2.64913    1221   15
   107   5.28585   1.76485   1.04826     831   13
   108   1.07240   2.13026   2.04204    1584   17
   109   5.39091   1.69301   5.78866    1385   16
   110   3.86830   2.10820   0.50858    1146   14
   111   1.75475   2.16273   1.56967    1805   15
   112   4.17266   2.15112   5.43832     655   10
   113   3.59822   1.41876   5.36398     865   13
   114   2.01349   2.51392   3.90457    1409   17
   115   3.81571   1.15462   2.91005     970   13
   116   5.06282   2.37247   3.73924     897   14
   117   0.63187   2.68111   5.22633    2226   19
   118   3.34573   1.71563   3.41085    1042   13
   119   2.07829   1.37309   0.49749    1209   14
   120   0.79964   2.00329   0.36672    1027   14
   121   2.85722   1.65361   0.15912    1200   14
   122   3.82255   1.22432   4.56981    1941   22
   123   1.98351   2.38667   2.74146    1721   14
   124   2.17515   1.38778   5.18203    1090   14
   125   1.75718   1.48439   5.07169    1114   16
   126   3.92846   0.50246   4.96653     628   11
   127   3.92629   1.29415   4.73039    1028   11
   128   4.80351   2.17954   3.21772    1675   19
   129   5.63089   1.15211   2.92578    1360   17
   130   1.87167   2.53712   5.73012     889   13
   131   5.93933   2.12381   4.24358    1660   17
   132   0.10758   0.52833   5.28810    1639   17
   133   5.20959   1.73776   4.25513    1235   14
   134   1.70300   1.73930   3.58581    1038   16
   135   0.74196   2.18025   3.13920    1221   14
   136   4.61296   1.00107   3.32738     911   15
   137   5.48650   1.05509   4.86446    1091   13
   138   0.86107   1.08301   1.97443    1195   14
   139   3.77797   0.29537   3.47442    1364   13
   140   0.73812   1.98713   4.83331    1959   19
   141   1.11791   1.21428   5.70877    2782   20
   142   3.65787   2.77077   4.59600    1807   14
   143   0.81309   1.09522   0.92442    1788   20
   144   1.83447   2.43444   1.47089     897   11
   145   2.61818   0.58476   0.02147    1377   14
   146   3.23135   1.99800   4.76722     835   12
   147   1.29042   1.32906   5.02384    1022   12
   148   5.54251   2.70867   5.20538    1082   14
   149   2.41298   1.70036   2.90121    1158   15
   150   3.23361   2.67732   4.11433    1960   22
   151   0.23436   0.50435   5.12980    1001   13
   152   1.82260   2.60785   3.17557    2146   18
   153   5.07235   1.06649   2.62103    1269   14
   154   0.26198   0.37868   3.45625    1191   15
   155   3.13646   0.74257   1.84030    1073   11
   156   6.26785   0.68962   1.25148     632   11
   157   0.59231   2.36764   0.54736    1183   14
   158   4.95520   0.41093   1.08818    2268   18
   159   3.32538   0.88066   0.60402    1389   15
   160   3.39339   2.47083   1.54777    1793   21
   161   3.19875   1.32451   4.23517    1181   15
   162   4.26837   1.53587   2.37988    1154   14
   163   5.34018   2.23272   4.41885    1494   16
   164   3.02539   0.86811   1.62163    1375   15
   165   0.98270   1.04187   3.90458    1824   19
   166   0.75782   1.68296   2.67646    1118   14
   167   3.96925   1.93238   4.88902    1162   11
   168   0.87102   1.99749   1.88204    1247   12
   169   2.15311   1.93875   0.15038    1372   13
   170   5.94901   1.13801   4.97211    2545   20
   171   0.67083   0.97796   5.68273    1123   14
   172   0.77370   1.89684   0.65835    1152   12
   173   3.42919   2.69546   5.79962    1488   18
   174   3.48917   0.49622   4.74113    1320   16
   175   0.59547   0.39817   1.48888    1492   15
   176   3.92846   0.50246   4.96653     970   11
   177   4.92228   2.20940   0.24003    1496   18
   178   2.45296   1.43911   2.60783    1500   18
   179   0.83023   1.00104   5.74450    1335   16
   180   4.09983   1.37950   4.43418    1341   16
   181   5.63807   1.22898   0.52153     837    9
   182   2.67870   2.51077   5.37149    1291   14
   183   5.86971   1.45854   0.44472    1452   14
   184   3.85117   1.18268   2.93325    1174   13
   185   3.26693   2.60952   4.16214    1368   15
   186   3.80102   1.18801   1.40139    1224   13
   187   0.41711   1.34517   0.74694    1624   20
   188   1.93925   0.73948   0.55431    1042   12
   189   1.19849   0.18828   0.92024    1807   19
   190   3.87924   1.11410   6.01331    1621   17
   191   0.65862   1.71513   5.09315    1628   18
   192   3.61076   2.48954   1.60367    1365   19
   193   5.51712   2.19505   5.27089    1597   15
   194   3.82864   1.13832   6.16255     913   13
   195   5.31495   1.75112   1.23866    1211   13
   196   4.41026   0.82212   6.14585    1481   15
   197   2.68231   0.41509   5.54573     975   12
   198   1.60032   0.49608   0.50963    1303   15
   199   3.63494   2.63071   2.87853    1399   14
   200   5.20959   1.73776   4.25513     505   11
   201   1.20890   1.45942   5.02694    1437   12
   202   5.51070   1.02166   4.83658    1335   15
   203   4.20508   1.63341   1.11964    1244   14
   204   4.99020   1.44141   3.94733    1446   18