     1   0.00000   0.00000   0.00000       0    0
     2   0.56741   1.88136   5.99619     760    9
     3   2.26800   0.86078   0.24857     830   16
     4   3.73373   0.47401   5.72366    1231   16
     5   2.67643   1.98418   0.85693    1925   16
     6   2.67444   0.60773   4.87606     691   10
     7   4.18262   1.42102   5.35233     711   14
     8   3.97529   1.92592   1.97521    1129   11
     9   2.22572   1.24976   3.02533    1231   15
    10   5.67577   0.66338   5.39706     827   10
    11   3.71976   1.97268   3.17711    1805   17
    12   4.07180   1.83665   3.96034    2155   17
    13   1.77755   0.72278   3.84244     809   13
    14   5.36638   1.26377   3.35586     584   12
    15   0.21902   0.81484   0.83575     688    9
    16   3.92479   0.55648   0.67287     906   16
    17   0.28229   1.96419   1.20957    1362   14
    18   5.66583   2.23513   2.81543    2414   21
    19   2.20124   1.23813   2.35599     878   14
    20   5.50785   1.49197   5.37630    1470   18
    21   0.65145   0.66969   0.25700    1203   14
    22   4.77929   2.57798   5.30664     635    9
    23   4.39720   0.56640   4.06561    1107   15
    24   0.70399   2.00900   3.46668     820   14
    25   5.91520   1.74698   4.65700    1415   16
    26   6.14359   1.58030   0.43700    1867   18
    27   1.70535   0.35666   0.92903     888   11
    28   0.84684   1.58310   0.53037    1428   16
    29   5.95478   1.34981   1.11396     919   15
    30   4.76542   2.12778   1.25105    1909   19
    31   3.76921   0.49421   2.39260    1554   14
    32   4.43438   1.29445   3.86847    1529   15
    33   3.28931   1.52910   0.00538    1211   15
    34   6.15566   1.89225   3.82877    1512   15
    35   5.05589   2.60330   2.21092    1073   13
    36   4.73780   1.07613   4.88216     821   12
    37   2.38496   2.06496   3.97699    1281   14
    38   2.58022   1.00262   2.49031     843   12
    39   4.11356   0.82096   2.99342     971   15
    40   4.20228   0.08853   3.81155     882   14
    41   0.92642   0.56709   0.06024    1167   15
    42   3.27050   2.00194   2.69938     719    9
    43   2.43368   2.33694   3.75600    1067   16
    44   4.62783   1.52812   1.02280    1586   16
    45   3.40912   2.64310   1.15245    1026   16
    46   0.50961   1.05896   0.57480     807   13
    47   1.41768   2.45798   2.35681    1596   17
    48   0.85557   1.50892   4.45808     886   13
    49   1.64536   2.09804   4.70902    1352   16
    50   3.65593   2.47120   5.87476    1123   13
    51   3.86775   2.18118   3.76379    1095   15
    52   1.70949   1.02528   1.03453     616   12
    53   2.44525   1.27057   3.30102    1086   12
    54   3.56435   2.29409   0.69251    1066   15
    55   6.02463   1.26444   2.22397     598    8
    56   4.19286   1.39328   5.18205    1926   20
    57   0.09167   2.91716   5.93976     869   10
    58   0.44311   0.88328   0.47951     848   10
    59   1.99789   1.70612   2.82910    1429   16
    60   4.73409   0.28348   0.09385     779   14
    61   1.68906   0.29635   0.96116    1727   19
    62   6.06865   1.86817   2.94839    1241   14
    63   1.95053   2.97914   1.01267    1082   15
    64   2.85858   0.33769   5.24811    1240   15
    65   6.02814   0.70340   1.92204    1079   16
    66   0.07954   1.33847   5.33571    1156   15
    67   1.46755   0.16742   6.04225    1139   17
    68   5.84993   0.59839   2.52116     803   14
    69   5.80115   2.53079   4.29063     610   12
    70   0.11413   0.16266   1.70915    1325   18
    71   3.15307   1.90241   0.30534     848   11
    72   4.30993   1.24793   1.29338    1724   17
    73   2.79456   1.11376   3.00132    1444   20
    74   1.40220   2.02852   5.81974    1534   18
    75   2.36041   1.63337   5.54185     842   14
    76   4.09227   0.82917   1.01172    1960   21
    77   5.30495   1.12295   2.26679    1553   15
    78   5.81439   1.36751   3.77773    1467   16
    79   6.08351   0.79689   6.08607     959   13
    80   0.95158   2.62416   2.26279     836   12
    81   0.77129   1.45525   5.57001    1845   20
    82   1.24499   1.32652   1.72701    1023   14
    83   1.08279   0.32737   0.86907    1771   16
    84   2.12849   1.72873   6.03178    1723   16
    85   3.54219   2.37448   5.02555    1351   19
    86   4.13973   2.55307   3.80643    1139   15
    87   6.04869   2.21829   5.36679    1295   15
    88   1.17159   1.01539   5.25190    1058   16
    89   0.91565   2.44797   2.76321     930   18
    90   5.18796   1.26734   5.94308     976   13
    91   1.38123   1.00939   4.94926    1273   16
    92   1.05254   2.36776   6.21701    1523   15
    93   0.66823   1.59762   4.75312     826   11
    94   0.38685   1.06242   0.88378    1225   13
    95   3.90581   2.83456   1.85998    1097   17
    96   2.39353   0.69536   4.74759    1446   18
    97   6.04149   1.76013   5.19114    1061   15
    98   3.37625   1.65615   4.36240    1206   18
    99   4.12730   0.91363   1.47977    1371   15
   100   3.41940   1.52210   3.82451     999   11
   101   4.54659   1.92831   1.42448    1320   16
   102   0.12734   1.74754   3.50909    1117   14
   103   5.52418   1.59502   5.32853    1073   12
   104   0.76513   1.04861   2.64307     924   16
   105   1.11156   0.30786   4.53088     742   13
   106   3.32613   0.92144   2.79880    1652   16
   107   1.13343   2.04613   2.88165    1107   12
   108   4.67662   2.39695   4.65109     821   16
   109   2.68625   2.43703   2.19825     981   16
   110   5.18336   1.24721   0.47011     857   12
   111   2.46075   2.13784   1.16170    1583   17
   112   0.29037   1.76483   1.67922    1371   15
   113   1.11209   0.64974   2.88547     741   14
   114   5.81797   2.37850   0.54710    2033   19
   115   1.11303   0.86585   5.95262    1258   18
   116   3.95246   2.67578   1.40340    1595   20
   117   1.21201   1.22820   6.10643     949   10
   118   0.86361   1.07065   5.93726    1614   21
   119   3.77289   1.26316   2.42166    2018   17
   120   5.20738   0.39015   2.53672    1278   18
   121   0.41792   1.98397   4.28042     756   14
   122   1.56041   2.34506   0.76196     814   11
   123   5.24399   0.65558   4.96143    1438   18
   124   4.99653   1.72411   4.31530     920   12
   125   2.91624   2.78133   4.19059    1201   16
   126   5.08121   1.59343   3.02229    1449   13
   127   1.81552   2.53106   3.78696    1454   15
   128   0.80263   1.43347   2.39656    2011   20
   129   5.55063   0.66875   3.12081     877   13
   130   2.72477   1.31763   5.38356    1655   16
   131   6.13875   1.37460   2.21744    1062   13
   132   5.12427   1.89600   4.18027    1006   14
   133   3.77761   0.86241   1.03966     925   15
   134   3.89395   1.67153   2.48914    1682   22
   135   1.17159   1.01539   5.25190    1388   14
   136   3.57557   1.96077   1.62838    1575   18
   137   2.24984   2.20310   4.04973     759   12
   138   2.09270   0.60174   2.26460    1306   16
   139   1.65903   1.57047   2.82351    2043   17
   140   0.71238   0.88503   1.16176    3579   24
   141   2.42651   0.59324   3.96898    1055   16
   142   5.50318   1.18662   0.61389    1164   16
   143   3.03539   2.82636   4.70203     783   13
   144   2.68625   2.43703   2.19825    1310   17
   145   0.54607   0.58718   3.71322    1041   15
   146   2.39070   0.18795   2.03159    1140   15
   147   2.74418   0.77320   6.27639    1509   16
   148   1.34199   2.43756   1.80686    1902   20
   149   0.32400   1.68062   1.56594     687   12
   150   3.31534   0.60148   2.92352     845   14
   151   4.37777   2.32417   3.99346    1639   16
   152   3.61856   2.12351   5.97893    1465   16
   153   3.88697   1.86140   2.52259    1228   17
   154   4.13844   0.76036   5.67706     920   11
   155   5.93420   2.69616   2.63427    1728   17
   156   2.28095   1.44671   2.76392    1605   14
   157   0.59335   1.87981   0.23055    2309   19
   158   5.02094   0.89528   5.61331     469   10
   159   4.03854   1.19775   3.28511     864   12
   160   2.47943   1.23184   4.00080    1516   19
   161   5.10363   1.91147   5.92437    1100   10
   162   0.19842   2.09034   2.70541    1822   15
   163   2.43153   1.55691   5.08609     992   14
   164   4.08567   2.51681   5.90703    1527   13
   165   0.14838   2.99344   0.17264    1485   15
   166   3.29849   1.64306   3.86156    1137   16
   167   4.70959   1.19279   5.58901    1795   17
   168   3.45742   2.71921   2.84638    1334   17
   169   4.81968   1.40107   0.73379    2185   18
   170   1.91298   1.59871   1.23564    1188   14
   171   1.90216   1.68351   3.99558    1489   15
   172   5.19949   0.13784   3.47771    1091   13
   173   4.33806   2.10254   1.92645    1638   20
   174   5.47269   2.28299   2.95322     944   11
   175   5.46049   1.33512   1.63590    1749   15
   176   2.66155   2.45899   5.59460     970   15
   177   5.85578   1.50652   5.37611    1759   17
   178   5.33877   0.82750   5.12819    1753   17
   179   5.41981   1.58004   2.34444    1516   18
   180   0.85767   1.71896   2.53818    1879   17
   181   0.58159   2.00738   3.87480    1019   14
   182   4.09228   1.71435   1.74196     949   13
   183   3.61073   1.36205   4.90549    1556   18
   184   0.58110   2.10874   1.98777    2180   18
   185   3.26048   1.01548   2.77744    1558   15
   186   3.49646   1.13200   2.30806    1634   20
   187   5.89307   1.44142   0.99130    1271   17
   188   5.99237   2.34803   4.59580    1533   18
   189   1.08303   2.85623   0.59691    1557   20
   190   3.87019   1.15810   4.83304    1714   17
   191   0.56892   1.88898   5.41318    1020   14
   192   3.70870   2.34136   4.42155    1618   16
   193   1.47683   2.89448   0.04101     997   14
   194   4.13990   1.49884   3.68890    2045   16
   195   4.62772   0.48032   1.73995    1433   17
   196   1.44629   2.06020   2.66894    1550   16
   197   5.55400   1.87189   1.39824    1703   19
   198   0.12707   2.15216   3.71385    2062   18
   199   4.81470   2.24958   0.02671    1455   13
   200   2.03140   2.40240   3.68044    2029   17
   201   2.34514   1.13895   1.19112    1107   14
   202   0.73620   1.42297   3.88574    1326   19
   203   4.09840   1.65583   6.02739    1339   17
   204   2.77673   1.29536   1.72494    1054   13
   205   0.24876   1.43523   4.27637    1347   15