     1   0.00000   0.00000   0.00000       0    0
     2   0.93854   1.79794   0.09115     691   12
     3   2.40164   1.42248   0.33944    3182   19
     4   2.35200   1.37858   1.95820    1023   14
     5   0.43543   0.45382   3.57458     800   13
     6   0.43802   0.46625   3.63386    3454   20
     7   4.11598   1.28326   1.33575    3966   23
     8   5.69032   1.65664   5.84391     809   11
     9   3.51604   2.71231   2.63644     495    9
    10   2.39521   1.49267   1.92523     446    8
    11   2.34274   1.44985   3.59971    2589   22
    12   3.95849   2.80379   3.04692    1010   11
    13   5.48828   1.68354   5.92098     857   12
    14   2.43464   1.46302   0.49232     604    9
    15   2.56349   1.39006   5.12484    4984   27
    16   0.66368   0.41081   1.91640    4105   20
    17   0.53042   0.52221   5.07726    1257   20
    18   0.82126   1.88822   4.85772    3341   21
    19   4.11029   1.27171   1.44079     504   13
    20   5.67453   1.75552   6.03446    1148   12
    21   0.81641   1.89921   4.83462    1084   12
    22   0.52346   0.32978   0.36917    1031   15
    23   4.11161   1.27042   4.45433    1065   15
    24   3.98443   1.32087   1.39789    3141   17
    25   1.00213   1.94765   1.74844    1481   15
    26   0.56283   0.34218   1.96591     795   10
    27   5.51885   1.62892   1.35307    1532   16
    28   0.96306   1.94114   3.22342     974   11
    29   5.59673   1.56480   6.00388     606   13
    30   0.93854   1.79794   0.09115     835   14
    31   2.39709   1.43815   5.10308     412    9
    32   0.93854   1.79794   0.09115     766    8
    33   3.68554   2.61404   2.86942     468    8
    34   2.44972   1.56150   0.37062    1343   16
    35   3.68554   2.61404   2.86942     454   11
    36   4.10778   1.27032   2.89643    3958   23
    37   1.04439   1.95648   0.06003    1193   16
    38   4.07229   2.80465   3.02915    3326   23
    39   0.81197   0.33714   4.81379    1884   16
    40   5.58237   1.68122   5.92257    2461   15
    41   0.95253   1.87853   3.25672     704   11
    42   5.58237   1.68122   5.92257    1147   14
    43   2.36076   1.51338   5.13110    2246   14
    44   1.02926   2.05086   0.12358    1541   15
    45   0.00000   0.00000   0.00000     550   12
    46   5.60332   1.69394   5.81635    3592   22
    47   0.96880   1.83448   1.80477    2534   16
    48   0.88857   1.94728   3.33288    2466   17
    49   5.50189   1.72510   1.11633     741   11
    50   5.50189   1.72510   1.11633     642    8
    51   5.68475   1.69633   1.26483     799   11
    52   3.95278   2.76241   1.35189     836   14
    53   3.93201   2.73627   3.13232     449   10
    54   3.57908   2.84560   2.58136    4526   24
    55   2.49519   1.41369   0.27660    1577   14
    56   5.50189   1.72510   1.11633    1426   13
    57   2.55736   1.36812   0.24461     506   11
    58   3.96849   1.20015   1.58516     388    9
    59   5.61178   1.59317   1.26027    1342   14
    60   0.26029   0.34713   2.10520    1279   12
    61   4.11161   1.27042   4.45433    1199   14
    62   5.74357   1.61448   4.41229    1359   16
    63   4.09161   1.13337   3.16432    1657   15
    64   0.93854   1.79794   0.09115    1246   13
    65   5.61027   1.69144   2.65317     441   11
    66   0.92275   1.82759   3.29206    2699   21
    67   0.71215   0.37358   1.67155    2115   16
    68   0.97985   2.03012   1.73564     870   12
    69   5.45873   1.77590   2.75631     816   11
    70   2.56362   1.39962   0.37927    1586   15
    71   0.60913   0.43692   3.43665     566   11
    72   1.01544   1.89905   4.77447    1578   14
    73   5.53242   1.67801   5.94663     999   12
    74   5.50189   1.72510   1.11633     438    7
    75   3.71386   2.74817   2.73367    2123   17
    76   2.35162   1.48444   3.43167     566   10
    77   3.51676   2.78658   5.73870    2417   18
    78   0.97985   2.03012   1.73564     473   10
    79   5.61973   1.79810   1.22446    1184   14
    80   3.96849   1.20015   1.58516     331   10
    81   2.51146   1.53456   3.45096     510    9
    82   0.93099   1.82713   3.29329     761    8
    83   2.50683   1.44977   0.29134     609   10
    84   5.54359   1.70797   1.25106    1711   12
    85   3.98443   1.32087   1.39789     728   13
    86   0.97985   2.03012   1.73564     400   10
    87   0.97938   1.90352   0.22336    4184   20
    88   2.55736   1.36812   0.24461     455   10
    89   5.50189   1.72510   1.11633     453   11
    90   2.35828   1.41287   3.42206    3710   21
    91   0.82232   1.85013   0.08007    4049   24
    92   0.97985   2.03012   1.73564     918   13
    93   0.31393   0.28450   0.52912    3042   17
    94   2.38720   1.47257   3.53070    1876   15
    95   5.63184   1.57007   4.27474    1564   15
    96   0.83398   1.82152   1.66898     663   11
    97   0.93854   1.79794   0.09115     435   15
    98   2.47806   1.49171   5.02034    5918   30
    99   3.71989   2.71118   4.48418     809   14
   100   4.01753   1.21014   4.61264     923   10
   101   0.91994   0.45100   4.81700    2461   17
   102   3.84620   2.93338   2.81689     649   10
   103   2.60671   1.56026   0.42085     837   12
   104   0.81144   2.03109   4.73576    2010   19
   105   5.73294   1.64678   2.87175     591   11
   106   3.32838   2.77712   2.48721    1951   16
   107   1.02681   1.84644   1.73255     973   11
   108   5.57633   1.62566   1.36575    3563   25
   109   3.79098   2.88468   6.03220     586   13
   110   2.36618   1.55542   0.30824    1079   15
   111   2.43025   1.36650   5.12157    5042   23
   112   2.34958   1.52019   5.14613     656   10
   113   2.43944   1.46023   1.92619    1697   13
   114   0.57983   0.34751   3.50528    2143   17
   115   0.83398   1.82152   1.66898     720   10
   116   0.63100   0.30769   0.39530    1142   12
   117   2.41041   1.40505   5.11329    1692   14
   118   0.60896   0.32910   5.02637    2277   22
   119   0.96806   1.92052   1.71824    3623   20
   120   2.47410   1.58417   5.07766    4400   23
   121   3.68790   2.80958   4.40306     524   10
   122   5.61857   1.70349   1.17388    1654   15
   123   0.55683   0.36690   1.96415    4003   22
   124   3.46246   2.80019   2.54238     634   12
   125   3.68554   2.61404   2.86942     635   10
   126   5.72440   1.57975   1.15266    2536   16
   127   2.47853   1.44410   3.62490    1253   12
   128   5.62777   1.69725   1.23436    1359   15
   129   3.68554   2.61404   2.86942     799   10
   130   0.50362   0.39856   0.38232     872   12
   131   5.50189   1.72510   1.11633     803   13
   132   5.52994   1.67646   2.68313     417   11
   133   1.03481   1.87787   1.63621    5635   27
   134   4.11695   1.20964   3.02646    1782   15
   135   3.39343   2.80221   2.56094     757   12
   136   0.83398   1.82152   1.66898     906   15
   137   0.85657   1.93553   3.22391    1212   14
   138   0.42856   0.39665   3.51523    2366   14
   139   5.50189   1.72510   1.11633     391   10
   140   4.15717   1.29606   3.00641    1178   13
   141   0.41427   0.35488   5.22515    1246   12
   142   3.88179   2.77157   1.42266     466    7
   143   5.45750   1.70405   2.73914     360    9
   144   3.59407   2.76821   2.66942     686   11
   145   4.11161   1.27042   4.45433     580   12
   146   0.90892   2.00229   4.74903    2452   20
   147   0.65389   0.42451   1.78261     688   10
   148   5.50189   1.72510   1.11633    1030   11
   149   3.88097   2.82262   1.44129     452   12
   150   2.35162   1.48444   3.43167     728    8
   151   4.05250   1.25815   4.47470     712    9
   152   5.56195   1.71798   5.94035     572   11
   153   0.38318   0.42348   3.79005     443    8
   154   0.90917   1.94133   6.25725    1590   14
   155   4.07852   2.78509   1.57927     444    9
   156   0.98384   1.96978   3.11741    1512   10
   157   5.56195   1.71798   5.94035     962   11
   158   5.63477   1.68538   4.38796    2477   20
   159   2.34958   1.52019   5.14613     675   13
   160   0.89116   1.93630   0.04225     621   10
   161   3.78040   2.73170   2.85167    5051   21
   162   2.45761   1.45279   1.99326    1771   14
   163   4.13841   1.28917   4.64415     387    9
   164   3.51350   2.72235   2.61391     591   12
   165   0.87715   2.06963   1.74495    1997   15
   166   2.34166   1.49556   2.05518    1700   15
   167   3.37303   2.79069   0.97742     567    8
   168   3.88654   2.68710   3.08806    1191   12
   169   0.97985   2.03012   1.73564     761   10
   170   0.89407   1.94731   6.25164     626    9
   171   4.15163   1.18552   1.39652     338    8
   172   3.70871   2.78114   4.36938    2193   19
   173   0.87314   2.02686   3.17631    2560   17
   174   5.64356   1.66531   1.23570    1881   18
   175   3.79098   2.88468   6.03220    2280   19