     1   0.00000   0.00000   0.00000       0    0
     2   4.68277   1.43953   2.89030     305    8
     3   6.27789   1.69883   1.46965     304    9
     4   3.80454   2.81336   0.59274    2264   15
     5   4.70618   1.34719   4.50413    1770   17
     6   1.69248   1.64593   4.96167     647    9
     7   0.02705   1.66486   6.14724    2229   14
     8   3.11296   1.37434   1.80761    4983   24
     9   4.86521   1.48791   2.92751     857   13
    10   3.21587   1.37432   1.60277     880   13
    11   3.83576   2.89136   3.84611     493   11
    12   6.19217   1.68218   1.47885    1557   11
    13   3.70826   2.93215   3.73026     456   10
    14   4.79158   1.45127   6.17189     768   12
    15   1.56482   1.74438   3.31923     372    9
    16   6.21026   1.65975   3.02090    5244   27
    17   3.16454   1.32053   1.60163     480   14
    18   1.63626   1.67966   1.70420    1811   16
    19   3.12048   1.38427   4.71839    1902   16
    20   4.74604   1.54651   4.50723    1929   14
    21   4.71018   1.38903   1.32754    1143   15
    22   3.22794   1.42275   4.96225     485    9
    23   0.74884   0.41029   0.96436    1928   12
    24   3.45171   2.94372   5.03928    1607   14
    25   0.04436   1.85991   4.69434     565    9
    26   3.30045   1.41399   1.69319     745    9
    27   1.53867   1.63147   1.76158    2057   18
    28   3.26599   1.22120   3.29461     721   13
    29   3.26599   1.22120   3.29461     846   12
    30   0.08205   0.25276   3.04107    2279   17
    31   3.83576   2.89136   3.84611     609    8
    32   4.70049   1.47424   1.43025     611   14
    33   0.00807   1.71350   1.37303    2620   22
    34   3.32203   2.90583   4.97718     681   14
    35   3.85062   2.84062   2.12869     501    9
    36   3.20702   1.35114   4.89412     657   13
    37   4.63625   1.43794   3.04529     430   10
    38   4.73010   1.42913   5.99052    4236   25
    39   0.15609   1.91148   6.24161     997   13
    40   4.85790   1.49491   4.44782     741   11
    41   1.66098   1.70264   3.30116    5019   26
    42   0.84684   0.14630   5.38600     859   13
    43   3.15233   1.45591   3.31187     918   16
    44   3.58959   2.78226   5.21080     355    8
    45   4.03520   2.80949   3.95442     351    8
    46   3.22636   1.37700   0.05720    1634   13
    47   4.74480   1.51093   2.87228     473    9
    48   1.55971   1.69964   3.48671    2217   17
    49   1.68707   1.71541   1.85854     450    9
    50   3.83576   2.89136   3.84611    3731   21
    51   0.04436   1.85991   4.69434    3021   21
    52   3.12487   1.44061   4.88947    2052   18
    53   4.80302   1.47156   4.56771    1150   16
    54   3.30304   1.33194   6.27865    2281   16
    55   0.08705   1.86239   4.47553    2450   16
    56   3.83576   2.89136   3.84611    2093   19
    57   0.03250   1.69827   4.52722    5543   27
    58   3.12048   1.38427   4.71839     486   10
    59   0.05610   0.33312   4.57361     882   14
    60   0.11400   0.29967   4.60980     674   10
    61   3.24622   1.21427   0.19050    1909   19
    62   3.45171   2.94372   5.03928     601   13
    63   4.11907   2.87391   4.00987    1637   13
    64   3.07000   1.29889   3.30640     941   14
    65   0.21500   0.17174   6.05972    2590   22
    66   0.02663   1.81986   2.90760    3570   23
    67   3.26785   1.42565   3.33843     739   11
    68   0.14582   1.77356   6.10982    1090   12
    69   0.03746   1.66745   4.65541    1537   17
    70   0.04916   1.91609   6.11246    1930   13
    71   4.76007   1.45239   2.79664     280    7
    72   3.27163   1.38132   3.31264    1484   14
    73   0.08155   1.69545   3.12988    2060   17
    74   1.52519   1.71904   0.20878     702   12
    75   0.56592   0.18465   1.02352     679   15
    76   0.26528   0.26121   4.53987     535   10
    77   0.01648   1.75434   6.08038     639   10
    78   3.17021   1.32169   3.29019     643   10
    79   0.98819   0.23721   3.82971     810   15
    80   4.71742   1.40845   2.91251    4665   26
    81   3.20085   1.38484   1.80472    2123   15
    82   3.94447   2.85610   2.43237     639   10
    83   0.04962   1.86175   6.21753     471    9
    84   6.20444   1.79965   6.10424    5246   27
    85   4.83906   1.54457   4.52271    3434   20
    86   3.68765   2.84429   5.33549     386    7
    87   3.61312   2.85260   3.56250     820    9
    88   3.96199   2.85204   3.99945    1685   20
    89   3.73199   2.96234   3.78591    1192   13
    90   0.08292   0.12336   6.15818    1563   15
    91   1.67383   1.72289   4.90679    1504   15
    92   3.37217   2.85467   3.22987     523   15
    93   0.01648   1.75434   6.08038     552   12
    94   4.80974   1.38933   2.83691     678   10
    95   0.85683   0.18526   5.39397     739   16
    96   4.85671   1.46195   4.36469     544   12
    97   3.10976   1.24572   3.39294     543   13
    98   0.01648   1.75434   6.08038    1518   13
    99   4.78376   1.57514   2.87875    1566   19
   100   6.25283   1.82077   6.13492    1452   10
   101   4.80302   1.47156   4.56771     431    8
   102   4.80302   1.47156   4.56771     673   11
   103   0.21455   0.17466   4.65347    1405   19
   104   0.60639   0.27806   1.13338    2709   18
   105   4.85671   1.46195   4.36469     428   10
   106   6.24202   1.83763   1.49421    1840   18
   107   0.04474   1.76296   6.09069    1099   14
   108   6.20354   1.78816   2.91573    2270   17
   109   1.60725   1.57637   1.75251    4985   24
   110   4.89446   1.42868   6.04925     467    7
   111   3.18832   2.81266   4.70837    1334   12
   112   3.83422   2.91126   0.68069    1524   17
   113   6.19916   1.78486   6.26099    1113   16
   114   1.65391   1.66303   3.29962    3068   27
   115   0.84676   0.34016   5.51634    2042   14
   116   3.21351   1.25021   4.75428     985   12
   117   1.66231   1.78705   0.28755     426   12
   118   0.02976   1.76191   2.97292     488    9
   119   0.03746   1.66745   4.65541    3013   23
   120   3.16431   1.40282   4.78061    2090   20
   121   3.20400   1.38868   1.67590    2500   16
   122   3.10976   1.24572   3.39294     719   12
   123   3.04876   1.23006   1.62073    1704   16
   124   4.66169   1.48111   2.80401    1336   15
   125   3.45171   2.94372   5.03928     507   11
   126   1.57195   1.70025   3.39931     550   10
   127   0.62154   0.17752   5.66296    3816   22
   128   4.77176   1.48838   2.93916    1249   15
   129   1.73479   1.69509   1.77787    1274   11
   130   3.12512   1.33967   4.71644     501   10
   131   0.39949   0.30914   2.80719    1954   18
   132   6.28178   1.80754   4.57557     567    7
   133   1.64763   1.62388   3.47379     768   10
   134   6.23779   1.82597   1.36891    1467   16
   135   1.01628   0.18386   5.38783    1414   15
   136   6.25955   1.72813   1.41295    3108   22
   137   1.69766   1.67843   3.41523    1583   15
   138   0.13780   1.71660   1.34261    1577   19
   139   1.62339   1.65056   3.32015    1138   12
   140   3.74782   2.90525   3.74480    1380   13
   141   3.11994   1.39912   0.15445     911   14
   142   1.53072   1.82647   3.34791     641    8
   143   3.83576   2.89136   3.84611     555   11
   144   1.62959   1.70128   3.34210     851   12
   145   3.64611   2.96570   5.14226    3405   22
   146   3.86409   2.83436   0.71400     699   13
   147   4.85671   1.46195   4.36469     670   13
   148   4.77188   1.43616   4.48509    1156   12
   149   1.72333   1.79943   0.23987    3974   21
   150   4.85444   1.42089   1.30117    1401   16
   151   3.83576   2.89136   3.84611     667   13
   152   1.72707   1.66985   0.20686    1161   15
   153   6.27066   1.83717   6.23685    1159    9
   154   3.22194   1.30986   4.95798    1124   13
   155   1.19129   0.27702   0.42003     724   10
   156   1.59231   1.58709   1.71195    1755   16
   157   6.24547   1.78491   6.05254    3070   20
   158   1.66879   1.68210   4.99299    2988   20
   159   6.25716   1.89981   4.48619     717   10
   160   0.56592   0.18465   1.02352     283    7
   161   0.12529   1.78754   6.26965     740   12
   162   3.16263   1.37358   3.23525     937   14
   163   4.80302   1.47156   4.56771    1066   15
   164   1.69248   1.64593   4.96167     769   11
   165   6.19077   1.80086   6.20681    3221   16
   166   0.62668   0.23817   4.25761     542   11
   167   0.71434   0.32502   2.57466    1057   16
   168   1.59774   1.76701   0.25954    3522   23
   169   3.40917   2.87824   0.15902    3651   21
   170   3.88704   2.78456   5.54129    1779   12
   171   1.69248   1.64593   4.96167     354   11
   172   0.03524   1.82104   6.20687    1148   11
   173   3.61312   2.85260   3.56250    1476   13
   174   6.27766   1.73289   6.17047     610    9
   175   4.77532   1.34929   4.37282    1304   11
   176   0.06327   1.73739   4.54784     464   11
   177   4.80302   1.47156   4.56771    1281   17
   178   0.04732   1.90549   6.26111    1131   12
   179   4.82031   1.49162   4.45199     555   10
   180   0.84684   0.14630   5.38600     556    9