     1   0.00000   0.00000   0.00000       0    0
     2   0.87439   0.96896   2.12996    2060   15
     3   1.79640   2.10891   2.27763    1241   13
     4   3.96097   2.20830   0.93483    4186   18
     5   2.82696   1.11131   5.37890    4721   19
     6   3.96102   2.30924   2.42314    3112   17
     7   2.91813   1.08838   5.45714    1405    9
     8   5.99419   1.96408   2.39169    2727   17
     9   0.92192   0.95640   2.25317    2364   14
    10   1.72564   2.23322   5.28030    2615   17
    11   4.11575   2.20461   4.07197    1012   14
    12   3.86566   2.25775   3.85564    2941   16
    13   4.84581   0.97790   0.95224    2560   17
    14   0.89535   0.94744   2.08801     919   12
    15   1.77373   2.14817   2.21037    1801   14
    16   6.16689   2.08074   5.58007    3774   15
    17   2.87650   1.16640   3.94296    1790   15
    18   0.92192   0.95640   2.25317    1258   14
    19   2.91883   1.07774   0.62881    5104   27
    20   4.92966   0.85180   0.82979     472    7
    21   4.91039   0.97021   0.90289    3864   15
    22   3.87053   2.34371   2.43097     976   11
    23   1.78508   2.22569   5.50232     998   10
    24   5.93995   1.97938   3.93865    1627   12
    25   0.73375   0.93707   0.84373    2458   17
    26   3.93989   2.15469   2.54266    2967   17
    27   5.94280   2.16283   0.77213     780   10
    28   1.82239   2.28423   2.38440    1664   14
    29   1.61691   2.24799   3.62318    5061   20
    30   4.92966   0.85180   0.82979    4264   18
    31   3.80892   2.27299   3.84322    1844   14
    32   3.96530   2.20781   2.49560    3714   21
    33   1.62938   2.24140   5.31649    1607   14
    34   6.09947   2.19309   2.38863    2357   13
    35   5.90317   2.05810   0.78266    1422   12
    36   4.85389   0.91965   5.69467    1653   15
    37   0.92192   0.95640   2.25317    3188   18
    38   3.91459   2.10763   0.94910     822    8
    39   0.74001   0.82037   3.80734    1159   11
    40   6.07757   2.00521   4.12510    1192   13
    41   6.06669   2.09219   5.60250    1786   13
    42   2.97129   1.00616   0.67346    1763   12
    43   1.90770   2.27438   2.29462    3218   20
    44   4.86492   1.00696   0.99560    3701   22
    45   4.87330   0.92879   4.01042    2576   15
    46   2.89053   1.03002   5.42551    1849   14
    47   1.68194   2.13419   5.32790    3793   19
    48   3.99070   2.24248   5.63430    4983   21
    49   1.75479   2.08402   2.27904    1993   11
    50   2.87650   1.16640   3.94296    2184   14
    51   0.92192   0.95640   2.25317    1983   13
    52   4.92138   0.95630   0.85280    1403   13
    53   4.08508   2.22208   2.48837    4135   20
    54   3.92345   2.35420   3.83782    1565   11
    55   1.71888   2.28566   3.90415     818   12
    56   0.73375   0.93707   0.84373    2110   10
    57   4.84581   0.97790   0.95224    1256   12
    58   4.71940   0.86993   2.62515    2056   13
    59   0.78282   0.81766   5.33674    2897   15
    60   4.97262   0.99433   4.06766    3067   14
    61   2.83400   1.04767   0.87891    4915   23
    62   4.03333   2.17457   2.48975    1496   10
    63   0.86057   0.84732   3.81025    2070   13
    64   3.95547   2.40551   5.61445    1787   13
    65   3.87100   2.22798   5.49711    1516   12
    66   2.90510   1.05607   2.28515    1007   12
    67   3.98810   2.23638   2.47730    3527   17
    68   4.92966   0.85180   0.82979    2083   14
    69   0.74364   0.75463   3.82020    1445   12
    70   3.85793   2.39370   0.86491    1971   12
    71   0.92192   0.95640   2.25317    1001    9
    72   1.86820   2.13338   3.95162    3387   14
    73   3.84927   2.22874   5.40218    1985   13
    74   0.84284   1.00484   0.65165    1777   13
    75   2.80577   1.01798   5.57668    1784   14
    76   1.83638   2.24742   3.92932    1840   14
    77   2.73385   1.02982   0.82045    1707   12
    78   0.79733   0.85857   3.95193    3896   19
    79   6.04087   2.05992   3.97631    1375   12
    80   2.83365   1.01755   2.39736    3504   12
    81   0.92192   0.95640   2.25317    1210   14
    82   4.01286   2.30293   4.02671    3259   18
    83   4.10389   2.34661   0.97917    2032   15
    84   3.02651   0.97558   2.19862    1831   12
    85   4.82420   1.01019   1.08276    1065   10
    86   1.72384   2.14339   5.27444    4143   17
    87   6.16232   2.07352   4.10505    1066   10
    88   4.84581   0.97790   0.95224    2019   12
    89   1.63324   2.15203   3.73121     832   10
    90   4.84114   0.90519   1.05682     728    9
    91   5.94730   2.13022   5.36870     740    7
    92   0.77983   0.79773   3.89674     787   10
    93   2.91446   1.08855   0.67354    4959   19
    94   0.77983   0.79773   3.89674    3926   19
    95   3.88507   2.29116   0.87059    2156   18
    96   0.97511   0.83466   3.78401    4214   18
    97   3.02651   0.97558   2.19862    3968   19
    98   5.99588   2.07213   5.52506    4054   20
    99   2.74375   1.04152   4.02851    5840   29
   100   4.84114   0.90519   1.05682    3737   19
   101   5.89293   2.06342   3.89054     439   12
   102   4.87182   1.00740   1.03546    3222   14
   103   4.97689   0.83820   2.44052    1293   11
   104   4.88812   0.93303   5.54139    2106   13
   105   1.67709   2.35247   3.81502    2661   17
   106   6.11107   2.08884   4.10121    2353   14
   107   2.79926   1.00442   2.45617    3651   14
   108   2.87650   1.16640   3.94296    1992   12
   109   5.00374   1.01207   0.88056    1062   12
   110   6.10301   2.06044   0.84657    3387   15
   111   4.12256   2.36848   4.10275    2056   16
   112   1.74368   2.08386   2.33282    2468   16