     1   0.00000   0.00000   0.00000       0    0
     2   5.79690   1.70629   6.04747    3319   12
     3   0.39236   0.32227   2.22252    2488   15
     4   5.72463   1.69894   4.61630    3863   13
     5   2.59151   1.52383   1.76003    4712   14
     6   5.65502   1.69357   2.99769    5404   17
     7   6.26321   0.22649   4.08839    4353   16
     8   4.41707   3.00038   0.15081    4925   16
     9   0.92252   0.09878   1.54423    4668   14
    10   5.70570   1.64268   1.37385    3776   16
    11   0.88235   1.79651   1.50732    3782   17
    12   1.12954   1.64886   4.85011    3751   15
    13   4.25368   3.01321   1.55983    2691   13
    14   1.09481   1.64641   1.60950    3948   13
    15   2.57329   1.57879   3.29126    3570   14
    16   4.23065   1.32912   4.76116    5146   18
    17   5.64352   1.75116   4.64783    3349   12
    18   1.04757   1.70375   0.17665    2206   12
    19   5.63253   1.57922   1.39771    3899   13
    20   5.74427   1.57370   1.53733    3798   16
    21   0.25053   0.29625   2.22026    4658   15
    22   0.54929   0.21227   2.02510    4524   16
    23   0.94431   1.63869   1.63558    3684   15
    24   0.96362   1.75311   4.88053    4721   16
    25   5.57699   1.73042   1.36752    3292   12
    26   3.42709   2.90282   4.06867    4522   16
    27   3.78938   2.89408   2.91656    4732   17
    28   2.46855   1.40721   3.36273    4221   14
    29   6.18399   0.18659   2.67677    2201   11
    30   5.57746   1.74648   1.34237    4793   16
    31   4.00399   2.87604   4.65143    4593   16
    32   6.09690   0.25758   5.92181    3334   12
    33   0.92905   1.88181   0.15510    4386   17
    34   4.20237   1.30773   3.10147    5074   18
    35   5.64352   1.75116   4.64783    2942   11
    36   5.63253   1.57922   1.39771    2624   12
    37   5.68934   1.73306   1.28909    4949   16
    38   2.50645   1.59494   1.73502    3340   14
    39   0.23721   0.26701   2.35695    3716   13
    40   4.22842   1.34976   3.16909    5183   16
    41   1.16376   0.20604   1.49004    4972   15
    42   0.91765   1.69430   1.74903    3734   16
    43   1.03623   1.81926   0.02272    3934   17
    44   0.90297   1.70634   3.18610    4754   17
    45   0.88196   0.06706   1.76562    4986   18
    46   5.74099   1.73013   4.54526    4834   16
    47   4.14483   1.44640   4.53980    4475   16
    48   4.17285   1.52800   4.66981    3775   13
    49   3.84128   2.96067   1.33936    4603   16
    50   1.15934   0.21061   6.10904    5894   18
    51   2.57030   1.49662   3.26916    3248   11
    52   5.62101   1.70574   4.59711    2951   14
    53   3.80418   2.84101   2.77515    3418   12
    54   5.64352   1.75116   4.64783    4159   13
    55   1.00532   1.61805   1.64702    2994   11
    56   6.18399   0.18659   2.67677    3724   13
    57   2.54122   1.58777   3.30246    5759   15
    58   5.81093   1.71268   6.15210    4115   14
    59   1.03163   1.79116   1.69543    2561   11
    60   0.24647   0.27634   4.02547    4034   14
    61   5.62863   1.73380   6.06909    4935   13
    62   6.18399   0.18659   2.67677    5290   16
    63   2.45891   1.51252   4.81067    2468   14
    64   4.18224   1.50218   6.04921    4358   16
    65   5.68669   1.64531   6.09442    3270   15
    66   2.45740   1.61999   0.15871    3762   15