     1   0.00000   0.00000   0.00000       0    0
     2   6.00438   1.72040   3.14813    2406   23
     3   2.38912   3.05986   5.99239    2063   18
     4   2.73885   1.60652   3.12076     648   13
     5   4.43805   1.60593   1.41605    1972   16
     6   1.25102   1.59354   3.16344    2973   20
     7   5.89398   1.60908   6.24454     616   10
     8   2.66632   1.48447   3.31790    2197   19
     9   3.56373   3.11575   3.87462     657   10
    10   1.06077   1.53891   1.54647     595   11
    11   4.18521   2.99663   3.06157    3712   19
    12   4.35082   1.62977   3.07196     883   12
    13   2.76943   1.43559   3.10846     665   11
    14   3.73096   3.00779   0.91033    1412   16
    15   4.21409   1.57394   2.99187     390    9
    16   5.87984   1.56444   4.53861     594   14
    17   4.15543   3.05750   6.04244    1025   11
    18   5.85574   1.65044   4.52273    1276   13
    19   4.31071   1.54214   3.12353     371   11
    20   1.26734   1.67724   1.50521     776   12
    21   1.59803   0.14260   2.60915     466   10
    22   5.99846   1.53909   4.63242    1326   14
    23   4.36746   1.53111   3.18467    1562   16
    24   2.47973   3.05534   4.34044    2715   21
    25   5.96967   1.56477   4.66971     502   13
    26   5.81207   1.67428   4.72250    3975   18
    27   1.24285   1.57768   3.09254     699   10
    28   4.32689   1.48328   3.04895    4297   26
    29   4.31692   1.58159   6.24930    1285   16
    30   5.93546   1.55018   6.13795    2350   15
    31   0.00000   0.00000   0.00000     729   13
    32   1.59803   0.14260   2.60915    1116   13
    33   4.38491   2.99782   4.78265    1248   14
    34   1.25479   1.65973   4.86007     368    8
    35   3.03808   3.04159   4.89771     553   10
    36   2.66210   1.56163   4.72611    1287   12
    37   4.42991   1.51189   0.04593    1164   13
    38   2.86825   1.59946   3.29827    1506   15
    39   5.96967   1.56477   4.66971     652   10
    40   5.89669   1.58757   1.48983     685   10
    41   4.32530   1.60869   6.22906     453    9
    42   1.20267   1.60684   0.03003     915   12
    43   3.43905   2.99653   5.28109    1741   13
    44   2.85841   1.52138   3.22359     443   10
    45   2.74137   0.08416   0.11317    2886   22
    46   1.59803   0.14260   2.60915     500   10
    47   2.79489   1.63964   4.83533     493    8
    48   0.94761   0.18347   3.47967     734   12
    49   2.74179   1.54204   0.04660    1657   17
    50   5.86575   1.49964   6.26352    1422   11
    51   1.25049   1.73886   4.79686    1223   14
    52   5.94384   1.54910   3.14820     657   13
    53   1.06305   1.60372   1.51538    1794   13
    54   5.78027   1.65922   3.16808     790   11
    55   1.11701   1.56846   0.07915     735   10
    56   1.60945   3.06257   5.17758    1813   18
    57   0.52155   0.17126   5.33709     636   11
    58   1.29597   1.73038   3.23580    1456   16
    59   4.32488   1.46381   3.03438    1150   14
    60   0.32682   0.15907   3.91910    4048   23
    61   2.68276   1.49752   4.78311     478   13
    62   0.63262   0.04872   3.71262     403   10
    63   4.31452   1.46001   3.16220    3144   23
    64   1.72743   0.08784   2.55948    1770   13
    65   1.12827   1.72076   1.51044    1369   17
    66   1.25140   1.52602   0.09223     890   11
    67   1.13451   1.55844   3.18266    1276   14
    68   5.14823   3.03213   3.92666    4081   24
    69   4.31543   1.51768   1.42809    1993   14
    70   0.88560   3.10461   5.95906    1030   12
    71   1.59803   0.14260   2.60915     654   10
    72   2.69528   1.45516   4.80394     620   11
    73   1.14312   1.69217   1.57157    1742   19
    74   2.85297   1.44921   6.23792    3117   21
    75   4.26547   1.42355   6.17399    1077   17
    76   2.82528   1.41566   3.10712    1875   16
    77   1.19645   1.55730   1.58679    2548   16
    78   3.57568   3.06434   2.31868     829   14
    79   4.40986   1.47331   3.21214    1130   14
    80   6.21083   0.08656   1.19212     531   10
    81   1.10114   1.73795   4.78065    4235   22
    82   2.74606   1.48860   3.11856     820   13
    83   4.28412   1.39745   3.14715    3180   17
    84   1.29141   1.63180   1.51786    1482   16
    85   5.96967   1.56477   4.66971    3509   20
    86   1.58394   0.07957   4.29639    2349   20
    87   1.36702   0.03306   2.82625     908   14
    88   4.32983   1.60528   1.56248     667   12
    89   5.89861   1.62914   1.47560     468   11
    90   0.85903   0.07394   0.24486    1260   14
    91   1.16297   0.09657   1.66675    1610   18
    92   5.50101   3.05038   4.30185    2965   20
    93   1.24285   1.57768   3.09254     679   11
    94   6.00966   1.65262   3.20092     371    9
    95   1.11701   1.56846   0.07915     391   10
    96   4.35464   1.51730   6.15225    2948   19
    97   3.67987   2.94773   4.13261    1655   15
    98   2.57282   0.08374   4.77960    3598   24
    99   1.59803   0.14260   2.60915     382    9
   100   4.23125   1.46918   4.70494     966   10
   101   5.84308   1.65263   4.54698    2065   19
   102   1.15890   1.60063   0.09372     630   10
   103   3.60009   3.00903   2.39043    1059   17
   104   1.64224   0.08053   5.91621    1539   18
   105   2.63920   1.49112   1.60770    4479   25
   106   4.35082   1.62977   3.07196    1017   15
   107   5.95451   1.70899   1.57250    3145   19
   108   1.25102   1.59354   3.16344     401    7
   109   1.19369   1.57879   0.09915    4496   26
   110   2.82472   1.55289   4.67383     414    8
   111   4.31071   1.54214   3.12353    1005   14
   112   0.10555   0.16977   2.70865    1388   13
   113   2.66834   1.56752   4.87171    2625   18
   114   2.86336   1.45177   0.09946    1230   14
   115   5.86575   1.49964   6.26352    1297   13
   116   5.96228   1.49720   1.48454     837   13
   117   2.86802   1.43307   1.59677    1531   16
   118   4.61973   2.96913   1.89137     569   11
   119   2.08840   0.09238   2.27497     783   11
   120   6.00966   1.65262   3.20092    2893   17
   121   4.30534   1.54745   0.08750    3249   23
   122   5.86676   1.52324   4.64465     850   10
   123   0.96352   0.05658   3.45001     744   11
   124   2.81804   1.63552   1.59410     839   14
   125   1.26212   1.74254   3.26269     511    7
   126   4.19371   1.51484   4.72357    1730   15
   127   3.57568   3.06434   2.31868     389    7
   128   6.25187   0.13424   4.29048    2035   17
   129   1.17277   0.06309   4.84597    2158   18
   130   6.21083   0.08656   1.19212    1030   12
   131   1.06929   1.66833   3.16633     529   11
   132   0.46980   0.19390   5.47287    2334   19
   133   1.06929   1.66833   3.16633     658   11
   134   1.28033   1.63268   3.14421     709   11
   135   1.25102   1.59354   3.16344    1247   10
   136   1.12299   1.70307   1.61627     444   11
   137   1.59803   0.14260   2.60915     565    9
   138   1.59803   0.14260   2.60915     415    9
   139   1.25128   1.53659   3.21018    1857   19
   140   2.68073   3.01137   6.13143    2824   21
   141   5.77129   1.60316   3.13273     908   11
   142   3.49379   3.01743   2.42595     449   11
   143   1.29628   1.57801   3.27049     550   10
   144   4.14630   3.04235   1.30391     277    9
   145   5.85034   1.53102   1.61926     595   11
   146   2.77726   1.44429   1.68088    1702   13
   147   1.10987   1.52506   1.54511     390   11
   148   1.26583   1.72888   1.53670     494   10
   149   1.32303   0.15090   2.98291    1882   14
   150   4.28096   1.43826   3.09739     484   11
   151   5.90454   1.64297   1.39897     286    7
   152   0.47231   0.22598   3.72394     528   13
   153   1.02500   3.06759   4.50895    1208   16
   154   4.41933   2.99391   3.16400    4865   27
   155   4.32587   1.49814   1.51542     253    7
   156   5.78380   1.73838   4.69071    2225   20
   157   2.74608   1.67734   3.27373    2299   17
   158   1.32303   0.15090   2.98291    1053   16
   159   4.20894   1.41323   1.56438     650   10
   160   4.41263   1.52123   1.52832    1070   13
   161   2.70848   1.62408   1.55374    3773   24
   162   2.58762   3.01014   1.44900     429   11
   163   5.93190   1.58719   3.19860     807   15
   164   3.77715   3.06069   0.99280    1643   15
   165   5.84051   1.53389   1.48759    1088    9
   166   1.59803   0.14260   2.60915    1283   13
   167   2.70551   1.59189   1.61351     749   10
   168   5.96764   1.60991   6.27117     456   11
   169   3.49379   3.01743   2.42595     598   11
   170   4.34529   1.57983   3.15788    2333   15
   171   4.43035   1.57632   1.64779    2807   20
   172   4.28680   1.45145   1.43082     426    9
   173   2.75240   1.51505   3.15616    2361   18
   174   2.80790   1.50536   0.01113     676    9
   175   1.14109   1.67567   1.59236    3725   22
   176   4.31522   1.57528   6.19389     855   14
   177   1.13664   1.60620   0.11417    2126   19
   178   4.96369   0.02702   0.90239     471    9
   179   4.30420   1.47686   3.08261    1359   14
   180   2.62128   1.57995   3.10908     751   12
   181   1.29500   1.62126   1.55211    5304   28
   182   5.82225   1.48564   1.52662    1091   15
   183   1.22038   1.51014   3.14873    2083   12