     1   0.00000   0.00000   0.00000       0    0
     2   5.93071   1.48979   1.53144     859   12
     3   1.15175   1.67543   1.70359    1223   15
     4   4.21143   1.50299   4.71737    1194   16
     5   3.53402   0.07790   5.57125    1363   14
     6   4.25071   1.46083   3.00104    2026   16
     7   6.02113   0.07914   6.13069    1402   13
     8   4.27656   1.40067   3.03501    1922   14
     9   1.57333   0.06625   1.25681    1434   17
    10   2.28493   3.10980   4.11700    1261   15
    11   1.11239   1.64629   4.67206    2034   20
    12   3.40779   3.10875   3.67458     948   14
    13   2.00669   0.09592   5.53476    1335   13
    14   5.36607   0.11901   0.63668    1134   12
    15   5.88197   1.64161   1.51341    1792   13
    16   2.68973   1.41838   4.66393     715   12
    17   1.17707   0.08088   3.03081    1189   11
    18   1.24636   0.14723   6.25659    1228   13
    19   1.09961   1.61150   3.26972    2090   21
    20   5.78818   1.75020   0.04021    1051   13
    21   5.91902   0.06880   3.11999    1104   16
    22   1.26091   1.67646   3.17122    1506   18
    23   2.21931   3.08620   5.78171    1399   15
    24   2.78948   1.54286   3.11764     791   12
    25   4.26090   1.52525   0.04523    1471   15
    26   1.14322   1.64772   1.63384    1970   15
    27   2.87606   0.07986   4.46534    1053   12
    28   4.40629   3.12616   3.11219    1442   16
    29   1.06059   1.66778   4.60835    1239   14
    30   5.76915   1.47894   4.65470    1636   15
    31   1.24188   1.53245   0.00515    1378   14
    32   2.68080   1.57616   4.71087    1587   16
    33   1.17738   1.50927   4.76799    1434   13
    34   2.22352   0.10409   5.19803     741   11
    35   2.72338   1.52576   4.74779    1982   14
    36   4.42611   1.51345   4.56449    1792   15
    37   1.12849   1.65148   4.66382    2147   22
    38   2.05110   0.05270   0.81621    1223   11
    39   5.89100   1.61909   3.10842    1768   19
    40   1.23869   1.58833   1.64604     600   11
    41   3.82163   2.91776   2.57704     881   12
    42   4.35239   1.49396   0.09112     984   13
    43   5.99167   1.65856   3.07655    1182   12
    44   1.15034   1.65956   1.58493    1122   14
    45   0.75705   0.18659   0.49245    1853   15
    46   2.62778   1.63396   6.18797    1061   15
    47   4.78305   2.96875   0.43468    1119   18
    48   5.83419   1.64900   4.71689    1516   16
    49   4.31704   1.46743   4.63195     849   11
    50   2.68973   1.41838   4.66393    1543   15
    51   1.30089   1.64691   0.12437     867   11
    52   5.95492   1.49618   6.22236    2405   16
    53   5.97226   1.66264   3.17243    1685   14
    54   5.97266   1.62314   4.57455     953   15
    55   4.43650   1.53546   1.52452    2456   17
    56   2.62397   1.52125   3.23900     701   13
    57   0.67661   0.10706   0.53689    1378   18
    58   5.78644   1.58853   3.09402    1856   18
    59   3.09382   3.02546   1.96839     840    9
    60   5.26409   0.09368   2.07718    3051   23
    61   1.10667   1.52802   4.66650    1705   17
    62   3.92983   0.09422   3.65861    1286   15
    63   1.09961   1.61150   3.26972    2166   22
    64   3.35875   3.06230   3.75915    1266   14
    65   6.00029   1.70918   6.19396    1091   11
    66   2.54104   0.03329   0.19313    2377   19
    67   1.67005   3.09128   1.95927    1100   16
    68   4.44464   1.41978   3.03483    2339   20
    69   2.72616   1.56437   0.11562    1584   12
    70   5.85191   1.55894   3.08763    1812   14
    71   2.73120   1.40612   1.56535    1907   21
    72   2.77458   1.55282   3.09862    1612   16
    73   5.84186   3.11310   3.04525    1369   17
    74   1.17738   1.50927   4.76799     572    8
    75   5.82989   1.51057   3.16915    1681   18
    76   2.68372   1.45951   1.63571    1478   14
    77   3.94730   2.94759   5.99392     611   11
    78   0.51722   0.15775   0.66724    1137   11
    79   3.58731   3.09151   2.50354     957   11
    80   4.27454   1.55726   3.18681    1099   15
    81   5.85397   1.51599   6.17559     800   12
    82   1.25177   1.64900   4.74839    1217   12
    83   2.84179   1.51354   1.62605    1110   13
    84   5.82007   1.64417   1.55205    1179   11
    85   2.84922   1.54081   4.77554    2107   20
    86   4.27171   1.52276   3.07091    1870   18
    87   3.55371   3.00436   0.85512    1512   18
    88   1.10111   1.56677   3.30485    1919   20
    89   2.79677   1.64968   3.24913     838   14
    90   4.25071   1.46083   3.00104    2387   18
    91   5.76803   1.59412   3.12090    2233   17
    92   4.44919   1.52408   4.70645    1052   14
    93   5.81705   1.54911   3.00921    1051   13
    94   3.35906   2.97405   3.68894    1084   14
    95   4.33261   1.59801   4.56979    2029   20
    96   5.80106   0.09913   1.70574    1223   12
    97   1.17738   1.50927   4.76799    1509   15
    98   2.74686   1.51345   0.14020    1218   11
    99   4.29769   1.51675   4.55631    1531   15
   100   2.74930   1.47369   3.26658    1125   13
   101   4.34447   1.49101   4.67572    1271   13
   102   3.37725   3.03662   3.82013     708   13
   103   5.85397   1.51599   6.17559    1007   14
   104   1.07078   1.62093   4.84827    1069   13
   105   5.79845   1.61040   3.05609    1996   22
   106   4.43853   1.42727   4.81917    1497   18
   107   2.66351   1.57223   0.09636    1511   15
   108   4.30906   1.50257   1.63683    1027   14
   109   6.02298   1.59876   4.67396    1511   15
   110   5.85853   1.61035   4.56308    1130   17
   111   4.25071   1.46083   3.00104     910   14
   112   2.65071   1.50177   0.02487    1252   13
   113   4.31535   1.59715   6.21470    1738   16
   114   1.23869   1.58833   1.64604    1092   14
   115   5.91655   1.49923   1.58288    1375   14
   116   5.52677   3.04519   2.80943    1013   15
   117   1.27527   1.64099   4.71744    1160   12
   118   5.88850   1.51272   6.24789    1156   13
   119   2.88059   1.45164   6.21628    1217   15
   120   4.41720   1.45038   3.01622    2760   22
   121   4.88712   2.96493   0.56338    1385   18
   122   2.77025   1.41123   4.65830     988   13
   123   1.64071   0.18031   4.12062     890   15
   124   5.85743   1.62024   6.20939    1260   14
   125   1.17738   1.50927   4.76799    1120   17
   126   4.29841   1.53418   6.27670    1325   17
   127   1.29312   1.56821   4.77360    1241   15
   128   0.50825   0.21967   5.25668    1729   14
   129   2.71065   1.46157   3.12288    1384   15
   130   1.03394   3.05684   1.54204    1223   14
   131   4.43530   1.52564   1.49871     976   13
   132   0.75560   0.11965   3.54918    1449   16
   133   4.70801   0.04120   5.78164    1634   17
   134   1.15935   1.68829   4.69254    1680   19
   135   5.00663   0.09319   5.47053    1522   15
   136   2.84097   1.54136   3.07595    1185   13
   137   3.78834   3.08404   2.64434    1259   15
   138   0.47726   0.10306   3.72159    1474   16
   139   2.74511   1.48512   3.24033    1245   13
   140   1.11911   1.73280   1.58144     750   12
   141   4.20260   1.58351   3.04909    1648   15
   142   2.76086   1.43555   1.68661    1331   14
   143   5.51213   0.08342   0.48035    1245   14
   144   1.24188   1.53245   0.00515    2018   15
   145   5.86762   1.52388   1.57844    1238   14
   146   4.34585   1.44501   1.67044     578   11
   147   0.64954   0.22044   3.68943    1138   16
   148   2.74069   1.45353   0.02698     868   14
   149   1.06091   0.13293   0.08124    1549   18
   150   2.66131   1.49280   0.18671    1434   16
   151   5.93877   1.56573   4.67653    1258   15
   152   1.26619   1.70915   1.48098    1115   14
   153   0.31734   0.09172   4.05404    1441   16
   154   5.94054   1.62106   1.48316     856   12
   155   1.25630   1.50351   4.72444    1576   14
   156   0.56799   0.21563   2.21400    1381   17
   157   2.74453   1.56434   3.16358    1034   14
   158   2.33531   3.03194   2.59755     900   12
   159   0.14087   0.07075   1.07243     993   11
   160   2.28493   3.10980   4.11700     820   10
   161   1.09311   1.71354   0.02797    1572   17
   162   2.82601   1.64315   3.15400    1344   18
   163   1.18207   1.62911   3.12770    1974   16
   164   5.88457   1.53014   4.57605    1334   16
   165   6.00851   1.63870   3.21098    1226   13
   166   2.74930   1.47369   3.26658     854   13
   167   4.64506   3.01945   3.50056    1009   14
   168   1.28887   1.59751   3.21927    1070   16
   169   0.05166   0.14461   5.82459     634   11
   170   0.82413   0.10117   3.55565    1322   15
   171   5.89849   1.67654   2.96879    1228   12
   172   4.42304   1.47287   6.22643    1320   16
   173   2.71840   1.44296   4.67308     866   14
   174   5.98663   1.69752   3.03839     841   11
   175   1.12786   1.70083   3.25714    2542   21
   176   5.49144   3.08085   2.70320    2221   17
   177   5.90881   1.59217   2.98697    2035   14
   178   2.72011   1.59988   0.15773    1631   20
   179   3.92983   0.09422   3.65861     777   10
   180   5.88258   1.50169   1.53834    1463   16
   181   1.13557   1.73802   4.68933    1154   14
   182   4.39670   1.44154   1.41850    1516   17
   183   4.26209   1.51394   1.44718    1624   17
   184   2.74930   1.47369   3.26658     741   15
   185   5.92776   1.61333   3.20354     792   13
   186   1.07880   1.60335   3.14411    2257   20
   187   1.20292   1.73875   4.75429    1606   19
   188   0.09034   0.16237   0.96020    1302   14
   189   5.89053   1.52404   0.01586    1190   12
   190   5.91624   1.57768   4.69933    1063   11
   191   1.20163   1.57282   4.81555    1279   15
   192   0.56799   0.21563   2.21400     628   11
   193   1.27082   3.11470   4.93284     866   15
   194   2.72965   1.53835   4.85542    1415   17