     1   0.00000   0.00000   0.00000       0    0
     2   2.31431   1.68958   5.32334     889   12
     3   0.83305   2.13437   4.81005    1452   15
     4   2.29477   1.54802   0.61507     592    9
     5   0.72331   2.23721   0.06992    1518   18
     6   2.32316   1.60050   0.61299    2311   19
     7   3.95546   2.60589   4.79920    1583   17
     8   2.37203   1.58299   0.47879     619   12
     9   0.76980   0.64410   1.48754     903   16
    10   2.24857   1.60543   5.34762     985   13
    11   0.75924   0.65531   4.71999     888   16
    12   0.66852   0.52114   3.21188    1449   15
    13   0.83784   2.19567   3.31591     495   11
    14   2.34243   1.68198   3.70430     415   10
    15   3.91028   0.99378   3.24107    1958   17
    16   0.77310   2.30123   6.26286    1494   17
    17   0.74247   2.21203   1.57548    1133   18
    18   0.79803   0.56273   1.52611     776   13
    19   0.86007   0.66590   4.52613     950   18
    20   0.76440   2.19139   3.11374    1200   15
    21   0.68675   2.25422   3.20456    1987   16
    22   5.34367   1.57765   2.56848     621   13
    23   3.88690   2.56747   4.78838    1965   18
    24   0.65214   0.51316   0.09901    1136   18
    25   0.61007   0.54696   3.16276    4291   30
    26   2.24327   1.58655   5.32513     537   11
    27   3.84784   2.43547   4.62961    1095   16
    28   3.81455   0.97698   3.18721    1753   17
    29   3.70913   2.59797   1.39512    1898   23
    30   0.77442   2.25759   0.03236     668   12
    31   2.22110   1.57949   5.30911     869   12
    32   5.48017   1.68448   4.10916    2343   19
    33   3.93198   1.09662   4.63188    1543   15
    34   2.36706   1.62796   0.50573     631   11
    35   3.78157   2.67236   3.00957     866   11
    36   3.75897   2.65544   3.10579     520   10
    37   0.53479   0.54626   3.31621     603   16
    38   2.26926   1.49566   2.03103     417   10
    39   0.63385   2.18280   4.60686    1295   18
    40   3.82253   2.48904   6.16271    2966   23
    41   3.84101   2.44984   4.74856     689   11
    42   2.33719   1.47270   2.05125    1871   23
    43   5.45434   1.48552   4.14417     771   11
    44   2.32559   1.53477   2.22479     979   13
    45   0.59693   0.67606   0.17374     732   14
    46   0.85059   0.58570   1.41805     849   15
    47   3.81993   2.57780   3.07284    1290   17
    48   3.86656   2.65461   3.13847    1454   18
    49   5.51838   1.53334   2.48697     296    9
    50   5.47921   1.43203   5.70414    1030   13
    51   2.24396   1.48315   0.55077     897   16
    52   5.50585   1.56457   5.71095     469   12
    53   3.78826   0.93197   1.57117    1320   17
    54   2.27621   1.45142   5.28940     621   15
    55   3.75612   2.52917   3.08491    2961   25
    56   2.36129   1.62717   2.09077     894   13
    57   0.70227   2.19840   3.26298    1431   19
    58   0.67163   2.19831   1.53643     629   13
    59   0.63783   2.07503   1.58405     640   11
    60   0.77739   0.69146   1.49654    1252   15
    61   0.52130   0.64777   1.71529    1140   19
    62   5.45434   1.48552   4.14417    1474   18
    63   3.87203   2.45134   3.05840     380   10
    64   5.47832   1.54794   2.61251     900   14
    65   5.46292   1.63391   5.74325    1301   14
    66   5.50799   1.63514   0.85467    1115   15
    67   0.76440   2.19139   3.11374    1172   14
    68   0.60268   0.61373   4.78117     755   14
    69   0.59720   0.68900   0.09832    2508   20
    70   2.33062   1.56474   5.22967    1071   11
    71   3.81621   2.51947   4.72515    1415   14
    72   5.38923   1.56151   4.15418     342   10
    73   5.49569   1.45355   5.73641     416    8
    74   3.93140   1.06360   1.50354    1450   14
    75   3.81388   2.58707   3.03927     805   14
    76   0.73375   2.17534   4.78603    1048   12
    77   0.77985   2.19756   3.16861    1707   13
    78   3.86891   1.09930   3.12586     523   13
    79   5.51234   1.50605   5.72581     809   13
    80   0.59900   0.62385   0.12866     699   12
    81   0.79866   0.76672   6.14988     369   12
    82   3.91028   0.99378   3.24107     803   12
    83   5.50546   1.51415   0.97317    1240   14
    84   3.86922   0.97186   4.77173     221    8
    85   3.91881   1.00469   3.22621    1803   22
    86   3.74102   2.49122   6.21356     837   15
    87   3.73058   2.59414   6.17801    1164   15
    88   3.87789   2.49546   0.07417     492   12
    89   5.54751   1.53531   2.42257    2997   24
    90   5.47574   1.51548   5.57580     769   14
    91   5.41139   1.57587   5.62991    1945   17
    92   3.75393   1.09447   0.05943     772   12
    93   5.39517   1.55873   2.42835    1874   18
    94   0.75637   0.62911   0.02443     789   15
    95   2.20213   1.51407   0.47219     676   10
    96   2.32965   1.57899   5.20967    1461   15
    97   3.81621   2.51947   4.72515    1083   13
    98   3.77847   2.54412   3.00707    2536   18
    99   0.55802   0.61149   4.78883    1302   17
   100   0.86259   0.73685   6.20510    1232   15
   101   3.81400   0.90972   0.00284    1027   12
   102   0.82694   2.26356   1.65017     376   12
   103   3.85225   0.95254   3.22018    1051   16
   104   0.63189   0.66833   0.10487    1261   15
   105   5.44898   1.56088   4.13302    1446   15
   106   2.29059   1.48315   5.29953    1021   11
   107   0.67163   2.19831   1.53643     383   11
   108   0.75487   0.60299   3.19814     639   13
   109   4.08716   2.61300   3.41309     788   16
   110   0.76440   2.19139   3.11374     380    9
   111   4.08038   2.60028   3.28356     665    9
   112   0.87229   0.60556   3.05873     692   11
   113   3.77729   2.47599   4.62665     947   13
   114   3.97929   1.01735   1.47027     488   12
   115   5.47455   1.63492   5.84181    1368   18
   116   2.28992   1.56569   2.29812    1200   15
   117   0.84572   0.48683   4.64729     431    9
   118   0.88506   0.61982   1.43338    1241   17
   119   2.28034   1.63586   5.32552     667   11
   120   5.49659   1.49081   4.00326    1892   17
   121   5.46854   1.61480   0.88591     857   13
   122   3.83837   1.06977   4.83172    1247   17
   123   3.98118   0.87692   4.63641     571   14
   124   4.13721   2.58413   4.98751     349   10
   125   2.30425   1.51147   3.60606     760   11
   126   0.82445   0.66357   6.09749    1183   14
   127   0.98381   0.58015   2.91060    1177   16
   128   0.83599   2.26381   3.18506     615   13
   129   0.72518   2.07708   4.71275    2126   18
   130   3.90866   2.67160   3.15626     343    9
   131   0.88506   0.61982   1.43338    1444   20
   132   2.22334   1.58642   2.06731    1164   14
   133   5.52839   1.42816   1.03446    1929   23
   134   5.45434   1.48552   4.14417     669   10
   135   0.70239   2.21472   4.73335     782   11
   136   3.80390   0.88861   0.02178    2969   25
   137   2.36766   1.59464   0.54953     946   11
   138   3.84598   0.92511   4.82095    1337   18
   139   5.52297   1.55159   2.48717     458   13
   140   5.37603   1.58026   5.72285    1824   18
   141   3.69813   2.44563   6.08890    1276   14
   142   0.83908   2.10292   4.83371     534   10
   143   2.26337   1.64364   3.71760     899   15
   144   2.36078   1.55845   3.77615    1149   17
   145   3.78171   1.04092   3.14894     555   10
   146   5.46848   1.53291   2.43393    2126   19
   147   3.66970   2.45207   4.46767     632   12
   148   0.77975   2.09601   6.24897     451   10
   149   2.31099   1.64312   0.75043    1040   17
   150   3.87789   2.49546   0.07417    1547   16
   151   3.79795   0.96974   0.07781    1277   16
   152   5.50585   1.56457   5.71095    1653   15
   153   4.02040   2.39064   3.19432    2047   16
   154   2.32770   1.60038   5.39166    2448   21
   155   4.09415   2.52586   0.22011    1254   17
   156   3.88673   0.99685   3.05638    1228   18
   157   5.50585   1.56457   5.71095     750   12
   158   2.38371   1.59314   2.17288     698   12
   159   3.83475   0.95229   1.61221    1655   18
   160   0.72364   0.58979   4.69484    1501   17
   161   3.90694   0.94719   3.26021     535   11
   162   4.16685   2.59398   1.81709    2093   21
   163   0.73466   0.68007   0.03336     721   11
   164   0.64193   0.65766   3.31605    1628   18
   165   3.93430   1.03642   0.04876     951   10
   166   3.80151   2.55062   4.65043     505    9
   167   3.80042   0.94220   3.18182     456   11
   168   5.47891   1.62304   4.00584     730   14
   169   5.51890   1.54352   5.56673    1469   15
   170   2.28904   1.51182   5.26391    1374   15
   171   3.88904   0.81445   3.19721     866   11
   172   3.98302   2.39981   3.15141     753   12
   173   0.84856   0.63119   4.53835    1112   16
   174   5.44357   1.67710   4.17108    1828   22
   175   2.21517   1.54321   0.64635     832   15
   176   5.50687   1.57585   4.22123     704    8
   177   3.83488   2.56944   3.18959    3066   24
   178   2.33708   1.52753   5.21714    1309   17
   179   2.26337   1.64364   3.71760    1351   15
   180   5.38819   1.57844   3.98933    1495   17
   181   2.36766   1.59464   0.54953    1512   14
   182   3.66647   2.46507   1.32300    2133   18
   183   0.50704   0.54331   1.72751    1146   15
   184   5.54334   1.52787   4.02758     757   14
   185   0.75911   2.03221   3.17939     661   14
   186   0.73272   2.18772   0.13139    2188   19
   187   3.93621   2.46743   3.12704    1000   13
   188   2.30955   1.45373   3.67983     509   10
   189   0.75544   2.11203   4.58977     779   12
   190   0.85683   0.50320   1.38799     920   13
   191   5.41726   1.67179   4.12411     768   15
   192   0.83237   0.55773   6.17340     742   12
   193   2.26337   1.64364   3.71760    1071   15
   194   3.90694   0.94719   3.26021     673   12
   195   0.84193   0.51529   6.15744     474   11
   196   5.44951   1.65442   5.58911     946   13
   197   0.80275   2.22900   1.62365     728   11
   198   2.25046   1.46618   0.69411     517    9
   199   3.86014   2.52854   6.19186     625   12
   200   3.80992   2.45591   6.20828     714   11
   201   3.86922   0.97186   4.77173     655   13
   202   2.31339   1.46918   0.68606    1626   16
   203   2.26997   1.68939   2.22380     633   11
   204   5.43002   1.62740   4.05316     592    9
   205   3.85635   2.66157   3.05460     905   15
   206   5.38607   1.50952   4.07236    1102   13
   207   3.87954   2.49543   0.08889    2066   19
   208   2.34200   1.48100   2.14935    1719   21
   209   2.23926   1.62310   2.15745     581   11
   210   0.66920   2.27281   1.61065     592    9
   211   0.78426   0.49661   3.12441    1281   14
   212   2.36490   1.55359   2.25645    1049   12
   213   5.40658   1.52542   4.08977     536   11
   214   0.76163   2.30125   3.07358     673   13
   215   3.82903   2.60586   1.49978     757   11
   216   3.75528   1.01253   3.23998     294   10
   217   3.74795   0.84220   4.81865     788   12
   218   2.34772   1.66187   2.13839    1904   20
   219   3.88438   0.95309   1.52747     672   12
   220   3.91203   0.92102   1.41900     784   12
   221   0.85683   0.50320   1.38799     351    7
   222   0.59693   0.67606   0.17374     653   13
   223   3.89314   2.63276   6.26657    1080   13
   224   0.64180   2.24059   1.43383    1380   16
   225   3.79416   0.91494   3.10816    1322   18
   226   0.82726   0.56852   3.10169     725   12
   227   2.29059   1.48315   5.29953     504    8
   228   3.90310   0.94648   4.75256    2352   20
   229   3.67649   2.53412   2.92958     809   11
   230   2.31984   1.60225   0.57376    3160   22
   231   2.26542   1.56202   5.27223     813   13
   232   5.41139   1.57587   5.62991    1618   17
   233   3.87789   2.49546   0.07417     896   16
   234   4.00771   2.53515   4.93293     709   11
   235   3.73506   2.60910   4.64440    2405   20