     1   0.00000   0.00000   0.00000       0    0
     2   1.49821   1.25655   3.10178    2554   14
     3   3.64481   1.97329   5.61806    4244   17
     4   1.46596   2.18463   0.75282    3642   16
     5   4.18786   0.50893   3.37159    2183   13
     6   0.82749   1.18980   3.87747    2328   13
     7   1.02344   1.39742   4.24952    2257   13
     8   2.67163   1.88488   3.88942    3857   17
     9   3.86839   2.40091   1.97029    2966   16
    10   6.09905   2.38771   1.94148    2667   14
    11   0.60169   2.05215   2.04810    3857   15
    12   4.48047   1.05183   6.19265    5454   17
    13   1.44195   1.03100   5.96776    3773   16
    14   3.30274   1.88841   2.64046    3069   13
    15   3.94907   1.60362   5.20852    1528   10
    16   0.92383   1.10167   6.17335    2469   13
    17   1.90554   2.58869   5.04048    4365   16
    18   3.73398   2.15225   2.70530    5705   19
    19   3.96725   0.11593   5.98691    2806   15
    20   3.89449   2.21637   1.53616    3226   13
    21   6.04996   2.24103   2.35253    4674   16
    22   0.97446   1.97907   1.75060    3459   14
    23   0.95532   1.55753   0.78605    2477   14
    24   1.97586   1.67988   5.22616    4400   17
    25   2.92002   1.88215   6.08999    3439   13
    26   0.35726   2.74244   5.40147    4172   15
    27   0.01886   1.05173   5.63869    5835   19
    28   3.64211   1.28338   0.65087    4290   16
    29   4.84693   2.56068   4.59735    3610   16
    30   3.72415   0.43891   2.64453    2663   15
    31   2.95251   1.05879   2.95507    2538   12
    32   3.47503   1.43607   4.36167    3140   13
    33   1.74657   1.95587   5.18160    3702   15
    34   0.39046   1.93917   1.25660    2586   14
    35   0.42143   2.39225   4.06907    2915   15
    36   2.67652   1.83241   0.18719    2451   14
    37   1.54961   1.68708   3.67674    4083   16
    38   5.17109   0.60768   0.30454    3465   14
    39   2.56478   1.52879   4.95842    3071   16
    40   6.13614   3.02100   2.43399    4629   17
    41   4.45236   2.41835   3.64614    3725   13
    42   6.03411   3.00467   3.43246    2870   15
    43   0.44436   2.47187   5.29644    2626   12
    44   5.02986   2.84119   1.29220    4807   18
    45   2.24661   1.48722   0.06477    3112   16
    46   2.39805   1.37578   3.46338    3342   12
    47   0.48285   1.86176   1.70248    3310   14
    48   5.35842   1.00078   2.40903    5143   17
    49   5.98350   1.37551   4.10929    3669   16
    50   1.46031   2.29687   5.18424    2860   14
    51   0.64119   2.92949   2.37715    4797   16
    52   1.05866   1.32116   4.47176    3693   15
    53   2.28716   1.64621   3.97765    1850   11
    54   4.91887   2.19665   0.18356    3543   14
    55   5.30009   1.77012   0.59019    3410   17
    56   3.24235   2.63541   4.83332    2850   15
    57   4.79867   1.29785   4.19944    4340   17
    58   0.50732   2.04445   3.22768    3238   14
    59   3.67543   1.88532   1.93526    3594   18
    60   2.94963   1.60443   5.41905    4598   15
    61   5.46336   1.02376   2.90099    1937   11
    62   4.25620   1.70550   3.81602    4182   16
    63   5.46705   1.52388   4.74635    1580    9
    64   2.65949   0.82061   3.63644    2673   14
    65   1.15773   0.57218   3.74700    1462    8
    66   3.02696   0.89871   4.28916    4405   15
    67   3.10212   0.95162   1.39277    2429   13
    68   3.72578   0.42502   5.52222    1983   13
    69   2.77712   0.74519   0.13351    2147   14
    70   3.95848   1.17369   2.08983    3249   14
    71   3.75130   2.48678   5.87734    1691   10
    72   0.86251   1.94568   0.56725    1924   11
    73   0.76288   1.25347   3.33616    2820   12
    74   4.73185   2.25341   4.83565    3726   14
    75   4.67482   1.38243   3.55373    3001   13
    76   6.13363   1.49603   2.68841    3942   14
    77   3.63613   1.37611   3.17316    3312   14
    78   3.69500   2.72891   1.37942    3243   16
    79   0.89836   2.04706   0.03391    2892   15
    80   2.06601   0.82770   2.09612    3620   14