     1   0.00000   0.00000   0.00000       0    0
     2   3.76963   2.79350   0.40272    1759   17
     3   2.54541   2.77809   5.69455    2144   18
     4   0.78229   2.10392   3.09766    1378   19
     5   5.53797   1.52336   5.83344     785   12
     6   1.61932   1.77831   0.21699    1395   16
     7   1.17956   2.03650   5.45314    1443   18
     8   3.76109   1.93157   2.14069    1459   14
     9   0.29320   1.68552   5.80814    1407   15
    10   6.01792   2.24824   3.07317     644   12
    11   1.46415   1.04689   5.96783    1315   15
    12   5.50598   2.80589   3.14041    1856   14
    13   4.14689   0.70093   6.05536     541    9
    14   0.79116   1.62296   5.76934     760   12
    15   4.80996   2.15171   5.18106    2189   19
    16   5.91740   0.72635   5.60316    1852   21
    17   2.55498   0.53413   0.83009    1529   18
    18   5.43361   1.07783   0.87662    1036   15
    19   0.82875   1.57656   2.00245    1172   14
    20   5.41691   0.58905   1.94286    1758   19
    21   1.75026   1.80233   6.08420    1837   17
    22   4.90170   1.90615   4.51822    1242   16
    23   2.42514   1.47552   5.64684    1182   14
    24   1.50206   2.17361   5.90137    2114   20
    25   3.20391   1.35465   3.90799    1578   20
    26   5.79480   0.80651   5.14834    1582   17
    27   0.17259   0.99231   5.09698    1380   14
    28   5.93906   2.47486   4.87617    1244   18
    29   4.17753   2.16425   3.20769    1298   15
    30   1.91366   2.44927   1.64565    1778   19
    31   1.88137   2.06386   2.63427    1213   14
    32   4.34301   1.66565   5.34311    1414   15
    33   4.49668   2.18240   3.07521     876   13
    34   5.60872   2.84400   5.89834    1418   17
    35   1.11468   1.83647   1.84787     712   11
    36   5.88945   1.67801   5.69572    1612   12
    37   4.32112   0.39279   1.64982    2428   18
    38   2.74133   2.84749   5.04187     834    9
    39   1.25475   1.00366   1.00792    1684   16
    40   5.74613   1.66656   1.88504    1109   10
    41   3.48364   2.03436   1.02421    1490   15
    42   4.65016   2.26633   4.39909    1277   15
    43   5.75985   1.71421   5.85684    1096   11
    44   3.90960   1.94374   5.39193     926   14
    45   3.61513   0.52930   3.71457    1091   14
    46   1.69117   2.31883   1.63667    1559   13
    47   2.42932   1.10112   5.93396    1250   15
    48   3.44263   1.35327   5.51150    1054   14
    49   0.68603   1.50486   5.82194    1161   13
    50   0.82429   1.12242   5.11324    1491   15
    51   4.06729   1.71218   1.06686     931    9
    52   1.47022   2.84145   2.14048     981   14
    53   5.16302   2.45484   4.97324     664   12
    54   2.16867   2.20352   1.61318     899   16
    55   4.75498   2.50388   5.43374     887   12
    56   3.67231   0.65952   5.14413     683   10
    57   1.28516   1.42403   1.97245    1262   17
    58   6.03307   2.76969   4.49956    1877   17
    59   2.19484   2.41632   3.75922    1285   14
    60   3.21093   0.77485   4.97438     755   10
    61   1.63923   1.20012   3.93783    1374   13
    62   5.45369   2.26398   0.33616    1246   17
    63   3.27622   0.65424   5.81248    1863   17
    64   1.90576   1.76619   2.16386    1305   11
    65   4.93368   0.32307   3.65587     980   12
    66   2.23248   1.46635   4.41869    2065   17
    67   4.05108   2.26233   1.93208    1415   15
    68   0.03411   1.16308   4.59218    1247   12
    69   1.50603   2.10307   1.21587    1382   18
    70   1.38738   2.30379   0.94999     985   15
    71   1.60889   1.71125   5.18735     999   15
    72   0.85678   0.72694   2.95545    1414   16
    73   5.73590   1.81813   2.44079    1438   14
    74   2.94900   0.67939   1.40161    1578   17
    75   3.93037   2.08238   4.66425    1323   15
    76   1.71328   0.37712   5.63587    2046   20
    77   2.05530   0.69730   3.36839    1124   15
    78   3.75996   3.02641   4.38643    1451   17
    79   4.15699   1.86518   4.72321    1051   16
    80   2.31836   0.96458   4.70214    1543   17
    81   4.82149   0.83007   2.27504    1345   13
    82   3.41829   1.93493   0.21279    1377   13
    83   2.07535   1.89300   1.68163    1808   18
    84   4.37517   0.94642   3.38977     852   11
    85   0.52462   0.68055   1.07581    1466   15
    86   2.19237   2.45591   1.87136     859   12
    87   4.79216   0.71571   5.29724     885   13
    88   4.76999   1.07170   0.18607    1814   21
    89   1.09588   0.66855   1.63859    1506   12
    90   5.12749   0.72461   1.97972    1125   14
    91   3.93174   1.57296   0.70228    1090   14
    92   0.63733   1.88952   5.98396     547   11
    93   3.39749   0.95260   3.08816    1831   18
    94   1.37122   0.92810   5.25384    2004   15
    95   4.38897   1.40941   5.38650     715   14
    96   3.58636   0.79983   5.21472    1245   18
    97   6.19249   0.99655   2.73677    1138   16
    98   1.77978   0.81277   1.41287    1560   17
    99   5.86348   1.92329   2.27583    1206   13
   100   3.60946   1.10142   4.50070     706   11
   101   3.90348   2.23090   4.42953    1222   14
   102   3.19748   1.50290   4.01499     811   13
   103   0.19380   1.37266   1.59898    1966   20
   104   5.68188   2.85229   5.39408    2547   19
   105   2.05368   1.07739   4.87311     876   11
   106   1.51970   2.31998   5.45830     540    8
   107   3.63063   2.89813   6.18791    1219   16
   108   3.75630   0.96616   1.17800    1037   13
   109   0.67642   1.36384   0.22828    1067   15
   110   2.10719   1.35480   5.86183    1438   13
   111   2.67678   2.87677   3.82483    1318   15
   112   4.45166   1.83536   5.46901     933   10
   113   5.94370   0.94703   1.01097     960   12
   114   6.12150   2.91594   6.05346     809   13
   115   2.71766   2.69835   3.28979    1036   13
   116   4.92985   1.52146   2.80946    1167   16
   117   1.08965   0.98433   0.52566    1068   12
   118   4.10012   0.94975   3.94984    1562   19
   119   3.42248   0.92487   3.59598    1902   19
   120   3.81653   1.36910   3.88615    1383   15
   121   2.58956   2.03121   1.72056    1359   17
   122   4.33976   2.32053   1.40354    1744   16
   123   4.31053   1.30587   0.09877    1779   17
   124   2.61415   0.99338   1.56493    1048   12
   125   2.78770   2.81079   3.80660    1711   18
   126   0.23209   1.65438   4.61667    1000   13
   127   1.79052   0.68733   2.98816    1991   17
   128   0.89086   2.76402   6.08327    1434   15
   129   3.68857   2.18263   0.48552    1145   13
   130   4.42763   2.07974   5.94914    1852   18
   131   3.25771   1.22914   5.19455    1188   13
   132   1.54806   0.90379   1.78512    1163   14
   133   3.31985   2.85522   3.92678    1072   16
   134   0.11596   1.48332   1.03538    1761   17
   135   3.59028   1.99275   4.59258     898   13
   136   6.19447   1.66471   1.68992    1090   14
   137   5.64020   1.65260   1.55177     963   10
   138   0.73971   0.83431   1.32130     505    8
   139   5.97705   2.22316   2.15240    1403   18
   140   3.75512   1.30940   4.54198    1185   15
   141   1.14927   1.53307   0.03374    1957   17
   142   5.46754   2.28287   3.14518    1867   14
   143   0.11596   2.00190   1.51816     630   11
   144   2.82303   1.84707   2.05900    1319   12
   145   2.94548   1.98762   5.20803    1370   15
   146   5.70171   2.38836   0.43366    1124   12
   147   2.89426   0.74634   3.20628    1222   16
   148   1.63180   1.29768   0.86835    1124   15
   149   0.61782   1.38090   1.29427    1403   15
   150   4.35020   2.20683   1.81107    1463   14
   151   4.51956   1.78373   4.76070    1108   15
   152   6.02357   2.35354   0.55034     875   13
   153   6.08733   1.71624   1.70959     899   16
   154   6.17585   1.66146   3.00316     993   14
   155   1.47742   1.44466   4.11813    1207   13
   156   3.53022   1.10795   5.44069    1167   13
   157   0.02046   1.92103   1.27545    1503   16
   158   3.20913   1.28199   3.84496    1830   17
   159   3.91418   2.93268   4.26850     443    8
   160   1.31529   0.54384   0.56583    1319   15
   161   6.00875   1.97544   4.43028    1861   15
   162   1.48679   1.93397   4.66961    1448   14
   163   0.77314   1.99714   2.34407    1357   17
   164   4.31783   2.59414   2.61118    1642   16
   165   2.80391   2.33610   0.73001    1160   14
   166   5.77514   1.12488   6.11888    1676   14
   167   0.39567   1.40475   4.50571    1249   16
   168   4.89373   2.92914   4.75520     951   12
   169   5.97893   0.68363   1.24528    1434   16
   170   5.63093   0.91644   1.23511     520   10
   171   6.09894   1.01261   5.57983    1987   19
   172   4.22784   2.76200   2.53918    1786   15
   173   4.47560   0.97433   5.00762    1539   15
   174   4.35757   2.19319   0.58714    1400   15
   175   5.59078   0.88664   4.86213     895   14
   176   0.48201   2.75382   4.75004    1276   15
   177   3.61108   1.23943   4.37429    1959   18
   178   0.90937   2.13675   4.20093    1254   15
   179   2.75728   2.84126   1.26259    1327   13
   180   1.05934   0.46170   3.15972    2050   19
   181   2.36453   2.64170   0.36751    1125   10
   182   2.59510   1.51189   2.54138    1302   17
   183   2.79029   0.63597   5.39389    1743   18
   184   0.63527   1.76730   1.54646    2248   19
   185   5.83969   2.07359   4.21429    1518   15
   186   3.31252   2.15813   0.11769    1043   14
   187   3.87014   1.06028   4.91614    2337   18
   188   1.28588   2.63893   5.57515    1418   15
   189   2.70294   2.50157   5.89843    1928   15
   190   6.16875   2.10251   1.72386     869   10
   191   3.10294   2.67337   1.57541    1744   16
   192   0.04680   0.79593   2.62782    2107   18
   193   5.86254   0.74422   3.86996    1460   16
   194   3.97247   0.99368   3.93869    1268   14
   195   0.83118   2.62024   5.63380    1523   16
   196   3.26725   2.66700   6.20123     857   10
   197   5.40308   2.51932   2.92368     873   13
   198   6.24289   0.76900   1.09697    1551   15