     1   0.00000   0.00000   0.00000       0    0
     2   4.61797   2.64802   5.05730    2010   18
     3   3.32473   1.38966   5.66956    1332   15
     4   3.89851   1.06922   4.85300    1332   15
     5   1.51904   2.30374   3.89156     834   14
     6   0.24734   0.75820   0.73950    1745   15
     7   3.01427   1.50504   2.61007     776   12
     8   2.91399   1.02205   2.19727    1744   13
     9   4.06675   1.46572   4.21959     944   14
    10   1.74888   1.31918   0.89172    1492   15
    11   0.48303   0.84059   1.78333    1074   14
    12   3.76003   1.14588   1.44011     851   13
    13   2.78565   1.18764   0.27583    1059   13
    14   5.00160   1.31673   0.89468    1747   15
    15   2.60986   1.26201   2.99762    1612   18
    16   1.17488   1.21743   4.41729    1361   14
    17   0.30878   2.26207   1.88193     957   14
    18   3.45579   2.27514   0.92907     874   15
    19   0.82690   2.15058   2.19358    1887   17
    20   3.81877   1.37846   2.49112     982   13
    21   0.96282   1.16291   4.62945    1193   16
    22   4.11858   0.96780   4.25209     624   11
    23   5.58402   0.97460   1.53887    1784   16
    24   4.54943   1.90769   3.83436    1019   14
    25   4.09806   1.54582   0.59397    1621   16
    26   3.25898   2.69861   2.50480    2758   19
    27   1.05167   1.74514   0.66384    1196   14
    28   5.15470   1.57123   3.78620    1335   17
    29   4.11552   1.46383   5.08800    1826   17
    30   5.89315   0.88224   2.55398    1586   14
    31   1.58269   1.68648   5.05624    1014   14
    32   1.72980   2.32877   3.68260    1055   14
    33   2.55962   1.82692   2.16355    1872   19
    34   5.18508   0.83161   6.09536     542   12
    35   0.44255   1.11876   4.08645    2035   19
    36   4.28695   2.22939   1.80700    1086   14
    37   3.30062   2.16567   2.02120    1239   13
    38   5.85967   2.44194   0.64487    1389   17
    39   6.02755   1.57959   4.75973    1395   16
    40   1.99372   2.29215   3.52700    1012   15
    41   2.23010   2.10057   3.99392    1116   12
    42   3.11350   2.47870   0.10240    1143   12
    43   2.10660   1.67168   0.03179    1224   13
    44   0.43113   1.74508   6.13309    1536   16
    45   2.99680   1.38170   4.56033     864   13
    46   1.05298   1.27009   3.98524    1089   12
    47   1.23197   1.63201   2.21169     979   17
    48   0.70910   1.36986   2.02375    1031   14
    49   2.62096   2.53470   0.27433    1554   17
    50   3.99558   1.64578   2.96794    1297   14
    51   3.61440   1.01384   3.58096    1855   18
    52   0.73443   0.98261   0.54701    1358   16
    53   0.29404   1.80587   3.05343    1836   17
    54   1.83054   0.94651   5.44674     977   14
    55   0.09745   0.87372   4.31685    1418   15
    56   3.05682   2.21851   3.58860     917   13
    57   5.44637   2.59901   4.31201    1009   12
    58   1.68311   1.78763   1.98380    1241   13
    59   2.91970   1.46340   4.30239    1750   13
    60   3.59467   1.16689   1.57786    1774   17
    61   3.60851   2.61079   2.24740    1436   14
    62   5.61040   1.76819   5.58427    1859   16
    63   0.96205   1.19290   4.00220    1128   14
    64   3.96525   0.88156   2.52512     905   11
    65   5.75630   1.40049   0.32586    2015   16
    66   1.86980   0.61463   2.90356    1124   14
    67   3.38030   1.33750   1.11926    1066   14
    68   5.42148   0.98492   4.47396    1035   13
    69   0.90439   1.59345   4.38941     868   11
    70   2.27575   1.71457   4.26316    1050   15
    71   0.16564   0.71807   0.16392     816   14
    72   4.38106   0.28816   1.42031     708   11
    73   4.07164   2.63025   2.52868     795   13
    74   4.40731   1.70593   2.31599    1380   16
    75   5.18688   2.21008   2.68762    1531   15
    76   3.76958   1.10924   5.64054     898   15
    77   5.44128   0.38189   5.35184    2252   19
    78   1.31360   1.50735   4.54796     959   13
    79   2.01360   0.66143   5.65688    1834   17
    80   2.47011   0.75638   1.21439    1978   17
    81   1.51784   2.56122   4.20795    2110   18
    82   4.40710   2.71181   5.76187    1308   13
    83   0.66125   2.31605   1.17451    1699   15
    84   0.99389   1.99640   2.32555    1641   15
    85   0.78979   1.24441   3.49954     775   11
    86   5.87239   1.93283   4.35589    1760   21
    87   0.88726   1.27987   1.57693     897   13
    88   0.78811   2.14208   0.75431    2128   19
    89   2.68513   2.71286   1.79212    1693   17
    90   0.87643   0.43739   0.01019    1270   13
    91   1.49171   2.57813   2.25750    1452   15
    92   5.17405   0.72377   5.15128    1124   14
    93   3.47298   2.11295   0.79998     867   13
    94   2.44179   1.77539   2.86013    2036   18
    95   3.08734   0.15950   0.81727    1879   19
    96   4.84746   1.73497   0.36866     811   11
    97   4.31068   0.49089   2.04962     965   15
    98   4.40510   0.71718   2.74502    1097   13
    99   4.65821   0.87580   0.23587     736   10
   100   5.39982   1.21318   5.36781    1356   13
   101   3.18002   2.40128   2.72570    1150   14
   102   5.06884   1.12846   3.83679    1777   16
   103   6.17198   1.32473   4.59595    1930   17
   104   6.07893   1.23147   1.32560    1870   15
   105   0.90796   1.77100   2.06093    1479   14
   106   5.48894   2.24225   1.44251    1984   19
   107   1.79575   1.30181   3.85583    1896   18
   108   2.21948   2.82230   3.28545    1699   16
   109   4.15803   1.58625   1.22741    1355   16
   110   0.55238   1.74771   2.78850     883   12
   111   6.20007   1.44814   3.96007    1488   15
   112   2.51667   1.08262   0.58436     902   13
   113   5.29658   1.30096   4.18137    1643   16
   114   6.18337   2.30150   2.32456    1192   12
   115   3.90391   1.03956   0.64952    1173   17
   116   5.73135   0.54382   0.96351    1310   13
   117   4.98937   1.85103   5.77147    1370   16
   118   3.24716   2.08435   4.11288    1620   15
   119   0.23105   0.21060   1.50817    1481   15
   120   5.35846   2.15895   5.51866    1446   15
   121   2.12780   1.43564   3.75557    1739   20
   122   2.29959   3.10267   5.49827    1896   18
   123   1.21332   1.51719   5.86221    1208   15
   124   3.92408   0.17306   5.61169    1027   16
   125   5.84569   2.72883   1.01588    1596   15
   126   4.02197   1.01404   5.21271    1616   16
   127   2.92972   0.62197   0.39054     802   14
   128   0.06797   2.15216   1.36281    1238   14
   129   5.74939   2.09176   4.00264    1515   14
   130   1.66599   1.40228   2.90702    1301   13
   131   3.47298   2.11295   0.79998    1198   13
   132   0.10496   0.77250   0.52091     640   10
   133   3.94476   1.84804   4.07943    1459   14
   134   1.91924   1.46528   4.11882    1071   13
   135   2.64237   0.59014   2.61056    1701   19
   136   0.09499   1.86297   0.29594     963   15
   137   1.79065   1.13600   5.97180    1600   18
   138   0.07797   2.57888   4.88996    1052   13
   139   4.32448   1.21438   2.25263    1349   13
   140   2.17108   1.85157   5.76718    1004   11
   141   0.53511   1.37023   5.02943    1403   16
   142   0.81899   0.81430   2.96992     826   12
   143   0.83493   2.22456   1.52761    1101   13
   144   3.46257   2.30228   1.60391    1209   15
   145   1.62752   0.94393   5.99666     881   13
   146   0.18624   2.62213   1.10541    1493   18
   147   0.93178   1.27701   2.17527     955   14
   148   2.86708   1.44722   2.82422    1067   13
   149   0.12749   0.75046   0.65674    1941   15
   150   2.99858   1.92751   0.27511    1423   16
   151   2.17029   2.17452   1.20643     810   12
   152   3.29365   1.21394   0.59405    1500   12
   153   1.76797   1.27228   2.45777     830   12
   154   0.67546   1.19948   4.76515    1250   17
   155   1.45829   0.27446   1.76689    1142   12
   156   0.29097   2.39273   5.38429    1170   12
   157   2.74760   0.86877   0.31488    1526   17
   158   0.81790   1.16294   5.26047    1129   13
   159   2.21375   2.22955   5.22210    1416   16
   160   0.82181   1.70654   0.38524    1376   15
   161   1.66345   1.75977   1.36843    1112   13
   162   3.83481   1.93548   3.96355    1626   15
   163   3.02620   1.68470   3.48349    1809   18
   164   4.58896   2.08053   2.77507    1093   12
   165   2.37388   1.37406   4.66160    1543   16
   166   0.97019   0.97001   3.21294    2463   22
   167   3.06892   0.83269   2.85640    1319   12
   168   0.79846   1.49096   3.79395     631   10
   169   3.81737   0.53994   1.50855     833   12
   170   3.26633   1.20094   1.98527    2262   18
   171   2.51586   1.11220   1.07900    1519   17
   172   0.00122   0.52635   5.64964     862   11
   173   4.91673   2.64128   1.11583    1089   12
   174   5.27427   1.57656   3.13429    1140   11
   175   0.56502   0.74510   4.95647     722   13
   176   5.49712   1.35814   3.61018    1053   14
   177   3.77483   1.98141   2.76047    1150   13
   178   2.93396   1.01528   3.20182    1599   17
   179   5.93346   1.58402   3.32343    1372   17
   180   2.65097   0.35211   4.17685    1434   17
   181   0.76964   1.08186   0.71653    1080   12
   182   4.85761   1.29435   5.38787    1141   16
   183   2.88421   2.49068   6.05095    1358   14
   184   4.28371   2.05724   0.90212    1525   16
   185   3.86273   1.99041   2.14263     909   12
   186   0.13355   1.24715   0.42763    1319   16
   187   5.65846   2.09645   1.23197    1638   18
   188   3.09043   0.74273   3.96333    1419   15
   189   2.21305   1.18638   3.20871     910   15
   190   1.78603   0.55909   0.67231    1359   13
   191   1.26179   1.07236   0.85830    1378   13
   192   0.38103   1.76550   4.19750    1180   15
   193   0.48684   2.30707   5.86320     913   12
   194   0.99626   1.07886   3.30337    1240   13
   195   0.10351   1.77539   3.67457    1191   13
   196   3.51748   2.65953   0.26930    1799   19
   197   4.90727   1.15322   6.25827     873   14
   198   4.47702   2.14495   4.67499    1235   15
   199   6.05630   1.57462   1.04936    1572   16