     1   0.00000   0.00000   0.00000       0    0
     2   3.69642   1.61316   6.13566    1769   19
     3   2.22446   1.46972   1.55954     863   11
     4   3.69429   1.59993   6.14881    1059   12
     5   2.14855   2.97102   1.49649    1350   15
     6   5.35410   3.08114   3.20959    1004   13
     7   2.39219   2.99343   0.20352    1254   14
     8   2.24871   1.50631   4.73732    1362   14
     9   0.91118   3.11801   3.50350    2549   21
    10   3.58043   1.53886   1.53665    1053   14
    11   5.32352   1.62377   4.67799    1250   16
    12   5.47326   3.04830   3.35513     978   13
    13   2.05386   1.59078   1.62645    1553   17
    14   3.69429   1.59993   6.14881    1103   13
    15   3.75063   1.56037   6.19975    1579   15
    16   0.62241   1.51922   0.02873    1217   14
    17   0.43813   1.59844   6.20616    1841   18
    18   3.77463   1.65017   3.09358    1177   13
    19   2.09554   1.50687   3.13042    1537   14
    20   4.65450   0.17945   5.40186    1773   13
    21   2.19751   1.46905   4.82761     642    9
    22   3.65277   1.53657   0.02776    1271   17
    23   3.58200   1.51630   4.63417    1556   16
    24   2.80005   3.13107   3.81302     813   14
    25   0.93953   3.06811   0.33585    1204   17
    26   1.62747   3.04872   4.19154    2571   19
    27   5.18720   1.60697   1.63963     615   10
    28   2.05293   1.57901   4.71594    1735   18
    29   2.16646   1.55964   4.74094    1544   15
    30   2.08551   1.51816   6.18424     817   14
    31   3.33347   3.00187   4.30183    1148   17
    32   2.04434   1.40233   4.82626    1409   16
    33   0.88168   3.13396   3.48997    1209   15
    34   5.23855   1.53354   6.23716    1519   15
    35   2.03910   1.49346   4.77151    1051   13
    36   5.39060   1.61462   1.44975    1347   13
    37   3.70033   1.38413   3.17117    1269   16
    38   0.45244   1.58803   4.72582    1157   11
    39   0.67734   1.58608   1.71530    1618   17
    40   1.56696   3.01625   1.00380     925   12
    41   5.20371   0.12744   3.21273    1641   15
    42   3.81650   1.43122   6.22558    1645   16
    43   5.35886   1.75377   3.12997    1098   13
    44   2.41993   2.96631   4.89836    2031   18
    45   0.33323   3.10006   2.94916     936   13
    46   5.35605   1.63844   6.21357    1736   17
    47   3.72482   1.52300   1.49764    1433   17
    48   0.60098   1.60919   1.69825    1828   18
    49   5.22677   1.74262   4.64267    1125   13
    50   5.52335   0.15370   6.08632    1420   15
    51   2.08425   1.41356   3.10734    2174   20
    52   3.80337   1.56354   6.27626    1334   13
    53   2.63145   2.93365   2.15122    2067   16
    54   2.10796   1.46374   3.19936     687   13
    55   6.20532   0.06982   2.09153    1613   17
    56   3.58043   1.53886   1.53665     786   10
    57   3.75445   1.61144   6.26922     894   12
    58   0.81169   0.13672   4.50604    1674   15
    59   5.18018   1.55391   1.55686    1346   14
    60   0.67426   0.08591   4.59501     567   13
    61   5.18547   1.66381   1.52933    2186   19
    62   5.31158   1.59870   4.61929    1222   14
    63   3.69773   1.44237   1.54060    1737   17
    64   5.16931   0.00724   3.29997    1544   14
    65   5.21580   1.63225   0.00651    1076   16
    66   0.55575   1.72108   4.77927    1710   18
    67   0.59744   1.58216   0.08634    1695   15
    68   5.52335   0.15370   6.08632     990   13
    69   2.96578   3.01552   5.57235    1882   15
    70   2.11092   1.56533   0.06486    1424   18
    71   2.05021   1.63220   1.63408    1707   15
    72   5.73629   0.03904   5.78065    1273   15
    73   6.08506   0.05965   5.41446    1960   17
    74   2.19292   1.57956   3.18674    1047   12
    75   0.48995   1.65441   1.73405    1274   17
    76   3.87669   3.13560   3.30835    1123   15
    77   0.57145   1.60024   3.09535    1340   16
    78   5.25163   1.67286   3.11540    1232   15
    79   4.33806   3.04454   3.83296    1119   11
    80   0.80124   0.15140   2.94232    1498   15
    81   4.84846   3.06170   4.19189    1331   12
    82   5.19051   1.69207   2.99831    2102   17
    83   0.62600   1.63677   3.11333    1107   10
    84   2.96390   2.95899   0.80100    1397   14
    85   3.59077   1.52066   1.60995    1248   15
    86   0.57411   1.50850   1.47959     621    8
    87   5.30526   1.63814   3.21412    1407   18
    88   5.39803   1.60199   3.08234    1267   14
    89   0.34721   0.13819   3.44600    1832   20
    90   4.02015   3.02683   3.48974    1481   17
    91   5.19968   1.73507   6.19666    1406   15
    92   2.09539   1.47758   1.68329    1072   12
    93   2.23308   1.56070   0.06411     908   12
    94   5.52335   0.15370   6.08632    1345   18
    95   0.53695   1.54706   4.74597     703    9
    96   5.35948   1.64284   1.52086     998   12
    97   2.23382   1.44065   0.07488    1156   14
    98   0.96113   3.05984   3.47242    1600   19
    99   3.65500   1.46399   6.12508     792   12
   100   2.62651   3.04384   5.11779    1126   18
   101   0.67400   1.55803   3.07585    1336   17
   102   3.78797   1.50576   6.17110    2028   19
   103   3.58043   1.53886   1.53665    1374   14
   104   3.58495   1.57462   1.51286     884   12
   105   5.25891   1.51301   6.21068    1297   14
   106   0.55693   1.65086   1.52932    1757   17
   107   3.81312   1.47328   6.11332    1067   14
   108   5.20279   0.08422   4.79144    1426   14
   109   0.59375   1.62385   4.70045    1351   17
   110   5.29597   1.71222   3.21327     354    8
   111   5.73629   0.03904   5.78065     958   16
   112   4.61080   0.17882   5.29084    1741   20
   113   5.91835   0.20347   4.05805     664   10
   114   3.63355   1.61229   3.06623    1188   12
   115   5.27410   0.07208   3.13794    1397   15
   116   2.04813   1.51525   0.00776     631   12
   117   1.66876   3.05287   4.32757     979   14
   118   3.71719   1.55644   1.54746    1553   17
   119   2.02579   1.46072   1.54146    1330   17
   120   1.49481   2.99951   0.95372    1375   13
   121   5.19334   1.66848   6.13103     811   14
   122   3.79549   1.41189   6.27029    1083   15
   123   3.30481   3.01911   2.71606     965   15
   124   2.13193   1.57861   1.59693     856   13
   125   4.98451   0.16839   0.23171    1766   14
   126   0.05500   0.15976   3.74914    1163   13
   127   3.66880   1.60835   6.20954    1675   16
   128   3.22323   3.08975   5.71162     833   13
   129   3.83499   1.59246   3.00570    1710   18
   130   3.58043   1.53886   1.53665    1301   13
   131   0.98709   3.06930   1.95254    1605   18
   132   2.17166   1.57233   3.27530    1391   17
   133   2.07172   1.44349   0.03381    1324   18
   134   0.63935   1.49627   3.17689     784    9
   135   2.15720   1.58192   3.16963    1253   11
   136   5.23448   1.56308   4.54447    1302   14
   137   2.12713   1.60143   1.70917     835   11
   138   0.75687   0.18277   6.17995     949   12
   139   0.61202   1.50313   6.24376     833   15
   140   0.47840   1.62572   4.75576    1304   16
   141   2.05157   1.63303   4.81475    1722   15
   142   2.11871   3.00564   3.01525    1368   14
   143   3.73354   1.63616   3.15002    1113   16
   144   0.05500   0.15976   3.74914    1744   18
   145   3.75630   1.67509   3.05799    1587   19
   146   3.73739   1.52906   3.08291    2150   23
   147   2.13634   1.45052   1.51204    1821   17
   148   2.64710   2.93260   5.13452    1880   19
   149   5.52335   0.15370   6.08632     647   12
   150   2.06797   1.51207   4.76681    1131   13
   151   0.44699   1.60736   4.79675     871   11
   152   0.67276   1.64029   0.19630    1253   12
   153   2.09866   1.43978   4.84147    1607   15
   154   3.70089   1.59926   3.16710    1131   12
   155   5.23827   1.68981   4.74779     924   14
   156   3.80394   3.09216   4.87426    1143   12
   157   5.25820   1.62248   1.53307     952   12
   158   0.56099   1.53129   6.22569     973   14
   159   2.17072   1.47018   6.20295     660   12
   160   0.67355   1.58108   4.89512    1670   17
   161   0.88168   3.13396   3.48997     745   13
   162   0.46241   1.60700   0.17494     900   10
   163   0.57051   1.61209   4.81477     939   15
   164   2.13842   1.51859   4.74377    1838   18
   165   3.68824   1.53637   3.20660    1210   14
   166   3.30481   3.01911   2.71606    1059   14
   167   5.26657   1.59710   4.61095    1788   17
   168   3.61191   1.55780   0.01170     757   11
   169   2.38521   3.05753   4.89709     870   13
   170   0.63015   1.58852   4.78069    1188   15
   171   5.33878   1.51958   3.13259     856   14
   172   2.24215   1.62081   1.59908    2762   26
   173   5.36493   1.51033   4.62843    1484   14
   174   5.29597   1.71222   3.21327    2075   19
   175   0.56487   1.56818   0.12976     863   11
   176   5.81009   0.13718   5.83822    2115   19
   177   2.84155   3.05429   0.82649    1421   14
   178   4.59733   0.14515   5.49687     948   13
   179   3.65829   1.60092   4.69225    1916   18
   180   5.01037   0.07248   3.43383    1349   17
   181   3.76302   1.62074   3.15417     798   11
   182   0.61104   1.59170   1.72753    1824   17
   183   2.18486   1.44796   3.04415    1020   14
   184   2.61868   3.09658   3.63551    2064   21
   185   0.19782   0.06688   0.45128    1530   19
   186   2.02573   1.57877   3.19529    1677   17
   187   3.62663   1.44788   1.50640    2042   21
   188   3.76683   3.09541   3.07872    1210   10
   189   5.18170   1.63821   1.59825     878   12
   190   1.95853   0.04466   0.14455    1015   13
   191   3.70548   1.41393   6.26526    1143   17
   192   2.88875   3.08899   2.34257    1498   14
   193   0.60128   1.66501   3.15734    1471   15
   194   0.53168   1.71217   4.78654    1523   15
   195   5.29597   1.71222   3.21327     684   10
   196   5.53032   0.08468   4.46589    1582   15
   197   5.26538   1.60068   1.57700     832   13
   198   5.06310   0.13902   1.79442    1395   16
   199   0.82919   0.06530   4.34208    1678   18
   200   3.74882   1.40505   1.56160     753   11