     1   0.00000   0.00000   0.00000       0    0
     2   2.44671   1.44830   0.72220    1592   15
     3   4.13231   0.89620   1.53866    1332   12
     4   2.55968   1.55697   2.22990    1216   13
     5   3.77745   2.39833   4.46314     916   11
     6   0.88781   2.19916   4.92329     798   13
     7   0.84535   0.69570   1.59042    1141   14
     8   5.63873   1.71580   4.00500    1899   17
     9   0.82259   2.37772   3.21890    1048   16
    10   2.36127   1.55295   0.73190    1225   14
    11   2.40693   1.52299   3.75927    1696   15
    12   2.35605   1.66384   3.82313    1817   21
    13   0.56454   0.69948   1.87481    1763   18
    14   0.84857   2.23262   4.81964    1781   16
    15   3.82952   2.33956   6.08096    1180   16
    16   5.52192   1.54775   2.47937    1211   15
    17   0.99504   2.28058   3.19783    1544   14
    18   0.77029   2.28286   4.74568    1379   16
    19   0.73066   0.87502   0.18161     639   11
    20   4.03171   0.92086   3.17651     849   13
    21   4.07162   2.36771   4.81197    1439   15
    22   3.92005   0.87417   6.26131     808   12
    23   5.67003   1.71549   5.52943    1130   13
    24   0.71660   0.76256   0.07890     997   12
    25   3.77909   2.39207   4.53387    1963   15
    26   2.41993   1.61250   0.65604    1034   13
    27   5.58247   1.61595   2.53201    1922   15
    28   0.88887   2.40889   0.05330     915   12
    29   3.88934   2.50309   2.87979    1938   20
    30   0.89718   0.72574   1.68584    1106   13
    31   4.21965   0.78403   2.92070    1928   15
    32   5.53406   1.67153   0.91871    1177   15
    33   5.50811   1.66064   4.01344     788   10
    34   4.06434   2.52549   3.21469    1165   13
    35   0.78938   0.70320   1.61787     765   13
    36   3.97421   0.90052   1.52639    1121   11
    37   5.64058   1.66946   5.43183    1601   20
    38   5.52928   1.69680   3.95529    1829   18
    39   0.82648   2.36697   4.61055    1238   14
    40   4.01342   2.45251   3.25199    1910   17
    41   2.38739   1.50662   3.99017    2039   20
    42   5.67074   1.66520   0.85614    3383   24
    43   0.84930   0.76727   0.14137     708   10
    44   5.68508   1.59297   2.48047    1442   16
    45   3.97279   2.38351   6.19890     839   10
    46   0.74941   0.70641   3.17037     925   13
    47   2.37337   1.49583   3.84622    1000   11
    48   3.99806   0.76598   1.62137    1415   17
    49   0.67611   0.69460   4.89690    1022   12
    50   2.40178   1.59348   3.87540    2709   18
    51   5.56099   1.62133   4.09171    1621   17
    52   5.43763   1.69409   3.96215    1387   17
    53   3.91420   2.55447   3.00750    1007   11
    54   0.75872   0.67046   0.23851    1492   15
    55   5.57792   1.76849   4.08224     820   11
    56   4.20261   0.83351   1.38356     858   11
    57   0.90514   2.21240   3.13442    1570   18
    58   3.96780   0.80617   1.60735    1291   17
    59   0.84485   0.71643   4.74700    1517   17
    60   3.98745   0.85819   6.17520    1461   14
    61   0.83058   0.81490   3.13962    1364   14
    62   3.89832   2.52410   2.88048    1086   11
    63   5.62078   1.64099   5.68911    1156   14
    64   5.62908   1.77026   2.44134    1063   13
    65   0.92695   2.23051   3.12428     930   13
    66   3.92691   2.31471   1.40348     986   11
    67   4.14441   0.80624   6.10473    1271   14
    68   0.79498   0.62786   1.67246    1786   16
    69   2.42593   1.46386   0.76085    1200   15
    70   2.54156   1.59080   3.86158    1107   12
    71   4.13888   0.77377   4.73313    1858   17
    72   0.89711   2.37444   1.55246     921   12
    73   0.85291   0.78740   3.14529    1277   14
    74   4.07663   0.77428   1.49241    1099   12
    75   3.96470   2.42131   0.07795     904   13
    76   3.92621   0.86331   4.70098    1574   17
    77   4.03474   0.85236   3.14977    1129   16
    78   0.84009   0.67402   1.52393    1205   16
    79   5.46038   1.57860   5.54972    1546   16
    80   2.48595   1.43046   2.43656     960   10
    81   4.03254   0.80231   1.51364    1218   13
    82   5.59792   1.64914   2.51170    1411   16
    83   3.90368   0.85173   3.25375    1679   16
    84   2.41252   1.51239   2.21628    1437   15
    85   2.49775   1.50946   3.86708    1184   17
    86   4.06949   2.43414   3.06347    1009   13
    87   2.35530   1.55123   2.39923    1198   13
    88   0.78938   0.70320   1.61787     673    9
    89   5.54145   1.67620   0.78224    1218   15
    90   4.14441   0.80624   6.10473     996   13
    91   5.55310   1.54740   2.35206    1789   18
    92   4.06384   0.84708   1.47068    1449   19
    93   0.75947   0.68783   0.05111     810   13
    94   2.45017   1.45052   5.30762    1622   16
    95   2.53079   1.52362   0.79520    1318   17
    96   2.38322   1.42675   3.93926    1947   18
    97   0.99187   2.35739   1.75946    1803   17
    98   5.50414   1.60596   0.85896    1778   16
    99   4.13886   0.86455   1.49297     736   10
   100   0.91456   2.38743   3.13395    2189   19
   101   2.37017   1.62302   5.38207    1779   17
   102   4.02485   2.41583   6.15166    2020   18
   103   0.86162   0.75384   1.71380    1339   13
   104   4.13453   0.87930   3.10245    1689   17
   105   4.03985   2.39272   4.73810    1758   15
   106   5.68460   1.67632   4.10721    1262   14
   107   4.04590   0.93811   2.95826    1729   17
   108   5.60422   1.68474   2.27799    1609   14
   109   5.44905   1.66952   5.66359    1743   15
   110   0.82259   2.37772   3.21890     992   13
   111   3.99591   2.50127   1.41488    1398   14
   112   3.99457   0.78856   3.23965    1777   16
   113   0.79150   2.24533   1.59531    1405   15
   114   3.94900   2.42000   3.09437     960   13
   115   2.54165   1.58520   5.35933     946   14
   116   5.62562   1.70736   0.76175    1397   19
   117   3.80592   2.46955   2.78223    1579   17
   118   5.59309   1.63910   4.09009    2321   18
   119   0.84539   2.28443   6.25681    1258   14
   120   3.99457   0.78856   3.23965     987   16
   121   0.98893   2.15108   3.27278    1457   17
   122   0.88680   0.81983   3.24858    1412   16
   123   0.86231   0.80612   3.19853     787   10
   124   4.19043   0.85293   3.00505    1138   15
   125   2.43369   1.42506   2.43406     817   10
   126   3.94281   2.43941   3.10382     889   12
   127   3.96343   0.86869   6.16018     755   11
   128   3.96780   0.80617   1.60735    1058   13
   129   4.12749   0.84329   4.54296     800   12
   130   3.92005   0.87417   6.26131     908   14
   131   5.49974   1.59267   5.59985    1450   15
   132   4.04620   0.96540   4.54789    1121   13
   133   5.69235   1.55925   2.51200    1058   14
   134   4.05505   2.52054   1.55344    1317   13
   135   2.38322   1.42675   3.93926    1798   16
   136   4.20908   0.75120   2.98627    1958   16
   137   0.95081   2.35558   3.17805    2166   17
   138   0.81451   0.71117   0.03068    1805   16
   139   0.68730   0.61749   0.27249    1434   17
   140   3.92005   0.87417   6.26131    1222   15
   141   4.16184   0.87146   6.20992    1215   14
   142   5.50575   1.68949   2.36701    1910   18
   143   2.40707   1.40385   0.69724    1591   15
   144   4.21965   0.78403   2.92070    1477   13
   145   0.82795   0.62328   1.67694    1176   13
   146   3.98521   0.80700   1.48213    1190   13
   147   0.86531   0.64805   4.76287    1528   18
   148   2.47200   1.35419   3.81264     728   10
   149   3.71054   2.47803   2.85066    1151   14
   150   3.96780   0.80617   1.60735     574   12
   151   0.92885   2.37985   4.72940    1153   14
   152   4.14919   0.89500   1.44691     693   12
   153   2.35231   1.54986   3.98279     816   11
   154   5.58247   1.61595   2.53201     590   12
   155   4.02089   0.88744   2.92333    1426   14
   156   3.88049   2.35071   3.08961    1370   15
   157   4.02904   0.84998   4.51094    1135   11
   158   0.72931   0.61394   4.82289     921   12
   159   2.41993   1.61250   0.65604    1648   17
   160   4.12282   0.87020   1.36140     813   11
   161   5.58623   1.71294   3.93716    1526   14
   162   5.58959   1.67001   0.89301    1152   17
   163   0.91678   2.38331   0.16164    1184   15
   164   0.83165   0.67969   1.61606    1119   13
   165   3.97949   2.51926   3.14033    2441   20
   166   0.56020   0.65753   4.93554    1617   17
   167   5.51611   1.53965   5.47013    1714   19
   168   1.00600   2.30051   4.89854    1237   13
   169   5.46795   1.56767   0.84525     687   12
   170   4.10870   2.39440   4.67435    1616   18
   171   0.87538   2.36580   6.26046    1243   12
   172   4.20261   0.83351   1.38356    1189   12
   173   3.99034   2.47242   4.72174     969   17
   174   2.33907   1.54425   5.47905    1260   16
   175   4.03611   0.80787   1.44898    1331   16
   176   4.12749   0.84329   4.54296    1257   15
   177   2.41993   1.61250   0.65604     651    9
   178   1.00829   2.28922   1.77985    1201   15
   179   0.67715   0.71187   3.23641    1376   16
   180   0.93824   0.77559   1.47357    1478   15
   181   2.27405   1.49299   2.39169    1125   13
   182   3.90070   0.84373   4.72591     996   12
   183   0.89382   0.69523   0.07977    1034   12
   184   0.73694   0.70277   1.68422    1138   13
   185   3.97828   2.54559   1.49027     721   12
   186   0.92310   2.22626   4.91293    1775   15
   187   2.48433   1.56187   2.30207    1308   12
   188   0.73936   0.74524   1.59288    1275   16
   189   3.96780   0.80617   1.60735    1240   16
   190   4.09447   0.86753   1.53117    1008   12
   191   2.32241   1.53882   5.37122     787   13
   192   0.82667   0.75203   3.15466    2007   20
   193   5.55655   1.68211   5.65448     991   13
   194   5.47449   1.60803   2.46297    1192   13
   195   0.92204   2.29171   0.09705    1405   15
   196   0.72383   0.71109   3.35458    1108   12
   197   2.46211   1.64202   0.74250     735   11
   198   2.52193   1.51078   0.78824     484   10
   199   0.65993   0.83431   0.07336    1219   14
   200   3.93929   2.39795   1.43301    1474   16
   201   3.94038   0.83858   6.26439    1109   13
   202   3.93695   0.75814   4.72116    1170   14