     1   0.00000   0.00000   0.00000       0    0
     2   4.00585   2.57044   1.05700    1098   12
     3   2.88384   1.29131   1.92936    1721   14
     4   0.51447   0.51119   3.95342    2236   18
     5   5.80168   1.72996   4.22394    1611   14
     6   5.92047   1.77921   5.73859    1736   14
     7   5.91175   1.76808   2.68172    2546   16
     8   3.94676   2.77935   1.16985    2678   17
     9   5.93216   1.78004   5.96398    2186   15
    10   4.46143   1.11634   1.34089    1769   18
    11   5.94185   1.85574   4.32486    1110   15
    12   0.50638   0.42712   3.86315    1874   16
    13   0.90007   0.47598   0.27882    1238   14
    14   2.84400   1.34011   1.97674    3272   19
    15   0.63581   0.47242   3.70214    1055   11
    16   4.17341   2.64356   1.34965    1131   11
    17   5.91492   1.83147   4.34973    1443   12
    18   2.68372   1.34848   5.12661    1468   15
    19   0.89405   0.49335   0.26993    2588   14
    20   1.39862   2.00390   0.23986    1076   14
    21   4.43102   1.26949   4.53181    1668   16
    22   3.89052   2.67374   1.11468    3272   19
    23   1.34706   1.97158   1.83361    1476   11
    24   4.00585   2.57044   1.05700    1426   12
    25   0.87092   0.42334   0.27924    1191   13
    26   1.27160   1.99662   3.48610    3196   20
    27   2.83331   1.35630   0.46584     802   12
    28   2.67522   1.22139   0.36973    1677   13
    29   0.80643   0.46351   3.66145    1866   15
    30   4.51531   1.10769   1.40258    1561   15
    31   3.82364   2.51496   5.68428    2012   14
    32   4.54095   1.19269   2.87001    1797   14
    33   4.47290   1.12177   2.78104    1834   16
    34   6.02864   1.76819   1.06323    1456   13
    35   0.52116   0.51059   2.34165    2220   17
    36   4.00675   2.68451   1.21582    1945   16
    37   3.71992   2.65928   2.54801     804   10
    38   0.74978   0.45572   2.12929    1591   13
    39   2.82580   1.34256   5.19290    1305   13
    40   4.43929   1.26400   6.03131    2262   16
    41   5.96527   1.76232   1.25335    2482   17
    42   4.42428   1.25332   1.33955    1428   12
    43   3.93559   2.63916   1.20424    1565   13
    44   5.96595   1.92505   1.10126    2324   17
    45   4.43102   1.26949   4.53181    1301   13
    46   5.91214   1.74248   1.12755    1808   14
    47   6.00980   1.78876   1.17719    2217   16
    48   5.95079   1.77954   4.26892    1948   14
    49   2.68241   1.27878   0.51584    1712   14
    50   1.41669   1.96638   0.33406    1508   16
    51   4.00675   2.68451   1.21582    1574   16
    52   2.73900   1.31108   2.05763    1875   16
    53   5.93952   1.86957   2.68632    2578   17
    54   2.79125   1.36865   3.55861    1779   14
    55   4.42428   1.25332   1.33955    1910   14
    56   4.44753   1.21819   2.85890    2275   15
    57   3.67382   2.55073   0.96980     859   11
    58   1.27701   2.02394   3.51630    1652   15
    59   0.77273   0.40859   2.17168    1827   15
    60   1.18080   1.89417   3.41009    1163   12
    61   2.69070   1.43545   3.64439    2321   19
    62   1.33745   2.03608   1.88656    1602   14
    63   4.34342   1.12474   6.02539    2531   17
    64   2.72857   1.36279   3.59540    2303   20
    65   3.61432   2.69578   0.80861    1506   13
    66   0.56917   0.55731   2.16971    1614   16
    67   5.82774   1.67200   2.72181     869   12
    68   5.93469   1.84671   5.94861    1358   11
    69   4.34863   1.04251   2.97095    2615   20
    70   0.70406   0.46098   3.66397    1426   16
    71   2.64192   1.28300   2.06331    1803   13
    72   1.41109   1.99415   1.72378    1983   13
    73   1.44667   2.09130   1.77543    2092   14
    74   4.48994   1.11386   4.42331    1766   15
    75   4.47539   1.19065   2.91624    2189   18
    76   3.65287   2.67760   3.99136    1643   13
    77   1.39454   2.04830   4.95454    2866   15
    78   0.75550   0.47632   0.37421    1846   17
    79   4.48267   1.18189   1.31005    2658   16
    80   1.20022   1.96510   0.22435    1744   13
    81   1.34848   2.02067   3.40960    2447   18
    82   2.71501   1.26356   3.66892    1436   14
    83   0.83420   0.50830   3.58095    2224   18
    84   3.77282   2.50957   5.73224    1862   16
    85   1.23890   1.88954   4.95812    2293   18
    86   2.74761   1.31315   5.18888    2202   15
    87   1.31266   2.08347   0.17649    1944   14
    88   5.92203   1.76143   2.74380    2071   17
    89   3.59330   2.61241   3.92785    2222   12
    90   2.87623   1.27591   3.59497    2314   16
    91   5.87973   1.88654   1.00122    1453   11
    92   5.86162   1.77264   4.16397    3105   17
    93   4.39491   1.26964   4.53223    1643   16
    94   0.64636   0.65517   5.22796    1249   13
    95   1.35832   1.97105   3.45962    1262   11
    96   0.57463   0.43797   0.80780    2857   18
    97   4.48785   1.20824   6.03790    1880   15
    98   4.42428   1.25332   1.33955    1423   12
    99   5.83909   1.72821   4.27102    1475   14
   100   0.66131   0.37430   3.72064    1623   15
   101   2.69070   1.43545   3.64439    1975   15
   102   1.27894   1.90940   1.88890    1759   16
   103   6.02892   1.76132   1.14043    1444   13
   104   0.85656   0.54123   5.11051    2018   16
   105   2.75506   1.41957   2.03343    1594   12
   106   0.68276   0.62440   3.74056    3906   24
   107   4.37415   1.24974   4.40583    1997   19
   108   1.23398   1.91715   3.46362    1471   13
   109   2.82562   1.36086   0.40956    1573   12
   110   5.97891   1.68365   5.82683    1789   18
   111   0.89285   0.48112   3.59202    1870   14
   112   4.50493   1.16487   4.32746    1901   16
   113   4.00675   2.68451   1.21582    1286   14
   114   5.91653   1.83750   2.58961    2063   20
   115   2.68162   1.33669   0.32468    1909   15
   116   5.85313   1.79022   2.76158    1506   15
   117   4.17566   2.59772   6.15180    1151   14
   118   0.78812   0.58182   2.07084    1286   13
   119   1.39329   1.86921   3.45624    1390   13
   120   4.53365   1.20211   1.32623    1923   18
   121   1.36282   1.92695   0.28685    1242   15
   122   2.71501   1.26356   3.66892    1457   16
   123   1.38461   2.03431   3.28427    1529   11
   124   4.42428   1.25332   1.33955    1936   16
   125   0.96074   0.46591   0.32534    2109   15
   126   1.39304   1.91386   4.88963    1543   13
   127   0.63581   0.47242   3.70214    1688   14
   128   5.83792   1.77445   2.80066    1749   14
   129   5.80376   1.84632   2.55287    1172   11
   130   0.54561   0.46740   2.27439    1917   14
   131   0.67824   0.57540   5.28632    2100   13
   132   1.32323   1.97142   0.16861    1142   14
   133   2.77167   1.45378   3.65986    1379   13
   134   1.31944   2.09546   3.32608    1793   15
   135   5.94897   1.68082   2.60367    1922   15
   136   4.00675   2.68451   1.21582     740    8
   137   2.74761   1.31315   5.18888    1902   15
   138   1.44145   1.96004   3.38916    1959   18
   139   0.53312   0.53003   3.74597    1143   12
   140   4.40943   1.13868   2.91568    1906   17
   141   1.36474   2.05879   4.96953    1403   12
   142   0.60632   0.50593   2.11844    1719   13
   143   4.49853   1.17091   6.08575    2449   19
   144   1.23398   1.91715   3.46362     950   13
   145   1.37101   1.99745   5.05627    1652   14
   146   0.75443   0.49337   5.12668    1481   13
   147   2.86316   1.32428   3.55782    1649   12