     1   0.00000   0.00000   0.00000       0    0
     2   4.76704   2.48662   0.58349    1508   15
     3   3.91666   1.60169   2.28714    1339   17
     4   4.09245   1.36285   4.30739    1236   14
     5   3.57312   1.10912   5.41334    1304   15
     6   4.33076   1.47212   0.94980     618   12
     7   4.42316   2.34903   1.48507    1164   18
     8   2.35589   2.23955   1.07621    1475   13
     9   4.09733   1.94669   2.21980    1329   17
    10   1.49218   2.39890   5.02751     811   13
    11   2.00747   1.16795   1.72666     784   11
    12   1.82331   1.74218   1.82461    1315   16
    13   6.20850   2.93829   0.29343    1304   14
    14   1.92373   1.67523   0.24745    2880   19
    15   2.28395   1.61929   5.85380    1471   14
    16   3.42591   1.38018   3.84132     577   10
    17   0.58614   2.90790   5.09974     971   12
    18   3.26347   2.33427   5.86923     721   14
    19   1.97560   1.37734   0.52688     569   10
    20   2.35775   2.35900   3.91589    1405   14
    21   3.76616   2.14156   4.07139    1812   17
    22   4.84011   2.31701   5.38481    1440   15
    23   2.43598   2.02193   5.20608    1968   16
    24   2.39919   1.03801   0.69212    1211   14
    25   5.25691   1.55006   5.91945    1406   13
    26   1.11666   1.95479   4.45353     594   10
    27   2.55201   2.17537   4.06100    1914   17
    28   5.95484   0.53290   2.33842    1296   14
    29   0.27311   1.27615   0.63585    1020   13
    30   2.75486   0.74243   0.24694    1558   16
    31   1.49161   2.68952   5.97214    1035   14
    32   0.75842   2.45533   4.98869     980   15
    33   0.47073   0.23668   2.08573    1455   15
    34   2.48590   2.07333   3.52205    1364   16
    35   5.84403   2.23777   0.70588    2158   19
    36   3.79060   2.10849   1.06592     997   13
    37   1.93297   0.85619   4.25164     712   12
    38   1.10817   0.32413   2.80351    1138   15
    39   2.98596   1.76093   0.97939    1513   14
    40   5.59871   1.43020   2.40540    1095   15
    41   4.76882   0.79519   3.21428    1600   15
    42   4.58717   1.43639   4.20443    1733   17
    43   2.13841   1.51274   2.71758    1457   19
    44   3.23534   1.80439   3.87378    1073   15
    45   1.81727   0.96705   5.32266     958   11
    46   1.68757   2.51911   2.57256     781   11
    47   1.51044   0.63507   4.11517    2436   21
    48   2.12355   0.83628   1.76476     881   11
    49   1.76906   2.45404   3.49155    1146   13
    50   0.82111   2.02798   5.67713    1154   12
    51   1.75213   0.68919   4.79981     788   12
    52   1.23641   1.56146   3.25991    1168   15
    53   3.21580   0.82241   3.44670    1143   13
    54   4.12189   1.89254   3.42651    1604   16
    55   5.68667   1.40424   1.85479    1363   12
    56   4.39686   2.03821   0.93276     713   11
    57   4.60165   1.86034   3.14596    1843   17
    58   4.49446   1.22679   2.90219     933   13
    59   4.51666   1.96181   5.86679    1406   14
    60   2.22902   1.91789   2.39650    1333   17
    61   2.72493   0.82869   2.78411     966   13
    62   3.44869   0.65877   2.75503    1492   14
    63   3.46851   0.84207   0.53140    1826   16
    64   5.24168   0.20712   2.92062     804   13
    65   3.54115   0.85841   5.96684     470   10
    66   4.66579   1.91137   1.25134    1512   15
    67   0.97502   2.65355   2.36876    2021   20
    68   3.00862   0.18819   6.26512    1103   14
    69   1.60673   0.40521   1.09337    1937   19
    70   0.36754   1.42442   0.88498    1951   18
    71   5.59199   2.01212   5.62943    1783   16
    72   1.92808   1.03711   1.28448    1132   14
    73   3.88695   1.77645   1.36226    1330   13
    74   4.66230   0.98579   4.96583    2063   18
    75   1.64590   0.63054   0.41415    2473   18
    76   5.30610   1.73168   5.22027     863   12
    77   4.57105   1.02890   4.24633    1580   16
    78   3.04321   2.07881   5.59500     874   10
    79   0.42787   2.58478   6.16139    1017   15
    80   1.91277   1.20074   5.43528    1490   16
    81   2.52917   1.82754   6.18061    2198   17
    82   4.49410   2.36669   1.74623    1132   14
    83   0.37314   1.31677   0.58612     798   10
    84   5.06556   0.20149   5.22837    1626   20
    85   0.71169   1.23808   5.32009    1860   16
    86   6.23963   2.40755   4.94671    1437   14
    87   4.60911   0.79287   1.10976    1356   14
    88   4.81066   0.75946   4.96366    2068   20
    89   0.99536   1.06358   3.80016    1161   14
    90   5.81250   1.57008   5.47717    1577   16
    91   2.23151   2.62379   2.73925     898   11
    92   0.46306   0.98048   3.55920     685   11
    93   2.88680   0.25051   3.58685     907   12
    94   3.75420   2.47655   4.73370     633   10
    95   0.43852   2.58382   4.44461    1031   10
    96   3.29144   2.32498   0.31110    1016   13
    97   3.04756   0.58774   2.30291    1349   14
    98   0.16693   1.76394   5.30421    1002   14
    99   6.06293   2.07659   5.26134    1513   16
   100   0.59558   2.32264   5.06444    1441   14
   101   2.48861   0.96150   6.09561    1178   16
   102   3.02554   2.98349   2.64144    1555   16
   103   0.57454   1.89904   1.23426    1373   16
   104   4.76039   2.45720   3.21748    1501   16
   105   1.08663   0.66758   3.46627    3007   20
   106   2.13110   2.47069   1.30582    1178   12
   107   5.22199   0.75293   3.29426    1304   13
   108   5.10065   1.03449   5.77033    1864   20
   109   3.05772   1.25247   5.31143     719   12
   110   5.22417   1.85156   2.68140     726   12
   111   0.33662   2.90681   0.57047    1219   15
   112   2.98671   0.68135   1.53900    1131   13
   113   6.13059   2.84633   5.86646    1127   14
   114   1.50537   1.92314   1.57026    1148   14
   115   2.06024   2.14321   4.00971    1230   14
   116   4.35424   1.45259   0.06576    1942   16
   117   5.59114   1.96278   1.03582    1871   17
   118   2.96183   0.97834   6.19653    1008   13
   119   4.77034   1.33614   5.59102    1638   18
   120   3.33291   0.80732   2.60203     578   13
   121   4.23886   1.61686   5.85608    1127   16
   122   0.18987   2.03840   2.01294    1191   14
   123   4.65208   2.72279   5.78646    2311   21
   124   4.93322   0.82993   5.15953    2338   19
   125   3.97372   1.76994   4.45409     999   14
   126   6.13122   2.30419   3.78006    1122   15
   127   5.62560   0.75887   3.05270    1154   15
   128   3.92127   1.03180   2.05272     912   13
   129   5.64010   1.25717   0.69704    1219   14
   130   3.49626   1.83279   2.07435     900   12
   131   3.90143   2.51141   4.87445     914   13
   132   1.22243   1.27502   3.11115    1332   17
   133   3.93355   0.90890   2.72295    1251   15
   134   2.75506   2.62735   3.83003    1393   19
   135   4.03542   1.10718   3.15626    1206   16
   136   4.22912   2.49774   4.51986     990   14
   137   5.76002   2.61245   0.37511    1597   18
   138   3.68652   0.97034   2.29244    1163   12
   139   3.15443   2.28151   6.20541    1969   19
   140   2.19125   1.95953   2.20559    1826   16
   141   0.25797   1.76821   4.68187    1051   14
   142   6.11243   1.61788   1.05220    1730   19
   143   5.37988   0.30109   5.36343    1522   17
   144   0.41155   2.25089   1.18992    1310   17
   145   2.51278   2.03273   3.68898    1360   14
   146   3.34923   1.69620   0.26644    1727   17
   147   1.58414   0.08824   0.84169    1378   15
   148   4.64707   2.66372   4.84658    1202   14
   149   5.82611   2.50007   1.64635    1458   15
   150   1.27353   1.64096   0.07545     801   12
   151   3.97755   1.38471   2.92664     849   13
   152   5.18891   1.02397   4.40236    1475   14
   153   3.38765   1.26319   3.97462    1246   18
   154   3.87505   1.45172   2.24433    1017   12
   155   2.19140   2.61554   4.52833    1372   14
   156   1.34570   1.46418   0.08108     956   12
   157   3.92262   1.45196   1.24329    1599   19
   158   4.38826   1.11252   3.56546    1351   15
   159   0.57051   1.53140   4.04909    1769   17
   160   2.92500   2.86140   6.00914     951   13
   161   4.72178   2.10068   0.97356    1235   17
   162   0.39337   1.19021   2.73497    1590   13
   163   0.12223   0.76907   4.44354     859   11
   164   2.60776   2.60274   0.73844    1854   17
   165   3.23139   2.35831   0.22212    1930   14
   166   5.65499   1.88397   1.99127    1778   16
   167   0.92079   0.49581   1.33883    1206   13
   168   1.02456   1.45621   5.51408    1111   12
   169   3.81187   2.12890   3.41480     948   12
   170   1.33489   2.40035   2.38637     920   12
   171   0.13828   2.65576   1.88875    1135   15
   172   2.57598   1.04129   5.37740    1605   16
   173   0.08819   0.78512   5.53137    1012   11
   174   0.45224   2.07471   3.66001    1106   15
   175   2.93531   1.88831   1.39609    1234   15
   176   3.93514   0.25715   5.82575    1918   18
   177   0.78515   0.90917   3.79159    1505   15
   178   1.26293   0.90194   0.89498    1732   15
   179   1.39145   2.70627   5.62564    1052   13
   180   1.19580   1.62993   3.02824    1855   18
   181   2.62025   1.55072   1.70351     989   12
   182   2.42831   1.74408   2.43665    1226   13
   183   5.45651   2.55103   2.53582    1305   15
   184   5.69562   0.64096   4.42407    1227   12
   185   1.69651   1.44744   5.32756    1029   14
   186   3.93855   2.48674   2.93842    1895   18
   187   4.72767   1.55201   4.64719    1628   13
   188   1.07102   0.73876   3.88289    1444   13
   189   5.06124   2.66642   4.15125    1172   16
   190   1.59890   1.94541   2.07623    1132   14
   191   4.59490   0.24545   3.29669    1299   14
   192   1.18275   2.15972   0.03519    1561   14
   193   0.00596   0.66305   0.09306    1736   17
   194   5.11953   2.47227   5.87750    1200   14
   195   0.62027   2.17434   3.54414     988   13
   196   0.73594   1.27662   0.67492     887   13
   197   3.60490   1.78965   5.52755    1120   14
   198   4.10236   1.09745   3.93602    1790   14
   199   2.85756   1.85391   4.58763    1261   14