     1   0.00000   0.00000   0.00000       0    0
     2   5.78089   2.83129   1.49399     190   10
     3   2.08197   1.66923   2.06812     212   15
     4   2.55626   2.42473   1.05219     226   10
     5   1.20006   0.87511   0.01187     149    8
     6   5.99865   1.42711   1.93788     189   12
     7   1.21216   1.19124   2.87410      39    8
     8   0.75282   1.67822   5.93324     156    9
     9   5.57562   0.81613   4.47192    2683   37
    10   0.56559   1.75962   3.25947     252   12
    11   1.78706   1.35000   2.70748     144   11
    12   3.21036   0.66682   4.77363     715   25
    13   2.13320   2.12423   5.87290     730   18
    14   6.27436   1.91762   0.48180     174   10
    15   1.05731   0.78232   4.16203     374   16
    16   3.96405   1.36562   0.49801     203   10
    17   3.82639   1.89384   4.86138      40    6
    18   3.69563   1.23452   0.60459     226   13
    19   1.11133   0.46638   3.04734     316   17
    20   2.65686   1.22061   1.47208     749   13
    21   2.30730   1.25411   1.38780     754   19
    22   2.43593   0.76724   2.43998       8    1
    23   0.99526   0.28073   0.76472     791   21
    24   5.86119   2.34406   2.37777     290   19
    25   6.09514   1.61400   5.46010     505   17
    26   4.24382   2.96091   2.98829     297   15
    27   3.78534   1.73318   3.50957     854   28
    28   0.23617   1.79844   0.66015     833   21
    29   3.95129   0.57694   1.54375     287   17
    30   5.15702   1.36467   1.06835     339   14
    31   4.97460   1.34934   0.26983      13    2
    32   3.10757   1.44688   0.63871     684   22
    33   0.50138   0.88412   5.71817      55    7
    34   4.17591   0.80372   5.92421     937   25
    35   5.56596   0.60253   5.12821     503   16
    36   6.24291   2.03489   2.80585     138   13
    37   6.14221   0.78268   6.26581     169   11
    38   2.01171   0.92693   2.19816    1254   15
    39   0.20263   2.33275   4.00756    1307   20
    40   1.98845   2.89133   2.85276     231    9
    41   1.38476   1.67223   3.09883     576   16
    42   2.26828   0.08180   1.11003     142    7
    43   1.31279   2.48258   2.50821     188    6
    44   5.48381   0.81636   1.46735     314   11
    45   2.90520   2.74409   4.52051      46    8
    46   1.29508   1.30974   5.65010     489   16
    47   3.64716   0.89253   4.50589      78    8
    48   0.58594   2.38230   2.35988      38    6
    49   5.29963   1.39785   5.02721     457   18
    50   0.76309   1.66827   2.80936     397   14
    51   5.54097   1.60651   1.06989     494   12
    52   2.67998   1.22759   6.18211     553   16
    53   0.66409   1.28329   0.63005    1499   22
    54   3.48906   1.67674   4.63021     819   21
    55   2.94431   0.61977   2.53984     931   23
    56   5.56324   2.10040   3.43288     897   23
    57   0.34436   0.04634   3.36199      87   11
    58   4.89069   2.18678   2.30985     213    9
    59   5.36829   2.00830   5.40443       1    1
    60   5.89868   0.98294   4.74634     225   11
    61   2.76580   1.40829   3.45585      99    4
    62   3.23161   1.85960   4.50041    1189   25
    63   1.46431   0.82292   4.05789     363   19
    64   2.79753   1.57867   0.70105     756   26
    65   5.98590   1.59758   5.23667     293   13
    66   4.66060   0.31079   5.09464    1466   28
    67   4.75067   2.82613   5.07938     136   13
    68   2.51772   2.17647   1.50747     434   16
    69   5.43677   2.74528   0.42109     501   16
    70   3.28643   0.36660   4.15549     269   15
    71   5.45589   2.49380   5.79776     354   15
    72   1.57676   0.85088   2.49460     104   10
    73   2.57493   2.35575   3.51135      44    5
    74   2.30491   2.19020   2.05359     537   17
    75   2.06707   1.66256   5.01112      19    5
    76   6.21482   0.86055   1.38545      34    4
    77   3.20308   1.43707   2.60424     393   19
    78   3.71950   1.00634   0.02063      83    8
    79   2.85675   2.35285   4.85012     444   16
    80   1.81865   0.71133   4.46064     107   10
    81   0.96035   2.25233   6.07637    1986   31
    82   6.12693   1.38929   3.03206     265    9
    83   3.13378   1.69923   4.14322      86    8
    84   5.71043   0.60917   2.93013      26    4
    85   0.56713   2.51752   5.72517       7    2
    86   4.70365   0.85540   2.43391     260   13
    87   3.80157   1.05904   0.09149     150   11
    88   5.17963   2.52111   5.21600      65    7
    89   0.64823   1.25966   1.98559      18    6
    90   2.70232   1.21328   2.44298    4367   47
    91   4.63825   1.63001   0.10656     174   12
    92   2.77028   2.25825   0.95829     745   20
    93   5.30170   2.42502   0.46313     764   20
    94   2.43593   0.76724   2.43998     228   12
    95   2.68878   1.06932   0.98212     276   13
    96   4.00277   0.53733   2.59993     138    7
    97   1.96249   2.08860   2.38729      31    5
    98   2.31142   1.22764   3.60406     543   13
    99   4.96527   0.58474   4.00532     512   19
   100   5.11849   1.23934   3.50127      65    8
   101   5.10074   2.14797   4.05280     132    9
   102   3.64088   1.46339   5.07739      75    9
   103   0.17441   2.04331   4.70775     401   12
   104   5.25738   2.23947   4.88349     305    8
   105   2.10278   1.73351   0.14450     352   15
   106   5.64630   1.73721   2.30498     139    8
   107   3.64626   2.29728   1.93151    6932   52
   108   2.06727   2.17819   4.19672     294   12
   109   2.36118   0.50532   0.87767      59    6
   110   4.08140   2.79163   4.78879     181    9
   111   1.84929   2.49566   1.99965     135   10
   112   0.19037   2.24464   0.22113     421   14
   113   5.10407   1.95765   0.97487     576   16
   114   1.29250   0.92719   5.74085     927   21
   115   2.55348   0.80294   2.10556     376   15
   116   5.07958   1.60514   4.65544     149   16
   117   5.78610   0.81726   4.83942     126   12
   118   4.90798   2.60374   2.98771    1074   27
   119   3.95042   2.21427   0.66789      59    7
   120   1.68737   0.71157   5.61634      69    6
   121   5.91867   0.43187   4.04640     747   16
   122   0.86768   2.20070   2.56940     108   11
   123   5.29285   1.01135   0.56743     607   19
   124   1.65950   0.88603   0.46103     409   17
   125   5.28631   2.21155   2.18913      36    5
   126   5.52106   1.74869   3.81894     167   10
   127   2.04251   3.06334   6.14295    1526   24
   128   4.71478   0.98995   1.04171     314   14
   129   2.51797   0.76207   1.47330     384   17
   130   5.98538   1.13033   3.37326     985   21
   131   3.46474   0.76388   5.36156     446   15
   132   1.83426   0.62203   5.78792     198   14
   133   2.40254   1.67506   2.98872     205   13
   134   0.91560   1.73606   0.57059     478   14
   135   3.00915   1.23485   0.31773     152    9
   136   4.33543   1.48188   3.83318      46    7
   137   2.83421   0.82791   4.93017    1056   23
   138   3.68220   1.97468   0.59852     326   12
   139   0.69560   1.29866   3.86848     890   18
   140   3.74919   2.03578   3.56245     145    9
   141   4.81091   2.69853   1.09368     304   13
   142   4.49293   2.86867   3.39571     129   10
   143   5.95964   1.76465   0.71729    3088   39
   144   3.77644   1.88747   6.04016       8    4
   145   3.30632   1.04604   1.14452      47    6
   146   2.79441   2.18417   2.32596     190   15
   147   0.76926   1.30466   1.87396     218   10
   148   3.87820   1.87122   2.86328     407   17
   149   4.08900   2.03004   2.79712     430   16
   150   3.94730   1.92623   1.05446     273   11
   151   4.97460   1.34934   0.26983      90    6
   152   0.84447   2.18608   2.54950     733   18
   153   5.55753   1.17080   3.97618     223   15
   154   2.64522   2.55381   4.23998    1505   22
   155   3.26186   0.09310   0.35811     278   15
   156   4.48258   2.45517   3.46136     156   13
   157   1.89889   1.42686   5.41830     255   11
   158   2.03497   1.50115   5.36576     836   17
   159   4.52015   2.96722   2.26505      12    4
   160   4.33519   1.77624   1.30528     116   11
   161   0.29575   1.17938   3.38069    1473   27
   162   1.58454   1.46172   2.48915     525   15
   163   2.86327   1.55227   5.48845     253   15
   164   2.48822   1.22299   3.68507     113    6
   165   2.26598   0.87758   2.95198       5    1
   166   6.18091   0.59092   2.72309      73    6
   167   0.97642   2.19874   4.05214     779   19
   168   4.89596   0.64180   5.64479     308   15
   169   3.82639   1.89384   4.86138     335   15
   170   3.00349   2.34613   3.90069     678   22
   171   2.06658   2.26907   3.34061     168    8
   172   1.45367   2.23724   4.74473     198   15
   173   5.47943   1.04495   5.36068     368   13
   174   2.24781   0.84957   4.18890      44    6
   175   1.51955   1.48375   3.34364     762   21
   176   5.34689   2.18392   0.84642     146    8
   177   5.54524   2.22379   6.01319     610   22
   178   2.62198   0.50496   0.61784     181   10
   179   3.82262   2.99541   3.64835      26    5
   180   3.56421   1.85112   3.14497      34    6
   181   2.66147   1.79731   5.92892     289   12
   182   0.94388   1.16285   0.76238      97    9
   183   2.09506   1.59123   6.21693      69    7
   184   1.58191   1.94500   4.66517      75    7
   185   5.83160   0.72155   5.34238     307   10
   186   1.80075   1.98910   5.85634    1722   28
   187   0.66990   2.12182   1.19785     204   11
   188   4.48117   2.15092   4.38386     480   20
   189   3.33367   2.28721   1.08742    1494   26
   190   2.97029   1.88536   3.14888     237    9
   191   6.19389   1.26010   6.17016     186   12
   192   3.42155   1.01005   1.78843     225    9
   193   0.95377   0.83988   0.43321     239   15
   194   3.75000   1.78775   6.04093     175   11
   195   3.73008   2.80431   0.83537     312   15
   196   0.22997   0.42846   5.15438     244   13
   197   2.97843   1.67586   3.25196    1548   25
   198   4.99592   1.65414   0.03955     626   16
   199   3.82111   2.00695   0.68759    1086   22
   200   2.42305   1.57545   5.18099      78    7
   201   3.46972   0.72805   0.36376     186   12
   202   5.90577   0.73264   4.06564     228   12
   203   3.97045   2.26172   3.39183     354   16
   204   2.56105   0.62567   1.56799      52    5
   205   1.21000   0.85581   5.15787     142   11
   206   5.00030   0.27347   3.22971      48   10
   207   4.85373   0.59124   2.82878     539   17
   208   3.65650   2.12074   0.95111    3726   40
   209   1.69722   1.30797   2.01087     272   14
   210   0.58071   0.72497   1.07901     330   13
   211   0.21317   1.43809   2.69202      95    8
   212   4.48896   2.55549   5.74785     382   12
   213   3.69311   2.45692   4.16780     487   17
   214   2.42477   1.46658   4.86911     923   20
   215   2.95420   1.02195   0.29830     292   15
   216   2.27438   0.40293   5.47822     227   14
   217   3.53849   1.98951   0.13919     124   10
   218   2.52749   2.08065   5.38733      37    5
   219   6.17746   1.51318   5.07851     310   14
   220   1.82505   1.50573   2.02821      34    5
   221   0.89547   1.00745   4.31510     202   10
   222   3.67170   1.26897   0.98650     167    9
   223   3.48331   0.86780   0.35066     466   11
   224   4.46269   2.34114   0.29489    3036   36
   225   3.56506   0.77549   5.70638    1179   22
   226   3.95698   2.23267   5.97429      36    6
   227   0.26003   0.76145   0.85609    1030   25
   228   5.39230   2.59223   4.12462     474   19
   229   3.60737   1.75244   5.99860      82    5
   230   3.04251   2.19680   4.03358     299   13
   231   2.92339   0.98845   0.56020     138    9
   232   0.38970   1.26656   1.73248     575   15
   233   1.11061   1.37212   6.04594    1076   20
   234   3.35133   0.91617   4.07199      70    8
   235   2.42305   1.57545   5.18099     187   11
   236   5.00520   1.58151   1.85881     122   10
   237   4.30817   1.94958   2.42679      63   10
   238   3.14270   1.31455   2.46292     301   15
   239   1.93193   1.40231   1.24467     641   23
   240   3.95042   2.21427   0.66789     132    8
   241   2.41352   2.69410   3.47734     365   16
   242   6.26289   1.40511   4.48666      85    5
   243   3.47627   1.77565   0.79116     116   10
   244   4.03030   1.55826   2.32724     932   17
   245   2.36296   0.88687   2.24914     316    9
   246   2.20545   1.11188   2.45357      65    8
   247   1.90772   2.28819   4.02055     619   16
   248   1.29540   2.42018   0.54393      46    3
   249   3.57808   0.80188   0.64407      20    4
   250   2.51357   1.85403   4.99163     485   19
   251   4.01429   1.16259   4.95685     649   16
   252   1.23471   2.31110   0.44540     248   13
   253   0.69027   1.46627   0.81085     859   20
   254   6.05659   2.76784   1.06387    1286   21
   255   5.47886   1.60177   2.32838     525   19
   256   0.60717   1.58241   4.68660     193   11
   257   3.43197   1.97549   6.23799      10    1
   258   0.35742   0.44914   1.13362     298   12
   259   0.83848   0.79868   5.83864     593   16
   260   0.43058   2.78389   3.08222    1006   25
   261   5.22037   1.21611   0.21707     328   10
   262   1.88748   1.02503   3.33489    1270   24
   263   2.00318   1.59524   3.97265     143    8
   264   4.99695   2.22238   5.59888      96    8
   265   3.33496   1.82705   2.47208    1007   28
   266   5.47836   1.25468   5.38520     306   14
   267   3.18960   2.23272   4.83194      61    7
   268   4.70222   1.81840   3.30955      59    6
   269   6.25273   0.87694   4.69652      20    4
   270   5.63243   2.15538   3.56610     318   12
   271   0.21317   1.43809   2.69202      69    7
   272   0.56652   2.19129   6.06566     107   11
   273   2.85579   1.40654   2.44216     498   17
   274   2.59843   0.80670   4.11319     158   11
   275   2.23947   0.54745   0.81118     337   19
   276   3.21147   1.77563   4.34079      76    5
   277   0.61539   2.82460   6.11612     520   18
   278   1.91449   2.80350   4.77111     725   19
   279   1.35453   2.62724   3.69504     126    9
   280   3.54652   1.74420   4.41361      53    4
   281   0.55421   0.85571   2.14209     141    8
   282   5.97411   1.22105   5.65918      34    5
   283   4.72369   1.14275   3.04685    1075   27
   284   4.30817   1.94958   2.42679     408   16
   285   2.95467   0.79073   4.67523     601   14
   286   1.70012   1.16612   0.42681     312   11
   287   1.77976   1.94150   4.96128    1008   21
   288   2.55419   0.85065   2.58834     623   16
   289   2.58779   2.90748   0.30471     651   17
   290   0.77226   1.71505   1.21497     130   10
   291   1.72606   1.41737   5.31399     478   12
   292   1.49911   0.53421   6.25751     892   21
   293   2.64813   1.37048   0.85678     296   12
   294   0.56713   2.51752   5.72517      30    7
   295   0.77627   0.66032   1.74928     382   18
   296   2.52413   0.99936   1.94245     172   10
   297   0.30544   1.29680   5.26840     475   15
   298   2.53104   0.75679   0.54913      67    8
   299   5.95109   0.58138   4.58453     987   21
   300   6.01054   1.29296   5.90786     138    8
   301   5.06777   1.78661   6.18046     443   14
   302   0.86928   1.37058   1.37801      27    7
   303   4.48896   2.55549   5.74785     107   10
   304   4.96465   1.50716   1.55284      70    5
   305   1.27060   0.87716   4.32605     187    7
   306   2.75252   1.82609   2.04055     207   13
   307   5.52875   1.55262   3.73108     190   11
   308   0.19011   1.45283   0.00544    1248   19
   309   4.52953   2.60250   4.81816     607   20
   310   1.57385   2.65563   5.52035     223    8
   311   3.54896   0.93059   3.29184     664   16
   312   1.09224   1.41872   0.45231      79    5
   313   0.17940   2.26867   3.90914      24    5
   314   4.10277   1.20739   3.91219     315   12
   315   4.53194   1.16837   0.97602     268    9
   316   4.80610   2.89438   6.16732     274   11
   317   1.30343   1.20209   4.39601     108    9
   318   2.70180   1.14938   6.01446      53    7
   319   0.53028   1.82249   5.11765     553   18
   320   5.92808   2.45164   3.80719      41    6
   321   5.24669   1.40777   6.00028    1504   28
   322   4.84238   0.90477   3.05479     295   15
   323   2.06000   0.79008   5.33459     127    9
   324   4.60031   2.19107   5.48667     154    6
   325   2.90520   2.74409   4.52051      22    5
   326   3.68730   2.54187   3.27559     305   16
   327   6.14784   2.47109   4.11790     259   12
   328   0.55589   1.26467   3.60661     278   14
   329   2.11636   1.75142   0.11060    1584   25
   330   2.49015   1.86677   4.09499      70    8
   331   1.87047   2.54444   2.95239     382   14
   332   0.54819   2.25763   0.94920     457   16
   333   4.19229   2.32702   0.70665     236   12
   334   1.58191   1.94500   4.66517     347   16
   335   1.65891   0.35638   2.20899     314   14
   336   1.31279   2.48258   2.50821     120   10
   337   2.35593   0.68812   4.42159      63    6
   338   2.40177   0.64394   4.45689      76    6
   339   3.47627   1.77565   0.79116      37    6
   340   3.54104   1.50011   0.49205      53    5
   341   4.52682   1.44053   4.57212      46    8
   342   5.27231   2.07265   3.40080     263   17
   343   3.44794   2.60588   0.44683      24    4
   344   3.77644   1.88747   6.04016      57    8
   345   1.96249   2.08860   2.38729     234   12
   346   6.03918   0.96974   0.01866     409   16
   347   4.42664   0.54885   1.67829      83    6
   348   5.67052   0.65011   5.03690     261   14
   349   3.30954   0.85536   2.51647     269   14
   350   5.64579   2.33312   1.67900     175   12
   351   0.19263   2.28641   5.01220    1864   29
   352   4.37851   0.66484   4.89880     549   21
   353   2.84728   1.92961   6.27883      37    9
   354   2.25027   0.99758   1.10102     320   16
   355   5.44430   1.49857   3.73959     145   12
   356   3.30984   0.60010   6.15754      53    8
   357   4.43791   2.13253   4.60951     213   12
   358   0.86627   2.14366   1.57521     395   14
   359   6.10643   2.02040   4.53700     894   18
   360   5.14412   2.80345   3.58318     199   13
   361   1.40590   1.07412   6.18427     213   12
   362   3.64035   2.21370   1.22419     127   11
   363   2.34196   2.29659   5.55729     723   27
   364   3.99272   1.66971   5.44696     723   22
   365   2.85487   0.96673   1.85739     376   12
   366   2.59041   0.58840   0.89758     358   11
   367   2.02345   1.40094   4.04227     212   10
   368   0.32252   1.37331   1.24073     662   13
   369   2.92153   0.65165   2.98970     323    9
   370   1.91280   2.02934   3.37369     170    9
   371   3.02234   1.29333   1.54341      75   10
   372   5.80685   0.61206   3.36369      89    9
   373   2.09490   1.77077   5.59686     180   13
   374   5.28500   1.29373   3.92806     456   14
   375   0.13461   0.60038   3.81130     489   13
   376   3.92485   1.57270   5.99953      97    9
   377   2.52749   2.08065   5.38733     407   15
   378   1.86675   2.07107   5.38168      71    4
   379   0.75717   1.51384   1.91639     249   11
   380   4.98101   2.76803   4.32803     186    7
   381   5.52132   1.63060   2.66067     593   14
   382   5.97269   0.41928   4.17290     101    8
   383   0.50138   0.88412   5.71817      44    6
   384   1.44588   1.25398   3.97348     271   16
   385   0.01049   1.99955   2.48525     226   14
   386   4.99801   1.94911   5.79254     342   15
   387   3.28251   1.68723   0.93420     344    8
   388   5.39545   0.26013   0.14683     159    9
   389   2.02396   1.56584   3.65673     876   23
   390   5.84853   1.18482   1.06515     291   15
   391   2.29627   2.21184   1.26422      86    9
   392   4.33047   0.83390   4.98850     128    8
   393   5.35318   1.49235   5.66434     183   14
   394   3.10451   2.40358   6.00848     135    9
   395   5.52349   1.99789   4.18209     103    9
   396   2.41266   1.11766   0.57928      42    6
   397   1.77806   2.72833   4.98354     260   13
   398   1.33022   2.50171   4.36728     462   19
   399   4.76550   1.58330   0.47346     339   18
   400   4.36356   0.93452   6.13637     270    9
   401   0.77226   1.71505   1.21497      52    9
   402   0.86326   1.68288   0.43508     163   13
   403   3.04968   1.27418   3.97017     705   18
   404   3.62609   2.11020   1.40274     185    9
   405   3.29274   0.82751   6.01161     150   10
   406   1.62959   2.82315   4.07627     303   11
   407   5.97411   1.22105   5.65918     152   13
   408   0.15998   1.00995   4.57214      56    6
   409   0.52522   2.15875   1.28619     189   13
   410   2.36862   1.91458   5.01632     620   18
   411   4.32138   1.03030   2.84991     144   11
   412   0.36168   1.96187   0.43993     377   19
   413   2.96456   0.78560   5.55720     741   17
   414   6.06155   2.37599   1.81220     110    8
   415   1.68579   1.62093   4.56610     295   12
   416   6.10098   1.11389   1.67850     240   11
   417   2.26598   0.87758   2.95198      62    8
   418   3.58017   2.04420   4.88950     228    9
   419   1.39296   2.65285   0.12465     646   18
   420   3.09486   1.08106   1.15401    1125   20
   421   1.30691   1.89200   2.87983    3537   38
   422   3.53849   1.98951   0.13919       1    1
   423   0.09987   0.90126   1.45460     512   16
   424   0.91092   1.49831   2.99170      97    5
   425   6.20390   1.13656   0.23303    2078   32
   426   2.92371   1.79224   2.89288     959   20
   427   0.54891   2.04051   2.19082     625   16
   428   1.58191   1.94500   4.66517     338   16
   429   1.09322   0.88809   0.44554     650   14
   430   5.11477   0.49324   4.71896     411   16
   431   2.27577   1.50024   5.51564    1276   23
   432   0.90758   2.69336   6.07606     207   12
   433   4.27186   2.00375   1.86990      18    2
   434   3.22669   1.88571   0.81656     309   12
   435   0.66551   0.16551   0.48865     427   15
   436   4.63225   3.06260   6.26815     218   16
   437   1.56888   1.34370   3.64104     146   10
   438   0.07960   0.38305   3.95527      36    3
   439   5.57791   1.33548   4.83615      60    6
   440   1.64783   1.59755   4.17517     136    7
   441   4.11511   1.66493   1.94393     173   10
   442   5.61306   1.86464   1.76649     181   10
   443   6.19290   2.95921   5.30657     279   12
   444   1.84170   0.79008   1.00858     254   10
   445   3.29870   0.90778   5.37691     181   12
   446   1.62814   1.36680   5.78148     179    9
   447   3.71950   1.00634   0.02063     550   19
   448   5.81475   2.26535   1.13824      83    5
   449   2.04415   0.73798   0.65619      73    7
   450   4.94633   2.36794   2.63067     698   15
   451   2.59930   2.12647   4.67061     196   11
   452   4.84081   0.46801   2.45935    1680   28
   453   1.36842   0.51153   2.89326     429   13
   454   1.95636   1.62926   5.45571     534   18
   455   5.49735   1.77224   2.93298      54    8
   456   1.00185   1.12406   0.35445     670   15
   457   3.05316   1.80269   2.80784     234   10
   458   1.09224   1.41872   0.45231     386   11
   459   0.82423   1.35874   5.21262     266   13
   460   1.23535   0.72522   2.30120     186   10
   461   1.30924   1.76578   0.78818     325   16
   462   5.17963   2.52111   5.21600     101    9
   463   1.42458   1.25663   4.16000     323   13
   464   3.53877   2.76508   3.98500     307   17
   465   1.36885   0.38546   1.10658     437   22
   466   1.97019   1.89114   4.58756    1119   21
   467   0.21317   1.43809   2.69202     168   11
   468   3.87640   1.00046   3.55183     219   10
   469   2.42339   1.16083   1.73805     180   10
   470   0.90600   1.93021   5.59271     704   16
   471   3.88330   1.31887   0.35198      58    6
   472   6.14221   0.78268   6.26581      46    7
   473   2.14138   1.70126   1.52483      50   10
   474   2.02604   1.09336   4.16559      97    8
   475   0.01738   2.15482   6.19519     116   10
   476   3.54356   1.34055   4.92761      80    7
   477   4.96860   2.91227   2.50426      32    4
   478   1.62167   2.10323   1.31055      73    7
   479   0.92322   1.89519   3.79388      78    9
   480   4.46221   0.88178   1.79006    1411   30
   481   1.89889   1.42686   5.41830     103    7
   482   1.03601   2.08782   1.56057      79    7
   483   1.55711   1.82397   1.40880      14    5
   484   0.33553   1.81780   2.39234    3080   37
   485   0.47486   0.78718   5.79083     328   16
   486   5.45514   0.53716   1.38502      49    6
   487   3.86876   1.86408   4.11961    1428   25
   488   5.22323   1.06283   3.23258      37    4
   489   0.17426   0.83374   1.90036     151   12
   490   2.70668   2.13831   5.98336     154    9
   491   4.43547   1.39198   2.37638    2169   31
   492   3.10451   2.40358   6.00848     195    9
   493   3.23273   0.22127   2.12019      69    6
   494   0.77850   1.13815   3.30359     304   11
   495   6.25323   2.36191   3.94926      55    7
   496   5.03254   2.20817   2.09158      93   10
   497   0.27419   0.98545   3.44253     154   12
   498   2.09748   1.41161   3.31030      76   11
   499   2.28097   2.05871   1.09534      75    5
   500   1.26491   1.97713   2.31707      91    9
   501   1.27060   0.87716   4.32605      64    7
   502   2.56734   0.48658   3.79119     166   14
   503   4.29934   1.30381   3.10741     327   13
   504   6.27669   2.50598   5.62089    1199   26
   505   2.51623   0.95632   5.88451    1376   22
   506   3.81504   1.87681   1.28363     385   16
   507   6.26233   1.61466   4.34164     107    9
   508   5.56324   2.10040   3.43288      54    6
   509   0.44719   1.59746   0.95385      37    6
   510   0.32232   1.08852   5.33800      90   10
   511   2.30727   1.14972   1.99269     289    9
   512   2.55946   0.71042   5.16165     104   11
   513   0.73125   1.01910   1.27150     108    8
   514   4.35932   0.73015   5.26260     878   24
   515   2.33663   0.38869   0.08012     411   17
   516   3.78968   0.98158   2.05036      37    4
   517   4.26107   1.33293   5.20312      36    5
   518   0.28840   1.51818   3.01173      30    3
   519   4.68583   1.47966   0.49475     278   18
   520   4.73891   1.44316   4.66644     100    9
   521   5.68863   1.71470   3.95580     209   11
   522   1.55858   2.23937   4.53172      66    8
   523   0.09799   2.12182   2.16599      53    7
   524   1.56890   1.32625   4.07437     884   22
   525   3.55369   0.22255   1.57981     980   22
   526   1.05232   1.08857   4.04567    2128   26
   527   4.90784   1.48520   5.73717     254   14
   528   0.12095   1.83284   3.41433     395   11
   529   2.68017   1.08615   0.39892     111   10
   530   0.75292   1.21184   0.01392     303   11
   531   1.85195   0.64652   5.62096     123   11
   532   1.99472   1.41192   3.30593     188   13
   533   6.01607   1.75324   0.59991     889   19
   534   3.65511   2.47307   0.07622     206   11
   535   1.79048   1.55957   3.30275     355   15
   536   4.39581   2.63330   4.84183      85   12
   537   4.27289   2.04884   0.69501      81    8
   538   0.19435   2.81437   0.83695     319   12
   539   2.40254   1.67506   2.98872      63    6
   540   4.12083   2.64849   3.78074      95    9
   541   4.76774   1.76416   2.21828     226   10
   542   4.73891   1.44316   4.66644      70    7
   543   0.67791   0.87165   2.01978    1603   31
   544   4.45902   1.58817   0.88741      39    4
   545   5.29700   1.51777   1.95574     249   13
   546   5.40063   1.82018   4.96968     114    7
   547   6.08195   1.56548   5.10649    1300   25
   548   5.47004   1.43717   5.22588     235   11
   549   1.11473   0.64756   1.01074     156   10
   550   1.19704   0.72385   4.81912      16    2
   551   3.46874   1.65619   0.23835     100    8
   552   5.30967   2.23284   3.33144     113    8
   553   2.38304   0.75059   4.65702     998   16
   554   2.30416   1.20164   3.88937     246   13
   555   6.05721   1.72261   6.22957     137   11
   556   5.28592   1.97252   3.92792     228   12
   557   0.92288   1.18235   3.88850      83    8
   558   1.35507   2.30799   2.26695     100    9
   559   4.96746   2.25680   2.94241    1072   24
   560   2.50151   1.12652   6.10781      67    5
   561   2.90520   2.74409   4.52051     131   11
   562   5.87395   0.92963   5.85766    1190   23
   563   0.29287   2.21925   1.53622     311   11
   564   2.38246   2.50171   0.02460    1567   26
   565   1.84170   0.79008   1.00858      69    7
   566   0.32120   2.59201   4.07666     240    9
   567   1.47468   1.19118   0.46561     200   11
   568   2.97776   1.11940   0.22238    1682   29
   569   3.44009   1.77022   0.97277     408   15
   570   5.69629   1.83142   5.43677      27    5
   571   4.84366   1.28109   1.96894      75    5
   572   3.64112   2.55922   3.61833     125    9
   573   0.82096   0.96130   0.57820     458   15
   574   4.80610   2.89438   6.16732      36    6
   575   3.82262   2.99541   3.64835      73    7
   576   1.97918   0.54271   3.80531     275   15
   577   0.69238   2.32109   1.79245     482   16
   578   2.49668   1.19369   1.76526     345   13
   579   0.11923   1.76368   0.00183     308   14
   580   5.89924   0.83758   4.59728     470   17
   581   5.22323   1.06283   3.23258      66    7
   582   4.97847   2.57506   5.63875     530   13
   583   1.42573   1.20746   1.16964     227   11
   584   0.74109   2.14268   3.89957    2196   32
   585   3.28370   0.10160   0.53452    3955   40
   586   3.46458   1.82718   1.79183      61    4
   587   4.58882   1.96218   3.23270     196    7
   588   1.10609   1.29309   5.21689     415   18
   589   4.19347   0.26283   0.31903     128   10
   590   2.27048   2.46134   0.81605     493   16
   591   5.80433   1.21311   2.04643      72    5
   592   5.03958   1.53761   1.52153     172   11
   593   3.89588   0.84665   2.84529     111   10
   594   0.58283   0.55901   1.56739     603   19
   595   2.03940   0.59974   3.78469      90    7
   596   3.34360   2.38021   4.59860     868   22
   597   5.93144   1.53822   3.93965     371   19
   598   0.47045   1.13356   3.86902      55    7
   599   0.75730   0.85911   1.78766     728   27
   600   3.08943   1.99008   0.48515     232   12
   601   5.77394   1.99928   1.45878      55    6
   602   1.30078   0.85573   5.60717      33    4
   603   3.35435   2.27858   0.67364     595   18
   604   4.91867   0.63309   5.22331    2931   37
   605   5.67807   2.33346   2.11933     107    7
   606   2.57922   0.83342   1.21290      38    6
   607   2.26598   0.87758   2.95198      43    6
   608   4.87039   0.12243   5.45856     902   24
   609   3.11435   1.55499   1.32011     322   12
   610   3.10451   2.40358   6.00848       3    1
   611   0.84791   1.44442   1.25457     124    8
   612   2.00318   1.59524   3.97265      10    2
   613   4.25207   0.50402   4.39258     384   18
   614   1.24894   1.29209   4.23191     287   13
   615   4.96135   1.37477   1.32809     166    9
   616   2.27447   2.44823   2.47547     202   14
   617   0.05615   2.03626   0.23208      90    8
   618   3.44929   0.89464   6.07125     149   13
   619   2.47616   1.10785   2.36399    2021   34
   620   1.40300   0.71428   3.76710     852   25
   621   2.06082   2.41255   3.47864     149   11
   622   6.23299   2.49438   4.20840     141   14
   623   3.17929   0.94441   4.74886      46    8
   624   3.27317   0.48758   5.09543      59    9
   625   3.30954   0.85536   2.51647      93    7
   626   2.72093   0.87496   2.94636      86    6
   627   4.35906   0.69876   3.97605     188   11
   628   1.20831   1.49492   1.05019     151    9
   629   5.91253   2.17967   1.95893    1181   29
   630   4.78367   2.40279   0.64986      38    4
   631   2.11701   1.96490   4.84741     354   17
   632   1.51018   2.52025   0.60754     719   19
   633   0.92677   1.23836   2.68324     289   13
   634   4.11871   0.85382   4.86010     744   17
   635   5.16560   1.97705   1.36119     406   18
   636   4.96860   2.91227   2.50426      90    6
   637   5.44794   1.19155   4.00721      90   12
   638   6.25972   0.42921   1.19642     325   17