     1   0.00000   0.00000   0.00000       0    0
     2   4.27846   2.14458   6.12397     574   13
     3   2.67245   2.34776   0.13164    1021   19
     4   5.93291   2.08464   1.32161     464   16
     5   1.58613   0.99233   0.76729     553   12
     6   1.19223   2.25093   3.18322     455   13
     7   3.99859   1.03713   6.21405     671   11
     8   2.85780   0.93700   3.72510     229    9
     9   5.82419   2.72187   1.81687     453    9
    10   0.53406   2.67095   0.11463     680   17
    11   0.68288   1.59704   1.38738     191    9
    12   5.99594   2.66918   0.13964     542   10
    13   1.96538   0.63386   2.31224     398   12
    14   4.36370   1.67211   4.94231     284   11
    15   3.51595   2.51371   5.18647     570   14
    16   0.15099   1.79652   0.90936     557   15
    17   2.73369   2.59933   4.96687     983   14
    18   0.05855   2.37576   2.98369     613   15
    19   3.90152   1.27463   3.91091     484   11
    20   4.24652   1.64418   3.61936     396   15
    21   6.27249   2.29598   4.92625     515   12
    22   0.68879   1.89020   2.04685     633   18
    23   3.41347   1.71456   3.75013    1135   21
    24   3.63558   2.60086   3.16723     534   15
    25   0.29802   1.48116   3.07507     284   13
    26   1.20732   2.41265   2.23502     415   14
    27   4.64979   2.28377   6.20472     430   13
    28   5.00026   0.97160   0.69556     731   19
    29   3.43544   0.78600   1.25853     492   15
    30   4.24036   0.92165   2.48570    1356   22
    31   1.55741   0.35752   6.25454     641   15
    32   3.85220   0.52089   3.72463     467   15
    33   6.23608   2.34126   4.11946     520   15
    34   5.72159   2.74966   5.37333     899   15
    35   3.94241   2.42459   2.06471     282    8
    36   4.86746   1.93963   4.75713     874   14
    37   5.55384   2.12809   5.25722     421   12
    38   2.05509   0.94928   2.73958     930   19
    39   2.39159   1.73958   5.23483     723   19
    40   1.62456   0.48618   3.73649     434   14
    41   4.75542   2.87501   1.24369     215   11
    42   5.52064   1.25729   4.00448     846   16
    43   5.62155   0.88701   4.40631     679   18
    44   0.93585   2.30406   3.79857    1924   21
    45   1.65786   0.49496   2.48641     915   19
    46   5.39551   0.27985   3.27872     565   15
    47   6.09935   0.12989   4.80885     499   14
    48   2.58501   0.71389   5.84403     818   16
    49   0.76230   1.41875   4.91284     628   12
    50   4.43103   0.41470   5.84487     401   14
    51   4.00875   0.48045   5.43500     976   18
    52   2.48825   1.70862   0.65175     729   15
    53   2.94045   2.15007   5.60804     268   10
    54   1.76712   2.64150   6.06025    1373   20
    55   6.19332   2.85334   1.78785     678   16
    56   4.03331   0.93615   2.19977     533   15
    57   5.28820   1.67681   3.57320     393   17
    58   2.96452   0.88493   2.49391     807   14
    59   4.10180   2.26177   5.56778     645   16
    60   6.15264   0.48812   0.91597     727   18
    61   6.12983   2.00388   3.30082     435   10
    62   5.42982   2.17760   6.05775     633   17
    63   6.20225   2.10304   5.34753    1215   19
    64   4.37741   0.77767   4.16695     656   12
    65   4.88630   1.54975   2.56672    1074   20
    66   5.71577   2.54590   0.20208     343   14
    67   0.26367   2.36785   1.21309     250   11
    68   1.78809   1.07749   3.01451     449   12
    69   2.07010   1.15886   4.45972     405   12
    70   2.26179   0.99319   4.08141     339   13
    71   4.03903   1.98115   0.79086     491   16
    72   4.88574   2.06022   6.13970     500   12
    73   3.73259   2.39265   5.52782    1046   19
    74   1.90591   1.19246   4.89379     513   16
    75   4.23584   1.89642   3.03490     402   13
    76   0.86525   1.29653   0.98129    1120   20
    77   6.04277   0.83448   2.35221     186   11
    78   2.39894   1.46870   5.72870     510   14
    79   1.57219   1.40565   3.75509     753   16
    80   4.80369   1.34779   0.50249     326   12
    81   5.91799   2.24392   2.61344    1120   18
    82   3.19512   1.36120   4.90354     249    8
    83   4.78448   1.62591   1.83449     925   22
    84   2.41390   0.46708   4.65625     122    8
    85   3.87115   1.48584   0.42729     693   13
    86   4.11907   0.31433   4.70001     259   10
    87   1.05154   2.46954   2.24455     579   14
    88   0.57448   2.14191   2.42639     459   14
    89   4.22390   2.41213   0.42870     709   18
    90   4.17131   1.33864   3.39163     797   16
    91   3.83819   1.72543   1.26032     244    9
    92   1.04171   1.91748   3.61375     391   12
    93   1.73127   0.60757   4.78661     382   13
    94   5.56054   2.70913   4.05485     645   16
    95   3.08085   1.13395   6.07089    1210   19
    96   0.80629   2.33145   3.92248     235   10
    97   4.90143   1.86914   2.89679     267   10
    98   3.40399   1.38852   1.91061     783   20
    99   5.39364   1.34038   0.21564     358   12
   100   0.63196   1.95869   4.03048     566   16
   101   1.84466   2.07326   4.25677     610   15
   102   5.36001   0.92154   0.57736     451   11
   103   1.65320   1.57022   4.20773     825   14
   104   4.94877   1.18133   5.20448    1733   26
   105   1.81360   0.62500   4.51902     632   15
   106   5.87570   1.41483   5.47320     508   14
   107   2.23418   1.18602   1.31372     840   23
   108   3.36268   1.20132   0.89322     240    7
   109   0.78719   1.42438   3.95396     461   13
   110   1.05833   0.92534   5.83124     705   16
   111   3.49784   0.88519   3.66885     532   13
   112   0.81842   2.06954   0.87650     454   12
   113   1.15033   1.10400   1.30536     368   12
   114   5.98284   0.86464   2.53485     875   17
   115   3.46168   0.40351   5.04510     384   14
   116   0.26434   0.61105   4.24072    1180   19
   117   1.01465   0.78130   4.41834    1778   27
   118   1.36703   2.61742   3.17991    1167   21
   119   1.00846   0.22555   1.33889     619   17
   120   5.56119   1.13037   0.97388     721   16
   121   3.93456   2.38822   4.58120     314   11
   122   1.51694   0.73681   2.41559     403   13
   123   1.92541   0.71331   5.31549     368    9
   124   1.60386   1.23195   0.58385     456   13
   125   0.09172   2.67657   3.71196     321    9
   126   2.75240   1.75950   3.80257     135   10
   127   2.56253   0.28510   5.95120     434   11
   128   4.53961   1.63074   2.60020     445   14
   129   0.74028   2.43004   1.49115     431   13
   130   3.33140   1.90888   2.28058      66    4
   131   1.29752   2.19107   3.48755    1952   26
   132   3.45002   1.22714   1.17860    1017   21
   133   0.65429   2.14294   4.74475     425   14
   134   4.20840   2.81962   5.14360    1777   23
   135   2.37019   2.26706   1.71285     117    7
   136   0.31802   1.12606   3.29623     474   15
   137   0.76703   0.65391   0.62966     423   12
   138   2.35664   0.82566   2.70961     752   17
   139   1.90479   0.98247   6.13539     309   10
   140   3.09405   1.66275   0.93102     294   11
   141   1.09965   3.03894   2.07923     844   14
   142   3.04559   1.62596   5.76558     638   15
   143   3.63863   1.89854   5.63275    1788   26
   144   5.01835   2.52528   2.47569     937   16
   145   2.21088   0.47365   2.96198     418   14
   146   3.10242   1.23306   0.96584     669   16
   147   0.98601   1.62697   5.78691    1163   19
   148   0.27465   2.10476   0.89970     549   15
   149   5.49866   1.38728   5.73622     493   13
   150   1.90521   0.42600   3.20335     482   13
   151   3.37730   0.39647   0.66860     375   12
   152   0.84148   0.51967   2.26104    1244   21
   153   1.66892   0.89989   0.29373     361   10
   154   0.31043   2.48389   4.47597     265   12
   155   6.14877   2.30648   4.96734     449   14
   156   4.14961   2.08057   2.06849     339   10
   157   1.43561   1.07179   1.36471     563   16
   158   4.04937   2.14408   4.13434     345   13
   159   0.43726   1.87516   5.44274     759   15
   160   2.89754   1.31996   5.95333     342   12
   161   3.93224   2.56256   5.40763    1473   22
   162   1.70453   0.70063   2.91346    1221   20
   163   5.78047   1.50822   1.06261     666   17
   164   1.49118   1.26148   4.39138     791   13
   165   5.82819   0.82613   1.19555     932   18
   166   4.57606   1.46387   5.47655     764   16
   167   5.70219   1.93992   6.06099     825   17
   168   2.75866   1.75311   5.87410     471   11
   169   2.36649   1.53546   4.14875     304   10
   170   2.50823   2.48537   3.13072     220    9
   171   2.69899   2.87765   3.63399     435   10
   172   5.72302   2.01452   5.40451     827   14
   173   4.11891   1.66821   1.79044     412   10
   174   4.40329   1.86241   3.71169     257   12
   175   3.64419   1.08518   5.42606     235   10
   176   6.11966   2.40782   2.15395     369   13
   177   4.88179   1.11939   1.81927     214   13
   178   2.89054   1.36908   6.27122     582   12
   179   2.39911   1.53067   3.85025     327   12
   180   1.92152   0.66266   0.33970    1178   22
   181   2.17717   1.40228   0.47406    1538   23
   182   1.76187   1.04767   2.22873     644   15
   183   2.97425   1.22778   4.39290     227   11
   184   4.63447   1.85541   1.73158     432   12
   185   5.46702   2.17130   4.67569     377   11
   186   5.68654   2.47267   0.05739     154    7
   187   1.53770   1.97168   4.34816     980   19
   188   1.97741   1.48413   4.33955     222   10
   189   5.40447   1.82503   1.18708     547   16
   190   4.28233   1.55544   2.19171     236   11
   191   0.30099   2.59946   4.19445     665   13
   192   3.05563   2.64071   3.51182     489   14
   193   4.99270   1.58850   0.52948     573   15
   194   1.78174   2.33934   0.33423     941   14
   195   3.77018   0.63530   0.17731     149    8
   196   4.86859   0.96322   1.66019     744   13
   197   2.45007   2.04913   1.39614     800   15
   198   2.20839   1.32063   2.14704     546   13
   199   2.33736   2.18939   2.94647     371   14
   200   1.83100   2.24597   4.14179     883   16
   201   0.40173   2.71274   3.73849     439   13
   202   4.37100   0.25677   1.75438     796   16
   203   2.30616   2.16577   6.01321     238    9
   204   0.74066   2.16584   3.42806     493   14
   205   0.75234   1.58731   5.41026     758   15
   206   0.38355   1.93004   5.37302     755   17
   207   5.95895   1.73338   0.82503     217    9
   208   0.19201   1.94872   4.07538     153   10
   209   1.77681   1.95299   3.85248    1018   19
   210   0.14071   2.10106   3.04873     276   10
   211   1.72295   2.35844   1.57905     504   13
   212   0.83474   2.17001   2.57221     519   13
   213   2.22983   0.93421   4.18715     526   13
   214   1.68560   2.94333   5.29130     553   13
   215   4.06072   0.69768   4.86889     638   14
   216   2.13690   1.57078   1.42234     250    8
   217   0.02005   2.31728   3.34663    1171   20
   218   5.82346   0.82227   5.93422     609   18
   219   1.15321   1.06158   3.44099     334   14
   220   5.47507   1.13210   0.60645     333   11
   221   2.85766   1.59040   2.66775     669   21
   222   2.52683   2.15502   1.61639     335   12
   223   5.85589   2.05975   1.72094     374   16
   224   3.33700   2.25729   2.85658     230   10
   225   5.52671   2.58782   2.74772     489   11
   226   2.48528   1.28971   5.19918    1327   20
   227   2.93545   1.71137   2.93400    1699   24
   228   4.87420   2.66220   1.09393     235    8
   229   4.18800   0.85714   2.69540     829   16
   230   5.96334   1.46899   1.51814     176    8
   231   1.62168   2.65486   3.65648     329    9
   232   3.98165   2.36832   4.41329     479   15
   233   0.61840   1.92317   0.88058     498   17
   234   1.03050   0.68673   1.15658     671   15
   235   0.94307   2.01010   5.58783     772   16
   236   5.28257   0.62588   1.13337     390   15
   237   4.76706   0.34495   4.34470     589   18
   238   5.74383   1.03482   3.25125     721   17
   239   3.41505   0.53495   3.58232     376   12
   240   0.91763   2.53847   4.41937     540   13
   241   2.19856   0.87119   3.40546     534   14
   242   4.31176   1.32197   1.76715    1147   21
   243   6.11010   1.11493   3.90223     480   16
   244   1.85388   1.85254   0.08260     245   10
   245   3.93300   1.10282   2.48527     416   10
   246   3.25406   1.24253   0.03398    1810   23
   247   5.70151   2.34606   5.70901     836   19
   248   0.28361   2.40252   3.10378     235   10
   249   4.85260   0.99336   0.98774     378   14
   250   3.61980   1.86007   2.77730     569   15
   251   2.63141   2.05594   5.90530    1222   20
   252   1.55456   0.91429   0.10321     401   10
   253   0.29636   1.31708   3.58475     686   13
   254   2.89358   1.20347   4.59352    2928   31
   255   1.85261   1.95415   2.87499     171    8
   256   2.81705   2.46652   2.60279     256   11
   257   5.56888   1.56817   2.00959     833   20
   258   3.85277   1.84551   2.38188     688   14
   259   5.43013   2.06135   1.95687    2381   28
   260   5.69332   2.24961   1.67879     410   13
   261   0.41589   2.01281   1.18071    1175   21
   262   6.15534   2.17216   6.10894     751   17
   263   0.53228   1.19123   0.93916     862   20
   264   5.77485   0.56102   2.25935    1052   17
   265   2.99213   1.42891   1.35742     628   15
   266   2.54228   2.77417   2.26004    1173   20
   267   5.74403   0.39444   1.32077     208    9
   268   6.05449   1.77211   6.11591     954   18
   269   6.24961   1.57495   0.38794     993   15
   270   2.85673   1.18639   1.06463     659   15
   271   4.56120   1.72051   3.22718     944   16
   272   5.61393   0.21516   3.80352     267   12
   273   5.28986   1.99418   6.08167     566   15
   274   6.22317   2.35796   2.89986     850   12
   275   5.90488   1.24955   5.69357     125   10
   276   3.82118   2.76207   4.25317     229    9
   277   4.13243   1.21611   2.14534     795   13
   278   1.73649   1.14293   2.97582     625   14
   279   1.01254   2.83241   0.39447     743   16
   280   2.67984   1.24422   0.99898    1215   18
   281   0.53543   2.06059   4.29477     437   14
   282   6.04260   0.86117   0.63488     435   13
   283   1.41512   0.36515   4.67068     490   15
   284   5.74915   2.60135   0.62296     624   15
   285   1.36575   2.57165   0.20481     302   13
   286   6.05083   1.87223   0.16012     759   14
   287   0.90734   1.87740   4.90487     623   14
   288   1.48976   2.57144   5.19458     688   16
   289   1.72796   1.45282   2.66195     441   17
   290   2.13690   1.57078   1.42234     220   10
   291   2.88228   0.96579   2.40859    1272   18
   292   5.11578   1.13545   2.35987     507   18
   293   3.14283   2.35136   5.11938     352   12
   294   6.23056   1.57597   1.64139     836   17
   295   2.87438   1.24309   1.64526     263   10
   296   5.48747   1.34870   2.92701     281   11
   297   0.34209   0.56195   0.00179     420   16
   298   1.88282   1.03270   3.78363     277    8
   299   0.73725   0.94319   5.34654     181   10
   300   4.02729   1.03326   1.43751     592   14
   301   2.99466   2.18937   0.16638    1171   19
   302   4.33515   1.56987   1.36559     542   13
   303   3.98297   0.99684   2.60786     468   11
   304   2.50300   1.34020   0.72374     782   17
   305   3.78437   1.90125   5.36354     490   18
   306   0.57323   1.40810   5.16296     255   11
   307   3.63677   1.98870   1.05472     692   16
   308   3.42216   2.22682   4.66245    1328   21
   309   5.05064   0.86407   0.04692     527   15
   310   5.26702   0.89948   6.18520     268   13
   311   2.54902   1.11165   5.26993     818   14
   312   5.69332   2.24961   1.67879     528   15
   313   3.31897   0.63118   5.23502     359   12
   314   2.80000   1.61385   4.49921     523   15
   315   4.20379   1.59880   1.98764     236    9
   316   1.26142   2.21589   3.53504     538   13
   317   5.86623   2.39124   1.71232     344   11
   318   3.61441   2.32307   5.12826     435   12
   319   3.24335   2.09102   3.21573     830   16
   320   1.92545   2.34871   5.17278    1080   17
   321   4.96260   0.96518   1.58239     447   15
   322   1.88124   1.85562   3.22008     457   13
   323   1.41425   1.41628   0.36050     453   13
   324   5.48065   1.70603   1.49280     595   15
   325   1.48997   2.36759   1.70749     381   11
   326   4.76219   2.11568   6.25716     477   10
   327   3.94136   0.74995   2.09638     416   14
   328   1.23324   1.84300   6.02424     308   11
   329   2.73111   2.71488   3.88742     387   10
   330   2.59987   2.16194   0.03015     808   19
   331   4.23953   2.41253   3.60715     692   15
   332   0.06663   1.45240   6.19501     523   15
   333   4.59502   1.44365   3.44890     427   13
   334   6.11166   2.12666   5.92740     538   15
   335   0.26005   0.53352   4.13473     471   15
   336   3.42783   1.82083   0.49813     544   12
   337   2.69131   2.00774   3.16203     418   12
   338   1.60258   0.86788   2.11759     246   10
   339   2.12126   0.88227   1.05326    1433   25
   340   1.05116   2.48023   5.57675     824   17
   341   0.80643   2.00580   5.78335     360   10
   342   4.78983   2.34965   2.27919     390   13
   343   4.68377   1.54476   6.07292     437   11
   344   6.20483   2.00630   1.49981     413   11
   345   4.37945   1.27331   1.65409     216    7
   346   1.68992   0.68027   2.63952     604   15
   347   3.68945   0.34546   3.41757     934   17
   348   2.87438   1.24309   1.64526    1132   18
   349   0.20865   1.43360   2.59592     451   13
   350   5.60985   1.48230   2.06530     490   12
   351   3.03322   2.42129   1.07100    1931   30
   352   0.24079   1.27563   3.61881     629   13
   353   5.02699   1.04919   5.61356     630   14
   354   2.73620   1.83276   1.87546     502   13
   355   2.68460   1.86784   4.79404     775   18
   356   4.68389   1.00493   4.73303     599   14
   357   6.07795   1.15043   4.06397     616   11
   358   5.70890   0.28720   1.11137     376   11
   359   1.08108   2.83863   1.26447    1006   19
   360   3.33363   2.13046   4.47842     993   21
   361   3.04320   2.07501   3.70334    1284   23
   362   0.45866   1.42338   0.90279     381   13
   363   5.35794   1.33934   0.47884     618   13
   364   5.19749   2.09342   2.18091     400   12
   365   0.63978   1.73805   2.77283     791   20
   366   2.62264   0.42586   6.20812     525   15
   367   5.88115   3.08569   3.82597    1006   20
   368   5.73772   1.36580   3.59309     767   14
   369   2.99802   1.29505   3.88823     282    8
   370   3.55136   1.52816   1.33002     454   15
   371   4.92576   0.47021   1.95435     310   10
   372   2.75009   0.73203   4.30970     772   16
   373   4.91550   1.01741   1.20645     171    7
   374   4.94607   1.49047   0.97513     513   12
   375   5.84433   2.39392   5.00247    1731   28
   376   1.58869   0.89838   5.94829    1216   18
   377   1.16900   1.64785   0.71701     144    8
   378   0.20494   0.89050   0.80575     424   10
   379   1.35502   1.91113   5.41063     666   16
   380   0.33787   0.87287   3.59564     245   11
   381   0.47863   0.69509   2.71572     599   13
   382   5.29316   0.93188   2.35881     480   16
   383   0.03542   0.24557   5.48888     481   13
   384   2.39825   2.37216   1.13597     259   12
   385   1.66808   2.03543   0.52670    1068   20
   386   5.57835   1.20466   4.04130    1371   24
   387   2.83128   0.95186   3.40594     362   11
   388   0.68878   2.09947   1.90739     630   16
   389   3.23073   1.27209   4.05424     335   15
   390   5.24217   1.20366   2.64143     513   14
   391   3.20108   1.01288   2.10646     520   13
   392   3.50304   1.23135   2.30311     338   10
   393   3.60002   1.82984   2.79594     905   14
   394   0.29420   2.57823   5.44183     372   11
   395   6.20557   2.13011   2.21053     240   12
   396   6.26914   1.81415   1.57403     880   18
   397   0.86650   1.95697   2.34931     525   15
   398   0.44434   0.87974   4.19915     412   13
   399   3.06311   0.81120   0.54412      72    7
   400   4.14608   0.84458   3.46264     337   10
   401   2.39514   1.64398   5.28830     141   10
   402   3.05652   1.62823   3.99424     687   16
   403   0.92666   2.29686   0.16637     590   17
   404   4.23262   1.31752   3.74443     835   19
   405   0.49731   1.48861   1.16709     504   16
   406   3.92100   0.88451   4.00722      56    5
   407   1.06164   0.53062   4.63763     586   12
   408   5.69815   0.75936   3.40695     827   14
   409   4.27790   1.28968   4.08913     415   12
   410   0.98502   2.96211   2.06111    1082   19
   411   4.43103   0.41470   5.84487    1195   21
   412   4.12153   1.30404   0.03409    2169   23
   413   6.07528   1.26930   5.22154     980   17
   414   3.12043   2.58506   6.11103     320   10
   415   4.76618   1.36122   3.96711     574   15
   416   4.01003   0.75767   2.18790     174    9
   417   0.29926   0.58410   3.87198     667   13
   418   5.66537   3.03730   1.31699     850   18
   419   3.67351   1.26262   2.42900     304   12
   420   5.20222   0.70416   4.98417     355   14
   421   2.90906   2.60325   5.98103     669   17
   422   2.06146   0.66136   0.28820    1005   18
   423   0.94378   0.23352   2.84391     337   10