     1   0.00000   0.00000   0.00000       0    0
     2   2.47730   1.33048   5.10382    1820   13
     3   3.56235   2.52965   0.93546    1495   15
     4   5.73297   1.77962   5.91604    1683   17
     5   4.30536   0.99273   4.38001    2053   17
     6   0.51530   0.60291   1.95734    1425   13
     7   5.74461   1.91182   4.23112    1749   16
     8   1.14968   2.05587   1.98555    2015   16
     9   4.09608   1.08855   6.05968     948    9
    10   5.64419   1.88468   4.20420    1858   15
    11   1.06188   2.03598   3.35266    1368   13
    12   1.20172   2.09455   0.30351    1944   17
    13   1.01682   1.99718   4.96402    2122   15
    14   3.63950   2.53087   4.14806    1369   11
    15   1.06188   2.03598   3.35266    1522   11
    16   0.35856   0.51129   2.32271    1982   15
    17   3.51600   2.67775   5.68268    1640   14
    18   0.18608   0.54444   0.72363    1199   12
    19   1.07922   2.09745   3.40337    1962   17
    20   4.31474   1.10624   6.02529    1893   15
    21   4.32841   1.02372   4.36391    1528   12
    22   1.14968   2.05587   1.98555    1501   14
    23   0.57980   0.40518   3.57686    2136   16
    24   5.70553   1.75942   2.75325    1227   13
    25   3.44250   2.65040   5.57269    1451   13
    26   2.55960   1.28635   1.93039    3141   18
    27   0.94399   2.01176   3.34819    1233   12
    28   2.41624   1.43697   0.44847    4565   22
    29   1.01863   2.04271   4.86027    1400   12
    30   3.63179   2.45826   1.09102    3333   18
    31   0.56654   0.52739   1.88716    1398   12
    32   5.65414   1.73869   2.62100    1839   15
    33   4.21105   1.13578   4.52089    1109   10
    34   0.28127   0.59929   5.51048    2201   16
    35   4.16804   1.06047   4.44941    1624   14
    36   1.06797   2.05774   4.95195    2111   15
    37   5.64338   1.85312   2.50408    1727   15
    38   3.70710   2.46420   5.81903    2066   16
    39   4.12627   0.99981   2.84101    1167   10
    40   5.57271   1.75715   5.83650    1362   12
    41   4.18694   0.94910   2.82785    1772   14
    42   1.06188   2.03598   3.35266    1713   13
    43   1.15695   2.02059   4.92429    1120   10
    44   3.75162   2.54255   2.81157    2127   12
    45   3.88862   2.57427   1.27398    1024   11
    46   5.64058   1.79693   4.23873    1468   13
    47   0.94253   2.10941   4.96091    1717   12
    48   1.01238   2.00349   4.96188    1394   11
    49   3.66586   2.61606   2.77563    2365   19
    50   5.46935   1.90591   5.75325    1203   11
    51   0.29901   0.55382   3.81894    1518   13
    52   0.99520   1.93032   1.76250    2399   18
    53   0.33482   0.54216   5.38204    1275   12
    54   2.52695   1.29381   5.19032    1868   17
    55   2.50969   1.31829   5.16188    1694   14
    56   3.52973   2.63218   2.54590    1782   15
    57   3.58819   2.60443   5.79835    1864   15
    58   3.57333   2.59141   1.03015    1778   13
    59   5.67910   1.74960   5.73834    1471   13
    60   5.74323   1.86417   5.77004    3270   19
    61   1.14968   2.05587   1.98555    1190   12
    62   5.67218   1.81040   4.14819    2987   18
    63   2.40052   1.34036   0.43309    1814   14
    64   4.24757   1.03858   2.83066    1937   14
    65   2.43171   1.48486   2.12674    2104   13
    66   3.43344   2.66499   0.97046    1100   12
    67   1.20093   2.08191   5.12320    1952   14
    68   2.46068   1.22311   0.41670    1930   14
    69   0.42542   0.55849   3.64730    2333   15
    70   0.92529   2.14478   3.34394    2646   18
    71   3.48484   2.64786   0.95562    1482   14
    72   5.65745   1.82929   1.09664    1489   13
    73   2.43241   1.26040   2.10642    1481   12
    74   5.64058   1.79693   4.23873    1730   15
    75   4.19617   1.11008   2.97794    3083   17
    76   1.18111   2.05738   3.41905    1893   13
    77   3.79614   2.54854   2.76813    1018   13
    78   1.04426   1.96127   0.26869    1768   15
    79   2.32449   1.31267   0.65324    2447   16
    80   0.40430   0.42860   0.60869    1297   14
    81   4.23131   1.07328   6.02456    2499   17
    82   0.98469   2.19207   3.49671    2487   18
    83   2.46356   1.42832   0.57701    1482   12
    84   4.22186   1.13917   1.33378    1724   14
    85   3.68206   2.53045   5.88624    1815   14
    86   0.35887   0.50530   2.26184    2785   19
    87   2.52080   1.38246   0.50292    2007   14
    88   4.16673   1.10034   6.13852    1368   15
    89   0.98469   2.19207   3.49671    1102   13
    90   0.47026   0.40671   2.03646    2136   17
    91   4.09859   1.19479   2.95217    1754   12
    92   1.06188   2.03598   3.35266    1854   13
    93   3.62321   2.47251   1.02130    1285   12
    94   3.38307   2.66819   4.05682    1823   13
    95   5.63586   1.75430   5.75677    2967   18
    96   5.53482   1.72205   2.53974    2283   15
    97   0.50851   0.58631   3.67154    1241   13
    98   0.69681   0.59559   0.32510    1086   11
    99   0.76106   0.53451   0.31575    1568   14
   100   3.36349   2.57425   2.44654    3000   17
   101   2.48746   1.28998   3.62840    2066   16
   102   5.55142   1.90210   4.29543    2001   13
   103   1.03010   2.10169   5.00851    1572   14
   104   2.36624   1.27993   0.55076    1735   15
   105   4.25525   1.06399   1.31656    1435   17
   106   2.38514   1.42038   0.59560    1810   13
   107   5.58117   1.67917   5.80651    3516   20
   108   0.94015   2.02329   0.25399    2426   16
   109   0.31426   0.46952   0.69645    1582   11
   110   0.94399   2.01176   3.34819    2312   14
   111   3.36390   2.54842   5.55304    1526   14
   112   2.43241   1.26040   2.10642    2314   16
   113   2.58810   1.36752   3.73634    1867   16
   114   1.07921   1.93788   5.03712    1622   13
   115   2.52080   1.38246   0.50292    2135   16
   116   4.25203   1.22620   4.41982    2481   15
   117   1.06238   2.02177   5.04186    1927   16
   118   0.69560   0.49295   0.27725     699   12
   119   5.60627   1.74795   0.96579     827   12
   120   5.61362   1.77925   4.13595    1874   14
   121   3.71096   2.54124   5.86547    1112   10
   122   1.13908   2.08966   5.05986    1858   14
   123   4.27690   1.01510   5.96515    2277   18
   124   1.06188   2.03598   3.35266    1338   12
   125   2.55984   1.21130   0.47419    1940   14
   126   0.43457   0.47250   0.57841    2374   16
   127   2.47730   1.33048   5.10382    1670   15
   128   3.53055   2.62738   2.65502    2317   21
   129   3.72927   2.70702   5.75573    1469   13
   130   4.28390   1.11870   1.28786    1281   12
   131   4.22670   1.11742   6.02971    2535   18
   132   3.56735   2.49843   4.12135    1780   14
   133   0.94399   2.01176   3.34819    1370   12
   134   0.34130   0.52643   0.67026    2663   17
   135   4.18416   0.97145   5.98924    1514   13
   136   5.73581   1.82088   2.74681    2682   16
   137   4.30631   1.12195   4.53632    1106   12
   138   1.22717   2.08268   0.43102    2064   16
   139   4.24231   0.99601   4.43877    1214   10
   140   1.07921   1.93788   5.03712    1354   13
   141   2.49984   1.37582   2.17014    1429   14
   142   1.08477   2.04124   3.42757    2483   16
   143   3.70930   2.75214   2.68235    1540   13
   144   0.31426   0.46952   0.69645    2112   16