     1   0.00000   0.00000   0.00000       0    0
     2   4.29332   0.72440   5.62530    1728   14
     3   1.26195   0.99985   1.12992     463    9
     4   0.24851   1.03539   4.42768    1843   14
     5   4.21823   1.22141   3.10133     999   12
     6   2.99278   1.19499   4.67876    4966   26
     7   3.40177   1.24211   5.90484    1835   14
     8   0.16867   1.62172   1.26661     453   14
     9   4.41605   1.33242   1.30290    1947   19
    10   1.21855   1.92574   3.19833     623   12
    11   0.04492   0.57993   5.03067     593   10
    12   4.69808   1.46471   2.38933     409    7
    13   5.71279   1.78638   1.11294    3978   18
    14   2.32908   0.22526   2.33989    1335   10
    15   4.30526   1.05826   3.63425    1053    9
    16   4.82145   1.23538   4.77394     707   14
    17   6.11604   1.84316   3.79348    1625   17
    18   0.81053   1.68884   2.26640     665   10
    19   2.62669   1.51782   3.43857    1215   12
    20   3.75379   1.20136   3.98490     320    7
    21   4.30841   1.92142   0.05530     481    9
    22   4.31582   1.31341   6.24476     616   11
    23   4.71086   1.97840   0.91009    3844   24
    24   2.84412   1.30902   5.66589    1178   13
    25   0.76106   0.39700   1.98227    1367   19
    26   5.21672   1.33923   1.63933     480   12
    27   1.26878   0.85897   0.91724    1090   16
    28   5.42705   1.21363   3.17493     258    6
    29   4.62960   2.59403   4.82242    1514   13
    30   3.42938   1.25349   3.94583    4120   25
    31   3.57952   2.72300   2.41627    1136   13
    32   5.47831   1.73773   0.61922     455    9
    33   2.04097   1.38755   6.06440     795   11
    34   4.79781   1.87758   6.26937    1705   16
    35   2.19132   2.27017   3.00567     431    9
    36   3.94379   1.17466   4.99189     380    7
    37   4.28842   1.30861   6.18223    2307   16
    38   1.05404   0.28701   0.15406    3603   21
    39   5.92202   2.39291   4.15572    1741   16
    40   3.69224   2.06484   5.61628     574   11
    41   1.21764   1.84603   1.80153     822   12
    42   4.23163   1.26067   6.14874     469    7
    43   4.32461   1.27594   1.34510    1348   17
    44   0.97279   0.81300   2.92687    1248   13
    45   5.15748   2.40454   6.20282    1961   17
    46   1.90609   0.43948   2.79540    1972   16
    47   0.48058   0.32991   5.32961     788    8
    48   3.35079   0.58667   6.10736    1119   13
    49   3.93755   2.28398   0.73465    2340   19
    50   1.64168   1.12111   3.26587     522   10
    51   5.01848   2.74113   1.71165     487    9
    52   2.73078   1.40478   5.16520    1794   14
    53   3.80608   0.12417   3.58988    1200   12
    54   0.02946   1.52264   2.93018     701   10
    55   3.75379   1.20136   3.98490    1200   14
    56   5.02211   1.58199   5.17927     699   10
    57   3.50214   1.19688   3.66768     926   10
    58   6.20324   1.95809   4.36937    1056   13
    59   1.26677   1.82520   3.28816     813   13
    60   4.23163   1.26067   6.14874     427    8
    61   0.94246   2.37200   5.82910     802   15
    62   2.18623   1.93709   2.16707    1344   14
    63   2.67602   1.80474   2.91527    1224   11
    64   6.15905   1.10019   3.14994     784   11
    65   2.67871   1.64961   2.40239    1361   12
    66   1.18487   2.72793   6.11454    1533   17
    67   6.19554   1.00621   4.68917     940   13
    68   3.62420   1.22182   3.56807    1521   15
    69   5.62117   1.04627   5.63726    1647   14
    70   5.01696   0.79361   0.68140    2644   16
    71   2.38489   2.60355   3.65702     492   10
    72   1.18363   1.84892   2.29019    1415   15
    73   2.67069   0.40073   3.92167    2540   16
    74   5.01848   2.74113   1.71165     321    7
    75   5.42840   1.07304   1.77815     746   17
    76   4.41485   1.67182   0.36647    1279   15
    77   4.40811   1.31740   2.94966    1152   15
    78   6.09427   0.81990   3.02939     903    9
    79   4.85842   2.23481   0.50309     565   11
    80   0.48708   1.53141   0.32964    1091   11
    81   2.73440   0.53985   2.66777    1206   14
    82   5.90056   1.80465   1.30980    3262   18
    83   2.48815   2.22164   3.23057    3931   19
    84   4.32105   1.23363   4.50289     483    9
    85   4.16767   1.49331   1.05131    2666   16
    86   5.67848   2.35516   1.33312     564    9
    87   4.97449   1.76160   4.94457     927   12
    88   3.27116   0.09790   6.02718    1310   17
    89   3.17754   2.00011   2.74607     633   11
    90   0.28126   2.00252   0.84616    1204   14
    91   0.67386   1.21235   5.01810     606   12
    92   2.30376   2.17533   2.72466    1289   13
    93   0.65687   0.50830   5.09288    2246   17
    94   6.15905   1.10019   3.14994     845   12
    95   0.94246   2.37200   5.82910     432    8
    96   2.77337   1.49102   0.29070    3417   21
    97   2.30408   2.84968   1.22374    2714   20
    98   2.72049   1.35479   0.31206     413   11
    99   3.53273   1.85660   2.64137    1202   15
   100   0.33798   1.62805   5.73535     527   11
   101   4.36901   1.80285   3.10131     898   12
   102   4.15124   0.36773   4.18583     319    9
   103   4.32291   1.15846   4.59315    1701   12
   104   2.47342   1.41536   0.35471    1415   14
   105   4.11406   2.81773   4.55794    1819   15
   106   0.19100   1.20474   0.04735    4463   19
   107   5.24339   1.16412   3.21577    4489   19
   108   3.58264   1.94035   6.02388    1282   16
   109   0.42358   2.19707   3.35104     532   12
   110   4.25154   0.96767   3.19097     861   11
   111   4.45710   1.36855   1.52094    1011   12
   112   2.94044   1.94998   3.30003    1329   17
   113   5.55845   0.65347   1.67143    2988   18
   114   5.83904   1.74154   5.94071     620   11
   115   4.36272   1.12582   5.78907    1510   17
   116   1.61068   1.19583   5.86424    3405   18
   117   3.94379   1.17466   4.99189    1493   15
   118   5.94623   1.78742   5.87498     726   12
   119   1.20962   2.03955   1.77331     528    8
   120   0.67709   0.37772   5.25066     554    9
   121   4.33522   1.20226   1.52500    1133   15
   122   6.02213   1.30211   1.46141    1831   17
   123   3.94379   1.17466   4.99189     328   11
   124   4.48929   1.29958   2.63999     993   11
   125   4.97449   1.76160   4.94457     282    8
   126   4.29332   0.72440   5.62530     726   12
   127   3.43864   1.64957   2.01805     759   14
   128   5.87504   1.73968   5.91155    2708   20
   129   1.21855   1.92574   3.19833    1842   19
   130   1.01327   0.32824   0.17663    2311   15
   131   0.07599   0.73891   0.04967     432    9
   132   0.22717   2.18186   4.69753    1338   14
   133   2.00634   2.10765   4.63500     793   14
   134   2.38894   0.87774   4.70114    1176   11
   135   2.82423   1.49501   4.92703    2072   17
   136   4.11860   2.70951   2.82677    1169   15
   137   4.79527   1.47726   1.79907    2367   17
   138   4.61549   1.76090   3.06119    3866   20
   139   3.79955   0.21522   1.19081     520    9
   140   1.17208   0.40844   0.04109    2309   15
   141   0.36988   2.10968   5.36367     786   12
   142   0.18892   1.73951   5.54557    2803   15
   143   5.85810   1.02254   0.93457    3470   22
   144   2.71223   1.32676   5.17668     577   11
   145   5.28868   1.11547   5.25851    1958   18
   146   4.02599   0.86201   6.05900     586   10
   147   5.83533   0.94365   0.89598    3946   23
   148   1.19322   2.03381   4.87651    1517   18
   149   3.93266   1.63570   5.11547    2163   17
   150   3.82620   2.06288   4.07042    3333   23
   151   0.88238   0.36820   1.84595    2510   17
   152   0.94246   2.37200   5.82910    1652   14
   153   3.70900   2.59343   1.67243    4476   29
   154   2.60390   1.46780   4.99304     455    9
   155   5.76131   1.67526   2.85064    2651   20
   156   0.60789   1.24375   4.47299     500   11
   157   3.11093   1.98893   1.73541    3364   20
   158   5.25015   2.41747   3.82967     476   12
   159   5.95093   1.68638   4.29001    1678   12
   160   2.79033   1.50567   1.84365    1536   15
   161   3.96895   2.64733   2.72098    4947   28
   162   1.04990   1.08222   1.61988    4655   22
   163   2.23121   1.24524   3.26473    1446   15
   164   2.82423   1.49501   4.92703     442    9
   165   3.87512   2.03382   1.33073    1745   14
   166   4.32702   2.51658   6.21518     962   15
   167   0.28126   2.00252   0.84616     526   10
   168   1.04466   1.53919   3.79985     602   12
   169   2.82085   2.36620   0.66448    2446   18
   170   1.37212   1.85578   3.41747     908   13
   171   2.41730   1.16512   2.49067    2858   19
   172   5.88439   1.06125   2.51325    2957   20
   173   5.86513   1.68609   1.26256    5410   29