     1   0.00000   0.00000   0.00000       0    0
     2   2.26616   1.02656   0.45630    2869   12
     3   3.23116   2.38479   3.91922    4134   15
     4   2.18539   1.06605   0.55799    3447   16
     5   4.13962   1.14242   2.52372    2553   13
     6   0.15057   0.71575   2.31834    3190   15
     7   3.01155   2.36675   0.69486    3445   13
     8   3.21349   2.38555   3.86485    4535   15
     9   0.06435   0.76667   3.98304    3833   13
    10   5.48979   2.12697   5.77340    4042   15
    11   2.16750   1.02278   0.63280    3606   13
    12   2.33232   1.08223   3.66024    3998   13
    13   6.24078   0.78144   5.73700    2613   11
    14   5.48083   2.04345   1.08253    4583   15
    15   3.28781   2.36134   5.43899    2895   13
    16   0.10466   0.84290   0.72168    4268   15
    17   5.31860   2.00331   2.49682    4147   15
    18   0.15950   0.67541   2.41036    4411   16
    19   4.08171   0.95164   2.50401    4516   15
    20   3.05681   2.32817   0.73455    3657   13
    21   2.18539   1.06605   0.55799    3211   14
    22   2.24982   1.05484   5.26303    3606   16
    23   5.50607   2.14022   2.60188    2612   14
    24   2.30347   1.11797   0.53316    2862   12
    25   3.24907   2.45427   5.51873    5707   18
    26   3.12485   2.33737   2.34427    3992   15
    27   5.29573   2.10387   5.61763    4803   14
    28   1.08804   2.01396   5.30803    4894   16
    29   3.12485   2.33737   2.34427    3690   14
    30   0.88322   1.98722   5.32273    5033   14
    31   3.26546   2.32562   3.88506    3858   15
    32   4.27368   1.11008   1.00770    3327   12
    33   5.42065   2.03922   2.55742    1716    9
    34   4.29029   0.98992   5.69911    3904   16
    35   4.23954   0.99845   4.12280    3823   15
    36   3.12485   2.33737   2.34427    3416   17
    37   0.12070   0.79024   0.80324    2099   11
    38   3.06775   2.36552   3.73362    5261   16
    39   5.50345   2.03987   5.76447    4446   16
    40   0.13150   0.80592   2.27132    4814   15
    41   0.22842   0.75393   0.75848    3422   15
    42   5.46901   2.07628   2.54849    5122   16
    43   3.16962   2.38641   5.53834    3819   16
    44   1.00358   2.14000   2.20593    2775   11
    45   3.21746   2.36918   5.46515    3513   14
    46   2.32870   1.02135   0.68262    5414   16
    47   6.24464   0.73179   4.00295    4739   14
    48   4.28862   1.21367   0.88095    4898   16
    49   3.38455   2.31495   0.81277    3204   15
    50   5.38876   2.15791   1.01530    3027   12
    51   0.12070   0.79024   0.80324    4735   16
    52   2.17462   1.05500   5.29825    4329   16
    53   2.29769   1.03808   3.80633    4967   15
    54   2.32451   1.05561   5.14081    4015   13
    55   3.17509   2.33527   5.37316    3458   15
    56   1.11966   2.16410   3.78801    5478   18
    57   5.57554   2.15970   5.86275    5090   15
    58   3.38773   2.38474   2.40019    4250   16
    59   2.18539   1.06605   0.55799    2774   13
    60   0.98950   2.11776   3.74745    4755   16
    61   5.35019   2.12157   2.59009    4131   12
    62   0.89354   2.09154   2.08156    5173   19
    63   0.10211   0.79310   3.77846    4024   13
    64   1.00022   2.17707   5.30377    4348   14
    65   5.50607   2.14022   2.60188    3672   13
    66   3.21800   2.37634   5.48934    3702   16
    67   0.93958   2.00724   0.60770    5494   18