     1   0.00000   0.00000   0.00000       0    0
     2   6.17381   2.04186   1.32104    2431   20
     3   0.30024   1.99676   1.25496    1229   12
     4   4.97600   0.43089   1.42505     636    9
     5   1.05448   2.45997   2.84277    1482   16
     6   5.89791   1.32044   0.87804    1490   16
     7   0.86809   1.23189   5.58827    1051   13
     8   2.88858   2.76020   3.45996    1274   15
     9   3.63213   2.18925   6.00749    1477   14
    10   3.44920   1.83942   3.16486    1242   15
    11   1.89468   0.48758   5.18357    1009   14
    12   3.86813   1.79094   1.26570     998   13
    13   2.47738   1.34464   4.92699     982   12
    14   3.16432   1.16175   3.51622    1499   15
    15   2.00571   2.71795   1.50158    1317   15
    16   5.08639   0.67522   3.54210     713   11
    17   2.74381   0.66282   5.56877     945   12
    18   2.38260   2.00022   2.51281    1631   15
    19   1.11286   0.58893   4.86950     689   12
    20   4.56439   2.01563   5.18932    1693   16
    21   3.69692   1.02384   0.48392     571    9
    22   0.04102   1.25627   1.16322    2247   17
    23   0.35955   1.02964   1.56529    1118   14
    24   3.52149   0.74500   0.75173    1933   19
    25   0.81724   2.20849   2.62129    1022   15
    26   3.81544   1.10254   5.00653    1436   12
    27   2.79893   2.25802   5.20035    1355   16
    28   5.42083   1.19324   0.82396    1616   16
    29   0.28069   1.54914   0.76675    1092   17
    30   4.80737   0.60385   3.81517    1448   12
    31   2.42426   2.02752   0.28062     975   12
    32   3.01760   1.27988   5.05248    1572   19
    33   2.39460   1.83012   1.38574    1007   15
    34   4.06540   1.83031   5.22128    1183   14
    35   3.51287   1.57831   3.90329    1250   16
    36   0.94055   2.23568   1.89489    1102   15
    37   3.96816   0.98943   0.85811    1702   18
    38   0.31005   1.42359   2.29121    1092   14
    39   4.17948   2.31835   3.55230     985   15
    40   4.84059   1.61838   5.71538    1480   15
    41   5.68242   0.78754   5.73016    1060   13
    42   6.02558   2.33563   0.52404    1023   13
    43   5.88229   0.33928   2.23941    1095   15
    44   1.15527   2.05762   2.26620    1341   16
    45   1.17238   1.87935   5.37924     790   10
    46   2.71309   0.38472   3.55915     923   13
    47   0.07720   2.33104   2.35142     882   12
    48   6.26259   1.91937   0.47239    1207   14
    49   4.62392   0.30170   4.31164     761   15
    50   1.94795   2.67291   4.90311     849   13
    51   2.84155   0.27992   4.32571    1197   15
    52   4.71558   0.36267   2.96631    1281   12
    53   4.88191   1.92072   2.90266    2247   22
    54   5.27313   0.95102   5.52985     824   14
    55   3.71910   2.33357   4.84357    1693   15
    56   1.15478   0.84926   3.09335     881   14
    57   1.93833   2.65578   4.81335    1662   16
    58   0.43188   1.53077   0.77745    1142   11
    59   2.32341   1.41666   3.68716    1248   14
    60   5.00465   1.70612   2.39093    1253   13
    61   2.54050   2.15860   4.07128    1374   16
    62   1.59059   1.32155   1.84272    1379   16
    63   2.57385   1.30878   2.37903    1320   16
    64   3.30945   1.16686   0.23874     939   13
    65   3.55109   1.20751   4.47794     787   14
    66   2.37552   1.58415   5.76063     668    8
    67   4.29094   2.05545   3.01066     901   12
    68   2.04604   1.59310   5.46276    1160   12
    69   1.61416   2.38193   4.63407    1314   17
    70   4.01703   1.37543   4.10811     718   13
    71   1.89548   2.75559   0.26480    1429   14
    72   5.01794   2.47061   4.40226    1209   15
    73   4.71300   1.69692   2.79844    1323   18
    74   0.38131   2.04045   0.92792     621    9
    75   4.66597   2.19197   0.42432    2922   22
    76   1.80027   1.97652   1.46622     688   13
    77   1.29643   1.21779   3.08828    1156   15
    78   6.08723   0.73414   1.15329    1557   17
    79   0.21734   2.63636   5.24614    1250   14
    80   2.33432   2.19393   0.11365    1970   23
    81   3.55961   2.61269   4.45846     810   14
    82   4.64407   0.46076   2.21112     656   11
    83   0.47836   1.65741   6.10635    1571   17
    84   3.81452   2.38693   0.26624     830   10
    85   1.35038   1.72251   1.03229    1758   17
    86   6.07960   1.18604   1.11413    1530   16
    87   0.51819   0.68163   3.89668    1211   17
    88   3.92179   1.91733   2.35588    1114   13
    89   1.65419   1.03697   3.94051    1016   14
    90   2.02622   2.11979   2.95601    1303   15
    91   4.08743   2.27178   4.29270    1498   16
    92   4.10944   1.64437   2.28597     953   16
    93   0.47055   0.63939   1.58098     920   10
    94   0.24094   2.55862   4.18394    1402   16
    95   4.59904   1.18979   5.22348     855   11
    96   2.29472   2.11909   1.29168     602   10
    97   2.35831   1.68460   4.29704     879   14
    98   5.06182   2.24385   3.15551     527   10
    99   2.52069   1.26753   3.37073    1494   15
   100   5.51591   2.64950   6.26138     929   14
   101   3.12408   1.30518   1.82318    1221   19
   102   1.14592   2.81749   2.35498     891   14
   103   4.65072   0.97285   4.77234    1494   15
   104   2.29110   1.45615   1.02596    1526   20
   105   4.57218   0.86848   1.25348    1999   15
   106   0.28454   1.91756   5.45045    1411   15
   107   2.78731   1.75705   2.00039     614   10
   108   1.58189   0.69699   2.88312    2273   18
   109   4.82751   1.49013   2.97369    1012   15
   110   5.08980   2.64996   6.24629     787   12
   111   2.30357   1.18711   5.92037    1206   14
   112   4.08483   1.07184   2.08113    1381   17
   113   0.52220   0.88432   5.23876    1721   16
   114   3.50699   2.15749   6.17406    1416   17
   115   0.58034   2.88967   1.20475    1435   14
   116   1.16521   2.12965   0.50686    1009   13
   117   2.86532   1.77683   0.53375    1836   17
   118   1.02799   2.37868   2.35465    1243   14
   119   5.13762   0.69358   3.89147    1224   15
   120   4.22142   1.99012   2.35895    1043   13
   121   3.80434   2.14991   1.15581     882   12
   122   4.99955   1.18720   1.55337    1864   18
   123   0.75565   2.37754   0.30606    1527   16
   124   0.03998   1.62709   1.70066    2289   20
   125   5.28605   0.73369   3.99852    1203   11
   126   2.69419   1.52257   0.17201    1291   15
   127   4.17159   1.23779   1.85517    1278   17
   128   2.71681   2.48336   4.89832    1222   14
   129   2.28888   0.91361   5.15802    1129   13
   130   5.07542   2.38920   3.89326     894   15
   131   5.73223   2.12473   1.62118     892   13
   132   2.05018   1.94798   3.72988    1212   15
   133   0.81484   1.80979   5.80872    1505   16
   134   0.65721   1.82318   2.38053     922   14
   135   0.38388   1.65271   6.09238    2036   18
   136   5.16757   1.30222   4.02719     896   12
   137   0.02749   2.17295   5.01278    2055   17
   138   3.42510   1.62896   4.51272    1510   15
   139   3.85337   1.43691   2.47586    1040   12
   140   3.78112   1.70123   1.18707    2699   21
   141   2.83339   2.37113   3.84855    1465   17
   142   0.66684   2.31951   4.77281    1471   15
   143   0.92750   2.14670   5.35128    1208   14
   144   5.58870   0.86436   1.99106    1105   12
   145   5.61305   1.73672   1.61765    1182   13
   146   2.90715   2.10479   3.70958    1147   15
   147   6.11337   2.01192   1.41801     617   11
   148   0.06751   0.60895   2.38173    1347   13
   149   2.96973   1.76161   3.86862     979   13
   150   5.83071   1.92760   1.54449    2313   17
   151   2.82298   1.24683   0.87989     998   13
   152   3.99281   2.90128   2.58656    1327   14
   153   4.74332   2.18696   6.15934    1303   15
   154   3.05556   1.12085   0.56696    1371   15
   155   0.59386   0.84027   4.72366    1764   17
   156   1.84295   2.24069   2.62249    1456   16
   157   1.84979   1.14123   0.29507     844   11
   158   0.95186   2.20347   4.33498    1771   16
   159   0.39684   0.84541   5.68793    1695   18
   160   0.63158   0.43343   4.69750     992   15
   161   5.61095   0.83455   2.41574    2291   21
   162   3.51280   0.79760   6.11525    1105   13
   163   1.50914   1.70241   5.29324    1687   16
   164   5.14378   2.53434   0.00527    2442   20
   165   2.44953   2.13107   5.24636    1814   16
   166   4.71285   2.14869   2.98802    1160   15
   167   6.05275   2.67301   2.91323    1643   14
   168   0.33913   1.69612   0.44528    1657   14
   169   0.37837   2.29528   4.86385    1545   17
   170   1.65406   0.98018   5.25641    1244   12
   171   0.17835   2.31942   4.39338     994   14
   172   1.18673   2.92199   0.58766    1102   12
   173   3.04522   0.82897   2.25192    1617   17
   174   4.68970   2.32858   2.32071    1479   11
   175   1.92916   1.90521   4.93426    1976   17
   176   2.47904   1.39982   4.99767    1037   15
   177   5.55816   2.07900   2.30867    1078   12
   178   5.55311   1.12231   2.00686    1476   14
   179   5.73014   2.75627   0.96397    1618   16
   180   1.84240   0.98378   0.89513    1343   13
   181   0.30074   2.17072   5.09874    1222   15
   182   1.91364   2.11829   3.75887    2171   22
   183   3.48385   1.66952   0.68680     991   15
   184   0.18432   0.37306   0.51905     791   10
   185   5.61237   0.43959   4.52271     937   11
   186   4.90122   1.94180   0.70171    1622   17
   187   4.81349   1.41373   0.36197     932   14
   188   4.20344   1.19839   0.56061    1293   14
   189   4.88953   1.03100   1.96611    2899   20
   190   3.76607   2.49991   2.78443    1104   13
   191   0.01030   1.43518   4.04200     792   12
   192   4.61987   0.42814   0.29561    1366   16
   193   1.17730   1.70241   4.47449    1832   18
   194   4.12359   2.28449   2.29873    1940   18
   195   4.29234   0.45746   4.08423    2369   17
   196   1.65198   1.21767   3.99805     875   14
   197   2.05136   1.58468   5.04363    1674   15
   198   2.35175   1.70354   1.48170    2184   19
   199   1.70541   1.75696   0.37446     964   14
   200   1.07983   2.97925   3.12105    1324   12
   201   5.42313   2.34102   0.07182    1235   14