     1   0.00000   0.00000   0.00000       0    0
     2   4.13387   2.57807   3.05838     887   13
     3   3.92488   2.54495   2.96830     523   11
     4   2.51400   1.54841   2.33335     835   14
     5   5.64310   1.70779   5.66086     498    9
     6   4.18480   0.85473   1.49142     916   13
     7   1.11870   2.26312   3.14449     812   12
     8   1.05932   2.12865   3.13354    1530   15
     9   4.15299   2.42427   1.50698     458    9
    10   1.19540   2.21300   3.34426    2206   22
    11   0.99111   0.64195   6.23696    1521   17
    12   1.01514   0.67119   3.11895    2203   20
    13   4.31367   0.88013   0.01285    1939   20
    14   1.07605   2.17851   1.51897     524   10
    15   0.90206   0.68144   0.21453     637   13
    16   4.16745   0.79478   0.08156     551   15
    17   2.68896   1.47273   3.72944     906   13
    18   1.06823   2.36999   4.74551    1793   19
    19   4.30182   2.51625   1.62542    1032   16
    20   2.70055   1.35956   2.16660    1135   14
    21   4.17867   0.92333   3.16111     497   12
    22   5.62994   1.66669   0.79743    1324   14
    23   5.77685   1.69780   5.67474    1161   18
    24   1.11173   2.33288   0.15245    1584   17
    25   0.88276   0.75887   1.82482     840   14
    26   5.82941   1.75936   5.68592    1267   17
    27   1.05990   2.34802   3.21451    1687   16
    28   1.21428   2.12398   4.80723     803   12
    29   4.27201   1.01204   1.44818     533   12
    30   4.25666   2.35747   4.64358    1482   18
    31   2.72240   1.46000   3.83738    3347   30
    32   0.94322   2.13579   6.19633    2017   17
    33   1.14826   2.31860   3.08137     423   12
    34   4.09720   0.79309   3.09149     629   13
    35   1.11173   2.33288   0.15245     513   14
    36   2.52192   1.58909   0.76701     519   10
    37   4.36779   0.85075   3.03420     689   12
    38   1.06482   0.81466   1.66607     807   14
    39   1.10808   2.28825   0.11564     423   10
    40   4.19145   2.48816   3.07508    1361   14
    41   0.86385   0.80200   1.75467     965   16
    42   4.10361   1.01014   4.67012    1307   16
    43   1.00925   2.26285   3.16006    1034   13
    44   4.01857   2.51268   6.21132    1625   16
    45   1.01123   2.27292   4.65307     531   11
    46   4.09109   2.32919   3.07465    1071   11
    47   1.04495   0.68770   4.74205     710   13
    48   4.26585   0.85758   1.38820     614   12
    49   5.82170   1.48069   2.38881     305    8
    50   0.87338   0.76335   0.21439    1670   14
    51   5.77556   1.61777   0.92935     650   10
    52   5.68790   1.60852   4.15648    1690   20
    53   4.35754   2.43473   1.61036     730   12
    54   4.18091   0.92558   0.00449     791   12
    55   5.83217   1.73816   2.54325     432   10
    56   4.31702   2.42279   3.15507    1782   16
    57   4.23374   0.97876   3.07979     978   11
    58   2.67455   1.39078   2.35224     658   12
    59   1.25411   2.37287   1.77784     763   11
    60   2.52206   1.50946   3.76118     768   11
    61   0.99296   2.26199   4.62655    1038   16
    62   4.30349   0.81626   6.19928    1340   13
    63   4.27409   2.40817   1.77172     731    9
    64   1.06823   2.36999   4.74551     822   14
    65   1.12853   0.76742   4.77811     775   12
    66   0.94624   2.30134   6.22133    1105   15
    67   0.95115   2.36039   1.57053     586   14
    68   4.20402   2.45834   1.44715    1997   19
    69   5.82170   1.48069   2.38881     931   16
    70   4.22438   2.37674   3.02857     388    9
    71   1.10599   0.75987   4.76450    1203   18
    72   0.92159   2.25242   1.47528    2159   18
    73   2.58603   1.50101   3.72794    3152   20
    74   3.98381   2.54001   2.88542    1072   15
    75   4.18846   2.51163   1.42262     981   15
    76   2.66306   1.56949   5.26717     756   13
    77   4.00879   2.40518   1.31030     698   12
    78   2.68767   1.57265   0.65598     684   13
    79   2.71190   1.50936   3.86339     397   10
    80   5.88805   1.66590   4.09745     684   14
    81   5.82170   1.48069   2.38881    1601   17
    82   4.24451   0.98748   0.03329     887   14
    83   5.82170   1.48069   2.38881    1921   19
    84   1.04412   2.26087   4.85422     404   11
    85   5.67111   1.61952   0.91930     736   15
    86   4.02246   2.42538   6.12709    1034   13
    87   4.02088   2.40724   3.03606    1096   16
    88   5.71970   1.64452   0.76225    1762   16
    89   4.03675   2.30884   4.62471     699   13
    90   2.57407   1.48469   2.26091     489   12
    91   4.24881   0.86976   4.69434     714   13
    92   1.06482   0.81466   1.66607     940   15
    93   4.06862   0.91930   4.79356     627   13
    94   5.65795   1.59389   4.04336    1401   18
    95   2.61207   1.53582   5.26574     589   15
    96   5.77233   1.60442   5.57975     984   15
    97   1.17721   2.21089   6.26490    1087   15
    98   0.89938   0.81614   3.33488     566   13
    99   2.54884   1.54313   0.68387     633   15
   100   4.34009   0.75646   4.54139     896   13
   101   2.68352   1.56141   5.32350    1834   16
   102   5.63704   1.59128   0.75113    1064   16
   103   4.15563   2.37844   3.04692     972   17
   104   2.66540   1.41236   5.54241    1280   14
   105   4.27661   2.53365   3.17317     846   11
   106   1.23466   2.38981   0.22126     418    9
   107   2.50503   1.51428   5.31880    1279   15
   108   5.62679   1.70223   4.09904     747   13
   109   1.23466   2.38981   0.22126     773   11
   110   0.81601   0.69550   0.18760    1309   16
   111   1.10910   2.15199   0.17549    1733   18
   112   1.12661   2.19332   3.11792    1647   19
   113   0.92108   0.83156   4.92306     973   13
   114   4.33421   0.88339   3.09540    1014   14
   115   1.20409   0.65874   3.10824     940   12
   116   0.92971   0.59415   0.09310    2001   18
   117   1.21690   0.77739   4.60375    3495   28
   118   1.02043   2.31017   6.22606     713   11
   119   5.76610   1.59028   4.03289    1182   12
   120   2.58507   1.44091   0.76170     974   15
   121   4.21150   0.98536   1.37748    1478   18
   122   2.57754   1.58159   5.37875     463    8
   123   2.52192   1.58909   0.76701     657   13
   124   4.30349   0.81626   6.19928     394   10
   125   0.93357   0.81249   3.18072    1417   15
   126   4.16190   0.83003   3.05139     476   11
   127   5.72124   1.70691   4.00227    1796   18
   128   4.27661   2.53365   3.17317     928   13
   129   4.14300   2.38493   6.22544    1410   15
   130   5.87819   1.59892   0.94544    1035   15
   131   1.17007   2.28378   3.35607     699   11
   132   1.05404   2.31267   4.70758    1608   15
   133   0.89532   0.67796   1.74796    1085   17
   134   1.09230   2.20489   4.67346    1464   16
   135   5.81581   1.53278   4.11343    1861   15
   136   1.13101   2.31691   0.13905     890   12
   137   4.31810   2.47154   0.06023     897   14
   138   2.69471   1.63088   0.66086    1080   16
   139   5.67622   1.50967   1.00935    1703   17
   140   4.12823   2.34874   1.61853     943   13
   141   4.34074   0.89676   1.48802     589   14
   142   1.20347   0.59037   3.07752     382    7
   143   0.99191   0.65259   1.71258     880   15
   144   1.16168   2.21772   0.09290    2479   24
   145   1.15683   2.33222   4.80595     685   13
   146   5.73193   1.49867   4.06751    1279   17
   147   3.94210   2.50482   5.99383     495   12
   148   4.30938   2.57468   0.08306     853   15
   149   0.99878   2.28321   3.18834     611   13
   150   1.05680   2.39767   1.71682    1867   17
   151   2.59775   1.59883   0.60577     929   13
   152   4.08872   2.38576   2.94848    4761   25
   153   2.68100   1.63878   0.66181     772   13
   154   1.05888   0.58176   3.24980     769   13
   155   4.34226   0.87360   4.58518     739   11
   156   4.25591   0.78659   3.10207    3577   24
   157   4.05862   2.56328   4.52926    1325   15
   158   5.85780   1.70917   4.04590     994   13
   159   4.32303   0.95071   4.59309     285    9
   160   4.17240   0.87591   4.57247     625   12
   161   1.18573   0.60901   6.21465     481   10
   162   5.64310   1.70779   5.66086     286    8
   163   1.16941   2.22659   4.74250     677   12
   164   5.78006   1.55080   0.87377     845   13
   165   0.96062   2.37583   3.11304     617   11
   166   5.80771   1.52037   0.82529    2028   21
   167   5.88266   1.62865   0.92915    1155   14
   168   5.80993   1.62489   5.47174     589    8
   169   0.92971   0.59415   0.09310     912   14
   170   2.77468   1.61319   0.74652     677   12
   171   4.22344   0.97521   4.56957    1260   12
   172   0.90375   0.82923   1.67030    1106   15
   173   4.12189   0.87255   1.63726    1232   14
   174   1.08833   2.29029   4.65643     463   11
   175   0.90375   0.82923   1.67030     439   10
   176   0.76160   0.64466   5.00165    1601   18
   177   1.22667   2.25097   0.16336    1546   16
   178   4.26585   0.85758   1.38820     598   10
   179   1.01292   0.79027   6.23286     714   14
   180   2.69516   1.44179   5.41937    1747   19
   181   4.08947   2.38868   6.04871     967   14
   182   4.32646   2.35857   4.85129     663   14
   183   4.28192   0.96527   6.05396     659   11
   184   1.11152   2.36052   1.52718     428    9
   185   1.11870   2.26312   3.14449     431    7
   186   1.11941   0.78598   1.45844    1453   15
   187   1.15274   2.19571   1.55374     513   11
   188   1.00883   0.81967   0.12739     908   13
   189   4.09946   0.77929   4.74713    1399   14
   190   4.19409   2.53654   6.15797    3392   22
   191   5.76585   1.65261   0.87662     884   12
   192   5.72691   1.62813   2.40324    1547   17
   193   4.09489   2.32898   4.72624     589   14
   194   1.20347   0.59037   3.07752    1312   15
   195   5.77090   1.63141   0.87350    1269   15
   196   4.11311   2.46446   6.19146     899   12
   197   4.22766   0.86321   3.00858     593   10
   198   4.23010   0.80249   6.14664     908   13
   199   2.70710   1.53752   0.66691    1116   15
   200   4.38581   0.74262   2.92162     660   11
   201   5.66576   1.68147   4.01930     602   12
   202   4.15591   2.39195   1.44616    1633   19
   203   1.07737   2.24202   0.10983    1132   14
   204   1.05607   0.67273   3.17292     546   11
   205   5.74808   1.55922   5.59921    1139   15
   206   1.18139   2.18564   1.78704    1747   18
   207   2.67649   1.63137   3.91197    1363   15
   208   1.22988   2.30142   3.34247    1284   16
   209   1.02826   2.17232   1.63077    1049   11
   210   4.13628   2.41917   6.10699     887   13
   211   4.26948   2.39487   0.02682    1741   15
   212   1.10089   0.66803   1.62385     452    9
   213   0.92971   0.59415   0.09310     587   13
   214   0.98505   2.28528   0.06708    1322   16
   215   5.86430   1.61767   0.80377     961   16
   216   1.12840   0.73335   3.12134    2571   22
   217   1.03837   2.24779   3.09930    1376   15
   218   2.62819   1.67019   2.33667    2401   18
   219   4.28168   0.99614   1.38017     946   12
   220   0.89023   0.65600   0.19351    1389   16
   221   4.19992   0.91211   1.64374     982   16
   222   4.15177   0.92009   0.09250    1653   16
   223   4.12849   2.45877   3.00462    2394   17
   224   5.86511   1.61976   5.56408     449   10
   225   5.65912   1.57910   0.83028    1406   13
   226   1.15482   2.25858   4.74808    2268   19
   227   1.11094   0.53768   0.06042     921   15
   228   4.19992   0.91211   1.64374     559   12
   229   2.56268   1.49893   0.80539    2212   18
   230   4.09663   2.47851   1.40630    2089   20
   231   1.11577   2.13177   0.11272     962   14
   232   0.00000   0.00000   0.00000     526   13
   233   1.06895   0.56457   0.13081    2437   23
   234   2.57664   1.50221   0.66446     685   14
   235   0.92303   0.65997   3.37489    1592   16
   236   4.00834   2.43830   1.45274    1493   17