     1   0.00000   0.00000   0.00000       0    0
     2   3.02961   0.84179   6.25425     802   12
     3   1.92103   2.94465   5.65546     838   11
     4   5.29383   0.52378   3.87063    1728   15
     5   5.59360   0.74817   0.54228     911   10
     6   0.60436   0.72259   3.32095    1488   17
     7   1.59631   1.93060   2.09395    2094   18
     8   5.83055   1.64071   4.27638     965   12
     9   0.71428   0.85606   0.21462    1102   13
    10   5.38452   2.44696   4.92527    1302   13
    11   2.44076   1.85888   2.29699    1301   14
    12   5.55972   1.88986   1.67297    1506   19
    13   0.89018   2.16311   2.92933     985   13
    14   3.93423   0.99381   3.07502    1328   14
    15   4.60011   2.96268   4.46430    1029   13
    16   2.01296   0.86451   5.20166    1467   16
    17   0.05173   1.76422   1.68875    2145   17
    18   0.38205   2.11537   0.68519    1612   17
    19   0.95407   2.12706   0.66705     818   11
    20   4.13037   1.58916   0.44409    1360   12
    21   0.20142   2.16573   3.51267    1353   16
    22   1.78711   1.79945   2.54421    1746   15
    23   5.03164   2.06932   4.03355    1100   14
    24   4.19367   0.94531   2.93594    1804   15
    25   4.56045   1.87374   3.19065    1054   15
    26   2.08422   2.21813   1.52535    1560   16
    27   4.33898   2.48286   3.93793    1174   14
    28   5.15262   1.00902   3.68321    1191   15
    29   2.95651   1.72192   2.12550     617    9
    30   1.32131   2.34894   5.22101    1530   15
    31   6.21373   1.48052   5.70925     786   11
    32   1.42261   2.20877   1.15611    1523   18
    33   0.46930   2.96762   3.59656     845   13
    34   1.05071   1.60920   4.49224     885   10
    35   4.91943   0.38251   1.84008    1327   15
    36   1.33101   1.25990   4.90639    1550   15
    37   4.15879   1.17720   2.27884    1103   15
    38   4.08026   2.72174   1.30482    1406   15
    39   5.48907   1.28022   5.38536    2053   20
    40   4.73962   2.78363   2.19772    1584   18
    41   0.33976   1.76601   3.61816     999   14
    42   3.09680   1.68979   6.05552    2249   21
    43   5.62596   2.03425   6.24364     632   13
    44   5.12737   1.21893   0.43273    1344   15
    45   0.60116   1.09280   2.14031    1101   12
    46   4.18158   0.67592   2.70763    2224   18
    47   4.09857   0.79462   3.13077     957   13
    48   4.86814   2.23666   2.68461    1870   17
    49   3.84273   1.30142   3.85041    1146   17
    50   1.06094   0.26295   4.27424    1591   16
    51   3.89968   0.79971   0.49760    1633   16
    52   0.64547   1.78745   2.96808     983   13
    53   2.86577   1.73512   1.57755    2005   18
    54   0.67926   0.78505   5.59971    1023   15
    55   3.73135   2.20226   3.38392     758   12
    56   1.66305   1.72963   1.91190    1732   19
    57   6.07848   1.61863   1.18282    1675   18
    58   4.10864   1.18658   5.45976    1646   14
    59   5.84110   2.21362   0.69429    1004   14
    60   5.76967   2.16860   3.04230    1238   18
    61   4.59789   1.40401   1.18428    1260   13
    62   3.37554   1.35070   4.52274    1089   14
    63   0.71589   2.10526   2.41356    1733   16
    64   5.64428   0.91571   0.59782    1408   15
    65   6.21598   1.45665   0.70208    1740   17
    66   1.55406   0.94538   5.41341    2071   16
    67   1.79382   1.04854   4.84034    1379   15
    68   0.47125   1.12983   0.09516     934   13
    69   6.16479   2.59569   5.10111    2012   18
    70   2.71253   2.33087   2.01213    1804   18
    71   1.94925   0.36222   5.00901    1320   14
    72   3.25484   1.76215   1.40770    1359   16
    73   3.89455   0.97660   5.93376    1137   14
    74   5.06296   1.50465   5.01879    1157   13
    75   3.68556   1.82317   3.46931    1173   14
    76   0.89669   2.26193   1.46925    1233   16
    77   2.55967   2.76612   5.05356    1581   14
    78   3.97778   1.98898   4.08975    1090   14
    79   5.07845   2.24199   5.36133    1609   16
    80   5.13007   0.85469   0.18867    1279   14
    81   0.53746   1.32798   0.23621    1040   12
    82   0.20171   2.36132   0.50219    1024   13
    83   5.69677   0.86504   0.28788    1956   18
    84   0.51573   1.61661   2.14801    1249   14
    85   1.60520   0.24748   4.22109     787   13
    86   2.65792   1.76775   0.43068    1344   13
    87   1.82808   2.35659   5.83713    1589   18
    88   1.59186   0.37433   3.35335    1057   13
    89   3.93920   1.46677   3.29677    1705   16
    90   2.72402   1.41042   3.42907    1085   14
    91   4.44539   2.31127   2.24001    1668   16
    92   3.56217   0.97725   6.12878    1078   15
    93   4.52376   0.85514   1.57078    1016   11
    94   6.13044   1.47815   2.99553     909   12
    95   4.48106   2.99817   5.74444    1091   14
    96   1.01096   2.39130   0.52945    1076   16
    97   0.97546   1.55603   0.19113     872   11
    98   2.19168   0.50643   5.71065     829   12
    99   3.82189   0.44618   3.61228    1004   12
   100   4.90287   1.06079   5.42366    1037   12
   101   2.15256   1.62216   0.91590    1136   15
   102   3.55902   1.50249   2.77305    1473   15
   103   1.59800   2.22649   0.90643    1390   15
   104   4.03885   0.84503   1.72757    1138   15
   105   2.28575   2.05955   1.80974     908   14
   106   0.16953   2.02276   1.85793    1317   13
   107   2.92312   1.28256   2.95854    1273   14
   108   1.93053   0.69210   2.56104    1567   15
   109   2.81398   0.52816   6.03242    1655   18
   110   2.35064   1.63591   6.19577     657   12
   111   1.64842   2.51368   0.99799     967   13
   112   5.22967   0.88788   1.22379    1543   17
   113   0.33541   2.59320   2.71495    1384   15
   114   2.62476   2.58654   2.54763    1458   14
   115   2.85156   0.94274   4.24538     952   13
   116   6.06378   1.37675   1.79847    1306   14
   117   5.48907   1.28022   5.38536    1133   17
   118   2.44854   2.78603   2.93062    1215   16
   119   1.82767   1.76031   2.23156    1727   17
   120   4.47826   0.49770   0.06589    1758   16
   121   0.89168   0.60233   5.91460     998   15
   122   2.86960   0.83943   1.95474     966   12
   123   1.12052   0.34294   2.80345    1280   16
   124   4.66590   1.48529   2.87026    1691   17
   125   0.94635   1.15609   3.02829    1758   18
   126   5.12737   1.21893   0.43273     593   13
   127   1.58538   1.79790   0.12162    2318   19
   128   3.30850   2.28404   4.02172     806   11
   129   2.52822   2.02478   0.69133    1308   13
   130   3.72704   0.84676   1.70376    1359   18
   131   5.33952   0.42789   3.66201    1042   11
   132   1.72003   1.34326   2.50022     900   14
   133   2.44432   0.63791   0.63458    1198   13
   134   5.32810   2.01260   1.70838    1424   17
   135   0.60292   2.66909   4.47850     938   10
   136   4.95684   1.15875   1.68233    1594   17
   137   5.43972   2.12955   4.01668    1144   13
   138   3.75146   1.24057   1.08108    1302   14
   139   1.17459   1.27355   1.52942     917   12
   140   0.95216   1.15514   5.55205    1286   16
   141   0.13109   0.76378   0.69479    1226   16
   142   0.86903   2.00097   0.82986    1473   19
   143   5.93562   0.56986   0.83172     885   11
   144   2.91846   2.37906   2.92253    1706   15
   145   0.86835   1.44755   3.16080    1579   19
   146   4.36864   2.51705   1.24006    1241   15
   147   3.59769   2.36641   1.67524    1288   15
   148   1.92468   1.61342   0.41018    1523   19
   149   0.25118   2.68821   3.30321    1146   15
   150   4.54750   1.34176   5.35980    1268   18
   151   3.66400   0.67631   5.80458    1184   13
   152   3.76543   1.94813   6.08560    1172   11
   153   4.21322   1.76219   1.92056    1465   14
   154   3.80370   2.51371   0.73583    1936   17
   155   1.57830   1.34246   3.80862    1758   19
   156   0.97979   1.59751   3.22034    1372   15
   157   5.83599   1.77127   4.52371    2315   19
   158   0.04781   1.67306   4.17793    1658   15
   159   3.59948   2.06599   1.09725     742   12
   160   5.01197   1.22712   2.46065     661   11
   161   2.74640   1.57113   5.62170    1909   18
   162   6.24401   0.89358   3.51422    1682   17
   163   3.34355   1.37317   4.21520    2041   17
   164   2.51949   1.01482   4.06303    1774   17
   165   2.11268   0.90243   0.99112     686   10
   166   0.64489   2.26222   0.31264    1271   14
   167   2.15809   0.80777   2.85431    1066   13
   168   3.59910   0.63367   4.45435     821   11
   169   0.81405   0.38577   4.22580    1421   15
   170   5.75797   1.74900   1.60552    1110   15
   171   2.06821   2.42250   0.18658    1706   18
   172   2.09347   2.05168   0.08010    2861   21
   173   3.85385   1.45488   0.98520    1635   15
   174   3.22485   1.47593   2.45841    1126   15
   175   5.85691   1.87424   4.01444    1502   17
   176   6.01313   0.83769   3.95556    1272   16
   177   4.79208   0.97155   1.40618    2080   20
   178   1.92698   1.62664   0.32631     730    9
   179   0.78437   1.36035   5.97806     691   11
   180   2.52292   2.75737   2.56327    1264   15
   181   3.16712   0.49534   2.52532    2326   19
   182   5.81628   1.46692   3.46865    1363   16
   183   4.42313   2.20102   3.42891    1108   15
   184   0.84087   2.81702   4.02071    1181   15
   185   1.42885   2.38947   5.26685     964   13
   186   5.33959   1.79817   4.84589    1067   12
   187   0.41559   2.31923   2.81968    1959   17
   188   2.03746   0.76002   2.68657    1111   13
   189   4.07993   2.60262   1.14828    1263   13
   190   3.54853   2.95187   5.31304    1765   17
   191   2.16249   1.82834   2.20206    2008   19
   192   1.62854   1.92509   5.04903    1281   15
   193   4.24112   0.13407   2.64233    2204   19
   194   6.25510   0.15825   1.07015    1021   14
   195   4.33205   1.64988   5.48963     939   12
   196   5.59207   2.70824   3.79614    1577   19
   197   2.82683   2.74710   0.49914    1416   16