     1   0.00000   0.00000   0.00000       0    0
     2   0.00000   0.00000   0.00000     741   11
     3   5.94550   1.71153   3.14784    2602   15
     4   4.51404   1.64089   4.54975    2451   19
     5   3.03583   3.00774   0.10474    2843   18
     6   4.39437   1.48283   3.08554     337    8
     7   4.51370   1.55926   4.72855    1917   17
     8   1.81259   0.14752   1.08814    1297   16
     9   4.49254   1.55920   1.51906     602   10
    10   2.76449   1.65651   3.20684    1642   15
    11   5.47005   3.05394   2.60129    1065   12
    12   2.78092   1.60554   6.27203    1187   13
    13   1.26849   1.72974   4.82823     425   10
    14   1.33064   1.62364   1.72763     689   10
    15   1.29754   1.58026   3.08702     408    9
    16   5.74359   3.07281   1.25067    2102   18
    17   1.32108   1.50509   1.72694     833   12
    18   2.79085   1.65688   3.27295     933   11
    19   4.99726   3.06109   3.68734    1435   14
    20   0.05051   3.10449   1.79958     644   11
    21   6.06957   1.49348   4.64934    3768   22
    22   2.78092   1.60554   6.27203     575    8
    23   6.08222   1.62141   3.02123     905   12
    24   1.37793   1.62111   3.14165    2349   18
    25   6.02291   1.61590   1.40216    1727   17
    26   0.55454   0.07672   2.17441    1376   19
    27   2.79175   1.45368   1.69258    1286   17
    28   5.94952   1.65638   3.19574     880   15
    29   2.78092   1.60554   6.27203     943   15
    30   2.76582   1.59266   3.20815     842   10
    31   0.61447   0.06819   0.76768    5378   25
    32   2.76068   1.47603   3.24712     919    9
    33   1.44267   0.06112   6.02316     410    9
    34   4.44178   1.44917   1.57032    3444   19
    35   2.84790   1.65562   4.70852    4851   23
    36   6.00683   1.55866   1.60712     514   12
    37   1.30707   1.65703   4.73378     717   10
    38   2.71139   1.56623   3.30390    1357   17
    39   5.85365   1.69766   3.06554     730   11
    40   6.04082   3.06564   6.21385    2719   21
    41   4.48442   1.61125   3.16376    1271   13
    42   2.00606   3.06624   5.36429     970   15
    43   0.55454   0.07672   2.17441     501   10
    44   2.85096   1.63982   1.62909     504    7
    45   2.78092   1.60554   6.27203    1745   15
    46   2.74605   1.56201   1.61952     633    9
    47   1.17002   1.59390   1.53063     532    9
    48   1.33045   1.62871   3.17640     293    6
    49   6.03995   1.56901   6.27355     372   11
    50   0.25645   0.16723   2.47940     684   13
    51   2.85330   1.53572   3.14526     355    7
    52   2.92126   1.55094   0.06202    3876   20
    53   5.56016   3.05393   5.82629    2359   17
    54   0.11788   0.17514   5.86968    1485   16
    55   6.09010   1.61808   1.54780     838   14
    56   3.68127   0.04368   5.54857    3684   22
    57   1.37899   1.57834   0.05216    1306   17
    58   0.11914   0.14988   1.25152     317    5
    59   1.89886   3.09605   2.09472    3755   21
    60   6.00851   1.61201   4.69775     578   11
    61   1.36328   1.74146   4.68835     848   11
    62   3.30466   0.08903   1.02881     292    7
    63   2.20316   0.09550   0.56886    1679   17
    64   2.70012   3.04185   2.98262     273    8
    65   0.71750   0.13321   2.09432    1276   16
    66   1.19357   1.56449   4.66266    1234   12
    67   0.64280   0.21507   3.85491    1031   14
    68   5.71294   0.09588   1.77064     750   11
    69   1.24383   1.65675   3.14133    2983   22
    70   2.01570   3.12803   0.71488    2516   16
    71   0.12976   0.12655   4.40300    3096   18
    72   3.59927   3.05312   0.79397     575   11
    73   4.43780   1.50492   1.53209     930   13
    74   3.33451   2.98313   5.17952     619   10
    75   5.71294   0.09588   1.77064     604   13
    76   4.34372   1.51289   3.12061     737   12
    77   4.31530   1.45996   6.15070     809   10
    78   2.73312   1.50640   0.07201     720   12
    79   1.36121   1.57132   3.13643    2071   17
    80   4.41586   1.50843   3.21188     607   10
    81   6.09165   1.62754   1.62794     431    8
    82   2.71691   1.42107   4.77934    1126   15
    83   0.55454   0.07672   2.17441     935    9
    84   1.33045   1.62871   3.17640     614    7
    85   2.72309   1.64808   3.17923    4475   24
    86   4.52746   1.44076   4.55713    1519   13
    87   2.81499   1.56532   0.01332     469    9
    88   5.92570   1.59281   0.03879     595   11
    89   3.59927   3.05312   0.79397     523    8
    90   4.45566   1.59071   6.27679     756   12
    91   5.97554   1.71829   4.56229     590   12
    92   2.78092   1.60554   6.27203     947   11
    93   1.32959   1.59403   1.49042     644   11
    94   2.85937   1.52488   1.74732    1148   13
    95   1.33045   1.62871   3.17640     722   12
    96   2.80496   1.61353   1.65592     374    8
    97   4.51806   1.62685   6.25809    2759   21
    98   2.77128   1.52384   4.84959    1035   13
    99   1.26849   1.72974   4.82823    1609   16
   100   5.95432   1.49606   0.04373     409    8
   101   5.92639   1.61582   6.26341    1772   16
   102   5.89657   1.64251   0.06639     339    7
   103   6.09010   1.61808   1.54780     900   10
   104   2.78092   1.60554   6.27203     327   10
   105   6.00851   1.61201   4.69775     540    8
   106   1.36791   1.59605   6.27414     813   12
   107   1.14248   1.56844   6.22074    1732   16
   108   3.50744   3.03647   3.80895     801   11
   109   4.41586   1.50843   3.21188    1218   16
   110   5.96457   1.59656   1.61423     969   10
   111   1.25927   1.61754   3.18600     876   16
   112   1.82698   3.08471   5.28430     684    9
   113   5.93757   1.59547   3.13347    1128   14
   114   2.64235   0.06340   0.17183    2243   18
   115   2.83402   1.59110   3.26249     772   13
   116   1.07217   0.15260   3.29940    1931   13
   117   6.08601   1.71712   3.04915     635   12
   118   4.44178   1.44917   1.57032    2460   16
   119   5.99817   1.51398   3.21919    2666   18
   120   1.24278   1.68984   4.62479     404   11
   121   2.80561   1.42638   3.22252    2043   13
   122   5.92880   1.69545   6.23331    1682   13
   123   1.30942   1.57169   4.78512    1501   16
   124   6.04781   0.09396   4.65798    4205   24
   125   4.48777   3.03209   3.19186    2688   19
   126   4.44178   1.44917   1.57032    1311   15
   127   0.29587   0.17862   5.70609     582   11
   128   3.82184   3.04518   4.04642    3219   24
   129   2.77195   1.59854   3.16228    1213   13
   130   2.78092   1.60554   6.27203    3447   20
   131   1.27688   1.62827   4.74731     498    9
   132   5.04561   2.96714   2.14469     739   12
   133   2.89024   1.50255   3.19653    3908   17
   134   2.78092   1.60554   6.27203     257    7
   135   2.93722   1.51928   4.71605    4468   28
   136   5.89162   1.71167   4.65736     463   13
   137   2.85937   1.52488   1.74732     882    9
   138   2.75555   1.58727   0.06291     952   11
   139   0.46969   3.07848   2.46831    1183   14
   140   4.45377   1.48493   2.99343    2233   17
   141   2.62110   0.09314   5.02183    4607   19
   142   6.01721   1.53621   4.77401    4160   19
   143   1.31299   1.54839   6.24115     503   10
   144   2.80941   1.42127   3.27712    1393   17
   145   3.08211   3.11241   1.89220    2426   19
   146   1.36515   1.50707   3.14949    2301   17
   147   4.09354   3.04860   4.36463     865   17
   148   1.17593   1.63810   0.06231    1407   13
   149   4.31360   1.58346   4.54978    4749   24
   150   2.76582   1.59266   3.20815     935   12
   151   1.29752   1.63875   1.64526    2897   19
   152   1.29243   1.50812   1.60137     717   10
   153   5.88788   1.50098   4.71292    1702   17
   154   4.16862   3.02079   2.83769    1653   12
   155   6.15681   0.06018   3.02031    1024   15
   156   4.52542   1.41118   1.66561     722   12
   157   1.48778   3.06468   5.03156    3272   22
   158   5.51922   3.06854   1.15259     287    6
   159   1.21239   1.66981   3.05777     480    9
   160   2.91062   1.52021   1.54147    2012   16
   161   6.00874   1.64473   2.97336     680   12
   162   5.50913   0.09304   5.10840    4101   23
   163   1.36328   1.74146   4.68835     343    8
   164   5.91485   1.66256   4.68226    1986   16
   165   1.26246   1.50675   1.52268    1390   14
   166   4.40347   1.40628   3.08672    3347   21
   167   1.34461   1.63165   0.08371    1412   13
   168   4.06758   3.09808   1.16094     399   10
   169   5.86539   1.71497   4.66026    2871   24
   170   1.29754   1.58026   3.08702     781   12
   171   1.19138   1.52025   6.24812     441    9
   172   4.43721   1.62286   6.25361    2322   20
   173   2.75418   3.04386   2.96177    3269   22
   174   1.37908   1.61115   4.71599    2938   23
   175   2.71854   1.56893   4.88568    4275   25
   176   1.27317   1.71532   3.22986    1562   13