     1   0.00000   0.00000   0.00000       0    0
     2   3.41569   2.92739   4.57683     693   12
     3   0.62487   0.25534   1.42021    1294   14
     4   0.75458   0.32522   2.78229     316    8
     5   5.19654   1.50459   6.09557    3400   22
     6   0.34177   0.21957   3.29896     702   13
     7   0.51128   1.88848   6.21632     638   11
     8   0.55609   1.88668   0.04130    2941   19
     9   3.42067   2.95501   1.37847     907   14
    10   0.50331   1.69749   4.75547    3352   21
    11   0.36186   1.84387   4.62482    1648   15
    12   3.41569   2.92739   4.57683    1100   12
    13   0.41233   1.70995   4.59240     424   11
    14   0.74343   0.22051   4.35428    4678   23
    15   5.08997   1.53729   2.91287     482    7
    16   2.01422   1.55112   1.85116     701   10
    17   0.40203   1.90068   4.69062     900   13
    18   0.70114   0.15538   3.02249    1437   16
    19   3.49206   1.36892   4.78088    3020   19
    20   3.54931   1.40822   4.71220     483    8
    21   0.48490   1.68298   1.53452    2223   18
    22   3.54931   1.40822   4.71220     482   10
    23   0.48540   0.28535   4.71776    4004   19
    24   5.19836   1.57293   6.18107    4896   20
    25   3.15301   2.80454   2.68698    5244   28
    26   5.27538   1.63114   2.86411    1895   22
    27   3.49734   1.35585   3.14548     768   12
    28   3.58811   2.93864   3.01686     844   11
    29   0.61862   0.13298   3.09527    1261   14
    30   3.50724   1.23094   3.12227    1269   16
    31   0.50394   1.75447   3.21655     569   11
    32   3.63288   1.37013   6.15337     423   10
    33   5.09116   1.61718   4.39078     311    7
    34   1.09499   0.18176   3.97120     394   10
    35   5.11413   1.54203   4.41206     389    9
    36   5.18597   1.43115   6.14242     431   10
    37   3.43986   2.85582   1.48022    1654   16
    38   0.73352   0.18829   6.08435     812   12
    39   3.61683   1.29297   4.78970    1507   12
    40   3.10632   2.82611   1.15672    4910   23
    41   3.71974   2.80713   0.07576     711   11
    42   0.40945   1.77288   0.09756     788   14
    43   0.60737   1.72898   1.53915    1249   13
    44   5.14111   1.48347   4.43106     634   11
    45   2.07011   1.45898   3.36577     626   11
    46   5.27443   1.47854   6.05065    1468   14
    47   2.07011   1.45898   3.36577     449    9
    48   3.48125   1.33542   0.11341    1120   14
    49   5.09662   1.69332   1.27256    1334   14
    50   3.94219   2.97234   1.80803     696   11
    51   3.65606   1.28527   4.66018    1987   19
    52   5.18597   1.43115   6.14242     634   11
    53   3.41569   2.92739   4.57683     753   11
    54   3.36333   2.90465   4.35520     536   13
    55   0.01679   0.25804   0.54685    1984   18
    56   5.17918   1.52005   5.99796    1328   14
    57   5.10865   1.48094   4.47618    4239   24
    58   5.24045   1.64830   6.07970    1488   13
    59   2.07011   1.45898   3.36577     632    9
    60   5.17224   1.63727   2.98156     389    9
    61   0.40945   1.77288   0.09756     675    8
    62   3.43243   2.93988   1.36329    3590   18
    63   1.97305   1.46063   0.17022    1552   15
    64   3.72160   1.32727   3.10050    3704   22
    65   3.32016   2.88658   1.32131    2336   16
    66   3.54576   1.33940   3.23077     967   11
    67   0.31376   0.23119   1.62539    1335   12
    68   3.72676   2.99464   1.64356     640   12
    69   6.19803   0.22594   5.33565     691   13
    70   2.17733   1.65674   1.73990    1000   14
    71   4.17751   2.96623   5.26477    1884   16
    72   0.46420   1.82872   0.11427    2054   17
    73   0.51252   1.76772   0.07711    2461   21
    74   2.08232   1.62099   3.42491    1122    9
    75   3.76093   1.26730   1.53174     831   12
    76   0.87584   0.26711   5.78700     513    9
    77   0.58141   1.70690   3.06513    2029   16
    78   0.46555   0.24943   1.61075    3556   22
    79   0.10763   0.31928   3.52783    1342   13
    80   3.41569   2.92739   4.57683     464    8
    81   1.99592   1.61059   3.32489    1700   16
    82   3.99497   2.87677   0.34694     775   12
    83   0.38329   1.79975   1.60722     784    9
    84   1.94057   1.48300   0.07904     231    7
    85   5.22912   1.65772   2.91492    1811   14
    86   2.07011   1.45898   3.36577     263    8
    87   5.14561   1.54709   1.21688    1330   14
    88   2.09094   1.59284   4.91401    1623   16
    89   3.60931   1.26723   3.03319    4088   26
    90   4.44501   2.96820   0.79564    1944   16
    91   5.09620   1.57055   1.31147    1597   18
    92   0.38670   1.80991   1.49541     444   10
    93   0.55853   1.78258   3.18058     265    4
    94   0.41615   1.89367   4.70862    3199   21
    95   3.41569   2.92739   4.57683     325    8
    96   6.22621   0.26634   5.11825     253    7
    97   3.65606   1.28527   4.66018     985   13
    98   0.51067   1.80698   3.19961    2295   16
    99   1.94057   1.48300   0.07904     336   10
   100   5.24399   1.58725   6.09590    4800   22
   101   2.04738   1.62185   4.86615    4522   21
   102   0.84335   0.24862   2.73932    3795   26
   103   3.41389   2.80432   1.41816    1585   13
   104   3.59977   1.36936   6.17434     682   11
   105   6.22621   0.26634   5.11825    1274   12
   106   3.62341   1.41196   1.64274     491   11
   107   5.32724   1.50410   2.89313    1100   15
   108   0.50394   1.75447   3.21655     449   10
   109   5.12295   1.52719   6.04940    4475   22
   110   2.12568   1.46016   0.20467     726   13
   111   3.67952   2.81039   4.67201     708    9
   112   6.26851   0.22686   2.05031    1621   17
   113   3.68482   1.39390   6.21257    1098   12
   114   5.17092   1.44820   4.50737    1413   14
   115   3.61579   1.42777   6.26428     677    9
   116   4.18342   2.95099   3.72291     794   12
   117   3.55751   3.02597   1.50365    1234   17
   118   3.77282   1.30139   2.97814    1795   16
   119   5.18835   1.56018   1.32794    1582   18
   120   5.18597   1.43115   6.14242    1093   16
   121   0.48206   1.82934   1.65685     601   14
   122   3.63288   1.37013   6.15337     549   11
   123   0.55396   0.22930   4.76293    1277   14
   124   5.28593   1.68034   2.89696    1703   13
   125   3.68482   1.39390   6.21257     820   13
   126   3.45649   2.82162   1.44055    2085   17
   127   1.03510   0.19852   2.56056    1974   14
   128   2.07011   1.45898   3.36577     612    9
   129   5.30639   1.69680   4.49123     655    9
   130   5.24045   1.64830   6.07970     679   12
   131   0.87584   0.26711   5.78700     539   10
   132   1.11463   0.22735   4.19789    4118   22
   133   0.53588   1.87388   3.26005     374    7
   134   5.23283   1.51275   6.07317    4668   23
   135   1.98093   1.53846   1.67782    2608   15
   136   0.55796   1.84195   1.53739     627   10
   137   0.46955   1.76676   1.57864    5401   24
   138   3.41569   2.92739   4.57683     466   10
   139   5.24045   1.64830   6.07970     631   10
   140   2.00538   1.51925   0.18008    1072   12
   141   2.10498   1.61221   1.77665    1521   11
   142   2.12137   1.64600   1.71266     566   12
   143   5.16418   1.57513   2.98205     648   12
   144   0.92438   0.20109   5.85490    3509   23
   145   2.07011   1.45898   3.36577     421   10
   146   0.46305   1.74090   0.08963    2442   18
   147   2.03065   1.43676   3.39116    1994   13
   148   0.08605   0.32601   5.14106    2524   18
   149   0.36998   1.81856   4.59332     481    8
   150   3.60453   1.43431   4.60996    1153   16
   151   1.94057   1.48300   0.07904    2245   20
   152   5.13398   1.68197   1.24575     529   12
   153   0.70114   0.15538   3.02249    3106   20
   154   3.53198   2.88958   1.56076    2607   18
   155   2.17733   1.65674   1.73990     890   13
   156   2.15835   1.50800   1.83355     321    9
   157   0.38329   1.79975   1.60722    3526   18
   158   3.51223   1.36628   1.58065    1552   17
   159   3.60075   1.46294   1.52960     787   12
   160   3.75106   1.32035   3.14919    1562   17
   161   2.16456   1.43906   3.38990    1545   15
   162   3.51481   1.30214   3.17759     841   11
   163   5.16844   1.55442   4.38943    2046   18
   164   5.18357   1.57202   4.42592    1281   16
   165   3.30165   2.91997   4.43976    1063   12
   166   0.43033   0.26423   6.27107    2768   18
   167   0.50394   1.75447   3.21655    3579   20
   168   5.19116   1.47836   6.06405    2679   17
   169   2.01415   1.46039   4.88504    3144   19