     1   0.00000   0.00000   0.00000       0    0
     2   1.22071   1.95037   0.23228    6689   32
     3   2.66337   2.38365   1.71298     131    7
     4   6.28288   1.60003   4.89544     262    6
     5   4.86726   1.71949   2.18080    1407   19
     6   1.21657   0.88488   0.86758    2943   26
     7   4.04001   1.85880   3.70205    1816   19
     8   1.70133   0.66275   0.68727      63    7
     9   2.35364   1.82441   2.39795      92    7
    10   3.09491   1.31821   2.84614       7    1
    11   2.44352   2.34790   4.31275      36    5
    12   3.57084   1.59220   4.85445      39    4
    13   6.06885   1.25437   5.04143     706   17
    14   1.52203   2.30106   0.63925     489   12
    15   0.50254   1.71638   5.23747    2612   26
    16   5.27349   2.39785   2.04640     453   10
    17   2.96937   2.06746   6.11040     336    8
    18   5.46545   1.52884   4.19270     111    6
    19   5.84022   0.17202   3.14280    3579   18
    20   5.61882   2.37257   3.64731    3173   24
    21   5.13185   2.64665   2.45249    4529   21
    22   2.67009   1.31885   4.38582    1499   21
    23   0.93181   1.15361   3.72137    1596   14
    24   1.89496   2.55844   1.44949     313   11
    25   4.64182   1.92236   4.77151    3331   23
    26   3.37761   1.37425   5.33938      15    1
    27   2.48869   1.34316   5.93387     881   14
    28   4.53671   1.88561   3.66742     105    6
    29   4.13756   1.38268   2.39188      47    6
    30   1.44749   2.06221   5.69850     788   16
    31   3.09491   1.31821   2.84614     645   12
    32   4.43282   1.18670   1.35811     148    8
    33   6.05923   1.53542   4.78936     257    9
    34   4.22928   0.22757   3.70950     915    7
    35   2.71051   0.86051   5.46591     763   13
    36   4.06936   1.02685   0.92783     657   12
    37   3.13752   1.96330   3.64379      50    7
    38   4.45909   2.02692   4.88413    1429   17
    39   5.48261   1.53571   1.38135    1610   16
    40   4.60987   0.48122   1.61468      72    5
    41   3.10863   2.92844   3.95501     415   11
    42   0.58588   1.96554   2.20782     960   17
    43   5.53295   0.55027   2.32484       9    2
    44   0.79038   2.24615   4.66751     338   10
    45   6.03756   2.91362   5.39453    1442   13
    46   2.08327   0.84038   1.80504      24    5
    47   1.14124   1.75656   3.51935     420    9
    48   5.96898   1.06524   5.39227     287    6
    49   4.89746   2.85961   0.25789    1064   17
    50   4.29209   1.32524   2.65355      97    6
    51   4.04001   1.85880   3.70205     128    7
    52   3.54651   2.20047   0.95859     690    9
    53   2.66391   0.73864   1.59317     833   14
    54   5.07194   2.23222   0.71095     483   11
    55   1.09955   2.54146   6.11464     246    8
    56   5.28936   0.36819   4.94098    2509   21
    57   2.76567   1.10180   5.59862     259   10
    58   4.69258   1.78064   3.91369      18    1
    59   2.24269   0.82791   4.96510     546   16
    60   6.08932   1.72524   5.76479     496    8
    61   4.85345   1.11482   3.26306     145    6
    62   5.53295   0.55027   2.32484      38    6
    63   1.71578   1.41590   1.17312     687   11
    64   1.52203   2.30106   0.63925      14    1
    65   4.66005   1.89839   4.21147     769    8
    66   3.53001   0.52811   4.28300     577   10
    67   4.81203   1.55814   4.22693    1122   13
    68   6.10956   1.00038   1.83556     487   11
    69   1.48086   1.37270   5.94181       1    1
    70   4.24430   1.54442   5.21744      11    1
    71   4.32353   2.47262   5.28332    1791   21
    72   4.10179   2.62869   0.66258     331    7
    73   2.68654   1.66868   5.87084      50    1
    74   2.57009   0.79194   3.02166    1866   16
    75   0.88640   0.83250   5.03028     380   12
    76   5.70177   1.29595   1.17943      54    4
    77   5.00800   0.78843   6.24831     178    7
    78   0.78607   1.76432   2.04463   24578   63
    79   4.24430   1.54442   5.21744     133    5
    80   0.65508   1.71609   1.72782     362    8
    81   2.59874   1.59166   3.42970      47    5
    82   0.47948   0.73772   0.50660     626    9
    83   0.73796   1.60858   4.31840     227    7
    84   2.91790   2.28149   5.24369     903   11
    85   0.62981   1.99561   4.66641     594   16
    86   3.71571   2.65216   5.08220    1533   17
    87   2.68405   0.39700   4.65809    2056   26
    88   0.17407   0.76643   3.86204      97    6
    89   2.15995   0.95042   6.08473     834   15
    90   1.06454   0.51155   0.67615     111    6
    91   4.72105   1.31721   0.17233     601   12
    92   5.35275   0.80562   0.25717    1584   17
    93   1.22071   1.95037   0.23228       1    1
    94   3.66906   1.49561   1.16962     170    8
    95   1.50940   2.27302   3.08795     171    7
    96   3.20898   1.87719   5.87475     181    9
    97   2.06803   1.82328   2.81600       1    1
    98   1.10033   0.44657   1.34294    2039   16
    99   5.54551   1.55955   5.73374     666   12
   100   2.06803   1.82328   2.81600       8    1
   101   1.09157   1.30513   5.56259     458   12
   102   5.84022   0.17202   3.14280      20    2
   103   2.94283   0.87736   2.62848     116    6
   104   4.94585   1.18103   0.94771    1254   11
   105   2.30262   0.79610   5.18670     256    8
   106   1.36132   1.90115   1.71129       4    1
   107   4.21867   0.63859   5.39410     200    4
   108   1.54074   1.69542   2.08871       1    1
   109   3.10863   2.92844   3.95501       2    1
   110   2.31484   1.66723   3.36106     822   13
   111   4.56362   1.93655   0.72212     175    7
   112   4.50212   1.23057   3.93092      51    5
   113   0.81728   1.49883   4.06834      27    5
   114   1.89674   0.59611   5.65800      89    6
   115   5.62791   1.03975   1.00696      36    5
   116   3.61742   1.19780   3.80995    2429   25
   117   1.13055   0.98529   0.16276     833    9
   118   1.83156   2.92251   0.44446     461    7
   119   0.41323   0.31090   3.83616     101    5
   120   0.84853   2.54319   4.78100     510   11
   121   3.01998   1.96824   3.87166    6811   28
   122   2.80074   0.22308   3.66808    9984   31
   123   3.48047   0.72143   5.17675      22    1
   124   3.44654   1.80831   0.43302      91    6
   125   4.14498   0.64833   1.18712     168    6
   126   0.37226   2.23850   5.27000     189    9
   127   4.97854   1.37424   0.05284     818    9
   128   2.74230   2.07596   3.52878     374    8
   129   1.90058   0.88518   1.32760     754   16
   130   5.95647   0.30414   2.60618      30    6
   131   1.44159   1.27663   6.09618     183    6
   132   2.79853   2.38634   0.13921    8639   32
   133   3.53075   1.80897   3.26249      94    5
   134   4.58124   0.97379   5.92129    1383   13
   135   1.54074   1.69542   2.08871     104    7
   136   1.93068   1.56087   4.54503      25    5
   137   0.10686   1.22047   3.55950    4034   18
   138   0.95898   1.12973   1.97700    2462   19
   139   1.86081   1.64546   3.49404    2251   13
   140   1.39624   2.04552   0.17453     230    9
   141   2.65803   1.53436   1.56853    5765   27
   142   1.78035   0.71003   1.11063      79    4
   143   1.32278   0.74491   1.22905     268   12
   144   0.80147   0.71928   6.17972      18    5
   145   3.65546   2.75111   3.00782     205    7
   146   5.27564   2.75323   1.14369     229    6
   147   2.20018   0.83067   4.46374     478   12
   148   0.22741   1.91532   2.48430     239    8
   149   2.28597   1.57475   2.02072    2103   21
   150   2.71990   0.88728   0.98917     553   14
   151   3.06316   1.07995   4.97297     359   12
   152   4.86483   1.44409   1.55351     311    9
   153   2.49867   1.48245   1.56104     112    9
   154   5.58461   2.58523   2.29210     348   10
   155   5.80230   1.49382   0.32018     167    9
   156   2.05855   2.23452   5.32945     850   14
   157   0.73042   1.73789   4.55507     176    7
   158   3.51148   0.25389   0.46251    2894   16
   159   1.36723   1.33376   5.20165     637   15
   160   2.03833   2.38928   3.15422     453   12
   161   1.60023   2.48824   3.09293     371    9
   162   0.43696   0.90726   3.58457      39    5
   163   0.72640   2.11851   2.55353    2899   21
   164   4.03773   1.64455   5.01616     194    9
   165   1.63722   2.23498   5.82242     732   12
   166   6.13072   1.11623   4.56431    8755   34
   167   0.20665   1.20008   1.64677     107    6
   168   3.36165   0.95797   2.76034    3173   29
   169   2.14326   2.12481   2.07091       6    1
   170   2.02805   2.24279   3.52535     445   14
   171   3.63719   1.21894   3.60186     452   13
   172   3.23049   2.07831   0.78229    1660   19
   173   3.44000   2.50170   2.43625     154    8
   174   4.20699   1.65834   1.13771     102    5
   175   5.44572   1.89295   3.96690     409    8
   176   3.46485   1.01976   4.81997    2529   16
   177   2.92802   1.93014   3.99472    5878   32
   178   2.82804   1.95266   5.27514      17    5
   179   3.18045   1.44449   5.23001      33    4
   180   2.02718   2.14485   4.20608      60    4
   181   4.55475   1.47967   2.54510       3    1
   182   4.43456   1.53767   1.59352      47    3
   183   3.37761   1.37425   5.33938       9    1
   184   5.18658   1.24839   3.82341    1130   12
   185   3.60841   0.60564   4.02593       5    2
   186   0.88585   1.90196   4.42787     586   10
   187   4.24430   1.54442   5.21744      16    1
   188   6.18099   0.98356   4.79393     786   14
   189   2.05387   1.41911   5.12236     509   10
   190   0.16163   1.89853   1.23591      87    6
   191   4.93425   2.59383   1.62918   37641   78
   192   3.37761   1.37425   5.33938      65    4
   193   1.52203   2.30106   0.63925       1    1
   194   3.17404   0.89730   2.39925      65    5
   195   2.46551   2.51158   3.58205    1910   15
   196   2.14326   2.12481   2.07091     350   11
   197   0.43941   1.90575   1.26861    6714   21
   198   3.37761   1.37425   5.33938      43    6
   199   3.54990   1.93596   4.48897     598   13
   200   3.45524   1.86892   3.94123      38    1
   201   5.52677   0.70859   1.30079     541   14
   202   1.85677   1.88883   5.32841     320    9
   203   5.85913   2.44332   1.76026     497   11
   204   4.24258   1.40831   2.62463   17551   47