     1   0.00000   0.00000   0.00000       0    0
     2   0.51082   1.81749   2.13449    1777   17
     3   5.41544   2.06625   0.34496    1065   14
     4   3.24908   0.90460   2.08482    1725   17
     5   3.95877   2.76913   1.50172    1108   13
     6   0.62039   1.29614   3.24753    1258   16
     7   5.30486   1.05228   1.16669     796    9
     8   0.76255   1.51872   5.81338     793   14
     9   2.42858   0.84052   5.95174    1208   14
    10   0.47653   1.62400   6.27901    1064   14
    11   5.71200   1.97112   0.15688    1225   15
    12   1.63977   2.08447   0.33601     983   15
    13   3.11791   2.19088   0.82025     702   10
    14   0.53271   1.39851   5.32299    1581   19
    15   3.88294   1.28676   5.11448    1570   17
    16   2.86062   0.84088   2.31965     931   16
    17   2.81678   2.40469   1.37667    2416   21
    18   2.45387   0.88671   3.94276     556    8
    19   2.14839   0.85597   0.49409     788   12
    20   3.14124   1.58470   3.47012     786   11
    21   5.12140   2.80566   3.91218    1607   15
    22   3.88632   1.87853   0.64544    1320   14
    23   6.24568   2.49423   3.51123    1080   14
    24   2.53366   2.19913   0.80103    1146   16
    25   3.38800   1.52392   0.42993    2092   16
    26   1.46932   0.63738   5.13064     608   13
    27   1.36523   1.81291   2.95644    1373   15
    28   3.36228   0.73517   2.21528    1541   14
    29   2.99359   1.23855   4.97654     644   10
    30   5.60815   1.19076   0.30767    1560   16
    31   5.35823   1.79169   5.37264     890   15
    32   2.64176   0.74303   2.48163     804   10
    33   1.40451   1.33628   3.32442    1245   13
    34   1.36838   0.89619   4.40260     743   13
    35   4.49310   1.71014   6.09934    1241   14
    36   1.14527   1.46885   1.78843     885    9
    37   5.94184   2.32238   5.36685    1282   15
    38   0.22821   2.02893   5.72824    1107   12
    39   3.26398   1.67048   4.25910    1208   15
    40   2.18855   0.94984   5.49695     807   13
    41   0.17467   1.68073   3.33612    1912   18
    42   3.90575   2.42452   6.16816    1737   18
    43   3.29285   1.08331   4.95330    1349   13
    44   0.01231   0.82058   5.06370     960   11
    45   5.23792   1.76215   0.47778    1317   13
    46   1.06122   0.84814   4.34808     762   12
    47   2.19332   0.82272   4.80781    1875   16
    48   3.94384   2.68658   6.14546    2124   15
    49   4.05418   1.18545   4.99751    1765   14
    50   1.25455   1.33140   1.82647    1275   15
    51   2.97990   0.52047   6.22181     973   12
    52   2.21219   1.98081   5.73426    1613   14
    53   5.81595   0.81938   0.41457    1647   12
    54   2.94830   1.47475   3.57488     884   14
    55   2.59233   1.62398   5.93772     745   13
    56   5.91002   1.71377   5.50657     937   14
    57   3.88155   1.78573   5.76267    2077   17
    58   1.81370   0.95025   5.08019    1442   15
    59   3.61475   1.62281   0.52099    1217   14
    60   1.22691   2.90200   4.39679    1090   17
    61   0.33267   2.40621   1.00180    1280   15
    62   5.36088   1.18698   4.39071    1490   15
    63   5.61689   0.84598   5.91801    1430   17
    64   4.51920   1.86709   4.06318    1824   17
    65   0.68657   1.12027   1.39383    1325   13
    66   4.16299   0.60732   0.46110    1198   11
    67   1.72370   1.59614   2.27518     954   12
    68   3.32427   2.66460   1.73141     794   13
    69   2.43194   0.94967   2.91046     784   13
    70   3.92556   2.48402   1.56912    1361   17
    71   1.55906   1.12538   4.08723    1802   15
    72   3.01496   0.95838   1.40723    1125   15
    73   5.62550   2.23895   2.91723    2524   17
    74   3.47123   2.29550   2.05043    1652   19
    75   3.94243   2.04056   0.19521    1873   15
    76   4.86585   0.75631   3.80553    1313   16
    77   2.04702   0.11399   0.99249    1468   13
    78   2.13598   2.65763   1.39511    1559   15
    79   2.45842   1.82406   1.85932    1555   17
    80   5.48388   1.30489   3.60025    1353   18
    81   2.47504   2.32614   0.95351    1282   14
    82   3.25422   0.64093   5.52272    1203   14
    83   2.64650   1.53588   4.97142    1265   17
    84   6.21269   1.32605   0.93792    1728   17
    85   3.40234   0.21354   0.50511    1880   16
    86   6.16605   2.79335   0.60617    1815   15
    87   5.65731   2.08189   5.26296    1524   17
    88   0.00183   2.15618   1.87195     972   13
    89   4.72057   0.58671   2.04742    1144   16
    90   2.31759   1.24813   4.54313    1548   14
    91   2.89583   2.08366   3.18038    1312   17
    92   0.61178   1.51905   1.50138    1265   15
    93   4.10631   2.74041   1.96638     810   11
    94   5.32483   2.15983   5.78520    1399   13
    95   0.48461   2.11526   5.70211    1479   15
    96   4.83686   1.19393   0.71282    1073   15
    97   6.06698   1.34668   1.74929    1582   17
    98   0.85809   2.20884   0.59298    1147   15
    99   0.78117   2.03346   3.48947    2014   18
   100   6.23531   0.63429   6.05450    1082   14
   101   0.86105   2.25274   3.64727    1241   15
   102   2.53997   2.18338   0.80531    1297   16
   103   0.40028   2.23756   1.45037    1231   13
   104   4.86496   1.78004   6.18175    1575   16
   105   0.58684   1.39434   1.94292    1050   11
   106   0.25509   1.40709   5.07271    1265   16
   107   5.95069   1.23317   5.93215    1434   14
   108   2.83116   2.25422   3.98462    1001   13
   109   4.43962   1.05379   3.62310    1489   18
   110   1.05397   1.06854   2.28806     999   12
   111   6.08378   2.11230   4.07074    1478   13
   112   0.89258   1.49844   1.11487    2029   19
   113   5.92419   1.48786   5.45168    1422   14
   114   4.06627   1.42899   2.89890    1229   14
   115   4.05177   0.87225   1.66721    1181   15
   116   4.54323   2.38678   0.36247    1466   16
   117   3.05769   1.42108   1.06932     846   10
   118   4.28463   2.12350   0.10924    1914   20
   119   5.11123   0.27367   2.90743    1113   14
   120   5.81573   1.58525   6.03331    1976   18
   121   1.63528   0.99699   0.74919    1260   16
   122   4.89207   1.95082   2.69702    1383   13
   123   3.19158   0.78688   3.02302    1897   18
   124   1.95983   2.39876   4.11151    1862   14
   125   1.52373   2.02508   1.74813    1327   13
   126   1.80284   1.05302   2.67429    1155   16
   127   6.16226   0.72075   1.07534     574    9
   128   1.36631   0.15420   4.43642    1410   14
   129   2.21866   1.74965   5.53804    1262   17
   130   4.27002   0.27187   0.44968    1611   16
   131   5.35336   0.96132   0.56223    1111   12
   132   0.80729   2.35394   4.86236    1078   14
   133   2.10303   2.27129   2.50554    1396   15
   134   3.06876   0.98931   4.03303    1812   19
   135   3.32589   0.79588   2.10374    1040   12
   136   5.39524   2.67973   0.67757    1813   17
   137   5.30657   1.63298   5.48790     904   15
   138   4.59344   2.36850   1.63965     664   12
   139   1.57563   1.71203   4.63194     976   15
   140   0.05266   1.43043   5.68576    1151   16
   141   0.62267   1.36794   4.43266    1173   13
   142   3.52257   1.33217   5.27265    1582   16
   143   2.52600   1.57066   0.29028    1093   14
   144   2.80327   2.76998   5.20814    1288   13
   145   3.17259   2.20204   2.13143    2168   20
   146   2.39214   2.78642   4.82196    1390   17
   147   1.91421   2.44361   4.29711    2235   20
   148   0.09226   0.61345   2.99214     641    9
   149   4.85819   1.74658   3.44148     754   12
   150   5.99307   1.06491   5.20846     841   10
   151   2.51439   0.77910   4.64965    2345   17
   152   5.10395   2.60533   4.19264     914   13
   153   0.42168   2.35909   5.72985     967   14
   154   1.43566   1.19515   2.68787    1325   14
   155   1.77920   2.23277   1.53393    1292   18
   156   2.37529   2.78047   0.55718    1665   16
   157   4.69097   1.21827   0.77617    1410   16
   158   2.99783   2.61130   1.63250    1602   14
   159   2.17976   1.28541   4.10977    1173   13
   160   2.39804   1.32079   4.08292    1038   12
   161   0.53059   1.58201   4.80518     898   12
   162   4.42086   2.81863   1.83729    1281   16
   163   3.99236   2.26316   2.59226    2218   16
   164   0.79106   0.91681   0.48276    1260   13
   165   0.28375   2.45445   2.33685     554   11
   166   2.02463   0.57914   1.50246    1406   15
   167   1.84574   0.96756   4.83361    1543   17
   168   1.85921   0.38324   3.94983    1625   16
   169   0.49861   1.19562   0.90331     859   13
   170   2.57470   1.29165   5.02893    1357   16
   171   4.82978   2.13539   3.45011    1029   15
   172   1.97253   2.51215   2.22945    1673   17
   173   3.55146   1.56319   2.54695    1916   20
   174   6.05615   0.83334   0.27657     935   12
   175   1.80889   1.89990   0.17414    1208   13
   176   2.28926   1.96283   1.39260    1520   17
   177   1.39383   1.71630   2.03413     857   11
   178   2.86289   1.87754   5.78231     850   12
   179   1.13907   2.76987   6.22170    1932   15
   180   3.94595   1.00929   5.32036     983   14
   181   6.13411   1.16021   0.34095    1011   14
   182   2.23420   2.95627   3.48814    1085   12
   183   1.01909   2.29213   6.13740    1275   16
   184   3.70089   1.51638   3.09527    1896   20
   185   3.64492   1.33919   2.44284    1716   18
   186   5.16936   0.93261   5.33462    1569   19
   187   0.07429   1.82133   0.58596    1139   15
   188   6.04420   2.11191   2.74054    1238   15
   189   3.28570   1.98992   1.28629    1548   18
   190   3.49718   1.38608   3.54339    1140   15
   191   6.23373   0.21611   0.66026    1193   12
   192   6.13227   1.31070   3.05653    1149   14
   193   2.40430   1.14691   4.15003    1010   13
   194   0.30479   2.84614   5.42231    1590   16
   195   0.35068   2.64248   0.79046     938   14
   196   0.71728   2.52599   0.78739    1554   15
   197   1.46448   2.61638   4.19553    1226   15
   198   0.83257   1.53527   0.87838    1534   16
   199   6.10154   1.02975   3.81181     956   12
   200   1.88004   0.74720   5.43970    2251   20