     1   0.00000   0.00000   0.00000       0    0
     2   3.73013   2.70038   0.18617     469   11
     3   3.48563   1.36230   3.10673     706    8
     4   3.31509   1.34343   0.08181    1933   18
     5   5.01733   1.58295   6.06522    2450   18
     6   3.48563   1.36230   3.10673     824   14
     7   3.49585   1.15393   0.04144    2009   17
     8   3.19454   2.86709   1.41755     582   11
     9   3.51271   2.87380   3.19354     557   11
    10   3.50678   1.33162   6.25834    1148   15
    11   0.32390   1.92767   1.54746    3443   20
    12   4.98793   1.60962   1.27601    2660   20
    13   0.36258   1.89375   6.19322     990   11
    14   1.91122   1.60707   3.44157     505   12
    15   0.40886   0.33299   2.97590     675   12
    16   3.64806   2.87901   4.92998     974   12
    17   4.98140   1.61034   2.72888    4218   26
    18   3.51959   2.83213   6.27949    1233   13
    19   6.09552   0.24824   2.04706     498   10
    20   3.43833   1.17642   3.22165    1789   17
    21   5.06703   1.66373   2.83511     456    9
    22   1.84519   1.68981   0.29989    1627   14
    23   0.24585   1.80978   0.01793     284   10
    24   0.28989   1.90885   1.61693    4217   25
    25   0.46971   0.24201   4.50856     715   12
    26   4.89588   1.65150   4.34989    2227   19
    27   3.35631   2.77508   3.14628     942   16
    28   3.55428   1.29590   1.47491    3322   25
    29   1.76666   1.58293   1.98796     989   12
    30   0.28375   1.87973   3.13626     699    9
    31   3.51721   1.24432   1.57509     411    8
    32   4.96232   1.65700   2.73586    1575   14
    33   3.48563   1.36230   3.10673     595   11
    34   1.94814   1.53768   3.40761     314    9
    35   6.08925   0.21129   5.13330    2656   25
    36   0.41781   1.90011   3.10345    3509   23
    37   1.87127   1.53034   1.80306    1008   13
    38   3.30481   2.91648   6.22228    3043   18
    39   0.02127   0.38081   3.44334     691   12
    40   1.93607   1.61807   4.96509    1559   19
    41   0.37452   0.29458   3.15399    4215   23
    42   3.67159   2.90050   5.03755     404    9
    43   3.33455   2.85506   1.55881     591   12
    44   3.17913   2.78285   4.40098     724    9
    45   0.32833   1.84169   4.59207    1029   14
    46   5.07264   1.66610   2.92145     695   14
    47   0.39767   1.84085   6.18248    2908   21
    48   5.15249   1.50039   1.35325     436   13
    49   0.68771   0.34513   5.92892     447    9
    50   1.80943   1.55219   4.93587     408    6
    51   0.24585   1.80978   0.01793     303    9
    52   4.95991   1.69573   4.33936    4658   19
    53   3.48563   1.36230   3.10673     753   13
    54   0.23249   1.97101   3.10982     813   13
    55   0.37253   0.30708   0.05388     978   13
    56   0.30295   0.31481   6.27181    1024   14
    57   3.59447   2.73296   0.26005     825   15
    58   0.30094   0.20823   6.25298    3820   24
    59   3.17605   2.79840   2.94227    4404   27
    60   0.26627   1.97623   3.13157    1114   13
    61   3.48194   1.27673   4.70795     723   12
    62   3.56120   2.86445   0.21942     729   10
    63   5.00757   1.57784   2.79429    3269   24
    64   5.00783   1.56309   1.20364     798   12
    65   5.05376   1.59566   1.40013     539   11
    66   0.36117   1.91435   4.72705    2201   21
    67   1.86849   1.59725   0.28943     797   12
    68   4.98575   1.51963   5.99346     863   10
    69   5.10810   1.54542   1.28735    2097   13
    70   1.92473   1.62222   0.42588    1423   13
    71   0.14311   0.30447   0.09609     485    8
    72   0.29989   0.27672   3.20889    1094   11
    73   3.35108   1.29018   6.25041     233    9
    74   0.48234   0.18349   6.19519    3137   21
    75   4.94761   1.52585   4.53097    1414   17
    76   4.97297   1.58526   4.41967     615   10
    77   6.25921   0.24172   0.21678    1276   15
    78   0.06704   0.28632   4.90797    1585   14
    79   4.94404   1.60198   6.09840    1146   17
    80   0.41781   1.90011   3.10345     515   11
    81   0.28074   0.22767   4.70127    2185   18
    82   0.34092   1.80525   4.77917     795   16
    83   0.37417   1.85303   1.66055    1950   16
    84   3.62432   2.73523   4.80476     622   10
    85   0.24585   1.80978   0.01793    3043   21
    86   0.33144   1.86229   1.44724    1049   14
    87   1.89710   1.55739   0.32468     652   13
    88   0.36508   0.22524   6.14040     649   12
    89   2.91044   2.93104   2.61690     341    9
    90   0.24585   1.80978   0.01793     823   10
    91   3.55224   1.16132   3.03430    3209   21
    92   0.21523   0.36032   1.66254     657   10
    93   3.10171   2.79331   5.98280     671   12
    94   3.47918   1.33184   6.26182     434    8
    95   3.10913   2.75762   1.20383    2931   20
    96   0.31553   1.92456   1.49012     586    9
    97   0.24113   0.23784   4.69512    1328   14
    98   5.03451   1.44667   5.97928    1011   17
    99   3.37854   1.24425   1.45071     449   11
   100   5.10525   1.60058   1.29972    1259   13
   101   3.34379   2.81231   1.52820     582   10
   102   1.74508   1.52114   4.94540     320   10
   103   0.34480   0.34727   4.60275    2347   20
   104   4.98306   1.61779   1.23599     441    9
   105   3.41998   1.22876   3.20075     385    9
   106   0.34366   0.29464   6.17817     831   11
   107   1.83770   1.45360   1.83263     520   11
   108   3.32519   1.25038   4.67613    4546   18
   109   5.08022   1.57095   5.89116    1214   14
   110   1.76384   1.51084   3.42716    1577   16
   111   3.56120   2.86445   0.21942     337    9
   112   6.11486   0.19459   3.58637     455   11
   113   4.91738   1.59910   1.31709     751   11
   114   3.48210   1.33422   6.21575     548   10
   115   0.28859   1.91752   1.48248     889   16
   116   0.26255   1.92346   4.60563     525    9
   117   2.85154   2.95406   4.21438     827   10
   118   1.78330   1.69640   0.33104    2528   16
   119   0.06171   0.41468   1.85832    1172   13
   120   4.98306   1.61779   1.23599     772   13
   121   0.13404   0.42528   0.20064    3161   20
   122   1.77950   1.60153   0.20629     385    8
   123   3.48563   1.36230   3.10673     999   15
   124   3.59103   2.72907   1.77477     874   13
   125   0.39767   1.84085   6.18248     579   10
   126   1.78380   1.57403   0.20534     399    7
   127   0.10050   0.42783   4.86333    1394   14
   128   3.40478   1.19748   0.02717     342    8
   129   1.81723   1.64086   1.76571    5027   26
   130   5.10201   1.60052   4.37966     334    8
   131   1.76003   1.61713   0.20892     636   11
   132   4.94404   1.60198   6.09840    3294   21
   133   5.01745   1.57771   4.28059     394    9
   134   0.04157   0.27037   3.48308    1666   16
   135   0.44264   0.43168   6.03484     912   16
   136   0.27204   1.82543   4.70016    3278   18
   137   4.95213   1.55656   4.47394     466   10
   138   3.56114   2.91666   4.86531     459   10
   139   0.02127   0.38081   3.44334     687   11
   140   5.05424   1.63607   5.87065    1755   14
   141   4.97602   1.65996   2.86824    3484   23
   142   4.89980   1.54131   2.96348    1367   16
   143   3.22899   2.83822   1.33870    3770   20
   144   0.21557   0.18918   0.02432     967   15
   145   0.31009   1.85861   3.11309    1029   12
   146   0.41532   1.87752   6.24557    1334   12
   147   3.37400   2.89671   1.42024     415   12
   148   1.84005   1.68775   5.00199    2930   21
   149   3.55382   1.35867   4.69990    1182   17
   150   5.08890   1.57568   5.93686    2173   22
   151   0.18137   1.74761   1.63595    2174   22
   152   3.38478   1.25216   6.27426    1126   14
   153   3.36540   1.32040   6.27855    1624   17
   154   3.41808   2.83851   6.16834    1529   19
   155   0.23556   1.98157   0.02461    4373   27
   156   0.02127   0.38081   3.44334     427    8
   157   1.94089   1.58847   0.18405    1469   16
   158   0.42285   0.29148   4.55633    1215   13
   159   4.96419   1.58710   2.72882     873   14
   160   0.31312   1.93232   4.74539    1277   11
   161   3.66381   2.79599   0.20192    1855   14
   162   0.50281   0.35878   2.98070     372   11
   163   0.23963   0.33671   6.27676    1196   12
   164   4.98294   1.58786   2.85923     577   11
   165   0.17960   1.98983   4.64108    1310   12
   166   0.33835   1.88626   4.69850    1497   15
   167   3.48061   1.23279   3.03528    1174   11
   168   5.00546   1.51844   2.90864    4101   22
   169   0.41532   1.87752   6.24557    1661   15
   170   0.60484   0.38488   2.90105     963   11
   171   3.32700   1.28695   3.12069     419    9
   172   3.37854   1.24425   1.45071     806   12
   173   0.34075   1.77689   3.02677    1893   15
   174   0.18137   1.74761   1.63595    1088   15
   175   3.54717   1.37676   4.67190    2124   18
   176   1.83308   1.54925   0.32566    1019   12
   177   1.88852   1.54260   3.33711     665   10
   178   0.33695   0.20903   1.65838    2870   18
   179   3.41366   1.33152   1.61796    1298   15
   180   3.34368   1.25288   0.01571    5068   26
   181   3.67159   2.90050   5.03755    1740   18
   182   0.38597   1.81985   4.63781     455   12
   183   0.16863   1.92540   1.49390    2202   21
   184   3.34535   1.27040   1.65242    1790   16
   185   0.63595   0.30339   5.96671    2021   17