     1   0.00000   0.00000   0.00000       0    0
     2   6.20705   2.11138   4.11196    3237   13
     3   4.82667   1.19309   4.32642    3641   14
     4   4.81331   1.10001   4.23479    2285   12
     5   6.21492   1.91026   0.98760    2151   10
     6   6.15395   2.05113   1.05518    5448   16
     7   1.73116   2.00189   5.25085    3007   13
     8   3.01390   1.03987   5.14433    4378   15
     9   4.75961   1.22210   4.32528    3847   16
    10   3.02112   1.12754   3.76868    3510   14
    11   4.97718   1.05047   4.14926    5761   17
    12   1.71338   2.01137   3.56074    3215   13
    13   4.89808   1.06422   2.48319    2578   12
    14   4.07119   2.53843   5.56884    3387   12
    15   4.05159   2.49814   0.89820    2954   14
    16   4.03853   2.53442   0.75506    4680   14
    17   0.01340   2.07103   4.13486    5484   16
    18   6.21492   1.91026   0.98760    3056   16
    19   1.72730   1.89114   5.25698    3236   14
    20   1.61373   1.97644   1.99651    5306   18
    21   1.72034   1.88586   3.75215    4390   13
    22   5.01590   1.05954   0.94236    4021   15
    23   4.82872   1.03869   5.88293    5655   18
    24   0.85470   0.74460   0.65439    3801   16
    25   1.67742   2.02941   3.54890    2680   11
    26   0.69105   0.68200   3.95934    3658   14
    27   3.16634   1.04834   0.50118    4958   18
    28   0.77658   0.66779   3.94940    5816   18
    29   1.79973   2.02912   5.31364    4434   14
    30   6.12622   1.89039   4.27920    2948   12
    31   1.63924   1.94362   3.70628    4656   16
    32   0.92580   0.72269   0.67049    2398   10
    33   4.08235   2.38888   0.81780    5122   16
    34   2.97877   0.98669   5.27165    5364   17
    35   4.91493   1.23157   2.57931    4280   15
    36   6.13718   1.98247   2.70298    3765   13
    37   6.12246   1.93282   1.07993    3526   12
    38   3.84260   2.51497   0.62058    3608   14
    39   6.21492   1.91026   0.98760    3090   14
    40   4.79833   1.23155   1.00490    2540   15
    41   4.75305   1.14162   4.15261    3553   13
    42   6.10906   2.04847   5.65984    3330   14
    43   6.20772   2.08329   2.73552    5020   16
    44   1.62081   1.95447   1.96236    4142   13
    45   0.96174   0.64373   0.66164    4285   14
    46   4.91682   1.14427   4.24377    4721   18
    47   1.66169   1.93040   2.12376    3575   13
    48   6.21492   1.91026   0.98760    2239   11
    49   1.69853   1.90354   0.63621    2771   11
    50   4.91046   1.15525   1.01135    4124   19
    51   3.04645   1.15818   3.63783    5509   16
    52   4.81661   1.03097   5.71659    4373   16
    53   0.88903   0.52587   3.98314    4334   13
    54   4.91682   1.14427   4.24377    3211   14
    55   3.02541   0.99413   0.40818    4048   17
    56   1.04178   0.69750   0.65406    4103   14
    57   1.62847   2.03226   2.10162    2843   10
    58   0.77994   0.68837   0.96246    3719   13
    59   4.02241   2.43491   3.97194    4290   15
    60   1.74714   2.07531   3.69442    3498   12
    61   2.96707   1.12980   0.56009    3112   14
    62   3.04959   1.21519   0.37387    3982   15
    63   4.79073   1.17217   2.62108    3353   11
    64   0.74520   0.78412   0.87072    4309   15
    65   0.81917   0.71842   5.51273    5153   17
    66   0.95981   0.75575   2.35626    4583   15
    67   3.16874   0.99136   3.59315    3204   12
    68   1.80538   1.94460   0.54387    4889   17