     1   0.00000   0.00000   0.00000       0    0
     2   0.86332   1.66522   3.89016    1678   16
     3   5.39566   2.79548   1.46119    1834   17
     4   0.18943   2.45875   0.66897    1254   13
     5   0.07874   1.01941   3.25115     962   11
     6   6.21591   1.22621   4.92731    1003   11
     7   2.54043   1.04403   1.03794    1010   12
     8   0.09549   2.22004   2.79562     933   13
     9   3.32949   1.46139   4.77503    1678   15
    10   0.70829   1.16486   4.93202    1869   15
    11   1.79432   0.52559   4.38425    1614   17
    12   0.04232   2.67797   1.93946     650   11
    13   6.08737   2.44467   0.29581    1651   17
    14   1.41544   2.62952   2.79315    1082   16
    15   3.40118   2.29987   5.09030     851   14
    16   3.86131   1.09053   3.39654    1215   13
    17   1.11588   1.07331   1.49272    1430   15
    18   2.40553   2.10794   2.83920    1942   16
    19   2.99693   2.61683   3.19741     945   11
    20   2.23124   0.90610   5.99626    1061   15
    21   1.83590   2.33185   1.47074    1247   13
    22   2.18608   1.39462   5.91122    1246   15
    23   1.90671   1.57092   2.32562    1161   12
    24   0.97530   1.94142   4.94717    1560   18
    25   6.12146   0.40291   3.95075    1065   14
    26   2.07209   1.66785   2.46841    1730   19
    27   5.80600   0.73275   3.62910    1128   12
    28   2.70349   2.45956   6.05304    1247   14
    29   2.18759   2.11221   0.94170    1731   17
    30   1.45874   1.44383   1.78704    1012   13
    31   4.68409   0.70477   2.26079     883   14
    32   4.14261   1.10731   2.70248    1574   18
    33   2.27771   2.37443   4.28740    1061   14
    34   6.07497   0.67948   5.58285     803    9
    35   3.86491   1.65779   3.23203    1166   16
    36   5.90392   2.41358   3.74172    2618   21
    37   2.07556   1.15078   0.22426     949   14
    38   4.52731   1.78862   5.72117    1035   14
    39   5.14067   1.93913   5.16663    1432   13
    40   3.94820   2.03780   5.50356     824   13
    41   3.23477   0.69770   0.76550    1374   16
    42   0.37171   0.66314   4.32341     835   15
    43   1.15897   2.43953   0.37785    1365   15
    44   5.17386   1.91498   1.06249    1447   16
    45   0.58818   1.19327   1.73336    1238   16
    46   5.66789   1.31480   5.22479    1548   18
    47   1.93730   0.68579   5.36897    2125   18
    48   5.39043   0.47957   5.27264    1258   16
    49   1.92156   1.32325   3.33760    1075   12
    50   5.53077   1.62299   0.56787    1531   15
    51   4.42257   2.43185   5.58864    1617   17
    52   4.39033   2.60325   1.71078    1011   12
    53   0.82092   1.35612   3.19283     893   12
    54   2.28649   2.04249   0.51321    1339   18
    55   5.90332   1.12892   1.32542    2083   18
    56   1.30607   0.57963   4.96698    1232   15
    57   2.32516   1.64092   2.45826    1011   15
    58   2.21318   2.51422   5.53770    1167   14
    59   1.23414   0.36693   5.31750     750   13
    60   2.66672   0.84392   0.89175     934   13
    61   3.71405   0.94058   3.46113    1145   15
    62   3.47487   1.54750   0.83239    1434   16
    63   2.66052   2.16594   5.35470    1370   15
    64   4.79643   1.77742   6.00063    1287   16
    65   3.36868   1.54913   3.76916    1500   18
    66   4.38446   0.32094   4.96510    1505   15
    67   1.43259   2.17288   5.47677    1108   13
    68   2.42585   0.98234   3.28933    1414   17
    69   0.40182   1.96314   5.01521    1484   13
    70   2.10758   2.40614   5.92078    1456   17
    71   2.60675   2.01484   5.65693    1147   13
    72   3.56356   2.43979   1.14866     953   10
    73   0.95958   0.63451   5.37842    1649   17
    74   5.84670   1.26598   0.00294    1096   17
    75   3.25615   1.75598   4.00809    1154   17
    76   5.27673   0.21830   3.03453    1023   12
    77   2.59172   1.72713   5.76606    1413   13
    78   1.69325   2.63189   2.96403     786   11
    79   2.26151   0.88442   2.13752    1368   15
    80   6.20658   2.26651   2.35336     885   12
    81   0.70650   1.59736   2.36319    1347   19
    82   0.94897   1.38358   1.21116     870   11
    83   1.12088   0.87216   5.76074     998   14
    84   3.48971   1.77873   0.29601    2261   16
    85   1.08377   0.56878   3.16605    1157   14
    86   0.91847   1.28098   4.73668    1885   17
    87   5.84359   1.35795   3.87772     858   11
    88   0.29666   1.48206   0.89947    1192   17
    89   2.40796   2.78733   5.48800    1574   16
    90   3.94690   2.28715   2.85632    1023   11
    91   1.15519   0.78492   4.07299     988   12
    92   5.12771   2.90045   2.48626    1202   13
    93   5.70868   2.39236   0.77970    1526   17
    94   3.71700   1.72682   2.48228    1331   13
    95   5.72726   0.81034   4.62297     906   13
    96   3.85897   0.86045   3.69717    1153   14
    97   4.94563   1.13584   2.28558    1768   15
    98   5.70964   1.91017   5.72694    1266   14
    99   3.69572   2.34164   3.85765    1142   14
   100   3.51445   0.58854   2.52827    1044   14
   101   5.30795   2.48400   1.52768     866   13
   102   3.00920   1.03115   4.16741    1409   16
   103   0.29898   1.59756   3.73322    1642   15
   104   3.39239   2.15728   0.67479    2247   17
   105   2.82757   1.91447   3.28586    1227   15
   106   3.53930   2.68460   1.74331     817   10
   107   2.90786   1.66776   5.86048    1856   16
   108   5.65453   0.97417   5.66394    1865   20
   109   3.83239   2.38937   4.13942     944   13
   110   5.38926   2.74667   1.37426    1436   15
   111   5.81882   1.31982   0.79104    1118   13
   112   0.37075   1.65153   1.81940     952   14
   113   4.87527   2.02440   3.30415    1468   13
   114   5.40412   1.78435   2.71611    1257   16
   115   5.68080   1.87903   2.53315    1273   16
   116   4.27002   0.65994   4.28185    1799   16
   117   1.06486   1.15529   4.71261    1172   15
   118   0.59359   1.04761   0.93954    1219   14
   119   3.95628   2.29076   2.84136    1047   15
   120   1.86520   0.54746   3.67877     655   12
   121   3.69505   2.16010   0.43348     825   13
   122   1.65456   1.17597   1.14763    1988   17
   123   5.78303   1.62244   5.58881    1520   15
   124   4.72973   0.81124   4.56470    2086   17
   125   5.87225   2.06910   0.86730    1262   15
   126   0.83549   1.25153   0.26201     879   13
   127   3.53021   2.07197   4.96217    1048   15
   128   0.01945   2.19363   0.66786    1287   15
   129   1.14167   1.62131   1.67751    1060   13
   130   6.24070   0.49007   4.38034    1725   18
   131   4.15461   1.35044   2.50927    1204   14
   132   0.50032   0.24797   5.01703    1141   13
   133   4.20317   0.92223   4.15362    1108   13
   134   3.04065   2.37366   4.10158     759   10
   135   2.38101   2.18456   0.02736    1097   15
   136   1.02192   1.07649   3.44652    1354   14
   137   2.91900   1.55832   1.59290    1186   12
   138   0.35372   1.73006   1.92666    1655   17
   139   3.80098   0.66329   6.11460     828   12
   140   6.08130   1.68645   2.93182    1116   17
   141   5.18295   0.45653   4.36382    1399   15
   142   2.35116   1.21469   0.60502    1005   15
   143   0.01709   1.71983   2.51625     902   12
   144   3.69146   1.34606   5.14549    1006   14
   145   4.46120   1.71148   4.38153    1494   15
   146   3.87415   0.97664   2.59351    1718   17
   147   3.46089   2.94771   4.36831    2173   20
   148   2.60753   0.73303   4.94246    1281   12
   149   1.89157   1.43766   4.63907    1242   14
   150   0.91650   2.09944   4.41026    1643   14
   151   6.14593   1.64445   1.69148    1279   13
   152   0.09549   2.22004   2.79562     930   10
   153   4.80003   2.64602   1.31930    1131   14
   154   1.65072   2.42376   2.00357    1224   13
   155   3.63943   2.50478   5.07042    1512   17
   156   0.18473   1.50380   0.61402    1462   17
   157   2.93511   1.62110   3.14977    1920   16
   158   3.28930   0.62365   5.46877    2339   16
   159   2.01110   1.54202   3.75584    1917   16
   160   2.26181   1.98616   0.89059    2065   20
   161   2.19103   2.67509   1.98065     707   11
   162   5.98720   1.61297   4.57191     862   13
   163   1.53458   2.93034   1.09487    1481   14
   164   2.12998   0.48150   2.40198    1637   18
   165   1.29252   1.35229   3.95965    1759   17
   166   0.82721   0.84151   3.22703     708    9
   167   3.96761   2.04715   5.69825    1249   15
   168   0.85578   0.95946   4.37605    1829   14
   169   5.46970   1.03617   3.15041    2006   17
   170   1.08890   0.74361   4.42256    1432   14
   171   2.74442   1.24375   2.70637    2087   19
   172   0.55611   0.76653   2.46932    1421   16
   173   2.68884   1.74291   0.38257    1433   13
   174   3.88860   0.92319   2.30429    2137   19
   175   5.40143   1.47309   6.15018    1300   12
   176   3.60600   0.74991   6.10954    1583   18
   177   0.36808   0.44776   1.29708    1252   13
   178   5.01684   0.67632   2.31005     403    9
   179   2.51038   2.11481   2.14024     533   10
   180   1.58910   1.71741   1.30734    1801   17
   181   1.33922   2.25141   0.68588    1902   14
   182   4.07839   1.85131   0.79750    2134   19
   183   0.36092   2.04188   5.55171     995   12
   184   0.30225   1.99301   2.45685    1044   15
   185   0.78551   1.27250   6.27578    1618   16
   186   4.75438   2.76538   1.80325    1230   14
   187   1.62804   2.09005   1.60485     848   12
   188   5.60771   1.16709   3.74125     711   11
   189   4.02251   2.16425   5.14633    1417   15
   190   5.04171   0.70793   0.15881    1069   11
   191   4.39232   1.34302   2.68208    1443   14
   192   2.10122   0.64399   4.10356    1762   16
   193   1.59059   1.94469   4.41185    2036   18
   194   0.01406   0.99522   0.74550    1028   14
   195   1.60564   2.16397   1.37939    1554   17
   196   0.60896   0.67986   4.50998    1230   12
   197   1.64633   0.58863   0.15373    1004   15
   198   2.72110   2.97443   3.57021    1615   18
   199   5.66165   2.16188   5.48928    2210   19