     1   0.00000   0.00000   0.00000       0    0
     2   3.77341   2.39996   5.86730    3074   13
     3   3.52589   2.32341   5.65847    3479   15
     4   3.68210   2.33386   4.20440    5035   17
     5   2.41990   1.17824   5.25127    3740   13
     6   1.17699   2.22280   1.98452    3446   15
     7   2.61214   1.16706   5.38711    2893   13
     8   2.51271   1.08476   2.15823    3824   16
     9   5.50456   1.93332   0.81753    4143   15
    10   5.76748   1.94517   5.69430    3518   14
    11   3.59335   2.37084   4.15553    2721   12
    12   2.56582   1.13178   3.73526    3666   14
    13   1.21952   2.18592   1.92911    5153   17
    14   2.50169   1.20027   5.38395    2690   14
    15   1.31182   2.08659   5.24991    5245   18
    16   0.59797   0.75812   5.19839    5007   15
    17   1.21952   2.18592   1.92911    4418   15
    18   3.57161   2.40517   4.06698    2682   12
    19   0.38344   0.75551   5.51939    4446   16
    20   1.07783   2.05867   3.58040    2976   14
    21   3.77697   2.43189   1.05548    4413   14
    22   4.24966   1.06560   2.64284    3131   13
    23   0.56265   0.84031   0.60244    4261   13
    24   5.71417   1.99591   5.78625    3236   16
    25   2.54758   1.09933   0.69444    5705   17
    26   1.07137   2.16729   0.43656    3891   17
    27   0.60078   0.67249   3.60929    3159   13
    28   1.28288   2.13076   0.38714    4055   15
    29   3.76933   2.36793   4.25249    4725   15
    30   3.85643   2.41695   4.25200    3235   14
    31   3.78982   2.41194   4.25502    4412   14
    32   4.24679   1.07153   1.22650    3459   14
    33   4.45054   1.00763   4.18787    5218   17
    34   5.67157   1.91231   4.15122    4061   13
    35   0.50975   0.74563   0.67288    5874   15
    36   4.36776   0.97584   0.95945    4420   16
    37   1.39047   2.15538   0.65982    3350   13
    38   4.28782   0.98938   1.11625    4846   18
    39   2.43562   1.20646   0.54049    3920   15
    40   0.50087   0.77537   0.54435    4525   16
    41   3.63874   2.37358   1.11516    2436   11
    42   5.61645   2.03337   4.12932    5329   16
    43   1.21952   2.18592   1.92911    3826   16
    44   2.44799   1.24827   0.72318    5305   18
    45   2.49735   1.08306   5.47942    4900   16
    46   5.73553   1.92953   0.91822    2717   12
    47   1.36933   2.12705   3.79884    5621   19
    48   0.58598   0.64809   2.07227    5116   16
    49   0.50741   0.65003   5.37138    4283   14
    50   3.61401   2.50191   2.63329    1976   10
    51   1.15009   2.17174   3.49429    4685   17
    52   4.23444   1.04054   2.77701    3344   11
    53   4.36776   0.97584   0.95945    3592   14
    54   3.63809   2.48764   5.67556    4774   17
    55   4.42724   1.11403   5.81214    3124   13
    56   2.33847   1.13729   3.87293    3215   15
    57   1.29008   2.17283   5.21645    3056   12
    58   0.40166   0.82424   0.63209    3230   14
    59   3.63874   2.37358   1.11516    3270   12
    60   1.21967   2.23464   2.11441    4707   15
    61   3.56333   2.29599   0.91324    3518   15
    62   5.69930   2.08187   5.63080    3388   14
    63   3.60438   2.37145   2.44023    4657   17
    64   2.40753   1.18079   3.72753    4336   14
    65   3.75909   2.47434   1.01954    2702   12
    66   4.42828   0.88460   2.68317    3657   17
    67   4.51787   0.94456   0.98862    5328   15