     1   0.00000   0.00000   0.00000       0    0
     2   6.07941   1.93395   4.17285    4928   23
     3   4.53437   1.16658   5.97198     755   10
     4   0.70446   0.46394   2.14523    2601   20
     5   2.84651   1.47130   2.16177    1820   16
     6   5.99501   1.78412   5.79902    1820   15
     7   5.98787   1.91663   1.04088    1245   12
     8   0.85063   0.65772   3.59397    2204   19
     9   1.55773   2.16712   1.92082    1367   15
    10   2.83256   1.35934   5.20013    1002   12
    11   0.66688   0.60607   5.30776    1472   12
    12   1.54885   2.08686   3.48266    2135   16
    13   4.15641   2.64553   2.74083     652   10
    14   6.01394   1.88329   5.73372    5352   19
    15   1.58820   2.12996   3.53773    1622   11
    16   1.38168   1.96888   4.95908    1032   12
    17   2.84431   1.45620   0.53283    2777   18
    18   6.02730   1.71469   2.51001     892   11
    19   2.86262   1.32131   3.58964     316    8
    20   6.03649   1.69112   1.04877    1125   10
    21   1.44451   1.95792   3.40780    1410   16
    22   2.90832   1.26490   3.64024    1531   14
    23   2.83704   1.31639   0.39966     602   12
    24   5.86137   1.85499   2.56161     456   10
    25   2.84659   1.35339   2.18616    4489   25
    26   3.86236   2.62987   1.02687    1061   11
    27   3.78300   2.61475   5.55043     459    9
    28   2.74518   1.32162   0.40568    1957   17
    29   4.04649   2.50335   1.26101    5325   27
    30   5.99267   1.75068   2.59844    2434   23
    31   4.64681   1.00807   4.43800     797   10
    32   4.40002   1.10388   4.58843    1392   14
    33   4.51173   1.14657   2.90232     330    8
    34   2.99122   1.39010   3.66344     702   14
    35   0.95639   0.56441   0.39182    1325   15
    36   4.54263   1.10303   5.88518     774   12
    37   4.47857   0.98154   1.45511    1812   19
    38   2.82756   1.28229   5.25173    1112   14
    39   4.56898   1.17287   1.19404     733   12
    40   1.33814   2.07310   3.38818     504    9
    41   2.99223   1.41643   0.40458    1499   13
    42   2.93817   1.31127   2.03371    1896   17
    43   2.81289   1.25198   2.21121    1070   12
    44   2.84353   1.35477   3.68234     704    9
    45   1.45728   2.14808   0.25527    2732   16
    46   2.86141   1.43566   0.59266    2019   15
    47   4.46304   1.15129   2.95207    2233   15
    48   1.40216   1.95498   3.38112    5196   21
    49   5.89205   1.71886   4.09329     508   10
    50   6.09445   1.88038   1.02959    4360   26
    51   2.93817   1.31127   2.03371     294    8
    52   1.51118   2.08809   1.97911     404    8
    53   0.66688   0.60607   5.30776     586    8
    54   5.99783   1.84101   1.14660    1686   14
    55   5.93163   1.69083   2.60522    1514   14
    56   5.89906   1.79598   4.21456    1645   14
    57   2.93817   1.31127   2.03371     526    9
    58   0.79294   0.69471   0.53359     702   12
    59   2.91443   1.32600   3.60885     528    7
    60   2.93023   1.22852   0.51711     862   12
    61   4.59084   0.99213   1.19604     459   10
    62   4.54148   1.09179   2.81684     904   12
    63   1.45609   2.02244   5.12339     522   10
    64   5.95598   1.70865   1.09933     569   14
    65   4.49955   1.12846   6.00877    2090   17
    66   5.89025   1.82159   2.58658     357    7
    67   4.61857   1.01728   1.36781     715   12
    68   4.61898   1.17209   4.48458    1297   15
    69   5.97157   1.78698   4.15261    3373   22
    70   1.46713   2.13287   1.87444    4947   23
    71   0.66688   0.60607   5.30776     362    8
    72   3.93527   2.46743   5.78329     777   12
    73   6.04871   1.94628   1.03183    4835   24
    74   6.02934   1.71581   1.07101    1337   13
    75   1.12113   0.57160   4.97426    3654   24
    76   5.86137   1.85499   2.56161     523    8
    77   6.03830   1.89038   4.17878    5429   26
    78   4.65555   1.11891   2.90563     734    9
    79   0.00000   0.00000   0.00000    2553   19
    80   5.89025   1.82159   2.58658     844   12
    81   2.84152   1.25969   5.34550     740   11
    82   0.66688   0.60607   5.30776     802   13
    83   2.80151   1.31951   1.96900    2064   17
    84   4.07219   2.59783   1.17529    3429   19
    85   1.03149   0.60557   0.28421    1318   16
    86   4.67615   1.09283   2.85543    1161   13
    87   1.31300   2.04356   1.83846     758   11
    88   0.95847   0.59604   2.02253     553    8
    89   0.97865   0.59822   5.05267     532   11
    90   4.63410   0.96060   2.80719    2062   17
    91   3.88480   2.65464   2.52217     842   12
    92   0.95847   0.59604   2.02253     589    9
    93   2.93822   1.28148   0.62017     827   11
    94   4.46304   1.15129   2.95207     413    9
    95   6.11365   1.81835   2.53439    1403   15
    96   4.54012   1.11471   1.21557    2226   17
    97   0.87241   0.58098   3.67290    2142   15
    98   4.15820   2.61064   6.07282    2964   17
    99   0.80432   0.46093   3.73086    1985   14
   100   0.86465   0.60818   0.45847     488    9
   101   0.95847   0.59604   2.02253    2004   17
   102   1.25006   2.01983   1.67556     381    9
   103   4.56119   1.07929   4.56843    1444   15
   104   1.10515   0.58460   1.92912    2022   17
   105   4.53006   1.18684   5.97759     689   10
   106   5.89025   1.82159   2.58658     469   10
   107   0.89822   0.56700   1.94772    2276   19
   108   1.55773   2.16712   1.92082     411   10
   109   2.99284   1.35963   5.24804    1683   15
   110   2.74040   1.22691   5.15557    5562   25
   111   1.32370   2.09304   0.28039    2218   12
   112   5.89025   1.82159   2.58658     656   11
   113   1.41718   1.95209   1.84647    1185   14
   114   0.96463   0.43363   1.94584    4454   25
   115   1.40726   2.15770   0.35462     548    9
   116   1.43477   2.11077   1.92241    1307   15
   117   1.33814   2.07310   3.38818     522   10
   118   0.88897   0.54125   2.10680    2155   14
   119   1.29962   2.16879   4.81969     958   12
   120   4.22440   2.60135   4.34941     534    9
   121   1.48357   2.07148   5.01272    2986   22
   122   3.86030   2.63955   5.63063    2542   19
   123   4.59084   0.99213   1.19604    1408   14
   124   3.96366   2.48749   4.31605     591    9
   125   4.00231   2.48853   2.67560     817   11
   126   1.51118   2.08809   1.97911     965   10
   127   1.27218   2.16595   0.18006     979   10
   128   2.96170   1.24732   2.09194    1623   15
   129   4.57664   1.05313   4.47894     439    7
   130   0.92166   0.57532   5.24565    2937   20
   131   0.89116   0.67921   3.49298    1020   13
   132   4.56119   1.07929   4.56843     932   12
   133   4.48963   0.96047   4.39603    3038   19
   134   2.84312   1.33370   2.11175    3939   22
   135   0.93256   0.65193   3.51347     908   11
   136   3.94806   2.42592   5.86012    1115   13
   137   5.96626   1.86691   4.23401    3966   20
   138   4.11843   2.54353   4.33176     356    9
   139   1.37850   1.98938   0.16639    3047   19
   140   1.31269   2.06249   0.25194    4427   20
   141   4.00231   2.48853   2.67560     655   10
   142   4.59579   1.11566   2.81216    3501   21
   143   1.44617   2.19502   0.21309    1924   15
   144   0.92912   0.52642   5.12564     531   11
   145   2.90832   1.26490   3.64024     430    9
   146   6.06329   1.71071   4.27170     907   11
   147   2.74390   1.37994   5.19335    1752   20
   148   4.56119   1.07929   4.56843     302    9
   149   3.79017   2.56954   3.99954     398    9
   150   0.95771   0.54106   0.40663    4302   22
   151   0.84403   0.53828   5.21824    4173   23
   152   1.33814   2.07310   3.38818    1705   14
   153   2.93817   1.31127   2.03371     353    8
   154   6.08366   1.71974   1.10242    1655   13
   155   1.31163   2.00710   4.97882     772   14
   156   1.39329   2.00222   3.50780    2631   15
   157   6.00611   1.68715   4.27697     350    8
   158   0.90203   0.40744   0.41480     873   15
   159   0.89116   0.67921   3.49298     667   10
   160   2.78651   1.39332   3.71785     382    9
   161   2.93139   1.29745   3.62709     663   11
   162   1.33814   2.07310   3.38818     435   11
   163   2.74142   1.40652   2.16272    4405   20