     1   0.00000   0.00000   0.00000       0    0
     2   0.60955   2.49946   0.23469     518   11
     3   0.36414   2.44943   1.45859    2180   19
     4   0.45969   0.86268   4.86051     396   10
     5   3.81323   0.57152   2.94461     685   13
     6   5.14376   1.55762   0.75335     915   14
     7   0.60242   0.83894   0.03344     748   14
     8   3.67443   0.56398   4.70455    1677   18
     9   0.49715   0.88938   0.05431     819   11
    10   0.65701   2.52750   0.09589     512   12
    11   0.71945   2.52706   0.33541    1548   14
    12   2.02350   1.40511   4.00235    1988   16
    13   5.22379   1.61952   2.38193     932   15
    14   3.67314   2.23664   1.43993     968   15
    15   0.66892   2.40298   1.64627     801    8
    16   3.57878   2.37901   2.99892    1594   16
    17   2.08341   1.60062   3.91524     969   12
    18   3.67317   2.13207   1.61513     930   11
    19   2.16114   1.66859   5.59438     986   16
    20   5.18794   1.68411   0.62365    2527   21
    21   5.14709   1.67688   5.38151     337    7
    22   3.55665   2.33936   1.50312    1816   20
    23   5.23287   1.50781   2.18766     761   10
    24   0.42239   1.01996   1.66000    1327   16
    25   3.59930   0.72909   0.07914    1575   16
    26   0.40110   2.48284   3.12948     391   10
    27   3.71513   0.74791   4.51145    1168   13
    28   5.12925   1.53124   5.40365     864   13
    29   0.61578   2.45491   0.11330    1701   18
    30   1.96638   1.54825   5.58759     310    7
    31   5.22580   1.62586   0.56170     761   14
    32   3.47797   2.28043   6.20396    2322   21
    33   5.14709   1.67688   5.38151     522   11
    34   3.73125   0.66022   1.34638     423    8
    35   0.40110   2.48284   3.12948     746   13
    36   3.80156   2.24168   1.66354     689   10
    37   0.38399   0.85861   4.69186    1375   14
    38   2.02901   1.55254   5.73528    1861   19
    39   0.35229   1.00168   3.26196    1837   18
    40   3.66140   0.75074   3.06322    1036   13
    41   0.47149   0.78674   4.84407     501    9
    42   0.57121   0.92699   1.59256    1285   16
    43   2.10848   1.48306   0.79341    4086   26
    44   2.07021   1.63429   2.41475     747   13
    45   3.45949   2.16230   1.31807     974   15
    46   1.97161   1.61878   0.89583     725   11
    47   3.85624   0.72775   4.45293     822   14
    48   1.99714   1.48984   5.49669    1514   19
    49   3.74702   2.31545   4.84709     551   11
    50   3.68692   2.19065   4.77690     809   15
    51   0.46103   2.41530   4.57779     801   14
    52   3.51910   0.68866   1.65397    1556   14
    53   3.46778   2.38395   4.54206     489   12
    54   2.21118   1.56421   5.60252    1552   20
    55   0.71409   2.44060   3.45919     942   13
    56   5.15044   1.59284   2.27447    2700   21
    57   0.35196   1.00854   4.83429     769   14
    58   0.43787   0.89786   0.04644    1605   21
    59   3.79789   0.73890   6.02904    2040   21
    60   0.60896   1.00779   3.18989     713   12
    61   3.74490   2.19813   3.10918     855   13
    62   1.96638   1.54825   5.58759     690   12
    63   3.66618   2.24526   4.75349     347    9
    64   1.96638   1.54825   5.58759     383   11
    65   3.46449   2.21039   4.48539    2504   19
    66   3.84179   0.66832   4.62494     875   11
    67   3.50934   0.70153   4.74630    1507   15
    68   3.50077   2.12515   1.45222     823   13
    69   3.51776   0.63180   0.09128     440   13
    70   2.11019   1.42561   5.62970     891   14
    71   5.22892   1.77155   3.76246     676   11
    72   0.42052   0.80875   0.18472    1929   18
    73   0.60466   0.83070   4.80586     782   15
    74   2.13465   1.64535   1.00676     870   13
    75   0.62505   0.88487   4.74429     935   12
    76   2.17151   1.60108   5.49713     572   13
    77   5.32400   1.55755   3.92791     936   13
    78   0.73364   2.56857   4.83605     312   10
    79   5.22379   1.61952   2.38193    1361   16
    80   5.24087   1.69677   5.42312     961   15
    81   5.19301   1.49408   0.71296     714   14
    82   5.16763   1.63734   0.69319     552   10
    83   3.75602   0.69896   3.15559    1152   18
    84   0.60839   2.49320   4.74008    1889   16
    85   0.46322   2.43713   3.23089    1494   13
    86   3.75883   0.80478   6.24948    1196   15
    87   0.49056   0.91501   3.28153     419   11
    88   0.39045   0.93812   3.25876    1281   16
    89   0.47863   0.91562   4.80593     939   15
    90   1.98493   1.49311   0.77754     572   11
    91   2.06068   1.54391   0.85692     628   10
    92   5.23283   1.70282   3.90505     601    9
    93   3.50308   0.69895   0.10433     658   13
    94   0.63236   0.85638   3.12288     871   13
    95   0.59696   0.81075   0.03854    1103   14
    96   0.54547   2.51113   3.19135    1360   13
    97   3.77226   0.65119   1.51373     744   13
    98   0.50630   0.93132   0.00332     957   14
    99   5.16293   1.52549   0.63567    1862   18
   100   5.22379   1.61952   2.38193     505   12
   101   3.77211   2.18710   0.07366    2583   23
   102   3.52286   0.72909   0.11223    1261   17
   103   3.66765   2.34901   1.69233    1853   21
   104   0.42239   1.01996   1.66000     681   12
   105   5.12029   1.63799   5.25660    2659   19
   106   0.65673   2.42306   4.95538     784   12
   107   3.52956   2.34527   6.20753     928   13
   108   3.45083   2.30089   6.09970    1061   18
   109   0.62633   2.53735   3.18527    1549   20
   110   2.02620   1.50704   4.00154     782   13
   111   5.29506   1.56891   2.22223     368    8
   112   5.17951   1.58448   3.84077    1732   13
   113   3.67595   2.10147   0.03307     609   12
   114   3.46244   2.13208   4.54857    1445   16
   115   3.65064   2.30662   1.55446     542   12
   116   5.15178   1.67000   2.31753    1328   14
   117   3.51674   0.76824   4.84728    1615   20
   118   2.04218   1.42126   0.95999    1078   15
   119   0.59121   0.90223   6.23325     915   18
   120   0.38334   0.92323   1.62666     673   11
   121   0.59889   0.93322   4.70448    1020   17
   122   3.74551   2.20402   0.04455     967   13
   123   0.50485   0.84164   6.21572     360   11
   124   3.81634   0.78459   1.39644     738   14
   125   0.59830   2.46359   0.18831    3067   24
   126   3.51793   2.27974   1.47456     771   13
   127   3.75503   2.20048   4.82222     902   13
   128   2.14153   1.48899   0.86423    2289   20
   129   0.69005   2.33701   3.29247     817   15
   130   3.68166   2.37940   4.58351    1303   15
   131   5.27250   1.58494   2.22055    1247   14
   132   3.47603   2.26577   4.46808     456   13
   133   5.35572   1.64179   5.35568     620   14
   134   3.64045   0.61857   3.14462     914   16
   135   0.58864   0.90521   4.72361    1212   12
   136   0.40110   2.48284   3.12948     526   12
   137   5.19881   1.57104   0.66881    1756   17
   138   5.16904   1.49129   0.78160     980   12
   139   3.61915   2.12898   6.20217    1012   13
   140   5.22379   1.61952   2.38193     481    9
   141   5.35357   1.65743   5.29124    1656   20
   142   3.51985   2.14559   4.60285     566   10
   143   5.19301   1.49408   0.71296    1161   15
   144   2.01578   1.59030   5.64100    1537   16
   145   5.31206   1.70265   2.30312    1990   16
   146   3.61692   2.21992   6.20011    2087   21
   147   5.33353   1.56667   2.30881    1642   18
   148   3.84814   0.62044   6.03205     674   13
   149   3.58427   2.14374   6.27480     565   10
   150   5.22379   1.61952   2.38193     328   10
   151   5.30975   1.51245   5.33613     479   10
   152   5.29789   1.56928   2.23809     835   12
   153   3.63775   2.26114   6.20663     766   13
   154   2.21287   1.48619   4.07752     834   12
   155   5.22379   1.61952   2.38193     804   12
   156   3.54671   2.23530   1.55474    1990   20
   157   3.57580   0.60319   4.76591     705   12
   158   0.56483   2.48325   1.53991    1162   17
   159   0.60653   2.56410   4.87432    1433   19
   160   2.08921   1.54593   2.44424    1441   16
   161   3.59240   0.59780   4.70578     394    9
   162   0.59177   2.59059   4.75830    1660   17
   163   0.61807   2.33760   0.19851    1282   15
   164   0.58279   2.36964   3.16624     594    9
   165   5.32459   1.51746   5.49002     611   10
   166   2.11019   1.42561   5.62970    1176   18
   167   5.18742   1.71977   3.80026     544    9
   168   3.77271   2.25754   4.83973     884   12
   169   0.40110   2.48284   3.12948    1418   15
   170   3.54536   2.15325   1.48455    1052   16
   171   3.66287   0.65847   1.64472     928   17
   172   2.12512   1.49307   5.55262     373   12
   173   3.90542   0.71684   6.13404     925   13
   174   2.03126   1.39963   5.46924     718   12
   175   5.27094   1.71067   5.45070    1650   19
   176   0.44957   0.77979   0.01878    1128   15
   177   0.55171   2.56961   4.79840     529   10
   178   3.68235   2.28664   3.14377    1176   16
   179   2.05208   1.57417   3.91103    1026   17
   180   0.47038   0.95594   1.52445     993   18
   181   2.11184   1.54601   0.89355    1093   14
   182   0.51674   1.03134   4.72566     607   11
   183   5.16992   1.58327   3.73049    1752   19
   184   0.42239   1.01996   1.66000    2345   21
   185   2.07148   1.52946   2.48323    1927   16
   186   3.59256   2.27368   1.37323     670   14
   187   2.05506   1.49930   5.67635    2643   19
   188   0.49972   0.93474   4.80280    1307   15
   189   0.56651   2.43493   3.14224    1187   13
   190   5.17628   1.69718   3.87777     782   16
   191   0.52280   2.38057   3.19504     496    8
   192   0.38758   2.49755   4.73148    2775   24
   193   3.66119   0.75227   1.55008     791   16
   194   0.52648   2.37333   1.57420     903   15
   195   5.16353   1.65240   2.28417    1919   19
   196   5.17521   1.68667   0.58035    1349   14
   197   3.66477   0.60091   3.18281    1178   16
   198   0.54813   0.91418   3.07669    1663   18
   199   0.38399   0.85861   4.69186    1443   18
   200   3.76872   2.22011   3.24375    1560   16
   201   5.19274   1.68502   3.94141    1284   14
   202   5.33393   1.67685   3.92444    1307   15
   203   3.57822   0.61692   6.23187    1090   15
   204   0.59356   0.88143   4.65408    1398   17
   205   0.35972   0.98827   1.61119     707   13
   206   0.53690   2.35016   3.28914     926   14
   207   2.03453   1.50199   4.02067    1132   16
   208   5.21819   1.59860   0.63411    2446   20
   209   0.36985   2.36423   1.55386     374   12
   210   3.61235   2.11821   3.07919    1162   15
   211   3.91190   0.70264   4.56963    1873   20
   212   3.52171   2.15211   4.62140    1277   14
   213   0.49972   0.93474   4.80280     427   10
   214   3.49030   2.19158   4.55485     867    9
   215   2.03287   1.65899   3.93902    2128   18
   216   0.62521   2.40254   4.90913     632   13
   217   5.21819   1.59860   0.63411     941   15
   218   3.62390   2.32108   4.58484     443   11
   219   0.54541   0.99887   3.16529    3935   25
   220   2.01594   1.43150   0.97620     554   11
   221   3.56333   0.78531   0.11772    2052   23
   222   0.38399   0.85861   4.69186     464    8
   223   3.62614   2.14970   4.71891     516   10
   224   0.38494   2.45227   1.58016    1071   16
   225   2.13451   1.48439   4.03908     861   12
   226   0.45079   0.82107   3.28394     850    9
   227   0.43999   0.88085   3.10898     496    9
   228   3.54868   0.76097   1.70080     622   13
   229   0.65927   2.55182   0.10324    3109   21
   230   0.38639   0.80116   0.07166    3299   22
   231   0.55848   2.38483   6.21824    1069   15