     1   0.00000   0.00000   0.00000       0    0
     2   2.61262   2.28210   1.86875    1002   10
     3   4.29874   2.28373   2.14235    1594   17
     4   2.25801   0.72525   4.53120    1384   17
     5   5.24945   1.67516   2.66837    1179   13
     6   1.03331   1.89655   2.72450    1001   12
     7   1.58749   0.50799   1.11288    1445   15
     8   3.95250   0.61314   1.17973     823   12
     9   3.50698   1.06042   4.73880    1369   17
    10   3.99351   3.08953   3.78603    1419   16
    11   6.13401   2.41494   3.48587    1193   14
    12   1.47582   2.96511   5.10467    1893   16
    13   5.80138   2.60978   0.39847    1443   16
    14   5.43533   2.10371   3.94961    1639   16
    15   2.34328   0.73104   1.26238    1766   15
    16   4.83860   1.36086   3.74136    1650   18
    17   3.66387   0.84800   1.80374    1857   16
    18   0.64829   1.83827   1.40489    2038   18
    19   1.00345   0.23854   1.16319    1657   17
    20   5.06547   0.97225   6.21352    1270   12
    21   1.48286   1.06839   3.16236    2592   18
    22   2.33621   1.71251   5.58839    1425   15
    23   1.53555   0.74564   2.83133    1763   14
    24   0.38525   0.47102   1.20956    1645   16
    25   4.30085   2.14115   5.60696    1809   16
    26   5.37469   2.56614   3.77365    1223   11
    27   0.29385   1.26713   2.33419    1453   18
    28   0.71210   1.90061   2.22456    1394   16
    29   2.41683   1.94344   3.53377    1755   15
    30   4.59328   1.61219   1.97451    1498   14
    31   5.95030   2.31474   3.73856    1548   13
    32   6.19207   2.89439   5.04185    1429   14
    33   0.22016   2.26728   0.97443    1606   15
    34   2.33700   2.82779   3.16714    1499   15
    35   0.56813   1.80980   2.84377    1213   13
    36   1.96847   1.52929   0.13959    1378   15
    37   1.13522   1.29051   2.09996    1854   15
    38   3.90297   1.06081   4.70051    2287   18
    39   4.56946   1.14170   2.98071    2119   19
    40   6.15935   1.60883   2.39361    1614   17
    41   2.95980   0.88091   4.72179    1248   12
    42   3.26184   0.13811   5.35433    1267   16
    43   0.75228   1.77560   0.84682    1651   16
    44   5.53318   2.49783   0.67798    1344   15
    45   0.20633   1.19250   4.13304    1646   17
    46   3.21040   1.64817   0.69008    1523   14
    47   2.63864   1.24542   4.73451    1906   18
    48   0.59487   2.69595   1.48830    1349   14
    49   5.98530   2.46390   2.75080    2248   16
    50   5.26990   1.12013   4.32118    1545   14
    51   0.99074   1.34718   2.66536    1368   12
    52   3.63947   0.27736   5.52467    1522   14
    53   4.81740   1.46144   2.14568    1858   16
    54   1.91624   1.76035   5.23157    1008   10
    55   5.62966   1.89296   0.76875    1211   14
    56   2.67066   0.76398   1.44531    1815   18
    57   2.98521   2.37009   6.05825    1424   12
    58   5.23699   1.01795   5.19145     902   12
    59   3.00934   1.46844   5.19593    1603   15
    60   2.38928   0.69128   6.05634    1772   18
    61   0.38834   2.26526   4.06040    1194   14
    62   3.94608   1.39001   2.68647    1320   14
    63   0.09719   0.92010   5.79606    1260   13
    64   5.25187   1.80850   3.63079    1171   13
    65   4.02230   1.93623   0.64050    1700   13
    66   2.99890   1.33797   4.79262    1092   13
    67   0.96524   1.25581   3.16016    1429   14
    68   1.47033   1.26744   4.68264    1649   13
    69   0.36264   1.89464   0.73632    2213   18
    70   0.25228   1.52767   4.43910    1681   19
    71   1.46424   1.58710   0.48608    1685   15
    72   4.34526   1.26969   3.12735    1308   14
    73   3.22244   2.34043   4.27201    1485   17
    74   1.99502   2.04477   0.59687    1176   12
    75   4.46342   0.75537   4.69853    1651   16
    76   1.99250   1.05705   3.69747    1371   14
    77   1.42962   2.37060   1.29102    1640   15
    78   3.77371   0.42477   2.63382     726   13
    79   3.07308   2.07395   1.91446    1161   12
    80   3.07345   2.68380   1.93435     911   14
    81   2.51977   1.41715   2.10780    1366   16
    82   2.05053   1.95802   1.64154    1905   17
    83   5.34405   1.74954   5.22892    1659   14
    84   2.51766   1.07243   5.71197    1490   14
    85   5.94600   1.71662   3.64553    1732   16
    86   4.72161   2.86664   6.21210     877   11
    87   1.86550   1.17470   2.36159    1290   16
    88   5.54998   1.74568   4.01128    1188   15
    89   0.74972   1.34278   2.88067    1426   15
    90   1.48922   1.75206   1.72347     892   13
    91   0.55986   0.86500   1.31527    1569   15
    92   3.52363   2.06788   0.10065    1750   17
    93   0.44124   0.88816   1.95830    1270   13
    94   0.91268   0.87592   2.69490    1638   15
    95   5.79977   0.23822   3.23446    1667   16
    96   0.38197   2.12825   0.95815    1614   14
    97   1.75977   2.31785   0.13786     934   12
    98   4.44953   0.50448   2.88542    1761   16
    99   0.78593   1.52143   4.24073    1357   14
   100   4.12043   2.00069   6.24553    2340   16
   101   2.74408   1.57592   6.01807    1640   14
   102   5.61245   1.11568   3.43530    1473   11
   103   0.60311   2.07921   2.69736    1628   15
   104   0.76435   0.88953   0.32680     996   16
   105   3.79674   2.16932   5.77939    1700   15
   106   0.66237   1.74038   5.03185    1029   12
   107   3.97073   2.48883   5.78689    1544   15
   108   2.58025   1.60509   2.62265    1892   15
   109   4.87190   0.75233   3.76057    1458   14
   110   1.06831   2.92551   0.87342    2041   17
   111   4.71916   0.34472   2.98824    1247   14
   112   0.48428   1.07549   5.97311    1748   16
   113   1.54174   2.23293   0.76158    1289   14
   114   3.28342   2.17795   4.31299    1233   14
   115   1.21158   1.05885   5.90145     943   15
   116   2.67981   1.82486   1.71726    1914   16
   117   5.55345   2.24329   2.02418    1582   15
   118   0.92544   1.86220   1.08065    1763   17
   119   5.81259   2.12383   0.47447    1072   10
   120   6.17609   0.67468   1.37149    1786   18
   121   1.20325   0.84233   2.20692    2135   15
   122   0.67140   2.39023   5.56169    1931   15
   123   3.18052   2.38886   3.66967    2383   20
   124   2.11929   2.48188   0.49192    1543   14
   125   0.70452   1.94672   5.92339    1225   15
   126   2.40357   1.60996   4.02676    1573   14
   127   2.18385   2.18514   0.32715    1545   15
   128   1.12081   0.98230   4.42251    1998   17
   129   2.48110   2.78519   5.92726    2205   18
   130   6.10990   1.62671   4.99340    1271   15
   131   6.22651   2.41211   5.20494     925   10
   132   3.79133   2.02187   2.00286    1531   16
   133   1.18472   0.67765   5.36649    1124   12
   134   5.81534   1.25170   2.21458    1209   14
   135   0.51369   0.47443   3.43635    2557   15
   136   0.31168   0.60822   3.94640    1116   14
   137   0.95275   0.28590   0.10053    1917   16
   138   2.97532   1.87283   4.05847    2323   20
   139   2.62802   1.04505   3.61273    1470   14
   140   5.05761   2.58915   2.03005    1551   17
   141   0.19060   3.01455   5.38606    1209   12
   142   1.47405   2.03917   0.67545    1357   16
   143   5.73339   0.85542   5.73930    1584   16
   144   3.41448   2.73877   1.02732    1397   18
   145   0.41492   2.11049   2.10470    1226   13
   146   1.70745   2.68066   1.41258    1106   12
   147   2.00572   1.53263   1.85246    1407   14
   148   3.77280   2.31924   3.23525    1229   13
   149   0.64315   1.96493   2.31762     672   12
   150   3.41034   2.78158   1.98143    1451   14
   151   5.72461   1.30689   2.53608    2010   17
   152   4.20573   0.73250   5.93617    1466   16
   153   3.07874   1.68495   5.43740    2495   16
   154   2.38894   1.77173   0.96054    1274   13
   155   3.71525   1.31145   2.78512    1785   14
   156   4.04544   0.63302   5.33986    1444   14
   157   5.55628   1.70055   0.80587    1235   14
   158   0.23988   0.54039   0.11939    1280   15
   159   2.36528   1.51284   3.11669    1302   16
   160   0.61260   2.31352   5.98295    1247   13
   161   4.27788   1.54267   5.80459    2292   20
   162   2.88424   1.68046   4.99807    1202   15
   163   2.32597   1.22427   2.28708    1541   17
   164   3.47238   2.30915   3.67421    1341   17
   165   0.93383   0.71824   3.09508    1423   15
   166   2.58861   1.02537   2.57495    1080   15
   167   2.44986   2.10378   2.41428    1658   16
   168   2.94876   0.86616   6.04770    2242   19
   169   2.68485   1.38886   0.82981    1354   15
   170   0.71563   0.91168   1.05387    1693   13
   171   2.15773   1.99280   5.29734    1052   11
   172   1.57408   1.28343   0.94886    1778   16
   173   3.92872   1.98042   0.82841    1187   14
   174   5.82885   1.48217   4.84427    1248   13
   175   5.32677   2.29415   0.96954     883   11