     1   0.00000   0.00000   0.00000       0    0
     2   5.45653   1.38184   0.61855    1227   12
     3   1.54813   2.24738   1.68711    1794   16
     4   1.69651   2.04865   2.80625     870   12
     5   2.36412   0.74538   2.04612    1416   17
     6   4.97257   0.41960   2.14606    2219   18
     7   3.96812   2.13456   1.43098    1748   16
     8   4.10013   2.79827   6.01758    1112   12
     9   5.20926   2.20781   1.09357     669   12
    10   0.89952   1.00106   2.42236     903   13
    11   1.07324   1.81417   4.67833    1705   17
    12   4.97655   1.76183   4.44971    1120   13
    13   0.12024   2.44565   3.03530    1343   15
    14   3.04195   1.29751   1.51713     779   12
    15   3.77098   2.16264   5.62228     788   13
    16   5.89394   2.36719   0.04894    1386   18
    17   4.81760   2.47355   4.30289    1289   12
    18   4.69528   2.01689   5.69185    2112   18
    19   4.13767   2.05220   5.39234    1546   14
    20   2.25826   0.62208   3.49796     635    9
    21   5.88987   2.01515   1.19542     978   13
    22   3.78908   1.42988   5.47020    1685   15
    23   2.54865   1.36950   2.66538    1386   15
    24   3.09935   1.01055   2.36793    1421   15
    25   2.58713   0.87594   1.34457    1984   16
    26   1.28541   0.74339   6.08061     904   10
    27   5.34069   1.77778   3.30401    1178   15
    28   2.87393   1.50027   0.64484    1232   14
    29   2.85132   1.49991   3.66975     999   14
    30   6.12653   1.40337   1.65259    1493   13
    31   5.39851   1.02033   2.85535    1952   19
    32   3.09057   1.60789   2.72665    1468   12
    33   5.51393   1.62348   1.50941    1146   15
    34   5.63094   0.79413   0.12902    1003   12
    35   1.29996   1.78829   3.59969     890   10
    36   5.78521   1.91567   5.43352     897   13
    37   3.98530   1.75256   0.67634    1574   16
    38   3.36554   0.62503   3.51573     819   12
    39   0.64156   1.01927   1.04400    1481   18
    40   3.54892   1.84804   5.99904    1210   11
    41   4.59789   1.76468   3.49775     919   12
    42   4.04112   2.50845   5.40700    1198   15
    43   3.06070   0.79069   5.82031     940   12
    44   3.84861   1.77437   2.39704    2378   18
    45   3.75988   0.34203   2.58112    1012   13
    46   3.70970   0.61394   3.71353    1156   15
    47   4.31641   1.93000   1.48068    1029   12
    48   4.12631   2.40035   4.23861    1493   13
    49   5.25735   0.61910   4.65366    1162   15
    50   1.24409   2.16489   2.14663    1199   15
    51   0.16444   1.11624   2.07421    1143   14
    52   0.80222   2.81828   2.34221     882   13
    53   5.63371   1.58082   1.88081    1252   14
    54   1.87868   1.87721   5.40659    1099   13
    55   1.71586   1.53028   2.94258    1581   18
    56   2.51691   1.00433   4.33736    1242   16
    57   4.26811   0.87769   2.49555    1698   15
    58   2.10050   1.70809   6.13405     862   13
    59   0.53287   1.62593   2.67751    2311   17
    60   0.58291   2.31232   2.61976    1311   14
    61   1.32825   1.15909   2.08557    1320   14
    62   3.96005   1.21250   0.97994    1748   15
    63   5.97748   1.00314   5.98623    1148   14
    64   1.36667   2.45967   0.54379    1543   14
    65   4.41317   1.01769   2.63979    1658   17
    66   5.37617   1.26733   5.05773    1838   21
    67   6.11953   1.72904   2.19587    1804   19
    68   1.81818   2.08395   0.77846     669   12
    69   3.93443   1.17305   2.47673    1132   12
    70   5.90144   0.79259   4.13519    1206   14
    71   5.35657   2.27046   1.28774    1997   14
    72   2.38329   1.05989   6.10720    1223   14
    73   2.52502   0.85797   3.78747    1330   13
    74   3.76348   0.68700   3.31697    1716   20
    75   1.58881   0.61215   1.37619    1246   15
    76   0.34778   1.45092   2.09856    1085   14
    77   2.34045   1.43075   5.02357    1073   15
    78   0.91519   1.38801   0.70682    1098   13
    79   1.20881   0.84760   0.21428     784   13
    80   4.19902   2.20196   5.19353    2132   18
    81   0.53862   1.57997   6.14067    1415   13
    82   1.33136   0.60396   0.39804    1655   18
    83   5.56268   0.50115   0.13042     647    9
    84   5.87548   0.98678   2.59616    1298   16
    85   3.49862   2.07707   5.94436    1154   11
    86   5.21618   1.86423   5.82651     962   13
    87   0.49256   2.13107   0.69962     978   12
    88   5.28431   2.04807   0.98888    2558   21
    89   6.05053   1.92374   1.63000     800   12
    90   0.23564   2.23487   3.78254    1021   11
    91   2.42733   2.02513   5.72769     855   12
    92   4.79381   2.51227   3.60259    2179   20
    93   3.36974   2.29031   2.42597    1348   15
    94   5.76171   1.19886   1.30155    1567   17
    95   2.65673   1.21638   1.95764     909   11
    96   2.23725   2.24474   5.81893     918   15
    97   2.50675   1.17651   0.89207     521   11
    98   6.04197   2.01548   4.94101    1038   12
    99   2.03615   1.76771   2.65878    1740   14
   100   1.13611   1.88304   5.67150    1126   16
   101   2.73178   1.67049   2.47938     910   13
   102   4.00644   1.96884   6.10207     848   14
   103   0.00204   1.20683   2.43236    1140   11
   104   0.88661   1.77988   3.79086    1387   15
   105   0.58040   0.75760   2.88044    1146   14
   106   4.21864   2.78522   2.63996    1854   16
   107   1.16413   1.26179   0.71664    1029   15
   108   0.71667   1.92105   1.87982     892   13
   109   2.49879   2.02374   2.76449    1393   17
   110   0.93423   0.89297   0.00890    1004   13
   111   3.80551   1.41780   0.64524    1164   11
   112   2.65529   1.85288   3.36475    1408   13
   113   3.12387   2.33025   2.94017    1065   13
   114   5.83444   2.14153   0.90221    1085   12
   115   4.26244   1.28949   1.36663    1243   15
   116   3.35243   1.37475   3.60995    1208   14
   117   5.46077   0.42817   6.24580     812   14
   118   3.70964   0.91624   0.52640     989   14
   119   0.57136   2.06343   0.97943    1413   17
   120   3.75736   0.84584   6.27529    1489   13
   121   1.25222   2.10885   0.80047    1523   15
   122   3.55903   2.72332   3.94885    1149   13
   123   2.39298   1.11672   5.32493    2118   22
   124   5.68389   0.92601   2.58151    1637   17
   125   4.45654   2.44797   2.56515     984   12
   126   5.09500   1.92443   2.40731    1739   15
   127   3.72489   0.43517   1.22344    1369   16
   128   0.74195   1.10458   1.78977    1378   14
   129   3.73026   1.59845   1.88896    1753   16
   130   4.22107   2.14741   2.71520    1529   16
   131   3.33609   2.13716   3.98071    1224   13
   132   2.61458   2.47638   5.26904    1722   17
   133   3.12227   1.87336   2.72504    1147   14
   134   3.71936   1.08238   4.72295    1090   13
   135   4.43903   0.48961   3.61957    1057   16
   136   1.14940   0.88376   5.26202    1077   14
   137   4.57891   1.18024   1.07687     953   15
   138   4.85662   2.23721   2.04481    1076   13
   139   1.98510   2.15302   2.96806    1130   16
   140   2.39042   0.80049   3.03030    1088   14
   141   2.00312   1.23469   5.42743    1989   17
   142   0.02065   2.38731   2.42255    1647   17
   143   2.65008   2.28539   0.87280     960   12
   144   3.01445   1.11368   3.03358    2430   18
   145   0.98040   2.44363   0.72322    1729   18
   146   2.45227   2.85637   1.23797    2705   20
   147   4.14500   0.99600   4.97728    1024   14
   148   1.50169   0.76859   5.58271    1740   19
   149   1.54581   1.86613   1.69292    2082   20
   150   3.28893   2.29357   4.19775     944   12
   151   5.98228   0.81724   2.29865     761   12
   152   3.25268   0.79577   0.65637    1313   13
   153   4.11074   1.66720   5.48001    1774   18
   154   2.92293   2.64845   2.11765    1316   16
   155   0.76347   2.02949   2.84753    1434   12
   156   3.59804   0.24596   6.02940     965   14
   157   6.01135   0.88652   1.24936     694   10
   158   0.66952   1.24682   3.61014    1405   15
   159   5.99173   0.93963   3.70534    1262   16
   160   4.27366   0.71227   0.60184    2078   19
   161   0.10183   1.69316   2.87159    1515   15
   162   3.06146   0.60454   1.31684    1588   17
   163   0.23617   1.73834   5.17193    2124   18
   164   2.73776   1.79867   3.59017    1656   15
   165   5.58754   2.54961   3.41806    1918   18
   166   0.97566   0.33684   0.58651     906   14
   167   3.26557   2.16047   5.98057    2131   21
   168   2.63435   1.79402   1.15470    1570   16
   169   2.79671   0.52755   5.97802    1241   14
   170   1.50154   0.87248   1.79855    1637   19
   171   4.49856   1.28376   2.33312    1274   14
   172   5.39583   1.54157   6.04518    1473   13
   173   4.25998   1.97829   4.51859    1591   17
   174   2.07353   0.88687   4.07645    1526   18
   175   5.73978   2.15596   4.19679    1057   14
   176   1.49590   1.32930   5.84616     990   12
   177   2.15035   1.22961   0.32022    1526   13
   178   0.22248   1.33735   5.39159     885   12
   179   3.92029   1.26756   1.82031    1685   15
   180   4.03749   1.19807   4.27287    1888   18
   181   3.97311   1.51692   1.54382    1977   16
   182   4.90684   1.26284   2.47144    1509   15
   183   0.39711   2.33444   1.94018     588   12
   184   4.44036   1.98066   3.55943    1029   14
   185   0.09483   1.35439   3.63596    1907   15
   186   4.10522   0.95084   5.82978    1312   13
   187   6.25621   0.80289   2.26912    1262   15
   188   1.44053   2.39444   2.13843    1552   16
   189   2.72789   2.47792   2.05446     989   15
   190   0.84595   1.15906   4.48740    1174   13
   191   0.16127   1.54173   1.11060    1368   14
   192   0.60812   0.77160   1.94732     852   12
   193   1.33634   2.41481   0.75800    1155   17
   194   3.97658   2.26033   4.96792     862   12
   195   4.53778   1.78565   0.13547    1644   16
   196   5.78858   0.29300   4.52331     701   12
   197   3.03758   0.89599   6.10294     999   14
   198   0.70739   1.72311   0.19796     642   13
   199   4.15569   1.75666   6.27671    1300   13