     1   0.00000   0.00000   0.00000       0    0
     2   0.61244   1.68610   4.70308    2273    8
     3   2.12755   1.18045   5.35906     881    7
     4   0.80809   2.81083   1.38258     513    6
     5   4.09747   1.83143   3.31471    2006   10
     6   5.04874   1.37591   2.51948    7068   13
     7   1.43792   0.41551   1.21608   12310   18
     8   3.75490   0.94996   2.17431    1554    8
     9   5.52591   0.92803   5.61456    1569    7
    10   4.09442   0.78643   5.16287    1841    8
    11   3.27474   2.07315   2.77610    3562   10
    12   0.68140   2.49027   4.18098    3322    9
    13   2.36448   1.24593   3.48234   13248   16
    14   2.82707   1.94390   6.20513     625    6
    15   4.07704   0.43183   4.65862    1430    7
    16   0.51044   0.52253   5.63404   88366   28
    17   0.00291   0.73251   5.47755   14626   14
    18   5.72563   1.78062   2.17773   15347   15
    19   4.32616   2.53151   1.57526    1415    5
    20   2.92249   0.96186   4.11015    5268   10
    21   3.28465   0.77890   0.66865   18315   19
    22   1.26684   0.79987   2.67239    1989    8
    23   1.29926   1.28146   1.96608    8231   13
    24   5.75920   0.86172   0.40417    9244   17
    25   4.76730   2.72831   6.23238    7498   16
    26   5.62871   2.75933   0.48677    4112   11
    27   5.38668   0.68400   1.86436    5962   12
    28   2.68247   0.74690   3.00671    2800   10
    29   0.44198   2.12801   5.04190    9654   13
    30   1.09638   2.28777   2.87873    5518   14
    31   5.57545   1.80357   0.93933    5828   11
    32   0.27133   0.51005   0.50564    5769    9