     1   0.00000   0.00000   0.00000       0    0
     2   0.09458   1.90453   0.01502     892   11
     3   0.18805   1.90880   4.77043    1099   11
     4   3.36514   1.45761   1.58258    2248   19
     5   3.51122   2.79916   3.18031    1053   14
     6   3.47181   2.85172   3.30505     565   13
     7   5.05974   1.45556   6.00658    1631   18
     8   3.93333   2.88043   3.73162    2906   22
     9   1.70506   1.60708   4.92878    1027   15
    10   3.22363   2.80149   6.14213     833   11
    11   0.30839   1.83530   4.65864     551   11
    12   6.21898   0.20643   1.88852    1325   13
    13   0.32417   1.80302   4.75590    1158   15
    14   3.35737   1.45061   1.68438     597   12
    15   3.42890   2.99383   4.86564    1305   18
    16   0.03760   0.19066   1.72620     704   10
    17   4.88202   1.55851   5.93796     689   13
    18   3.38181   1.27284   0.04957     639   13
    19   0.31516   0.16127   1.56349    1466   17
    20   0.27095   1.89948   1.63422     405    8
    21   1.79960   1.51493   0.11668    1021   17
    22   0.31627   0.16308   4.73662    1610   17
    23   3.48276   1.24867   4.63933    1231   19
    24   2.88682   2.88497   1.15062     550    9
    25   0.15397   1.80014   3.09095    1003   14
    26   0.32348   0.20988   1.58470     996   11
    27   0.30697   1.79308   4.61884     360    8
    28   4.95174   1.45513   4.55297    1404   12
    29   3.36116   1.46265   1.60094    1303   16
    30   4.81177   1.58331   2.87807     865   13
    31   1.77059   1.60257   5.05531     645   13
    32   4.88865   1.48721   3.04005    1253   12
    33   1.66417   1.50692   4.86034    2996   23
    34   1.72466   1.64306   3.26118    1130   15
    35   3.29964   1.45572   3.17028     670   14
    36   3.25282   1.37291   1.51744     692   13
    37   0.44730   0.19959   2.91559    1055   15
    38   0.00235   0.13916   1.81245     747   11
    39   0.21647   0.27868   4.67140     731   15
    40   3.22877   1.31144   4.74161     892   15
    41   0.61846   0.29307   5.95345     737   11
    42   0.85985   0.21608   5.73112     747   15
    43   0.11509   1.84193   1.51240    1467   17
    44   0.03760   0.19066   1.72620     910   14
    45   0.27049   1.82131   4.73980     564   12
    46   3.43274   1.34426   3.13365    1781   16
    47   0.54291   0.29168   4.37859    1482   17
    48   0.32482   1.69826   3.20558    1045   12
    49   3.36124   1.42670   4.61392    2479   19
    50   0.00235   0.13916   1.81245    1025   13
    51   0.17590   1.70030   6.15497     973   11
    52   3.48041   1.32027   0.05653    3538   23
    53   3.60494   2.90468   1.91054    2052   18
    54   3.40931   1.31845   3.16129     381   11
    55   0.85985   0.21608   5.73112     471   11
    56   1.83704   1.65141   1.67507    1883   20
    57   0.14957   1.68311   1.45403    1829   15
    58   0.34148   1.68385   1.54815     962   14
    59   3.92852   2.90800   2.23163     937   12
    60   0.23861   1.81859   3.02821     769   14
    61   1.79661   1.57410   3.34109    1468   14
    62   5.96201   0.12319   3.66549    1229   16
    63   0.26335   1.78087   4.75969     868   13
    64   1.85584   1.66389   1.80569    1506   19
    65   3.26433   1.41658   1.60894    1890   15
    66   5.05285   1.60293   2.94699    1054   14
    67   0.29319   1.76687   4.69993     943   13
    68   6.15720   0.20425   4.94485    1157   12
    69   3.43187   1.29984   1.68213    3038   22
    70   6.19971   0.29621   3.52227     378    8
    71   4.86172   1.57721   2.86716     534   11
    72   5.03666   1.66042   2.87982     943   14
    73   0.78334   0.22496   4.21060    1882   18
    74   5.05974   1.45556   6.00658    2229   22
    75   0.21243   1.85910   1.51256    2018   20
    76   0.15357   1.89236   3.25281     542   12
    77   0.64892   0.20394   1.26786     542   10
    78   2.98946   2.91403   1.09517    1158   14
    79   0.34272   1.82442   4.82253     575   10
    80   0.39474   0.28370   4.51742    1925   17
    81   0.19945   1.90754   4.68655     798   14
    82   0.20309   1.84198   0.05814     792   12
    83   4.86172   1.57721   2.86716     892   15
    84   3.35429   2.82174   6.27538    1453   17
    85   0.12735   1.68547   6.11895     774   12
    86   3.02537   2.93124   2.77136    1881   20
    87   3.31242   3.00694   6.28302    1720   19
    88   5.05387   1.55718   1.28475     719   11
    89   1.81795   1.62284   3.23757     822   11
    90   1.91580   1.61464   3.48084     559   10
    91   1.83951   1.58888   4.92781    3160   19
    92   5.05886   1.58557   1.28771     856   15
    93   3.44175   1.22482   3.19174     565   12
    94   5.00258   1.67280   2.96047     429   11
    95   3.45365   1.30240   6.24338     699   14
    96   3.35815   2.89137   1.51452     681   10
    97   2.91539   2.94452   5.91589     800   13
    98   4.95896   1.50121   2.98461    2061   17
    99   0.17057   1.90207   3.24567     650   11
   100   0.07493   0.27662   4.77709     886   14
   101   6.20715   0.28808   1.97607     643   12
   102   3.22363   2.80149   6.14213     424   11
   103   3.28960   3.02260   6.18575    1895   15
   104   3.64978   2.77026   1.83059     684   10
   105   0.27095   1.89948   1.63422     714   13
   106   5.05886   1.58557   1.28771    1265   15
   107   0.23988   1.89909   3.14227     493    9
   108   3.56874   3.02905   4.86859     645   14
   109   1.91066   1.67908   4.95064    2587   19
   110   0.75423   0.19861   2.62313     404   10
   111   4.88872   1.58886   6.13143    1814   15
   112   0.08622   1.70737   6.16076     728   13
   113   6.16145   0.24985   5.12691    1859   19
   114   0.30516   1.83855   0.01314     712   14
   115   4.83174   1.41396   6.04636     571   10
   116   3.36284   1.29811   1.55146    1383   14
   117   3.23469   1.39849   0.01480     866   11
   118   3.33440   1.46009   4.71071    1693   21
   119   3.33834   1.46846   0.07224    2859   24
   120   0.09103   0.27496   3.28783    1258   16
   121   0.10661   0.33723   3.26187     651   13
   122   3.38723   1.39183   6.26271    2983   20
   123   0.58290   0.26900   2.84881    2177   20
   124   4.87398   1.65117   6.09938    1295   17
   125   3.35216   1.22390   0.09308    1594   16
   126   0.16607   1.76255   1.50191    1036   15
   127   4.81177   1.58331   2.87807    1443   18
   128   1.70744   1.60660   0.32884    1564   16
   129   0.29646   1.78542   4.69871    1050   12
   130   1.89914   1.55157   1.73593    2507   18
   131   2.98013   2.91465   1.29956     506   12
   132   0.15803   1.70769   1.54626     914   10
   133   3.41458   2.95577   1.65746    1652   13
   134   4.80432   1.58975   1.37364     625   11
   135   4.00899   2.91437   0.54731    1044   16
   136   3.25730   1.41209   3.09711     659   12
   137   1.78706   1.51678   3.34084     626   13
   138   0.19104   1.80758   1.48598     320    9
   139   6.15166   0.20718   3.49801     625   11
   140   0.69721   0.22829   2.54945     540   11
   141   2.91299   2.90254   1.13368    1104   13
   142   0.10437   1.78977   1.64989     632   12
   143   3.59970   2.89470   5.05934     546   10
   144   4.89212   1.66298   3.02898    1321   18
   145   1.77213   1.69206   1.80024     666   13
   146   0.31590   1.70751   6.19629     697   14
   147   3.54019   2.90833   1.87171     656   11
   148   0.03760   0.19066   1.72620     428   11
   149   4.82235   1.56910   2.98522     979   14
   150   5.02108   1.58765   1.23865    1172   11
   151   0.19104   1.80758   1.48598    1617   19
   152   0.26812   1.83177   1.67900    3435   21
   153   4.81926   1.51063   4.42400    1612   16
   154   0.26022   1.83920   4.63792     308    8
   155   1.80499   1.49003   4.90405    1417   17
   156   3.12756   2.86066   6.14594    1347   13
   157   0.12787   1.71316   3.07705     392    9
   158   4.89029   1.52742   4.44966     743   13
   159   4.94501   1.58788   6.04055    1609   17
   160   3.40302   1.25199   4.75850    2588   20
   161   0.17603   0.16812   3.15800    1591   17
   162   1.85208   1.66796   0.27357    1300   17
   163   6.22416   0.25215   0.26356    1218   17
   164   1.81438   1.49541   3.29081    1624   19
   165   3.33203   1.38764   3.20791     932   13
   166   0.20116   1.69104   4.64664     986   14
   167   0.74678   0.29103   4.23374     946   15
   168   3.25904   1.35811   4.75204    1113   12
   169   3.08676   2.92177   6.07590    1635   18
   170   4.81177   1.58331   2.87807     412   10
   171   4.82668   1.61698   2.99734     933   13
   172   0.09190   1.78466   3.13122     785   14
   173   3.46344   1.28000   4.72533     947   14
   174   0.34031   1.90930   4.76144     861   13
   175   0.20492   1.90414   4.70829    1855   18
   176   0.84924   0.12099   5.59538    1244   18
   177   3.37968   1.35231   6.22816    1215   17
   178   4.83198   1.64381   1.45030     913   14
   179   4.90573   1.66493   2.89178    1383   18
   180   0.03760   0.19066   1.72620     896   15
   181   0.89386   0.17785   5.61679    2608   19
   182   0.19104   1.80758   1.48598     375   10
   183   0.73828   0.25262   5.85004    1951   17
   184   5.02147   1.59208   2.92578     725   13
   185   4.96874   1.45636   1.30373     775   11
   186   0.31845   1.84756   6.17766    1120   12
   187   3.31238   1.32725   4.81575    1085   14
   188   4.96874   1.45636   1.30373     836   13
   189   5.84613   0.12359   5.34441     525    9
   190   4.89227   1.49467   4.46686     735   11
   191   3.07582   2.86153   1.19746     890   14
   192   0.22962   1.82978   6.18088    2258   18
   193   4.91481   1.44997   6.09753     345   12
   194   0.12609   1.81948   6.27224     685    8
   195   3.33600   1.27841   0.05137     917   14
   196   1.69871   1.66422   0.12464     830   14
   197   3.43021   2.94225   3.28494     515    9
   198   5.03260   1.58629   4.38940     908   16
   199   3.63591   2.82983   0.36622     971   12
   200   6.21089   0.20180   0.25872    1159   14
   201   1.68778   1.62554   0.09559    1178   15
   202   5.05974   1.45556   6.00658     934   16
   203   0.10938   1.81983   6.26114    2081   17
   204   4.10438   2.99744   2.43835     570    9
   205   4.97167   1.60633   6.06715     777   13
   206   3.25457   1.46297   4.61981    2058   25
   207   3.46932   1.40314   1.60919     474   10
   208   4.95413   1.55126   1.27494    1514   17
   209   4.91481   1.44997   6.09753    1902   17
   210   4.81260   1.51148   6.14959    1393   19
   211   3.38971   1.36738   3.16719    1107   14
   212   1.78584   1.47645   0.20960     866   15
   213   0.15998   1.89489   6.18203    1399   17
   214   1.92277   1.69651   3.32752     620   12
   215   3.36907   1.42503   3.21043    2481   24
   216   0.61706   0.30211   1.19011     638   11
   217   3.28138   1.38094   0.14047    1240   16
   218   3.39916   1.40973   0.00595     977   13
   219   4.97085   1.49984   1.30815     459    9
   220   0.02428   0.24021   4.94384     711   15
   221   3.07582   2.86153   1.19746     519   14
   222   1.76302   1.57113   0.16931     820   11
   223   0.19104   1.80758   1.48598     315    9
   224   0.26841   0.15490   4.61829     470   10
   225   3.93135   2.99603   0.48826    1085   17
   226   4.80432   1.58975   1.37364    1008   17
   227   1.81538   1.59820   0.16259    1883   17
   228   0.27095   1.89948   1.63422    1331   18
   229   3.56874   3.02905   4.86859     685   12
   230   0.12960   1.88268   4.56419    1715   17