     1   0.00000   0.00000   0.00000       0    0
     2   3.95503   1.14403   1.27052    1287   15
     3   2.31651   1.39652   1.78114    1247   15
     4   0.80722   1.76202   1.80070     935   12
     5   2.31752   1.35136   0.39473    2270   16
     6   0.33683   0.39069   0.42849     372    8
     7   3.30165   2.63979   1.07309    1310   18
     8   5.38586   1.75115   1.11032     722    9
     9   3.94136   1.34716   5.91314    1777   21
    10   3.43444   2.79519   5.94574     530    9
    11   5.44073   1.82394   2.93991    4635   25
    12   6.25336   0.50274   0.74406    1355   15
    13   3.77926   1.36235   1.35709    1013   13
    14   2.29613   1.28124   5.11797    3883   20
    15   5.40421   1.82507   5.98668     445    8
    16   3.97181   1.25129   6.04850    1786   18
    17   0.73892   1.99688   3.44530    1978   19
    18   2.25817   1.35213   4.93347    2351   14
    19   3.28404   2.71472   4.06559     720   11
    20   2.25344   1.19207   0.36268     326    9
    21   0.18746   0.29527   0.54888     273    6
    22   2.17558   1.24703   5.09566    1012   13
    23   3.91058   1.29543   4.45784    1603   16
    24   2.27497   1.24594   0.35779     380   10
    25   2.17888   1.32656   5.08855    1561   16
    26   3.18362   2.74999   5.64236     411    9
    27   2.95632   2.68151   2.16937    2876   18
    28   2.26555   1.45960   4.98420     551   10
    29   5.43127   1.79413   2.72346     779   11
    30   2.26795   1.41449   3.40830    2503   17
    31   5.41988   1.84810   5.96987    2322   17
    32   5.32147   1.76989   4.34919     743   12
    33   3.80623   1.30162   2.98955     690   11
    34   3.53598   2.63418   1.16455     980   13
    35   2.30871   1.27237   4.96846    1973   15
    36   3.17507   2.76132   5.53734     879   10
    37   6.23590   0.38493   2.24540    1894   20
    38   2.18086   1.45926   1.85387    2063   18
    39   0.21882   0.42036   5.26766    1638   18
    40   0.12366   0.47737   2.16196    1387   13
    41   5.37814   1.82391   2.86306     695   11
    42   5.32811   1.86746   1.20301     580   12
    43   2.75879   2.77890   2.09672     372   10
    44   5.97957   0.34430   4.23225     751   12
    45   2.17888   1.32656   5.08855     537   12
    46   2.30701   1.39021   3.44761     572    9
    47   3.42684   2.84115   2.66635     898   11
    48   0.84233   1.91389   5.14345     322    6
    49   0.82498   1.86004   1.96592    1308   13
    50   2.16063   1.35433   5.06308     989   11
    51   2.26699   1.21104   1.96107    1207   13
    52   0.21673   0.32665   3.63573    5607   25
    53   5.45020   1.94502   5.99564    1047   14
    54   5.39129   1.80266   1.21923    2563   19
    55   5.37042   1.92129   1.22961    1217   15
    56   6.21157   0.42055   5.49358     476   12
    57   0.79905   1.85216   5.08310    2247   16
    58   0.80231   1.85071   1.94087    1232   18
    59   6.17960   0.37478   5.56095    1861   17
    60   5.43988   1.83286   1.28946    1146   14
    61   0.17025   0.44510   3.69908    3719   20
    62   5.44383   1.77259   4.41903     561    8
    63   2.93847   2.81940   0.65142     401   11
    64   3.93297   1.34001   1.29315     556   10
    65   3.93539   1.16274   2.83028     844   14
    66   5.45220   1.93441   2.78763    2430   18
    67   2.93117   2.83680   5.38935     820   13
    68   2.21832   1.27344   0.31984    1091   12
    69   5.30799   1.70985   2.85563    1520   16
    70   3.29063   2.62930   4.16760    1361   14
    71   5.41073   1.71313   4.39695     549   13
    72   3.43444   2.79519   5.94574     741   14
    73   2.23579   1.28545   1.91668    1556   16
    74   2.28130   1.31637   1.83034    1200   16
    75   2.24342   1.29194   3.48235    1194   16
    76   0.70956   1.90606   3.44553    1527   12
    77   2.22784   1.22520   3.51340     638   11
    78   5.36544   1.85550   1.24894    3264   22
    79   0.78856   1.86013   3.51054    3224   18
    80   0.23691   0.35826   5.17928    4098   23
    81   3.81640   1.31061   4.47178    4053   21
    82   3.18641   2.61484   5.65176     529   12
    83   5.41316   1.89529   1.15186     554    9
    84   3.89781   1.35824   2.85883    3217   23
    85   0.72615   1.93481   4.95332     550   13
    86   2.25641   1.33896   1.77341    1267   14
    87   2.16826   1.37272   0.27791    1008   12
    88   5.97957   0.34430   4.23225    2068   20
    89   2.29127   1.19882   0.40393    3736   27
    90   0.83170   1.90427   0.33291    2958   20
    91   0.70956   1.90606   3.44553    1199   17
    92   0.73892   1.99688   3.44530    3656   26
    93   5.31513   1.78790   4.40989    1216   13
    94   2.26939   1.30782   0.33673    1346   16
    95   0.72164   2.01604   1.84642    2119   18
    96   0.70956   1.90606   3.44553    1416   11
    97   5.39129   1.80266   1.21923     499   12
    98   3.94692   1.26712   5.91620    2326   17
    99   2.23439   1.34553   3.35227     637   10
   100   2.28148   1.27526   5.02084     971   13
   101   3.94452   1.31027   4.48478     549   11
   102   2.29629   1.39824   0.41770    3672   21
   103   5.40443   1.93203   1.26499     647   13
   104   5.39011   1.87760   4.37850    3529   19
   105   0.70956   1.90606   3.44553     478   11
   106   3.31505   2.73242   5.75075     289    7
   107   2.15500   1.29190   3.53022    2194   18
   108   3.93066   1.20990   2.81273     587   13
   109   3.40498   2.74561   1.04916    5297   23
   110   0.81284   1.90026   5.01556     694   11
   111   6.14316   0.41023   4.01508     924   12
   112   0.25854   0.29682   3.65178     335    9
   113   5.30709   1.80819   2.83625    1502   14
   114   5.36184   1.81691   5.95228     468    9
   115   3.83367   1.20915   1.28040     734   12
   116   5.37622   1.90454   1.18984    1081   11
   117   0.07119   0.38805   5.29778     653   11
   118   5.32147   1.76989   4.34919    1235   10
   119   2.28130   1.31637   1.83034    2626   16
   120   3.84906   1.12840   2.92465    3117   21
   121   5.42322   1.75426   4.46623     458    9
   122   0.65372   1.89855   3.31208    1373   14
   123   6.16816   0.56199   0.81219    2483   20
   124   2.28130   1.31637   1.83034     616   10
   125   3.92213   1.17660   6.02819     925   13
   126   3.92123   1.25076   2.93163    3363   21
   127   2.25250   1.35572   3.45236    1402   15
   128   3.88397   1.39348   5.98310     771   11
   129   2.75879   2.77890   2.09672    1692   14
   130   5.37681   1.71610   2.84209    2275   18
   131   5.42725   1.83329   4.38862    2750   18
   132   2.27497   1.24594   0.35779    1599   13
   133   0.79452   1.99832   1.78262    4692   22
   134   0.70956   1.90606   3.44553     321    8
   135   0.66199   1.92995   0.22622    1383   17
   136   0.09121   0.38145   5.28624    1308   14
   137   5.39129   1.80266   1.21923     462   12
   138   3.89098   1.27057   1.33944    4692   27
   139   5.43608   1.71916   2.90847     866   12
   140   5.40749   1.86606   2.78048     776   13
   141   5.33392   1.77779   1.15200    2313   14
   142   5.46248   1.76284   4.28647    1683   17
   143   2.27123   1.22085   1.84241    1047   13
   144   3.80918   1.38652   1.24449    2180   18
   145   2.16826   1.37272   0.27791     476   10
   146   3.95241   1.28845   1.31101    1576   16
   147   6.13944   0.44405   2.50331     547    8
   148   6.21188   0.33743   0.77834    1392   15
   149   3.15046   2.68605   3.97458    3666   19
   150   2.23029   1.41433   5.05162    3636   17
   151   3.01561   2.81398   2.31064    1491   15
   152   2.16826   1.37272   0.27791     824   13
   153   2.25926   1.37022   1.97542     479    9
   154   3.43444   2.79519   5.94574     464   10
   155   3.94810   1.24554   1.15295    2361   20
   156   3.36631   2.66138   2.61654     991   14
   157   0.17811   0.39041   5.21039     557   10
   158   2.16826   1.37272   0.27791     439   11
   159   3.20965   2.75659   0.92579    1718   16
   160   3.21879   2.73619   5.57797    1644   16
   161   5.40443   1.93203   1.26499     819   16
   162   2.19450   1.22165   0.32026    1197   13
   163   3.18988   2.74358   2.42047     377    7
   164   0.20954   0.32927   2.12164     845   13
   165   0.70412   1.76110   3.38002    2555   15
   166   3.81873   1.31155   2.79971     388    9
   167   5.36476   1.66479   1.29893    1243   13
   168   3.20883   2.72594   4.05129    5539   25
   169   5.37280   1.91304   4.41820    2391   19
   170   0.82498   1.86004   1.96592     941   14
   171   5.42722   1.74403   2.73250     636   10
   172   5.36184   1.81691   5.95228     427   14
   173   5.43450   1.92201   4.37597    1714   15
   174   3.19714   2.71012   0.92261    1064   12