     1   0.00000   0.00000   0.00000       0    0
     2   4.55211   2.81696   3.84499     738   15
     3   0.48997   0.90892   1.13459    1718   17
     4   2.61333   1.44587   5.09594     575   12
     5   1.26096   1.41728   4.24819    1362   16
     6   0.62236   2.84810   5.28490     559   12
     7   5.32242   0.76338   3.94350     866   17
     8   0.99169   0.72156   5.97197     516   12
     9   5.30995   2.60537   4.48562     545   14
    10   1.69697   1.26846   3.76773     669   12
    11   5.26268   1.99917   4.84135     813   13
    12   6.04275   0.34305   4.18072     646   16
    13   0.08545   1.53293   1.17222    1111   20
    14   3.72889   2.24017   0.39895    1326   17
    15   1.08166   0.74133   1.46617     467   10
    16   4.94728   0.18537   2.17274     515   14
    17   2.41198   2.07912   1.84073     547   10
    18   0.62158   1.89690   2.53608     325    9
    19   0.33018   2.04321   3.67954    2028   22
    20   4.41259   0.39978   6.09845    1150   14
    21   0.25629   0.93440   2.96717     515   10
    22   3.98727   2.11261   3.30870     678   13
    23   3.32560   1.11161   3.66303    1011   14
    24   2.32224   2.13169   4.65831    1750   22
    25   1.54610   2.35225   4.20330     783   13
    26   4.44477   2.47536   4.69875     448    9
    27   4.90249   2.04385   0.94404    2064   22
    28   0.74975   0.70959   0.71557     678   12
    29   5.62292   1.15907   0.24474     586   13
    30   2.18807   0.77015   4.30536     893   13
    31   2.14718   2.32734   2.76702     184    8
    32   1.25106   0.85475   2.71630    1131   18
    33   3.88062   2.01076   2.50773     543   13
    34   3.88624   2.09583   4.40212     754   14
    35   1.95126   2.28372   1.23183    1620   22
    36   0.38075   2.05603   0.69202    2163   24
    37   5.39668   3.00947   3.44361    1387   17
    38   4.81707   0.51259   1.93127     457   12
    39   0.74698   1.19036   4.01658     611   11
    40   0.58551   2.60537   0.95837     749   14
    41   1.49512   0.73860   4.51611     596   12
    42   4.92368   0.80392   3.74397    1119   18
    43   4.56532   2.35451   4.29034     582   12
    44   4.30007   0.47323   1.77718     826   14
    45   0.88395   2.18245   1.15251     935   14
    46   4.35344   1.67465   3.58759     895   17
    47   3.11857   1.18365   3.44628     753   14
    48   5.19511   0.70790   3.35609    1294   18
    49   2.41490   1.31970   4.29890     771   17
    50   1.39244   1.67106   3.95104     380    9
    51   1.29670   1.95521   2.56885     772   16
    52   4.56438   1.33262   0.81902    1087   18
    53   4.41566   1.13980   1.13430     960   14
    54   2.64079   0.50312   1.26980     934   17
    55   5.95883   1.56541   2.55561     485    9
    56   2.46514   2.30610   3.42729    1104   17
    57   5.82575   2.46731   1.13021     856   17
    58   0.65683   2.07309   2.48411    1236   19
    59   3.19541   1.65265   2.12417     582   15
    60   0.95919   1.43794   0.66571    1038   16
    61   2.08577   1.04415   1.11159     492   10
    62   5.68922   1.07746   0.89590    1207   15
    63   4.62631   1.42562   6.10253     465   14
    64   5.85358   1.62540   5.84664     812   15
    65   2.98313   0.71112   4.18729     686   14
    66   5.68675   0.68462   3.23713     659   12
    67   2.93713   2.16431   2.69062     475   10
    68   5.33833   2.52514   4.53661     614   11
    69   2.59077   1.88652   3.11253     498   13
    70   2.33106   0.61792   3.34133     757   15
    71   4.26553   2.23954   2.74208     787   12
    72   1.01389   1.69611   0.97774    1173   18
    73   2.75428   1.55965   5.88185    1446   17
    74   2.04862   1.30947   3.21513     728   14
    75   2.78366   1.44611   6.10407     720   16
    76   5.93258   1.31113   4.02038     661   13
    77   2.70755   1.57633   0.66883     421   11
    78   0.43208   1.07410   2.68297    1798   21
    79   3.08785   1.05860   5.93420     639   13
    80   1.40680   0.41610   3.58278     682   16
    81   1.49779   0.88944   2.41535     635   12
    82   3.48646   0.92015   2.18161     748   17
    83   6.10301   1.22381   2.86508     602   14
    84   3.57936   0.55137   2.78604    1196   14
    85   3.43372   0.79842   3.93424     819   13
    86   5.32322   2.62623   0.97222    1193   20
    87   4.90928   1.18909   2.78061    1886   22
    88   4.64919   1.14553   2.18660     671   13
    89   0.01221   2.67826   6.27861     704   13
    90   4.75566   2.01485   4.19842     711   14
    91   2.53424   0.89215   5.12038     666   10
    92   6.00560   1.12344   1.96737     771   14
    93   0.65438   0.07796   4.94108     687   12
    94   4.63894   2.03771   6.09733     467   11
    95   5.81588   2.59302   4.31154    1259   18
    96   2.69071   1.07875   1.11356     812   13
    97   2.12544   1.50656   6.11532     540   14
    98   2.23036   0.47850   3.62904     739   14
    99   2.50006   1.50265   4.42322     362   13
   100   5.74246   1.95106   0.43183     704   14
   101   0.24550   0.58115   4.06726     664   12
   102   1.04691   0.88117   0.39950     608   12
   103   2.90400   1.61413   0.65124     596   13
   104   4.54543   1.37458   2.84721     915   15
   105   0.39835   0.80428   6.16583     521    9
   106   4.67889   0.32784   1.92067     941   14
   107   4.62929   1.11355   2.64825     657   14
   108   5.03869   1.52087   2.91770    1633   21
   109   4.70338   1.34733   1.58125     655   14
   110   2.63795   3.07145   4.24999     299   11
   111   1.58485   0.79563   5.49060    1133   18
   112   1.05242   1.86739   5.11365     840   13
   113   2.95435   2.85126   3.54800     606   13
   114   4.27340   0.45080   3.93153     742   17
   115   0.74913   1.09331   2.15805     754   14
   116   1.11266   2.28030   5.35365     857   15
   117   4.47202   0.53226   5.94501     796   14
   118   2.12091   1.37428   3.63956     641   13
   119   3.96657   2.17259   3.07978    1299   19
   120   6.26773   1.21369   3.78168     892   14
   121   2.47091   1.08766   4.27582    1414   14
   122   6.24179   1.07994   0.28447     739   13
   123   3.49762   2.37658   2.01921    1116   16
   124   2.35528   1.16071   0.92521     953   16
   125   2.70415   1.15833   4.02102     912   14
   126   3.38620   2.34188   1.58530     415   13
   127   2.84329   1.56201   3.64966     565   13
   128   2.50976   0.97202   1.00816     569   14
   129   0.61004   1.11623   2.59955     872   13
   130   4.45291   1.41725   4.13485     885   15
   131   0.57492   2.40831   1.46527     605   14
   132   5.40685   1.36898   0.43926    1016   14
   133   2.27761   1.38411   3.97007    1121   14
   134   4.85218   1.86201   0.93807     505   11
   135   3.02833   2.49220   6.22031    1281   18
   136   5.14011   0.98638   4.67710     608   14
   137   4.98324   1.40534   1.16677    1174   17
   138   3.72888   0.31315   4.80732     949   15
   139   2.17290   2.49980   2.57591     711   11
   140   2.65514   2.06879   4.02166     652   13
   141   2.67072   0.45998   2.13266     866   17
   142   0.43842   1.77336   1.46465    1203   17
   143   0.82223   1.03280   0.64409    1526   21
   144   0.02309   1.06408   1.18849    1554   16
   145   3.45182   2.10646   3.82650    1527   19
   146   2.77041   1.25783   2.94728     856   14
   147   1.64872   1.98610   5.90452     950   16
   148   0.65002   1.54957   2.42236    2061   17
   149   2.73372   1.72150   1.63899     378   10
   150   4.00425   1.67865   3.96808     623   14
   151   2.19083   0.74060   0.59753     469    9
   152   5.40239   1.13485   4.94026    1373   19
   153   1.61566   1.22426   2.87267     619   17
   154   2.19069   2.01679   0.51462     628   14
   155   3.27608   0.33332   6.00084     535   11
   156   1.48269   1.91816   0.58226     649   13
   157   0.56701   0.39612   4.31868     957   16
   158   1.90411   2.11207   3.34113     750   15
   159   1.70296   0.90545   2.34402     425   11
   160   0.18182   1.28738   1.17666     652   16
   161   1.90678   1.09311   0.97922     658   15
   162   1.51924   1.77734   4.37033     923   14
   163   4.01215   2.82555   3.93028     942   12
   164   2.62687   1.29678   5.29738     738   16
   165   2.67519   1.88466   4.89584     929   13
   166   2.36273   0.96993   0.52428     712   14
   167   2.65851   2.12221   3.85306     704   14
   168   3.12794   1.10030   5.23763     504   11
   169   1.16296   2.18623   5.55862     840   15
   170   0.20278   1.95430   5.59513     737   16
   171   2.15783   2.57855   3.89427    1086   17
   172   1.59501   0.72605   2.40828    1258   18
   173   1.46656   2.00006   2.47912    2914   27
   174   3.04126   1.86337   5.07499     547   12
   175   4.01913   1.62752   1.19607     758   14
   176   0.46239   2.24120   0.97223    1489   21
   177   5.64867   2.68712   6.11318     639   13
   178   3.82238   1.48067   3.62567     412   12
   179   4.32001   2.54989   4.39950     695   14
   180   4.01725   0.50021   5.07529     398   12
   181   1.85598   1.41735   1.83712     606   14
   182   2.83707   1.15799   5.64405     484   10
   183   3.52182   0.97925   2.23962    1269   20
   184   5.94170   0.40817   2.81607     709   12
   185   5.85063   1.45774   5.55322    1019   19
   186   5.90290   2.31565   0.36172     632   13
   187   6.26207   1.82492   2.05590     247    8
   188   2.98086   1.40956   4.37897     638   13
   189   0.95406   0.91803   3.39298     697   14
   190   3.49847   2.47847   1.17334     897   15
   191   1.17745   0.80724   1.59680     753   15
   192   0.45609   2.40915   1.52063     680   11
   193   3.41638   1.50014   5.14689    1400   20
   194   5.32245   1.73418   4.76417     778   13
   195   1.35060   1.68622   5.42303     829   14
   196   2.88740   1.16091   5.18019    1132   16
   197   2.20545   1.00051   4.91287    1293   19
   198   1.64261   1.95130   6.25881    2109   21
   199   0.19835   2.24249   0.57349     872   15
   200   4.60390   1.51290   6.01346    1586   16
   201   6.22093   2.14512   1.28710     388   10
   202   4.32501   2.29228   5.31753    1160   18
   203   2.43197   1.80618   0.76598     610   11
   204   4.35471   0.37493   5.65412     460   12
   205   4.34070   1.58950   2.23292    1227   19
   206   3.11121   2.23380   2.42510     807   17
   207   0.53667   1.06044   3.77545     570   12
   208   2.34973   2.38358   0.27751    1025   16
   209   4.18365   1.98664   2.84957    1984   19
   210   5.96653   1.32647   6.24347    1678   20
   211   2.50006   1.50265   4.42322     617   13
   212   5.51891   2.24762   0.31476     701   12
   213   5.57363   1.24603   2.75759     625   16
   214   3.17936   0.37609   5.49096     380   11
   215   0.22210   2.45803   0.96641     794   13
   216   3.72645   1.03203   2.18844    1435   19
   217   0.34303   2.44482   0.97088    1064   14
   218   5.16450   2.64642   4.26380     601   12
   219   5.44611   1.92165   5.85692     446    9
   220   0.82294   1.34077   4.89617     555   13
   221   5.15026   1.50359   0.59200    1090   14
   222   5.65200   0.63264   4.24208    1337   18
   223   6.03484   1.84944   2.51328     484   13
   224   3.88814   1.61203   5.24730    1114   14
   225   1.33664   2.86319   4.00999     571   14
   226   4.31014   1.83454   3.18461     958   15
   227   1.99504   1.73153   1.34579     615   10
   228   2.71832   0.35079   0.03192     665   11
   229   6.02459   2.56326   3.17296    1247   20
   230   3.42967   0.37522   4.18698     411   12
   231   4.64406   2.68024   2.13448     985   14
   232   5.16159   0.80115   5.02217     742   14
   233   3.77156   2.04759   3.67021     711   11
   234   4.22605   1.74681   0.34059    1312   17
   235   5.41395   2.26750   0.93780     730   14
   236   0.72731   1.59445   1.51741     791   13
   237   5.41512   2.14552   4.68946    1359   15
   238   0.26190   2.07038   4.42848    1035   16
   239   5.98883   1.39485   3.48442    1120   16
   240   3.76101   1.87915   5.05973     639   11
   241   3.55109   0.87609   4.51998     301   11
   242   4.71650   1.53081   3.62629     505   12
   243   5.47127   1.86871   3.09701    1010   15
   244   0.50706   2.05817   1.55248     660   14
   245   2.52916   1.66943   0.88288     818   17
   246   3.41939   0.78728   4.88990    1114   16
   247   4.03742   1.96042   5.71380     887   14
   248   5.89717   2.00000   5.68594    1168   20
   249   1.41926   0.87763   5.51136     739   12
   250   4.21054   0.35726   2.40447     869   12
   251   6.08883   1.24133   5.40203    1325   19
   252   4.79383   2.36539   0.90743    1491   18
   253   0.22780   0.96669   3.46940    1376   19
   254   4.66271   2.20481   5.50181     337    8
   255   1.50506   2.79426   2.33770    1205   14
   256   6.02616   1.30333   6.18598     826   13
   257   1.84185   1.11512   0.17388     989   15
   258   2.65514   2.06879   4.02166     568   12
   259   3.34170   1.71734   5.79445     500    9
   260   2.23017   1.34848   1.68201    1425   19
   261   1.13295   2.29447   0.59641     839   15
   262   1.52935   1.99053   6.22062     866   16
   263   3.85144   1.87063   2.88606    1547   24
   264   5.38978   1.74297   1.14901     439   11
   265   5.64974   1.67514   2.98618    1155   15
   266   0.64473   1.54813   4.92110     712   13
   267   4.55832   0.46006   5.35396     664   12
   268   5.64936   1.29168   3.73856     919   14
   269   1.03050   2.09410   1.27065     956   15
   270   1.19225   1.66389   5.19133     524   13
   271   6.26321   2.13372   2.33794     802   16
   272   6.05648   0.98115   2.62685     960   16
   273   5.86174   2.44005   3.53993     807   14
   274   6.13516   1.67636   0.77498    1013   17
   275   6.03165   0.84838   4.83187     931   17
   276   6.04965   1.32820   5.85768     546   12
   277   1.75653   2.50601   0.22767     649   14
   278   3.13052   2.47711   6.18566     776   15
   279   2.52045   2.22960   0.12670     951   16
   280   5.22970   1.81077   4.93477     432   11
   281   4.56769   2.57014   1.13227    1387   17
   282   0.04071   1.12519   5.41293     892   15
   283   2.90704   0.74138   1.99170    1171   15
   284   3.39657   1.43285   3.44819    1130   17
   285   4.55011   0.88788   6.02476     491   12
   286   1.81428   0.76154   1.37354    1343   17
   287   3.98842   1.89050   2.01822    1121   16
   288   4.93536   2.05921   3.68404     856   14
   289   3.65296   1.11519   5.12562     807   13
   290   2.97007   1.15032   4.12364     760   14
   291   3.82819   2.17292   0.00157    1196   15
   292   1.17083   1.98778   0.42537    1626   19
   293   4.68077   1.13105   5.43079    1334   20
   294   0.02349   2.08133   6.09445    1174   15
   295   5.55237   2.14181   5.64784     834   12
   296   2.56827   2.36330   0.37499    1105   19
   297   3.66446   0.80274   2.85698     771   12
   298   4.58655   1.70897   4.81533    1699   18