     1   0.00000   0.00000   0.00000       0    0
     2   1.55856   0.77346   4.47850    2586   21
     3   0.93327   2.34044   1.54568    1402   15
     4   3.75742   1.03334   3.97784    1231   12
     5   4.40688   2.87327   4.37237    1571   17
     6   3.38321   0.69561   2.22535     987   15
     7   0.69960   1.78249   5.56265    2310   20
     8   1.11108   0.98301   5.68166    1249   14
     9   1.68719   1.80061   3.39699    1758   15
    10   1.78020   0.82825   2.10619    1370   13
    11   2.34581   1.86347   2.28227    1590   15
    12   3.24226   2.59228   0.04700    1654   18
    13   5.50226   0.45169   2.84445     929   11
    14   0.11070   1.83508   0.92551    1211   16
    15   0.08595   2.15923   4.25234    1395   16
    16   0.53908   0.38885   0.83107     670   12
    17   4.67761   1.56402   0.44709    1291   11
    18   3.30183   2.57946   4.36385    1023   14
    19   5.79009   1.95354   6.12072     691   12
    20   2.56431   2.47807   6.16340    2099   18
    21   3.64151   1.00238   5.65774    1129   14
    22   0.54196   0.30374   2.55068    1036   11
    23   4.00678   1.53278   4.73826     759    8
    24   3.79562   1.26887   1.81936    1572   14
    25   3.59789   1.97455   2.88243     902   11
    26   5.71901   1.16747   1.25727    1698   16
    27   1.22046   0.93431   3.73489    1764   22
    28   3.64702   2.20916   3.81099    1390   14
    29   2.66882   1.15847   1.66316    1395   14
    30   4.52649   0.80408   2.48885     761   12
    31   1.96679   2.24875   2.89704    1231   16
    32   5.07995   1.25801   0.13673    1099   16
    33   0.86840   1.15755   6.26958    1498   17
    34   6.01753   1.39266   1.70179    1980   21
    35   2.18171   0.99125   1.51626    1528   12
    36   0.21322   0.98367   5.54183    2248   17
    37   4.25285   0.78754   4.27053    1439   15
    38   2.66483   1.43454   1.97940    1495   17
    39   4.12778   1.22021   1.07319    1343   16
    40   1.47392   1.16924   4.24386     573   12
    41   0.34549   1.15338   2.94613     846   14
    42   1.67873   1.36976   1.50247     868   13
    43   1.89606   0.33299   3.72292    1296   17
    44   1.30287   0.93200   3.88454    1484   16
    45   5.99277   0.96807   3.71191    1035   12
    46   4.50154   2.35484   3.74807    1036   13
    47   4.69489   1.64659   5.67759     928   14
    48   5.18088   0.32704   3.09405     564   13
    49   5.65677   2.41464   4.23040    1969   21
    50   3.92995   0.79282   0.95331    1020   14
    51   2.86140   1.44636   0.43560     940   13
    52   4.07109   0.62275   4.01978    1358   14
    53   3.30116   1.36015   3.73062    1470   14
    54   4.85033   2.51213   3.56562    1009   13
    55   4.27631   0.44934   4.28003    1281   14
    56   5.16102   1.47519   1.67545    1008   12
    57   4.01299   1.96386   0.36817     777   11
    58   4.61257   1.00813   1.99374    1429   16
    59   0.24922   1.19538   0.91755    1771   15
    60   5.31525   1.82025   2.62551     958   12
    61   2.33060   1.74479   3.55886    2278   21
    62   4.94274   0.69172   4.99600    1584   18
    63   4.89073   2.42525   3.92714    1154   13
    64   5.98519   0.50444   1.27015    1354   16
    65   0.16907   0.11040   5.51377    3545   26
    66   3.12537   0.09633   1.26900    1287   15
    67   6.09139   1.47870   5.50898    1157   13
    68   0.21077   1.49089   0.12305     861   13
    69   2.72847   2.28423   4.61524    1584   16
    70   2.74968   2.57343   1.20035    2710   18
    71   2.07222   2.54011   3.62858     976   11
    72   5.82473   1.01609   3.92788    1764   16
    73   2.53453   2.47653   4.75750    1331   16
    74   3.18551   0.13726   3.00917    1197   17
    75   4.38194   2.13633   0.01117    1879   21
    76   3.31911   1.52511   0.08455    1052   18
    77   2.82776   0.93114   1.01276     963   11
    78   3.07027   2.58686   2.63246    1389   18
    79   0.90301   2.58958   5.23167     569    9
    80   2.69984   2.00603   5.64790    1450   14
    81   1.00158   2.40504   4.34949     474    8
    82   0.47112   1.96593   1.59874     914   14
    83   0.01745   2.34646   2.48063    1791   20
    84   5.42139   2.87735   0.56615     720   10
    85   3.26437   1.47942   0.42051    1445   17
    86   3.31678   2.57585   0.78111    1383   21
    87   1.67843   2.34007   0.74577    1193   16
    88   5.61721   1.88241   0.76734    1466   19
    89   2.02056   1.44672   4.41129    1160   15
    90   3.25743   0.68026   4.24789     886   12
    91   1.59662   2.76076   1.61206    1578   20
    92   1.17461   2.19879   1.23422    1634   17
    93   1.80722   2.29849   4.13777    1352   17
    94   2.07096   2.11057   3.45503    1264   14
    95   0.93118   1.27899   0.11217    1248   14
    96   5.83266   0.87138   5.81072     744   13
    97   1.72341   2.74541   0.55262     888   11
    98   1.78468   1.46099   3.96526    1108   13
    99   2.20875   0.69462   1.52381     990   12
   100   0.91802   1.67603   1.92352    1449   17
   101   2.32475   1.85454   3.31030    2148   20
   102   6.12364   2.20052   2.58105    1814   19
   103   1.73895   1.21943   2.10321    1112   14
   104   5.24225   0.71290   0.18219    1214   16
   105   5.88045   2.34792   1.61263    1924   20
   106   5.42999   2.46403   4.78865    1253   13
   107   1.00300   2.04146   5.60075     922   14
   108   4.88568   1.23584   5.50423     917   11
   109   4.73590   1.99188   5.53279    1432   14
   110   1.42404   1.81896   1.91889    1294   16
   111   0.69646   1.45551   1.62359    1695   13
   112   4.06269   0.42831   3.33996    1792   19
   113   5.15785   2.21609   5.02524    1071   15
   114   2.76955   0.32930   4.86199    1296   15
   115   4.46959   1.49518   2.83864    1493   13
   116   5.90815   1.82567   3.40463    1405   14
   117   4.49128   1.68974   4.33105    1347   15
   118   1.06027   1.02710   5.88574    1657   16
   119   3.06774   0.76897   4.42416    1268   15
   120   2.37337   2.14875   2.03719    1409   16
   121   5.43235   0.75246   1.48660    1233   15
   122   2.34213   1.76155   4.03032    1627   17
   123   3.40464   1.54916   5.56839     948   10
   124   3.35404   0.67190   0.77538    1338   17
   125   3.54808   0.78899   5.13254    1525   16
   126   2.11870   0.91990   3.78186    1968   19
   127   2.80569   2.15760   1.41529    1216   13
   128   0.56634   1.39831   4.00326     987   15
   129   0.30244   2.08709   3.44208    1118   14
   130   4.80370   1.46058   1.42000     925   12
   131   5.58766   1.34562   5.18005     802   13
   132   4.71131   1.69876   3.46855     934   14
   133   6.06235   2.29334   2.87619    1289   13
   134   3.77521   1.99270   4.99728    1160   15
   135   1.56753   2.36518   1.31846    1122   15
   136   0.66365   0.37971   3.73572     784   15
   137   0.76082   2.03089   2.37263    1423   18
   138   2.82463   0.84250   5.31210     720   14
   139   5.69390   2.08084   2.17726    1673   14
   140   2.53423   1.10953   1.32725    1024   13
   141   0.84134   1.92910   5.99647     920   14
   142   1.45293   0.71469   1.79925    1172   14
   143   4.80872   2.65206   5.30029     960   14
   144   5.12199   1.11392   3.88691    1748   16
   145   1.05166   1.18809   5.15133    1609   14
   146   5.51286   1.98058   5.62813    1360   15
   147   5.21515   1.48144   1.65698    1600   14
   148   1.67598   1.64224   0.04649    3305   23
   149   5.43141   2.48753   2.94457    1696   21
   150   3.87712   0.97925   6.20274    1733   15
   151   0.25953   1.23818   0.31195    1786   18
   152   5.69898   1.51787   5.66201     969   13
   153   4.61257   1.00813   1.99374    1401   19
   154   0.84569   1.26055   2.50248    2671   19
   155   3.08691   2.80168   0.68232    1741   17
   156   6.05914   1.23078   1.09135    1643   18
   157   1.22633   2.01820   5.61135    1041   13
   158   2.44097   1.38153   0.22500    1221   15
   159   1.24847   1.68068   3.12706     927   13
   160   1.79366   1.57989   1.13020    1101   15
   161   2.94041   0.57490   5.37404    1744   15
   162   0.53834   0.19440   4.83566     958   13
   163   3.53780   0.78885   0.97877     758    9
   164   6.23631   0.99033   3.12595     606   12
   165   4.36501   1.57741   0.85150    1500   14
   166   1.80488   0.10292   5.89126    1371   17
   167   5.05968   1.19370   0.93849    1423   17
   168   6.08091   2.79071   4.32128    1220   12
   169   5.18515   1.55084   4.78603     880   12
   170   2.89104   2.28893   5.40250     945   12
   171   1.85281   0.78289   4.80017    1285   11
   172   1.12800   0.99593   2.95879     852   14
   173   6.02719   1.25282   4.86830    1928   16
   174   2.73928   2.19634   3.85133     600   11
   175   3.22434   1.40910   0.85222    1562   15
   176   1.66030   0.32049   1.15373    1182   12
   177   4.97717   0.56939   0.52027    1331   14
   178   4.71897   1.68454   5.03416    1194   12
   179   4.25183   1.55115   0.39738    2236   18
   180   5.78768   0.15852   4.82383     670   10
   181   1.66123   2.35271   2.37881    1663   17
   182   3.98546   2.09615   3.84702    1214   12
   183   4.00691   1.82820   1.42059    1133   16
   184   4.61484   1.18757   2.34458     974   14
   185   1.18256   1.71422   4.82468    1595   17
   186   5.30269   0.59150   2.05484    1359   14
   187   4.40220   1.75428   3.48657     908   14
   188   3.58781   1.14170   4.53755    1568   15
   189   5.58935   2.00711   0.43140    1235   15
   190   6.25480   2.56322   1.91954     935   15
   191   4.44431   2.61461   2.26283    2650   22
   192   2.71858   0.55729   5.85721    1300   15
   193   3.82318   1.98176   0.88285    1529   16
   194   5.13390   0.93522   2.04735    1123   14
   195   3.93392   2.10487   1.96264     706   14
   196   5.73720   0.61084   1.91614    1879   21
   197   1.92765   0.35419   5.17318     682    9
   198   5.35167   2.00848   0.14202    1888   19