     1   0.00000   0.00000   0.00000       0    0
     2   0.76006   2.20745   1.95401    3749   21
     3   3.33601   2.23783   4.40972     522    8
     4   5.08376   1.90649   3.98023    1764   15
     5   3.42276   2.38853   4.41218     434   10
     6   0.21859   0.84784   1.93885    3487   20
     7   0.29277   0.82639   4.89098     578   10
     8   1.89575   1.34426   2.35899    1837   17
     9   1.95397   1.23826   0.73768     536   13
    10   3.81607   0.83274   4.37780    1563   16
    11   2.06662   1.41184   5.51281    1850   11
    12   1.84879   1.35089   4.04385    2164   20
    13   4.99822   1.80295   0.74390    1346   16
    14   3.77432   0.85467   1.24055    1140   13
    15   3.41212   2.29553   5.97266    1683   14
    16   2.05724   1.40978   5.57122    1863   15
    17   2.01663   1.21134   3.88790    1262   14
    18   0.07224   0.83633   3.45645     387   11
    19   0.73779   2.27591   5.06844    4166   19
    20   0.10490   0.91279   2.05130     912   14
    21   5.13054   1.80420   3.87265     817   15
    22   1.95397   1.23826   0.73768    1774    9
    23   2.01383   1.33621   2.45733     783   12
    24   3.13457   2.27666   4.19596     262    7
    25   3.33223   2.31491   1.31422    1608   15
    26   6.27197   0.81965   5.22474     536   11
    27   0.63693   2.42342   3.46410    1337   13
    28   3.91903   0.90189   1.21384     746   15
    29   3.24015   2.24484   4.29449    1177   16
    30   0.20241   0.84121   3.52425     587   12
    31   3.87622   0.85090   5.91741     656   10
    32   5.10306   1.83208   5.39458    1498   12
    33   1.94941   1.35004   5.56468     507   11
    34   3.42910   2.23787   1.36114     372    8
    35   3.77451   0.73231   5.87445    1045   15
    36   5.28218   1.88996   2.41158     550    6
    37   2.09332   1.31903   5.52074     414   11
    38   0.18889   0.76717   3.58172    1800   17
    39   3.33601   2.23783   4.40972     568    8
    40   1.95426   1.30469   5.50794     794   10
    41   1.87522   1.26828   2.41231    1279   16
    42   3.77432   0.85467   1.24055     546    9
    43   0.24141   0.88526   3.34217    1141   15
    44   5.10740   1.90517   2.33717    1351   13
    45   5.15845   1.89069   0.85458    1507   18
    46   2.00612   1.26155   0.73536    1623   16
    47   0.64751   2.38480   5.02424    1055   12
    48   3.33601   2.23783   4.40972    2068   14
    49   3.82167   0.80198   1.21889     869   10
    50   1.90512   1.31936   3.95259    1892   14
    51   3.85825   0.83585   4.19285     736   14
    52   5.20655   1.77015   3.88091     578   10
    53   2.01091   1.43095   5.51896    1855   15
    54   3.52666   2.33915   1.43238    1632   19
    55   0.63693   2.42342   3.46410    2511   20
    56   1.88032   1.40843   5.57542     531   12
    57   3.33601   2.23783   4.40972    1393   16
    58   5.22369   1.82428   2.43833    3852   23
    59   3.33601   2.23783   4.40972     467    8
    60   3.84621   0.91981   2.70224     486    9
    61   5.03697   1.88677   2.25850    5666   25
    62   3.26870   2.23170   1.07349     729   12
    63   0.11772   0.76853   4.94899    2479   20
    64   3.46371   2.24863   4.42220     587    9
    65   0.01533   0.79761   0.45883     515   10
    66   5.22674   1.87730   5.55048     938   13
    67   3.35881   2.31841   5.86967    1401   13
    68   5.08712   1.92043   2.40908    2195   16
    69   3.78041   0.88520   1.23154     690   13
    70   3.80192   0.78116   6.01789    1816   17
    71   3.23602   2.37119   1.16425    1664   18
    72   2.05233   1.29636   2.42582    5252   21
    73   3.33601   2.23783   4.40972     418   11
    74   3.90469   0.74606   1.12868     531    9
    75   0.10987   0.81381   2.01716    1295   15
    76   3.29259   2.34148   4.46579     962   12
    77   5.22282   1.82901   2.40789    1779   17
    78   3.90519   0.75927   4.22785    2287   21
    79   1.88513   1.31145   5.45240     765   11
    80   0.34310   0.88972   1.81139    1201   16
    81   2.07603   1.24921   2.39206    1423   15
    82   0.08382   0.79630   2.08808     306   12
    83   5.12204   1.76716   0.79552    1448   15
    84   5.11118   1.68861   5.48221    3042   17
    85   0.66973   2.34409   0.36468    1726   17
    86   3.26184   2.39400   1.08225    1589   17
    87   3.78941   0.80273   6.01596     402   12
    88   3.82977   0.83957   2.87405     342    8
    89   0.76006   2.20745   1.95401     313    9
    90   0.59697   2.35431   0.34765    2002   17
    91   2.01109   1.41870   3.99106     842   12
    92   3.84106   0.80139   2.78980    3121   22
    93   0.73889   2.37596   5.19435    5062   25
    94   0.76516   2.31546   5.02711    1421   11
    95   5.10406   1.79589   0.78576    4220   21
    96   0.06863   0.76126   2.02411    2085   17
    97   0.18308   0.89382   0.47044    1826   16
    98   0.70327   2.35139   2.05214     470   10
    99   5.10406   1.79589   0.78576     359   10
   100   2.08273   1.24560   5.48470     665   11
   101   0.64808   2.38016   3.43254    1505   18
   102   0.07460   0.85045   3.56717    1772   16
   103   1.87425   1.33225   2.38555     644   14
   104   1.90953   1.36807   0.76910    5192   26
   105   5.22654   1.90223   2.45966     857   13
   106   2.01987   1.32614   3.91220     462   10
   107   0.72583   2.21493   5.13214     464    8
   108   0.70350   2.34944   0.34847     643   11
   109   0.18699   0.85764   3.59889    4258   20
   110   1.96777   1.23311   3.94830    1283   17
   111   3.76300   0.86091   2.84747     612   13
   112   3.90723   0.90166   4.30095     712   12
   113   0.30757   0.85309   1.84174    2552   19
   114   5.08020   1.81230   3.83765    4199   20
   115   3.33601   2.23783   4.40972     404   11
   116   3.13830   2.35598   1.06175    1453   16
   117   3.30956   2.35695   2.79449    1100   13
   118   1.97313   1.20582   0.78149     635   14
   119   0.69159   2.36213   0.46279    2906   19
   120   0.79208   2.38504   0.39633     863   13
   121   5.02155   1.82219   0.68914     954   14
   122   1.96045   1.31175   0.77195    1122   14
   123   3.90045   0.85418   4.21404    2052   19
   124   0.51728   2.35282   0.16552    4013   21
   125   1.96045   1.31175   0.77195    1309   16
   126   0.67328   2.41102   5.10621    2230   19
   127   0.33521   0.80184   0.24015     608   12
   128   3.30956   2.35695   2.79449     307    8
   129   0.63693   2.42342   3.46410     267    8
   130   5.07642   1.70393   0.82194    2342   22
   131   0.61212   2.35126   1.89846     710   12
   132   0.75944   2.25597   2.03264    2876   18
   133   3.23823   2.37580   1.07662    2301   21
   134   3.79116   0.84734   4.37787    1642   14
   135   0.71199   2.37822   0.43438     686   10
   136   3.46984   2.32545   2.95341     480   10
   137   2.01383   1.33621   2.45733     803   11
   138   3.81035   0.77098   4.31073     293   10
   139   0.72668   2.26839   2.10841    4160   23
   140   1.99375   1.37525   3.96513     697   13
   141   5.25816   1.86255   5.43313     823   13
   142   3.86202   0.81129   2.60669    3581   23
   143   5.05080   1.88482   5.44753    1237   13
   144   3.65343   0.80181   2.82591     877   12
   145   3.42910   2.23787   1.36114    1350   13
   146   3.14734   2.32806   5.76448     712   12
   147   0.70327   2.35139   2.05214     644   11
   148   3.23414   2.38187   2.66468     645   11
   149   0.66315   2.30301   4.92851     955   12
   150   3.67556   0.82967   1.30663     316   10
   151   2.07632   1.38914   0.72902     558   11
   152   3.87012   0.87136   1.30911     820   14
   153   3.68689   0.81198   2.85672     998   16
   154   3.39814   2.35392   4.32401    1107   13
   155   0.23350   0.76466   3.54113     695   10
   156   0.70327   2.35139   2.05214     432    8
   157   3.88548   0.79793   5.93338    1007   14
   158   3.35293   2.22609   4.40486    1039   14
   159   3.67653   0.78923   2.96089    1358   13
   160   5.04811   1.72874   2.24768    4343   21
   161   5.10406   1.79589   0.78576    1345   12
   162   0.29011   0.80051   4.87501     834   13
   163   1.96045   1.31175   0.77195     644   12
   164   3.31274   2.38751   5.82266     531   12
   165   3.37107   2.31891   5.94057     453   10
   166   3.28031   2.28487   4.34785     548    7
   167   3.82191   0.79245   1.23959    2259   17
   168   5.13312   1.87742   2.27769    1098   16
   169   3.82793   0.86162   2.85982    1767   18
   170   0.74930   2.28768   0.39090    3766   24
   171   0.08125   0.92469   2.08146    2689   20
   172   1.90452   1.24106   0.74709    3991   25
   173   3.33601   2.23783   4.40972    1111   13
   174   1.93681   1.27093   5.42525     530   13
   175   5.16566   1.91872   2.45596     654    9
   176   2.09332   1.31903   5.52074    2182   15
   177   5.08919   1.75486   0.77721    2909   23
   178   0.73900   2.27909   0.46362    1357   16
   179   2.09944   1.41662   2.30039    2709   19
   180   3.81003   0.79027   5.93837     440   11
   181   3.83024   0.87874   6.02700    2182   15