     1   0.00000   0.00000   0.00000       0    0
     2   3.97233   2.95001   4.50985    4100   25
     3   0.32107   0.37802   0.79457    1099   15
     4   1.06640   1.81626   4.90328     951   17
     5   4.20221   1.40992   1.41831     866   13
     6   1.05856   1.68543   1.67956     450    9
     7   5.89082   1.73729   6.10535    1204   16
     8   1.23056   1.74983   3.22559     755   14
     9   1.14531   1.79677   5.01762    1474   17
    10   4.36775   1.35686   4.52997     998   16
    11   4.25379   1.47640   1.47766     828   13
    12   1.05380   1.69382   3.22494    1966   19
    13   0.37378   0.34146   0.77011    1852   17
    14   1.11155   1.73331   1.65545     651   12
    15   4.20729   1.34513   1.53480     748   17
    16   3.97233   2.95001   4.50985     739   13
    17   0.34156   0.32842   2.24220    1443   15
    18   5.77513   1.70735   5.98229     673   12
    19   0.37378   0.34146   0.77011     684   12
    20   2.93829   2.84733   3.54521    1512   17
    21   0.16893   0.25964   2.59612    1238   16
    22   0.29437   0.29182   2.32410    3225   25
    23   0.99452   1.74261   3.28588    1877   19
    24   3.29620   2.83729   5.28119    1463   18
    25   4.05618   2.88088   2.97349    1385   17
    26   3.27727   2.83232   2.28904     347   10
    27   4.26258   1.40531   1.46304    1652   20
    28   0.98233   1.72119   0.08553     555   11
    29   2.66271   1.35839   3.30996     814   12
    30   4.28984   1.40906   4.62583     824   13
    31   0.73853   0.19559   1.82776     570   12
    32   0.32107   0.37802   0.79457     487   11
    33   0.97975   1.79602   3.31075     538   11
    34   3.86736   2.83401   2.75309     950   16
    35   2.55948   1.42906   1.68924     961   15
    36   1.17800   1.69524   0.17031     585   12
    37   4.32523   1.50018   3.01197    1290   16
    38   3.54480   2.93819   2.41757    1200   16
    39   5.77845   1.70748   4.47681     789   14
    40   3.50756   2.77770   5.62817    1272   15
    41   4.23274   1.44998   1.28865     932   15
    42   2.52694   1.27730   3.27908    1067   17
    43   2.61746   1.40569   5.02234    2965   22
    44   0.16893   0.25964   2.59612    1340   15
    45   5.74400   1.71673   2.91734     772   13
    46   4.18686   1.24888   4.46249     780   12
    47   1.08643   1.83465   0.09246     633   12
    48   5.85140   1.83614   6.17485     670   13
    49   5.81660   1.80176   4.55662     254    9
    50   0.19297   0.23481   0.90525     679   12
    51   5.65450   1.70641   4.44535     415    9
    52   0.23800   0.28952   3.88835     968   13
    53   1.14371   1.84054   1.70195     894   12
    54   2.51245   1.27139   1.75361    3911   24
    55   4.15342   1.34428   6.13373     583   10
    56   4.37489   1.41565   6.06403     637   12
    57   3.14763   2.82572   3.74445     453   10
    58   5.75625   1.68049   6.08996     644    9
    59   4.27120   1.31352   2.97384    1159   12
    60   5.66896   1.70284   1.38600     756   14
    61   5.91966   1.75587   1.46603     493   13
    62   6.13147   0.27243   6.00856    2124   16
    63   6.06554   0.28356   1.28121    1147   16
    64   4.33172   1.27885   1.42379     525   13
    65   4.24236   1.27079   4.52966    3337   24
    66   4.33663   1.39760   2.97377     694   13
    67   5.87139   1.79644   2.86915    2013   17
    68   0.20672   0.35641   5.59650    1139   16
    69   5.82375   1.72124   6.11341    1237   13
    70   1.21955   1.73669   4.88037    1142   12
    71   1.14115   1.78066   0.17069     551    9
    72   4.23067   1.30496   2.95533    1260   14
    73   0.32107   0.37802   0.79457    1088   15
    74   2.59655   1.36570   4.78236    2665   21
    75   2.56834   1.29683   4.88713     419   11
    76   4.18495   1.25873   4.52802    1045   16
    77   6.27995   0.16069   2.58060     544   13
    78   0.32970   0.34852   2.36892     733   10
    79   5.79271   1.67262   3.09879    1060   13
    80   5.69143   1.62203   6.10934     754   12
    81   0.22439   0.32833   5.69602     900   12
    82   1.09200   1.84065   4.84573     561   12
    83   1.03027   1.77004   4.91735     546   10
    84   2.63468   1.39916   0.24536    2169   20
    85   2.71687   1.32890   0.05581    1508   16
    86   5.91966   1.75587   1.46603    1623   18
    87   5.86042   1.75267   2.97950     931   13
    88   4.27819   1.42576   4.49335    2676   18
    89   0.46563   0.31373   5.31882    1060   16
    90   0.32969   0.26935   0.63631     535   11
    91   0.19243   0.26011   2.45421    1458   15
    92   5.64881   1.78635   6.08483     617   11
    93   1.12021   1.75541   1.69051     902   13
    94   0.46222   0.19409   2.13257     777   14
    95   4.15987   1.35215   6.04602    2137   20
    96   5.73466   1.65347   3.02523    1517   16
    97   5.75421   1.74922   2.85084    1010   13
    98   2.65546   1.36823   3.43328    1047   16
    99   3.32336   2.78077   5.33859     619   12
   100   0.57632   0.29545   3.63251    1162   13
   101   3.34737   2.83336   3.86585     744   11
   102   0.62780   0.14347   3.69894     880   15
   103   0.02389   0.22176   1.04181     492   10
   104   5.74338   1.65769   4.56630     834   15
   105   5.80157   1.84011   1.36306     490    9
   106   1.21877   1.79807   3.31041     783   11
   107   2.69513   1.39604   1.86382    1284   14
   108   0.97975   1.79602   3.31075    1590   16
   109   2.65731   1.43187   3.19673    1521   17
   110   4.29117   1.48735   2.93932     748   13
   111   4.17860   1.31099   1.29208     688   11
   112   3.46320   2.89849   5.48249    1612   18
   113   1.07829   1.83191   1.68011    2231   19
   114   1.12162   1.70245   4.90476     456   11
   115   3.09452   2.93797   3.58221     735   11
   116   3.39628   2.82239   5.38985    1205   15
   117   2.62204   1.40601   3.26786     766   14
   118   1.15161   1.76650   3.32777    1528   20
   119   1.16853   1.69102   3.21346    1730   18
   120   0.17125   0.35944   0.89988    1774   16
   121   4.23274   1.44998   1.28865     889   15
   122   2.67182   1.25686   4.86418     839   15
   123   2.64212   1.36331   3.45957    1106   15
   124   5.86042   1.75267   2.97950     492    9
   125   2.58621   1.51296   0.19168     998   13
   126   3.18188   2.87890   3.78978     489   10
   127   4.27513   1.49561   4.52756     933   14
   128   5.82628   1.68128   4.42462    1222   16
   129   0.31093   0.15342   2.30910     976   13
   130   5.79279   1.70265   2.91827    1390   16
   131   5.67746   1.63151   1.39151    1516   20
   132   2.77168   1.46065   4.75442     877   13
   133   6.06110   0.18448   4.43620     479   10
   134   0.64749   0.31106   0.56825     844   14
   135   5.69068   1.69153   1.32885     728    9
   136   0.32107   0.37802   0.79457     777   10
   137   3.53024   2.94300   2.44638     445   10
   138   2.75722   1.38019   3.32031     612   10
   139   3.65829   2.91227   1.03056    1079   13
   140   1.01207   1.69717   1.70641    1287   13
   141   4.28185   1.38946   1.31046    1158   15
   142   4.20221   1.40992   1.41831     754   11
   143   3.59480   2.82634   4.19795    1202   15
   144   5.74534   1.83042   1.27984     937   13
   145   4.25379   1.47640   1.47766     840   11
   146   3.34094   2.91548   2.13386    1261   15
   147   0.42106   0.29527   0.65507     799   15
   148   2.96503   2.84764   3.33260     993   14
   149   5.79279   1.70265   2.91827     639   13
   150   0.07324   0.29683   2.55133     827   10
   151   0.98949   1.71078   4.76890     807   13
   152   2.58974   1.33570   3.44409    1528   18
   153   5.88584   1.80122   6.13600     587   11
   154   3.16781   2.95273   0.57020     824   13
   155   4.22447   1.48830   4.53237    1705   17
   156   0.70589   0.18085   3.49378     935   14
   157   2.77930   1.32645   3.19884     599   11
   158   1.06892   1.64712   0.09357    2078   18
   159   0.04487   0.35000   1.15785     788   14
   160   3.48264   2.90133   2.26750     905   11
   161   4.14667   1.49135   4.54496     704   10
   162   2.64825   1.25413   3.28988     924   15
   163   1.07829   1.83191   1.68011    1423   16
   164   0.62052   0.32891   5.23166    1285   14
   165   1.15067   1.67334   0.32903     974   12
   166   1.01906   1.81044   3.39298    1512   18
   167   2.72814   1.50025   1.69825     955   14
   168   2.59285   1.43223   1.80706    3292   22
   169   5.75973   1.74444   2.99853     745   13
   170   0.21600   0.36296   0.85847    2971   23
   171   0.16893   0.25964   2.59612     935   11
   172   2.56543   1.43350   0.23650     515   10
   173   5.75103   1.80272   6.01913     637   11
   174   1.12364   1.73297   3.31013    2130   17
   175   3.26565   2.84293   2.27389     680   12
   176   2.63915   1.38194   3.34715    1084   14
   177   3.97233   2.95001   4.50985     812   12
   178   2.64832   1.27669   3.29754    1254   19
   179   5.81880   1.60619   2.88997     515   12
   180   0.87509   0.21860   3.40316     878   14
   181   4.30947   1.35477   1.36910    1324   17
   182   4.25399   1.34941   1.43740    1798   16
   183   2.96852   2.86859   2.00156    2113   18
   184   1.01303   1.79850   0.17807    1110   13
   185   3.25722   3.01864   0.65066    1799   19
   186   0.19243   0.26011   2.45421     606   13
   187   6.11630   0.22048   5.94810    2005   20
   188   1.19261   1.79512   3.31920    2072   18
   189   0.26549   0.20270   0.87225     505   11
   190   4.22582   1.52302   6.11828    1235   13
   191   2.57699   1.44119   1.61018     362    9
   192   4.22950   1.31802   3.08779    1274   16
   193   1.20316   1.67241   1.76177    2294   16
   194   0.37651   0.41527   2.23751     349    9
   195   3.38204   2.99544   3.89702    1726   17
   196   2.57699   1.44119   1.61018    1370   14
   197   2.74312   1.30784   0.19377     586    7
   198   6.24069   0.12120   4.29117    2565   19
   199   1.16576   1.70552   3.34875    2221   16
   200   4.12989   1.31767   1.39997    1359   17
   201   0.99154   1.67378   1.64734    1692   21
   202   0.16893   0.25964   2.59612     381   10
   203   4.26127   1.31360   4.52464     627   12
   204   5.79279   1.70265   2.91827     604   12
   205   4.29858   1.50692   4.52301     592   12
   206   2.68605   1.33720   1.76590     660   16
   207   0.16893   0.25964   2.59612     750   14
   208   4.25262   1.32007   3.02264    1227   14
   209   5.82117   1.64364   6.03675    1288   16
   210   1.08097   1.78150   3.42590    1617   16
   211   5.87263   1.75414   6.12557    1836   19
   212   1.12555   1.64336   1.72798    2003   18
   213   1.12021   1.75541   1.69051     461   12
   214   5.85073   1.74537   1.39426    1590   17
   215   4.36555   1.30639   6.00791     901   11
   216   3.43545   2.92129   3.78918     438    9
   217   2.58381   1.26962   1.69030     251    9
   218   1.14115   1.78066   0.17069    3047   22
   219   3.56970   2.96558   5.71521    1444   17
   220   3.56970   2.96558   5.71521     437    9
   221   1.03600   1.83381   1.78686     739   13
   222   0.32107   0.37802   0.79457    1290   17
   223   2.61946   1.47760   4.93228     656   13
   224   2.64955   1.42506   3.39419    1597   16
   225   1.07556   1.80388   1.83621     542   11
   226   5.88628   1.83487   1.34253    2894   21
   227   6.18219   0.09916   2.73011     757   12
   228   2.67857   1.32703   4.90656     995   14
   229   0.07053   0.29872   5.84176    2088   19
   230   2.61928   1.47368   4.81856    1071   16
   231   2.72366   1.37056   0.09566     447   11
   232   5.70801   1.86979   2.98735     837   13