     1   0.00000   0.00000   0.00000       0    0
     2   0.68901   0.59319   0.50585    3035   20
     3   4.36265   1.02108   5.99977     773    9
     4   5.75592   1.73976   0.87501     546    7
     5   4.15225   2.60402   2.99279     577   10
     6   1.22673   2.11341   3.25321     311    6
     7   2.66184   1.36563   2.21492    2450   22
     8   4.47383   0.96024   4.46982    4057   20
     9   4.39732   0.96935   4.54469     370    6
    10   0.79936   0.79598   4.97214     812   14
    11   2.67266   1.41503   5.35813     957   13
    12   3.87136   2.55751   4.30413    2409   23
    13   5.83113   1.71180   5.70988    1951   14
    14   5.89356   1.65105   4.07874    2776   21
    15   4.28165   1.06112   6.14382     388   10
    16   5.75592   1.73976   0.87501     397   11
    17   5.77422   1.73684   0.92536     441    9
    18   4.47564   0.99669   6.04257    1495   15
    19   2.79949   1.41522   2.26880    1712   22
    20   4.34416   1.05333   2.93482     992   14
    21   2.68872   1.50414   5.29447     911   11
    22   2.69403   1.42355   5.33798     732   10
    23   4.03113   2.51404   1.23049     459   11
    24   2.71214   1.43341   5.36619     655   11
    25   1.03194   0.60765   3.20049     893   10
    26   2.70046   1.42964   2.14532    3376   19
    27   1.22673   2.11341   3.25321     714   11
    28   0.85233   0.62777   0.35305    3943   21
    29   5.66973   1.83386   1.00472    1406   15
    30   4.03176   2.42281   3.00400    1143   14
    31   1.26478   2.20497   1.82408     478   12
    32   4.39734   0.96275   4.51339    1532   13
    33   4.31575   1.00149   6.19533     321    7
    34   4.08740   2.49591   1.47683    4013   22
    35   2.58100   1.44518   5.26469    1068   15
    36   2.68872   1.50414   5.29447    1149   12
    37   4.24396   0.87412   1.47739    1455   14
    38   2.54523   1.34272   0.65647     921    8
    39   2.58100   1.44518   5.26469     773   11
    40   1.32383   2.19037   0.28887     731   10
    41   4.39732   0.96935   4.54469     483   12
    42   0.93417   0.59226   0.20103     405   11
    43   2.68412   1.35192   3.83910     468   11
    44   1.08135   0.63021   4.78214     279    8
    45   5.75592   1.73976   0.87501    2557   21
    46   1.29598   2.20677   1.89690    2079   18
    47   4.46876   1.05314   2.82751     941   13
    48   5.89369   1.76750   5.70572    3849   25
    49   3.99250   2.59337   1.12015    1500   16
    50   0.77909   0.69508   3.57481    1794   13
    51   4.30351   0.83146   6.12549     802   13
    52   1.23143   2.22158   1.75273     739   12
    53   2.63276   1.36519   5.26936    2003   14
    54   4.05999   2.50548   5.91994    1318   14
    55   1.13048   2.21016   1.76505     803   12
    56   4.39732   0.96935   4.54469    2874   24
    57   4.20023   2.57222   4.58166     667    8
    58   2.81079   1.48007   2.14777    2048   19
    59   5.79114   1.82055   5.60228     525    9
    60   2.66048   1.31877   0.66019     471    9
    61   5.82061   1.87557   2.53086    1017   12
    62   4.32577   0.94698   6.14262    1439   15
    63   4.43688   1.03015   4.34995    1107   15
    64   1.07675   2.15505   3.23655     748   15
    65   4.42071   0.98614   2.83344     737   12
    66   4.27447   0.88137   6.11770    1126   15
    67   2.70046   1.42964   2.14532     348   10
    68   2.76518   1.49157   3.74944    3723   22
    69   2.70046   1.42964   2.14532     565   13
    70   4.20878   0.95177   3.08225    1557   16
    71   0.76610   0.69580   0.34053     808   10
    72   4.45742   0.98594   6.00941    1624   15
    73   4.43672   0.97535   1.22403    5109   26
    74   2.70642   1.47372   5.43151    2679   18
    75   0.88391   0.72428   3.53659     271    7
    76   2.62949   1.41616   3.88445    4164   21
    77   4.31224   0.91160   5.98189    1150   14
    78   5.74194   1.79963   0.87771     805   12
    79   0.77994   0.56603   3.55556     647   10
    80   4.25310   0.83442   1.37397    3048   19
    81   4.38337   0.83943   2.88469    2189   16
    82   1.17343   2.12351   3.38631     942   12
    83   1.09668   0.57909   3.32509     538   10
    84   2.72446   1.45263   3.66399     804   12
    85   1.07753   0.60574   4.83121     785   11
    86   2.70046   1.42964   2.14532    2267   16
    87   0.94925   0.72319   3.30191     530   12
    88   0.88244   0.61451   0.21314     843   14
    89   5.85102   1.80083   2.61384    1188   11
    90   2.66048   1.31877   0.66019    1760   16
    91   2.59214   1.39064   3.64911    1117   14
    92   5.77422   1.73684   0.92536     546   10
    93   4.03113   2.51404   1.23049    1159   15
    94   5.67060   1.82303   2.55901    1807   17
    95   4.09135   2.51962   4.43894    3283   21
    96   5.93820   1.73874   2.53005    1004   14
    97   2.77518   1.39634   2.19139    3763   20
    98   0.81684   0.64601   1.89800     752   13
    99   0.95670   0.63967   4.90093     790   10
   100   1.40246   2.27779   5.08888    1710   14
   101   1.15591   2.06930   4.82461     381    8
   102   4.50777   0.99294   1.19574    3259   21
   103   4.06264   2.52347   4.44445     563    9
   104   1.23975   2.17216   1.80959    2473   17
   105   5.92653   1.78596   0.95039     490   12
   106   2.67547   1.52103   0.66036     545   11
   107   5.75181   1.60654   0.93814    1306   14
   108   0.66184   0.56148   3.57991     732   10
   109   5.78245   1.69262   4.03564    1402   14
   110   3.98264   2.41897   5.97456    1717   13
   111   5.75592   1.73976   0.87501     478    9
   112   2.68408   1.38434   5.32557    5108   26
   113   3.89299   2.43209   4.30318     987   13
   114   0.94189   0.70962   4.94769     620   12
   115   4.47467   1.07411   2.92777     713   12
   116   5.71919   1.72279   4.07590    1442   14
   117   3.82158   2.52154   2.76662    1940   16
   118   2.68843   1.44435   2.11150    1411   14
   119   4.31120   0.89387   1.47830    4255   20
   120   5.79278   1.83980   2.52320     404    7
   121   2.68872   1.50414   5.29447     784   14
   122   2.62040   1.46192   3.77527     420   11
   123   1.29432   2.26299   0.30414    1379   14
   124   2.63256   1.29053   5.38494    1423   13
   125   4.23057   2.52378   6.09842    1553   12
   126   4.39591   0.94437   3.01968    1135   10
   127   0.99423   0.63974   1.67181    3611   18
   128   1.30302   2.14117   3.43020    2158   18
   129   1.39479   2.21206   1.94470    3038   20
   130   0.74207   0.61166   0.38360    3118   18
   131   4.22213   0.98551   6.17408    3622   25
   132   2.68872   1.50414   5.29447     433    8
   133   1.18311   2.07424   1.66952    1666   17
   134   2.61292   1.44543   5.28669    2063   18
   135   2.61090   1.32145   2.32441     761   15
   136   2.70046   1.42964   2.14532    2234   18
   137   1.26478   2.20497   1.82408     404    8
   138   1.29579   2.21837   0.17900     845   12
   139   4.09649   2.45766   6.08755    1502   14
   140   1.11679   2.22327   0.03116    5506   26
   141   5.91447   1.73458   5.55770     434    9
   142   3.79959   2.49222   4.30433    1627   18
   143   2.61801   1.49908   3.81895     850   12
   144   4.43203   0.87596   4.58332     766   10
   145   5.85902   1.87689   5.74556    2367   19
   146   1.11697   2.10652   0.06943     456    8
   147   4.47790   1.08552   4.46714    3955   23
   148   2.70046   1.42964   2.14532     529    8
   149   1.19592   2.18023   1.88956     586   12
   150   2.62040   1.46192   3.77527    1427   12
   151   4.31575   1.00149   6.19533     422    8
   152   5.82790   1.70507   2.42747    3427   22
   153   2.67573   1.29693   5.24354    1400   13
   154   0.96535   0.56545   5.00383     835   13
   155   5.73488   1.65366   5.61462     930   14
   156   2.70046   1.42964   2.14532     415   10
   157   2.63542   1.27338   0.53340    3033   21
   158   4.09441   2.47055   1.31408    2131   18
   159   0.80832   0.70234   1.83051     906   15
   160   0.98358   0.69612   3.28463     450    7
   161   1.09658   2.17196   1.77525    1828   17
   162   4.24349   0.98676   1.47204    2769   22
   163   1.27156   2.21801   3.44529    1279   14
   164   0.68555   0.60975   5.11242    1355   16
   165   5.79700   1.72998   4.13189    1796   16
   166   2.68872   1.50414   5.29447    1051   16
   167   5.78637   1.76118   5.60905    1649   16
   168   0.81002   0.64989   3.47736    3426   19
   169   2.58100   1.44518   5.26469     833   13
   170   4.36326   0.87770   1.48415    3518   22
   171   0.79936   0.79598   4.97214     493   12
   172   1.33457   2.05205   0.16557    3809   23
   173   5.74194   1.79963   0.87771     315   10
   174   1.24656   2.12522   3.35101    1556   11
   175   4.34416   1.05333   2.93482     684   10
   176   4.20878   0.95177   3.08225     780   10