     1   0.00000   0.00000   0.00000       0    0
     2   5.23776   1.78469   3.75086    1681   14
     3   5.33625   1.82846   5.51716     307    7
     4   0.30256   0.79778   3.59213     529    7
     5   1.03065   2.36191   0.53969    2777   20
     6   5.16912   1.99150   2.35240    2248   17
     7   0.97161   2.38937   2.12602    1490   15
     8   3.26570   2.26953   1.09669     646   11
     9   3.49145   2.20135   1.04987     441   10
    10   5.30004   1.84483   2.26023    4116   22
    11   2.06579   1.22963   3.92999     661   10
    12   5.17321   1.98185   0.67518     878   14
    13   0.97678   2.43332   0.62827    5132   27
    14   2.14089   1.12336   2.44141     367   10
    15   0.24968   0.92860   1.98458    2861   21
    16   5.28157   1.85033   5.36569     505   10
    17   3.38235   2.06295   4.34380     993   15
    18   2.14089   1.12336   2.44141    2954   13
    19   3.26570   2.26953   1.09669     668   10
    20   5.22393   1.79799   3.85341    1276   14
    21   0.93085   2.34774   3.69406    1430   15
    22   0.30256   0.79778   3.59213    1176   14
    23   0.23739   1.07475   3.53395    2422   19
    24   2.14089   1.12336   2.44141     487    9
    25   3.32508   2.23307   5.89338    2118   17
    26   2.16854   1.30567   2.40838     421   10
    27   1.03156   2.29501   0.55138    3988   16
    28   2.23716   1.25684   5.58466     778   11
    29   0.27170   0.97195   3.50332    3670   21
    30   2.06726   1.16660   5.64342    1067   13
    31   3.49145   2.20135   1.04987     403   10
    32   2.04922   1.22510   5.71847     467    9
    33   0.98085   2.34845   0.60882     779   11
    34   0.91009   2.26179   3.61029    1503   14
    35   3.37777   2.13958   1.14582     525    9
    36   0.34636   0.89340   3.55573     971   11
    37   0.19736   0.85272   1.97620     786    9
    38   3.45071   2.22898   6.02076    1451   15
    39   0.30392   0.98914   5.01439     917   11
    40   0.43028   0.95900   0.25229    1535   15
    41   3.38891   2.13941   4.25951    1280   13
    42   5.19184   1.97891   0.73710    1118   16
    43   3.51833   2.15528   4.28030    1140   12
    44   5.27436   1.87522   2.26507    5017   23
    45   5.17223   2.05266   5.39388     414   12
    46   5.32345   1.91554   0.83851    1648   18
    47   0.29670   1.04541   1.85158     470   10
    48   2.03789   1.35254   2.43866     483    8
    49   3.43305   2.25423   4.44749    1833   14
    50   0.90822   2.42644   3.52375     538   10
    51   3.50462   2.17375   1.30352    5058   25
    52   0.85436   2.34509   2.12540    2019   19
    53   3.48732   2.30083   2.72269    1511   13
    54   0.29572   0.86578   3.65977    1101   11
    55   1.98621   1.15354   5.66178     523    8
    56   1.98621   1.15354   5.66178     527   10
    57   1.06236   2.48321   5.28259     491    9
    58   0.94139   2.42298   3.71220    3841   21
    59   4.15011   0.82760   4.16852    1384   13
    60   5.37886   1.84499   5.52410    1358   18
    61   4.12475   0.75074   0.88097    4795   25
    62   2.21070   1.31358   2.34277    3826   18
    63   4.19471   0.78756   4.10826    1094   12
    64   2.13586   1.18246   0.99354     991   16
    65   0.23161   0.96986   0.52644    2214   21
    66   3.41311   2.10180   4.24403    1029   11
    67   2.05366   1.22610   5.73680     293    7
    68   0.16084   1.03632   0.43552     744    9
    69   5.19653   2.00081   3.89903    2684   19
    70   0.24195   0.92047   5.04638     762    9
    71   3.43504   2.18688   4.38866    4206   21
    72   0.23932   0.93251   5.16135    4962   21
    73   4.09930   0.71787   4.12196    2552   17
    74   2.24360   1.29489   2.33083     515   10
    75   5.22801   1.90567   5.42259    2989   21
    76   0.17842   0.82064   2.10918    3531   19
    77   3.38235   2.06295   4.34380     242    7
    78   5.28157   1.85033   5.36569     591   12
    79   5.28157   1.85033   5.36569     365    9
    80   3.37777   2.13958   1.14582    1677   13
    81   2.08154   1.20350   2.38905    1370   11
    82   0.70602   2.44517   0.35125    1948   15
    83   5.24705   1.83645   2.12915    1368   12
    84   0.29942   1.00858   2.04099     519   11
    85   0.27165   0.93371   1.90208    1165   13
    86   4.04948   0.56069   4.25932    2902   20
    87   0.28473   0.97193   1.94072     956   13
    88   5.24182   1.91263   0.66270     508    9
    89   3.48637   2.21791   2.79936    3321   19
    90   0.93274   2.53041   3.61401     952   14
    91   0.30256   0.79778   3.59213     275   10
    92   2.11057   1.20176   4.06901    1396   13
    93   0.38229   0.84401   3.46064     372    9
    94   0.84976   2.35679   0.52944     861   12
    95   3.39705   2.29410   2.78635    2579   18
    96   0.22865   1.04074   3.50805    2160   17
    97   5.28157   1.85033   5.36569     404    8
    98   0.34818   0.97394   1.96366     623   12
    99   3.52528   2.18493   5.87671    1103   10
   100   4.04313   0.80314   5.78097     493    8
   101   2.12936   1.17815   4.06203     663   12
   102   1.00410   2.36394   3.60566    5219   24
   103   5.13931   1.88978   2.33446    1660   18
   104   2.14089   1.12336   2.44141     363    9
   105   2.10126   1.20568   4.03401    4357   23
   106   4.16652   0.71471   2.46566     388    9
   107   2.07337   1.19551   2.51586     797    8
   108   0.35302   0.96290   3.49421    3897   22
   109   2.15708   1.36783   0.84837    3340   20
   110   3.91867   0.68269   4.21350     463   12
   111   2.03629   1.34350   2.54534     684   12
   112   2.17664   1.34987   4.04994    2481   19
   113   1.01114   2.34232   3.78730    5079   23
   114   0.21216   0.90934   0.47873     590   11
   115   0.95551   2.43090   2.09771    1141   15
   116   1.03274   2.41520   3.68140     696   11
   117   0.21739   0.91895   3.60922     892   15
   118   1.02948   2.43521   2.24712    4375   22
   119   5.19199   1.82322   3.75169     903   11
   120   3.38235   2.06295   4.34380     768   10
   121   3.90020   0.70258   4.34507     291   10
   122   0.23003   0.91816   1.96737    5168   21
   123   4.02955   0.75316   5.76001    1853   14
   124   2.14089   1.12336   2.44141     712   10
   125   2.14089   1.12336   2.44141     516    9
   126   0.29670   1.04541   1.85158     789   11
   127   5.15177   1.84088   0.67101     866   15
   128   5.20791   1.85433   2.30114     677   11
   129   4.11247   0.69274   4.26227     754   15
   130   3.95594   0.70551   5.78305    3137   19
   131   3.34382   2.06692   5.88988     664   12
   132   2.14089   1.12336   2.44141     709   10
   133   1.97010   1.33236   4.01498    2400   19
   134   5.14858   1.85519   2.26166     482   10
   135   5.37948   1.92179   2.29284     959   15
   136   1.02707   2.38972   0.50631     497   14
   137   2.14089   1.12336   2.44141     648   11
   138   3.45869   2.23617   1.15982    3351   22
   139   0.39488   0.93450   3.49642    1605   13
   140   3.30223   2.30929   5.71860    2260   15
   141   4.11247   0.69274   4.26227     409   10
   142   0.30256   0.79778   3.59213    2378   16
   143   3.95447   0.82626   1.19999    3773   23
   144   1.09794   2.35799   3.72305     727   10
   145   5.28157   1.85033   5.36569     571   12
   146   5.28866   1.91885   0.77972    2520   14
   147   3.55304   2.21908   4.44772    2078   16
   148   3.94802   0.83547   2.69386     822   13
   149   3.43464   2.30929   1.24093     824   16
   150   0.76433   2.36869   3.62201     505    9
   151   3.29173   2.16193   4.26975     435   10
   152   3.58659   2.09914   4.38992    4783   23
   153   0.26771   1.02063   2.05749     528    8
   154   2.15175   1.37800   2.47558     771   12
   155   3.34619   2.24958   4.37492    1977   18
   156   0.24250   0.82954   1.94085    3902   20
   157   3.43606   2.19173   4.16990    2265   16
   158   0.22403   0.87653   5.03974    2040   15
   159   0.29670   1.04541   1.85158     716   12
   160   0.30018   0.88196   0.41458     338    8
   161   0.88221   2.40852   2.16393    1113   15
   162   3.33018   2.15853   5.92799     438   11
   163   2.20758   1.28286   2.40878    2912   19
   164   5.27142   1.78959   5.23281    1598   16
   165   5.28157   1.85033   5.36569    1438   14
   166   0.97749   2.39189   0.62940     674   12