     1   0.00000   0.00000   0.00000       0    0
     2   2.93234   1.52774   3.27292    1470   12
     3   1.22697   1.56877   6.24473    1286   14
     4   1.29939   3.09591   6.24964    2798   14
     5   4.49591   0.05958   3.07207    1979   13
     6   4.53119   1.46930   4.66285    3091   16
     7   4.49591   0.05958   3.07207    4028   20
     8   5.07418   3.07752   0.55570     420    6
     9   6.18196   1.53533   4.65216    2243   14
    10   2.91908   1.62804   3.18392    4484   19
    11   1.37259   1.71765   6.18830    1922   14
    12   6.07316   1.61962   4.67205    4212   21
    13   4.39557   1.53522   6.17471    3104   15
    14   2.96774   1.48062   1.49378    2704   16
    15   6.16861   1.64711   4.61550    5070   19
    16   2.96942   1.57622   3.26103    1964   14
    17   1.47407   1.57716   0.04329    3272   16
    18   4.58770   1.63142   1.40106    2465   13
    19   4.54103   3.08250   1.61677    4699   18
    20   3.82699   0.09610   0.67938    2983   17
    21   4.48680   1.63617   1.58054     787   12
    22   4.06572   0.04327   1.98560    2113   13
    23   4.34897   3.00419   1.43649    1583   16
    24   3.00639   1.53972   0.10676    2533   14
    25   6.00407   1.62934   3.13269    1664   12
    26   1.44922   1.49741   1.73381     683    9
    27   4.46549   1.51107   1.63909    3041   18
    28   2.98463   1.52807   0.08537    1293   15
    29   1.39012   1.49556   4.83224    2560   16
    30   0.72582   3.06217   0.99920    4400   19
    31   1.94637   0.11318   5.60867    5810   22
    32   4.58770   1.63142   1.40106     981   10
    33   4.58193   1.44302   0.06811    2238   14
    34   1.24279   1.63799   0.11162    1417   12
    35   2.81253   1.39409   6.22574    2008   14
    36   6.13555   1.50609   1.59127    5832   23
    37   1.37259   1.71765   6.18830    3374   15
    38   1.49257   1.71526   0.15376    1863   14
    39   4.48823   1.61079   3.07230    5291   22
    40   1.24279   1.63799   0.11162    3702   19
    41   4.32319   2.99870   1.35551    3443   17
    42   1.72842   3.09855   0.32282    2366   16
    43   1.30295   1.56079   3.30988    2137   14
    44   1.36985   1.73104   1.48590    5183   21
    45   2.80123   1.50357   1.65452    1340   12
    46   2.95888   0.03959   4.57450    4861   20
    47   2.90427   1.56740   4.72819    3296   14
    48   1.47118   1.67493   3.22348    2940   17
    49   1.29856   1.58291   3.20446    5260   20
    50   1.27344   1.70014   0.05903    1813   12
    51   5.99092   1.48487   1.52690    1460   14
    52   6.09502   1.65812   4.63443     430    7
    53   2.95635   1.45876   1.55558     867    8
    54   2.96433   1.58605   3.23523    4143   19
    55   1.75373   0.05807   1.20173    2097   14
    56   2.90690   1.52959   6.25689    1291   13
    57   6.10078   0.08141   1.52682    1973   13
    58   1.32829   1.55333   0.01111    2290   14
    59   1.36697   1.73754   4.77153    1375   13
    60   4.48354   1.51744   6.26329     632    8
    61   1.82079   0.17543   5.85738    3257   17
    62   6.07891   1.72876   1.60294    1473   11
    63   6.16510   1.57247   1.43673     952   13
    64   1.22697   1.56877   6.24473    2787   16
    65   4.43678   1.64395   6.23817    3576   18
    66   2.43956   3.12845   1.08273    1162   10
    67   4.58770   1.63142   1.40106    1638   13
    68   2.98378   1.54684   0.01335    1963   15
    69   3.46829   3.05695   2.13358    4342   18
    70   6.03722   1.70047   6.25469    1027    9
    71   1.22697   1.56877   6.24473    1405   12
    72   4.39486   1.59521   3.20205    2866   15
    73   2.28379   0.04215   2.20288     678   10
    74   4.46549   1.51107   1.63909    1733   15
    75   6.11254   1.63889   6.19825    2900   16
    76   6.07931   1.55452   6.28058    3030   16
    77   4.60377   1.49923   4.64245    1590   13
    78   4.57506   1.63379   1.62294    4874   23
    79   4.17901   2.97957   1.13038     751    9
    80   1.40488   1.60579   1.56143    2758   16
    81   6.08357   1.47557   2.99367    1827   14
    82   1.36356   1.50133   4.78945    3102   13
    83   2.95654   1.56691   0.13175    2813   13
    84   3.44605   3.05343   2.07088    2388   16
    85   0.17707   0.14188   2.71914    1871   13
    86   1.41841   1.64229   1.59482    1499   14
    87   2.57539   3.08458   5.96001     892   10
    88   1.36861   1.62840   4.63026     748   10
    89   0.72582   3.06217   0.99920     903    9
    90   5.17978   0.06065   0.99439    1781   11
    91   2.90546   1.64270   0.06188    1372    9
    92   3.43803   3.03022   2.14212    3373   18
    93   6.01771   1.49612   3.18296    2244   16
    94   5.94157   1.60326   6.14214    1816   14
    95   1.37259   1.71765   6.18830    1021   10
    96   1.31955   1.58978   1.71366    1487   10
    97   2.57539   3.08458   5.96001     783   10
    98   1.22697   1.56877   6.24473    1262   12
    99   1.42147   1.67708   4.80073    1907   14
   100   5.28348   3.08567   2.29234    2045   15
   101   0.92165   0.14237   2.02495    3663   18
   102   3.54085   3.06267   0.67476    1069   12
   103   3.25339   3.12048   1.88863    2063   11
   104   6.00319   1.67341   4.68749     808   10
   105   1.36842   1.51732   3.19491    2524   12
   106   1.38686   1.71452   1.61680    4736   18
   107   1.37259   1.71765   6.18830    1817   10
   108   6.03550   1.56988   4.70595    2751   15
   109   4.62431   1.59188   4.60895    1233   12
   110   4.58770   1.63142   1.40106    1169   10
   111   3.52293   3.04341   0.59496    3851   20