     1   0.00000   0.00000   0.00000       0    0
     2   1.45363   1.56951   3.27711    1598   13
     3   0.45290   0.09820   2.63670    1934   14
     4   5.74461   0.18635   1.87630    2203   18
     5   1.86027   0.14442   4.19748    1385   15
     6   3.98136   2.98778   1.05404     746   12
     7   1.39562   1.63809   4.84932    3479   19
     8   1.52391   1.57890   4.75780    3617   24
     9   4.84946   0.08401   2.92788    1238   12
    10   4.31326   3.06419   4.44983     558   12
    11   3.46567   3.06389   5.17599    1035   14
    12   1.38695   1.58577   3.08136     784   12
    13   4.33386   3.07283   2.88602    1942   16
    14   1.48442   1.73717   4.76303    2035   19
    15   2.92951   3.09079   4.69499    3291   18
    16   3.04681   1.58101   6.27830     995   12
    17   4.55806   1.53963   3.22251     792   11
    18   3.06682   1.51104   6.22003     620   11
    19   2.89944   1.45253   4.73142    1531   16
    20   4.57147   1.59087   3.08573     931   14
    21   4.57147   1.59087   3.08573     610   11
    22   3.46801   3.07487   3.47432     276   11
    23   4.37993   3.00289   4.45182     333    7
    24   6.09422   1.52575   4.72172     674    9
    25   3.07593   1.49178   4.77253     389    8
    26   5.57059   3.08668   5.78798     887   11
    27   6.27759   1.72134   1.55323    5225   20
    28   2.98291   3.01029   6.18876     383   10
    29   4.47756   1.46786   2.98021    1510   14
    30   2.98291   3.01029   6.18876    1587   16
    31   4.48980   1.51466   1.63379     386   10
    32   2.92951   3.09079   4.69499     379    8
    33   2.16245   0.08892   5.45834    1277   19
    34   2.97795   1.53247   4.79157    2573   21
    35   6.08729   0.03192   3.27066     618   12
    36   0.95597   0.09945   3.67370     702   12
    37   4.37463   0.07461   3.47912    1521   17
    38   2.94244   1.58566   1.53693     713    8
    39   2.88075   1.52363   3.20763    1697   14
    40   0.95597   0.09945   3.67370    1358   15
    41   4.59307   1.55226   3.18383    1881   21
    42   4.55336   1.64468   3.01726     910   14
    43   4.70803   1.46790   4.55708    4175   23
    44   1.34007   0.08661   4.75860    1201   11
    45   3.04681   1.58101   6.27830    1693   13
    46   2.36266   0.04534   5.38436    2169   16
    47   2.92313   1.63319   4.73668    3136   25
    48   3.44972   2.96931   5.11886    1157   18
    49   6.26112   1.68790   1.61360    3670   21
    50   4.50702   1.57303   6.19949    1223   16
    51   4.45617   1.56529   3.22408    1183   15
    52   4.57147   1.59087   3.08573    1281   17
    53   2.96726   1.43034   3.17810    2997   18
    54   1.50878   1.55876   4.78554    1469   17
    55   2.99931   1.60986   1.64678    3875   18
    56   6.20035   1.49909   0.04650     623   12
    57   6.27568   1.53612   0.04106     263    9
    58   2.99117   1.53620   3.29327    2756   17
    59   3.47285   3.08730   0.33602     366   10
    60   5.23704   0.04144   5.64529    1869   14
    61   1.52576   1.64849   4.87635     492   10
    62   4.71400   1.41773   1.47436    1560   13
    63   6.11602   0.07325   4.75834    1869   15
    64   3.83248   3.09382   0.90477    1259   13
    65   2.98291   3.01029   6.18876     311    6
    66   4.67313   1.51672   6.27122     504   13
    67   3.89973   2.94988   0.92748    3809   23
    68   4.84946   0.08401   2.92788     367    9
    69   6.10698   1.60168   2.96999    1000   12
    70   6.18768   1.60939   4.63128     371    8
    71   3.01905   1.45267   0.10271     651   11
    72   2.99808   1.48194   4.88332     370    9
    73   1.40420   1.70540   1.49587     619   13
    74   5.90875   0.07762   3.28072    1626   17
    75   5.19611   0.06734   5.69727     391   11
    76   1.49037   1.50066   1.71183     557    8
    77   3.02224   0.07140   6.27126    1878   18
    78   4.63079   1.57216   6.21363    3809   24
    79   1.90478   0.09969   2.54802     892   11
    80   2.16245   0.08892   5.45834     454    8
    81   4.67421   3.10385   1.74995    5450   28
    82   1.46140   1.67718   3.23674     540   13
    83   1.38546   1.59677   6.26531     741   13
    84   6.20035   1.49909   0.04650     726    9
    85   2.01870   3.04453   0.70022    1675   15
    86   1.50878   1.55876   4.78554     412    9
    87   1.47579   1.64931   1.59028    1834   19
    88   4.00269   2.91901   5.57549     332   11
    89   3.43351   3.08371   5.10626    1091   14
    90   6.27568   1.53612   0.04106     418   10
    91   2.01137   0.10800   0.94083     389    8
    92   1.51178   1.63039   0.10348     987   16
    93   4.72134   3.06361   3.18575     447   11
    94   6.18940   1.70314   4.71573     444   10
    95   6.18374   1.58052   1.41790     782   13
    96   1.56838   1.56181   4.71855    2696   21
    97   3.04681   1.58101   6.27830    2664   18
    98   6.01988   1.61959   6.14322    2178   17
    99   1.75223   3.07998   5.02659    3873   26
   100   1.37121   1.60221   6.26586     862   12
   101   1.07929   0.03544   1.87326     671   10
   102   3.70891   2.92122   5.50099    1015   12
   103   4.66014   1.64275   3.10625     954   14
   104   4.56708   1.45347   3.17530     656   12
   105   3.00951   1.47439   6.22698     637   13
   106   3.24024   2.96702   1.77086    1500   14
   107   6.07824   1.67045   3.12864     396   10
   108   0.39052   0.14180   2.60151     817   15
   109   3.11758   1.49247   1.64552    1167   15
   110   3.83248   3.09382   0.90477    2208   15
   111   5.57865   0.09917   2.27098     604   13
   112   2.17981   0.12405   3.99281    1051   15
   113   3.75205   2.92528   3.83853    2118   21
   114   4.84949   3.08631   4.92126    1371   16
   115   1.49037   1.50066   1.71183     490    9
   116   4.46973   1.63272   3.00516     620   10
   117   1.26290   0.14892   5.01244     706   12
   118   2.88302   1.56151   3.10276    2932   19
   119   6.12276   1.57330   3.06410    3110   27
   120   4.54778   1.52248   1.56679    1249   19
   121   6.09704   1.63447   3.05381     941   11
   122   6.16673   1.52039   1.45921    1639   18
   123   6.09422   1.52575   4.72172     954   13
   124   4.57147   1.59087   3.08573    1905   16
   125   1.48283   1.62029   0.13131    1332   16
   126   2.42057   0.03406   0.70022    1896   16
   127   2.16245   0.08892   5.45834     532   11
   128   2.96207   1.64555   0.03697     345   11
   129   3.09433   1.53395   4.73700    1256   11
   130   6.18332   1.57092   1.43001     547    9
   131   4.68397   1.54447   0.03592    1559   20
   132   2.30722   3.02851   4.09770    5312   27
   133   4.36965   3.07897   6.13127     428    9
   134   2.92951   3.09079   4.69499     606   10
   135   3.01398   1.65271   0.04200    4986   30
   136   3.07786   1.64157   6.24731    2960   18
   137   6.18833   1.69244   1.56781    2226   16
   138   3.70891   2.92122   5.50099     796   10
   139   0.91706   3.07055   4.17024     826   12
   140   6.24480   0.12369   1.46131     850   12
   141   6.14301   1.58595   4.67389    1036   12
   142   1.41849   1.49410   3.16772     541   12
   143   6.16175   1.63069   4.75941     755   14
   144   2.98291   3.01029   6.18876     363    8
   145   5.74272   0.14329   2.01530     900   12
   146   4.57147   1.59087   3.08573    3173   21
   147   4.49781   1.61100   6.16533    1595   17
   148   1.35386   1.64950   1.69824    5252   22
   149   6.12277   1.54426   1.52187    1042   13
   150   4.46196   1.51116   1.62073    3179   19
   151   4.57147   1.59087   3.08573     695    8
   152   3.60846   3.02393   2.06853     579   11
   153   6.12276   1.57330   3.06410     924   10
   154   1.38695   1.58577   3.08136    2800   18
   155   2.99590   1.49618   0.15817    4034   22
   156   3.77912   3.03504   3.90551     578   11
   157   1.41558   1.61747   0.00657    1097   11
   158   6.25423   1.54707   1.41565     647   12
   159   1.40229   1.64244   1.63276    2800   19
   160   6.11758   1.58788   1.42868    2090   18
   161   0.03234   3.11645   3.19588     646   10
   162   4.31326   3.06419   4.44983     624   11
   163   0.20361   0.04874   1.25226     702   11
   164   6.12788   1.62226   1.47657    2701   17
   165   6.10543   1.67162   1.43300     833   12
   166   6.12276   1.57330   3.06410     624   11
   167   2.81474   2.96640   6.09203    3991   24
   168   4.19228   2.97798   4.25529    1072   16
   169   3.04253   1.45141   4.85081    2029   22
   170   6.25400   1.61564   3.06780    2389   22
   171   6.22234   1.62061   1.63461    1665   13
   172   6.15006   0.06490   6.25379     859   13
   173   2.98630   1.63500   3.19875    2275   27
   174   6.18750   1.54005   3.14528     754   14
   175   3.06463   1.60465   4.87297     451   11
   176   1.48554   1.65069   1.71019    1794   13
   177   4.61556   2.99823   1.56253     512   14
   178   0.05146   0.10059   4.58820    1068   14
   179   1.51745   1.70007   4.72832     624    9
   180   4.57581   1.52704   4.71880    2465   19
   181   3.06935   1.50503   1.60517     779   11