     1   0.00000   0.00000   0.00000       0    0
     2   2.61973   1.53847   2.38495    4794   24
     3   2.58525   2.75978   5.30458    1091   13
     4   5.73842   1.72365   5.56883    2432   18
     5   5.30452   2.26520   4.14083    1471   15
     6   3.53619   2.43895   4.30000    1627   17
     7   2.10761   1.66109   4.57547     983   14
     8   5.24762   2.66433   6.05577    1493   17
     9   5.72220   2.18681   1.89711     810   11
    10   3.13023   1.95402   4.62986    2369   17
    11   0.58074   1.59220   0.57485     787   10
    12   5.21665   0.81043   3.49940    1550   16
    13   1.65564   1.71426   5.03607    1266   12
    14   2.53387   1.83620   3.95891    2856   17
    15   3.54838   2.02618   0.67656     553   10
    16   5.68487   1.99106   3.93723    1263   16
    17   5.20391   0.85479   1.53496     476    9
    18   3.40324   2.44510   2.60450    1202   13
    19   1.19798   0.37917   1.62507    1213   15
    20   3.64897   0.63921   0.90634    5950   24
    21   6.02701   0.92459   1.42655    2328   15
    22   5.74716   1.93645   5.90161     378    9
    23   5.13110   1.49771   3.41293     538    8
    24   2.13752   1.51613   5.40140     859   12
    25   4.24077   2.75752   6.14273    1284   14
    26   5.45629   1.89344   5.45892     942   12
    27   3.79785   1.54388   1.97106    2490   18
    28   5.56546   2.65157   3.46332     506    8
    29   3.74647   1.06888   0.64582    1474   12
    30   2.43506   3.08085   5.18954    1027   13
    31   4.24555   1.22994   3.05054    1329   15
    32   3.84784   2.32568   6.24361     789   12
    33   0.39492   2.07770   2.60869    1393   11
    34   0.22647   0.87168   2.07571    2561   19
    35   2.33102   2.09844   3.09764     898   12
    36   1.94447   0.60615   1.61898    1248   11
    37   5.96759   1.27699   1.17730     816   12
    38   5.39087   0.78168   4.34436     966   12
    39   6.13590   0.75673   1.79663     634   10
    40   1.60347   2.85022   1.31885    1515   14
    41   3.06986   1.80113   5.50537    2840   16
    42   0.38104   1.85233   5.61636    1073   13
    43   5.78565   1.93219   4.25735    3367   20
    44   4.89022   2.23974   0.93251    5867   28
    45   6.08869   2.26082   0.29905    1204   12
    46   0.93089   1.76103   2.82439     602    9
    47   4.09469   0.72898   1.07526    1064   15
    48   4.77829   0.79002   3.40306    1185   14
    49   0.06836   0.72897   3.81310     899   11
    50   5.36386   2.18074   1.53288    1194   12
    51   4.54636   1.10561   2.70126    1380   14
    52   2.76532   1.60319   0.13958    2073   17
    53   0.85396   2.16351   4.98148     459    8
    54   3.61148   0.83320   1.63113    1091   14
    55   1.27533   1.60822   6.12396    1958   15
    56   1.01673   2.63835   0.53744    2842   20
    57   1.97949   0.78721   3.25233    1082   13
    58   5.61311   1.69794   2.48116     992   13
    59   6.15622   2.26846   4.39134    1317   12
    60   3.43548   1.25001   1.84983    3599   26
    61   2.58797   1.43460   6.01412    1046   15
    62   2.08290   1.48338   3.02673    1137   11
    63   4.22727   2.41505   3.68900    1995   19
    64   4.11138   0.64555   6.09079    1200   12
    65   1.10624   0.54034   2.55225    1624   14
    66   5.25186   2.58445   3.55642    2418   21
    67   2.12765   2.05443   1.35984     677   12
    68   0.08299   2.00076   4.51194    1416   15
    69   3.66878   0.77301   5.11887    1086   13
    70   4.23362   2.63425   3.69602    1109   14
    71   5.29361   1.58868   0.80879     645   10
    72   2.74916   0.54217   4.70706    3067   18
    73   4.42361   0.52809   6.05735     953   12
    74   3.77629   2.95815   5.01116     715   11
    75   2.21969   0.69517   5.68664     395    8
    76   2.13183   2.27772   4.01076    1972   19
    77   6.21870   1.46561   2.73039     757   11
    78   3.87851   0.92897   2.28367     864   11
    79   2.51865   0.99054   4.95913    1356   14
    80   4.66156   0.82696   5.38160    1389   13
    81   2.54557   1.66290   2.23576    1078   14
    82   0.95856   1.68804   0.48116    1139   13
    83   4.49914   1.36932   5.47839    1015   15
    84   1.81263   1.37587   1.24742    1166   11
    85   3.08625   2.30378   2.13672    1166   12
    86   4.64659   1.24401   4.74289    1185   13
    87   2.48861   2.16636   4.71692    1038   12
    88   1.51298   2.13691   4.82440    1792   15
    89   0.61547   1.99996   2.40762     395    8
    90   4.65842   2.02266   3.49135     964   12
    91   5.52716   0.30257   0.43377     559   11
    92   1.97228   2.23016   4.99181     837   14
    93   1.02089   2.33490   4.02104    1267   12
    94   2.94349   1.89062   1.39176    1304   14
    95   2.34526   0.60851   2.27141    1467   13
    96   5.16242   1.77801   3.22515     486   11
    97   0.89792   1.00434   5.31515     498   11
    98   2.38989   1.41906   4.01368    2194   17
    99   1.09051   1.32532   0.04584    1732   16
   100   3.58012   1.24559   0.14192    1821   16
   101   2.09937   2.59833   1.62643    1392   15
   102   4.13593   2.30283   1.99372     520    9
   103   4.21340   1.33128   0.83097    1556   13
   104   4.79645   1.50515   5.28477     781   12
   105   5.64045   1.60140   3.31880    6360   25
   106   4.12445   1.05760   5.58572     746   10
   107   3.65803   1.36040   0.69838    1594   12
   108   2.38039   1.67839   4.21829    1438   14
   109   5.39246   0.83264   4.93127    2122   19
   110   2.23009   1.30177   4.12136    1092   11
   111   4.35099   0.65410   5.10313    1570   13
   112   0.71836   1.90165   1.57235    1736   14
   113   4.95711   1.77157   4.86903     659    9
   114   2.14921   2.36976   5.52671    1406   15
   115   4.85129   2.13989   1.85674    1487   16
   116   3.14467   1.79432   2.04479    1764   17
   117   4.88843   0.23948   4.65888     861   10
   118   3.42337   2.20392   1.47536    2270   19
   119   2.73710   0.04104   1.07274    1272   12
   120   3.07780   0.80760   2.53873     375    9
   121   1.95248   0.90570   4.62461    1152   13
   122   0.26608   1.36134   5.68977     945   14
   123   6.11823   1.06239   4.53426     833   11
   124   4.29421   2.29451   5.10500    1438   14
   125   5.37165   1.25536   4.06252    2811   22
   126   2.06343   1.54636   3.41278    1247   13
   127   1.39859   1.30138   3.50526     626   10
   128   2.46013   1.61463   1.48883     494    8
   129   5.75347   1.47561   0.29393    1781   17
   130   4.37353   0.27864   4.23796    1997   19
   131   4.03094   2.20977   1.97978    1419   13
   132   3.97230   1.33250   2.88255     354    9
   133   3.14042   0.49295   5.56429    1537   18
   134   0.97529   0.90408   6.13328     517   11
   135   6.02266   0.88528   5.03551    1125   12
   136   0.13058   2.19668   4.62165    5922   23
   137   0.85784   0.90326   4.41050     776   11
   138   1.67967   2.16593   0.16211    3532   19
   139   0.10348   1.21512   2.27270    2082   17
   140   5.00388   1.22795   3.18149    1580   12
   141   1.18112   1.29735   1.72705    1900   15
   142   2.92341   2.45161   6.23868    1896   18
   143   1.36519   2.23808   5.42957    2630   18
   144   0.45441   0.68539   0.11216    2208   17
   145   3.20977   1.45156   1.94313    3206   20
   146   0.09132   2.10011   1.98044    2202   18
   147   2.78957   0.59914   2.61368    3357   20
   148   4.28145   2.31713   3.92583    1729   12
   149   0.29690   0.10945   2.77421     581    8
   150   4.84894   1.27649   3.44022     660   12
   151   5.94967   2.33633   6.16266    2312   20
   152   4.72963   2.12790   3.67900    1906   18
   153   5.97505   0.75574   1.26520     712    9
   154   1.57141   2.61978   4.25677    4335   24
   155   5.42684   2.20390   1.14093    1387   13
   156   2.55869   1.50217   5.74633    2837   20
   157   3.41681   0.86899   5.34814     825   12
   158   6.12306   2.55334   0.03897    1375   15
   159   2.48323   0.86965   2.93157     639    9
   160   4.31510   0.17826   1.90760    1987   18
   161   6.22815   2.78009   1.78868    1870   15
   162   4.07393   2.13345   4.69083    1454   14
   163   2.37404   0.96160   2.68675    1197   13
   164   4.79563   2.57050   5.93539    3866   20
   165   5.48576   0.33513   0.51626     726    9
   166   0.71832   2.32411   6.21266     361   10
   167   1.80703   2.32040   0.27550    1582   12
   168   5.96769   2.40043   1.01971     632    8
   169   4.28670   2.51767   5.24299    2212   14
   170   2.12263   1.38908   0.40769    1572   13
   171   3.88898   1.78299   2.65595     887   11
   172   4.97809   2.30506   0.77298     759   11