     1   0.00000   0.00000   0.00000       0    0
     2   4.82894   3.07235   4.57337     858   12
     3   3.41009   1.45156   3.08593     321    9
     4   1.87462   1.57846   0.15997    1387   19
     5   4.98281   1.57079   3.07559    1040   12
     6   3.55800   1.52375   2.98475    1530   15
     7   1.74454   1.47107   4.76274     935   14
     8   4.89340   1.62212   3.09914     570   12
     9   1.77106   1.52595   0.07821    1309   15
    10   5.55193   0.13035   4.29274    2352   19
    11   3.44896   1.60620   1.52619     585   10
    12   2.51039   3.05985   5.31249    1046   15
    13   0.21507   1.60656   4.69410    1197   18
    14   6.07546   0.17266   3.76018    1587   13
    15   4.71978   3.08695   5.92926    2151   22
    16   1.43859   3.06693   4.39738    1412   16
    17   4.28884   0.13871   5.47420    1019   13
    18   3.08399   2.97214   4.27046     513   11
    19   0.23308   1.50165   3.14473    2361   22
    20   5.29756   0.12882   5.97062    1078   15
    21   5.93363   3.05958   2.48926     776   14
    22   1.28734   0.08204   0.50685     737   13
    23   1.95634   1.47267   1.56123    1867   19
    24   1.89301   1.49353   0.03256     898   13
    25   2.90437   2.99111   5.72703    1010   13
    26   3.85679   3.11874   2.06207    1107   17
    27   3.17050   3.08888   1.20131    2626   22
    28   2.51039   3.05985   5.31249    1231   15
    29   1.85171   1.59222   1.57180     773   14
    30   2.80451   0.06154   0.54060    3899   27
    31   0.32714   1.61405   0.00741     536   12
    32   1.92211   1.40086   4.72645    4434   32
    33   3.41009   1.45156   3.08593    1125   14
    34   4.89233   1.58588   1.48276    1552   14
    35   6.17523   0.05053   0.35167    1391   19
    36   1.95435   1.43448   3.09306     724    9
    37   0.25480   0.05426   1.64049    1747   18
    38   4.90227   1.66751   6.18311    2278   21
    39   3.58901   0.06106   3.03990    1246   14
    40   4.42282   0.16714   0.63658     748   11
    41   4.64227   3.05232   2.65060     539   11
    42   0.24550   1.63258   3.19449     492   13
    43   2.78866   0.07297   5.41639     940   14
    44   4.98660   1.59036   6.17430     675   11
    45   1.93495   1.48425   3.24248     617   12
    46   1.81288   1.52073   1.58450    1098   14
    47   5.08406   1.71789   6.22980    1449   15
    48   5.02540   1.72966   4.66246    2384   20
    49   1.91404   1.54306   4.66153     797   14
    50   5.70377   0.10078   4.08528    1634   22
    51   3.41249   1.42391   4.72704     956   12
    52   5.29756   0.12882   5.97062     495   11
    53   1.43859   3.06693   4.39738    1153   15
    54   3.16724   3.01927   1.31443    1763   16
    55   0.31586   1.59472   1.67944    1357   16
    56   3.44811   1.56907   2.97348    1071   14
    57   0.28756   1.61520   3.15564     597   12
    58   0.35549   1.51250   1.67080     488   11
    59   5.06260   0.04644   6.22149     509    8
    60   2.97154   3.09325   1.20898     621   11
    61   0.23425   1.68762   3.16161    1386   17
    62   2.87993   2.95931   4.15708     755   12
    63   0.35063   1.69386   4.74248     461   10
    64   3.44497   1.51548   1.64233    1592   17
    65   1.98365   1.39300   0.04484     750   14
    66   3.51773   1.61269   1.43917     879   10
    67   0.35549   1.51250   1.67080     821   13
    68   1.91608   1.43318   3.12602    1752   16
    69   5.07847   1.53049   2.97623     685   14
    70   4.15063   3.08805   3.80948    1134   15
    71   4.96881   1.63464   4.71342     877   13
    72   5.29756   0.12882   5.97062    1320   16
    73   1.75466   1.65675   4.69949     698   14
    74   0.24454   1.65044   3.24723    1294   19
    75   4.96918   1.62248   0.03704    1858   21
    76   5.09516   1.51219   3.15420    1750   18
    77   0.18423   1.65868   0.06898     812   13
    78   1.86447   1.51748   1.67924    1923   20
    79   0.43194   1.68721   4.74634     854   11
    80   0.93178   3.05188   2.28753     870   15
    81   0.24176   1.61130   0.07283    1073   15
    82   0.75366   3.03936   3.53125     432   13
    83   4.99164   1.50976   3.13004     383   11
    84   3.40191   1.40394   6.23461     619   12
    85   5.06968   1.61949   4.64659    1550   18
    86   5.11629   1.63081   6.19474     441    9
    87   1.04306   0.09437   0.82818    1860   17
    88   5.66515   3.07542   2.22354    1414   17
    89   3.38579   1.51298   1.51369    1040   15
    90   2.64190   3.02290   2.39400    1047   12
    91   5.66515   3.07542   2.22354     992   13
    92   0.32163   1.57500   0.11912     699    8
    93   0.17433   1.67692   0.00498     483   12
    94   1.89319   1.42912   6.27528    1264   13
    95   0.29710   1.64191   1.63996    1302   16
    96   5.10853   1.51117   3.02585    1078   12
    97   5.08768   1.57972   4.65880    1706   19
    98   0.31586   1.59472   1.67944     410   10
    99   3.46316   1.48998   4.68408     681   12
   100   0.18423   1.65868   0.06898    1398   18
   101   1.81288   1.52073   1.58450    1720   17
   102   1.86781   1.55164   3.06112    1141   14
   103   1.97911   1.57702   3.22819     947   14
   104   2.51039   3.05985   5.31249    1445   16
   105   0.41160   1.55125   1.48993    3351   23
   106   4.97785   1.59241   3.15638     647   10
   107   2.41190   2.94797   0.66234     400   10
   108   3.38057   3.12433   1.49490     978   15
   109   5.94365   3.11356   4.00372    1789   20
   110   1.77031   1.54998   3.28882    1622   13
   111   5.03931   1.71536   4.68934    1909   14
   112   2.61197   0.06132   0.84088     886   11
   113   1.93832   1.57760   6.20229     522   12
   114   0.28756   1.61520   3.15564    1234   14
   115   1.74265   3.04614   3.11333     756   12
   116   4.08957   3.07720   0.54551     464   11
   117   4.97851   1.60223   4.74343     367   10
   118   1.51136   3.04170   5.89008    1483   13
   119   0.31586   1.59472   1.67944     863   17
   120   3.44002   1.50415   6.20616    1713   21
   121   3.07071   2.97502   1.13240    2188   17
   122   3.37402   1.56572   1.56067     748   12
   123   1.44971   0.07779   0.42584     540   11
   124   4.50522   0.05077   0.48647     482   10
   125   3.36227   1.55934   4.55827     770   12
   126   3.32874   1.52118   6.26781    1830   18
   127   1.43859   3.06693   4.39738     566   11
   128   1.85803   1.63317   3.22950     714   12
   129   5.05146   1.52742   1.42210     393   11
   130   4.96028   1.48721   1.60694    2684   21
   131   3.61668   2.98990   0.17902    1184   17
   132   2.51039   3.05985   5.31249     644   10
   133   2.32455   3.01951   2.08133    1020   15
   134   5.03797   1.62429   0.04337     354   10
   135   1.77476   1.56120   6.19577    1288   16
   136   4.50853   3.07081   1.08594    2082   22
   137   3.34465   1.61384   4.79802    2153   19
   138   3.42776   1.49941   3.12374     853   11
   139   3.43416   1.41228   3.05984     642   14
   140   3.53164   1.50904   1.56673    1719   22
   141   2.70151   3.02524   2.32887     849   12
   142   3.34898   1.53871   3.07252    1037   16
   143   0.47136   0.14610   4.54250    2672   23
   144   3.56841   1.64738   1.47003     551   10
   145   1.82390   1.42952   1.62274    3942   23
   146   1.12310   0.06700   3.76349     930   13
   147   3.52921   1.47073   4.68555    1735   18
   148   0.32323   1.49797   3.07743     549   11
   149   5.38055   0.14618   5.98407     297    7
   150   1.82159   1.54731   1.52105    1623   16
   151   1.84369   1.55481   3.08314     995   12
   152   5.51298   0.20434   0.95890     508    8
   153   0.21880   1.64691   4.76560     477   11
   154   3.47593   1.66624   4.57397     755   11
   155   2.50719   3.02289   2.31788     877   14
   156   4.28884   0.13871   5.47420     672   13
   157   2.84676   2.98071   2.60327    1646   13
   158   2.97154   3.09325   1.20898     761   12
   159   1.81288   1.52073   1.58450     796   12
   160   0.32044   1.56276   4.64041     932   10
   161   0.34937   1.54899   4.76078     367    9
   162   5.14395   1.65482   3.09234    1433   17
   163   0.34653   1.56518   4.65424    2523   22
   164   0.29301   1.57313   4.71574     796   13
   165   0.27573   1.51236   0.00941     817   13
   166   1.76011   1.50814   1.71499     843   13
   167   3.54701   1.54319   3.02089     632   11
   168   5.12644   1.73315   4.72904    1246   14
   169   1.86552   1.44952   6.18326     395   10
   170   2.77486   3.12396   2.40615     747   11
   171   1.93835   1.58439   3.21755     801   13
   172   4.94616   1.61198   4.64609     586   10
   173   0.28654   1.62029   4.77717     926   13
   174   2.43878   3.05445   0.55934    1297   14
   175   0.23079   1.59543   4.79891     887   11
   176   1.97273   1.52109   3.25192     936   14
   177   0.32323   1.49797   3.07743    1274   15
   178   0.35267   1.63470   0.03876    1279   16
   179   5.63369   0.21944   5.65420    1162   16
   180   5.06664   1.49735   4.68807     809   14
   181   1.83059   1.47578   3.07810     752   15
   182   1.71384   3.00486   1.48222     708   11
   183   0.18887   1.58861   1.55753    3289   22
   184   5.02164   1.59301   3.18070     424   12
   185   1.89821   1.47773   4.75118     786   14
   186   1.83777   1.62987   3.14929     568   13
   187   3.45293   1.56276   1.53583    1336   15
   188   2.38507   3.01118   1.99279    1234   17
   189   4.89776   1.58098   1.53397     779   14
   190   0.29301   1.57313   4.71574    1118   16
   191   1.95634   1.47267   1.56123     569   13
   192   3.97843   0.06828   4.25045     907   12
   193   4.18805   0.13291   5.46743    1056   12
   194   0.29301   1.57313   4.71574     411   13
   195   1.84269   1.50545   3.15096    1159   15
   196   1.83106   1.43540   3.16598    1699   15
   197   3.33248   1.63182   4.55454     891   15
   198   5.09086   1.69091   4.68842     738   12
   199   0.20807   1.60842   3.15315     971   16
   200   1.81141   1.57783   0.12034    1167   18
   201   0.38157   1.61336   3.13475     603    9
   202   4.28884   0.13871   5.47420     558   12
   203   1.81288   1.52073   1.58450     797   10
   204   2.45545   2.97778   3.71492    3404   24
   205   3.53725   1.62836   3.20038     883   12
   206   4.65905   0.05105   3.43876    2335   21
   207   5.01068   0.07529   0.08490    2564   19
   208   1.85654   1.51430   3.25539     818   14
   209   1.81288   1.52073   1.58450    1035   11
   210   3.52248   1.54790   1.50112    2467   23
   211   5.11169   1.65839   4.66074     926   11
   212   4.95756   1.64723   6.26284     984   10
   213   2.97154   3.09325   1.20898     507   12
   214   4.28884   0.13871   5.47420     492   10
   215   2.86693   2.99040   1.11762     639   13
   216   0.21334   1.65036   0.09273    2281   20
   217   1.89556   1.52989   0.04173    1099   17
   218   3.91173   3.01197   0.34563    1198   16
   219   1.86096   1.47642   4.70028     715   11
   220   2.43533   0.09419   4.10776    1395   13
   221   0.18014   1.56969   1.62066    2230   20
   222   3.33375   1.64163   0.00110     855   14
   223   4.96214   1.54949   1.59874     491    9
   224   0.41106   0.02591   6.19289    1465   18
   225   0.35549   1.51250   1.67080     974   12
   226   4.98956   1.61397   0.00520    1118   16
   227   3.48389   1.47459   4.65591    3364   20