     1   0.00000   0.00000   0.00000       0    0
     2   2.17540   1.32922   0.80928    2130   18
     3   2.28580   1.30560   5.60068     675   11
     4   0.40433   0.98763   0.41336     441    8
     5   4.10660   0.75674   1.21725     347    9
     6   5.27277   1.78867   2.18916     985   13
     7   2.23478   1.24693   2.29488    1407   16
     8   4.05413   0.76621   5.96383    1767   19
     9   4.15056   0.77294   1.13664    2092   19
    10   5.41091   1.79297   3.73021    3352   20
    11   2.26119   1.31386   2.53307     708   12
    12   0.89530   2.34211   5.02777     650   13
    13   1.16817   2.32502   5.15676    3196   22
    14   4.10931   0.68135   6.00963     967   11
    15   0.95260   2.43836   2.06510     812   12
    16   5.44453   1.70548   2.23794     549   12
    17   0.47751   0.99100   0.25021    1870   14
    18   0.40484   0.95081   4.99780    3580   25
    19   2.15210   1.31563   5.66296     708   10
    20   2.37108   1.30661   0.88313     787   13
    21   0.46425   0.91322   5.19749    2184   15
    22   1.07601   2.44126   5.16093     583   11
    23   0.58460   0.77914   0.32713    1636   19
    24   4.39020   0.74518   2.62768    1524   13
    25   4.28219   0.75738   4.19952     770   10
    26   5.43666   1.82821   0.71168    1427   14
    27   0.95837   2.34132   3.38909    3792   25
    28   5.37297   1.83122   2.20195    1291   19
    29   5.28918   1.84212   2.11569    1024   13
    30   0.46345   0.98250   5.09756    2426   15
    31   0.00000   0.00000   0.00000    2315   21
    32   0.95260   2.43836   2.06510     989   15
    33   0.97355   2.30524   1.86097    1490   16
    34   2.29123   1.31036   2.55379    2224   16
    35   3.62708   2.32729   1.24435     980   11
    36   2.41164   1.30879   5.42316    3207   21
    37   2.11330   1.32971   2.56710     535   11
    38   0.38309   0.93794   1.95360    2312   17
    39   3.59818   2.24917   4.29277     321    8
    40   5.33594   1.74520   3.78420    2238   22
    41   2.32614   1.33008   5.59884    1833   16
    42   0.40248   0.81927   1.96027     393   12
    43   0.54897   1.03311   3.39386     886   14
    44   3.51675   2.17241   5.81783    2537   17
    45   0.61399   0.83091   3.42437     743    9
    46   4.06368   0.84066   4.30133     914   15
    47   3.72789   2.27746   2.96683     331   11
    48   4.12824   0.75538   1.21953    2728   22
    49   3.53181   2.27259   1.28227     362    8
    50   0.96657   2.37032   5.18557    1228   12
    51   0.53274   0.85859   5.06443     660    9
    52   2.26146   1.26894   5.65409     572   10
    53   3.72113   2.18184   2.76584     403   11
    54   0.45301   1.00328   2.03345     303    9
    55   3.76308   2.34792   2.89859    1451   16
    56   3.65168   2.31705   4.51622     444    7
    57   2.20078   1.42867   2.39834    1407   20
    58   5.45209   1.73868   0.64163    2802   19
    59   5.42295   1.78040   2.28054     987   13
    60   4.23540   0.70103   0.95691     519   10
    61   4.16898   0.78182   1.18937    2241   17
    62   5.36898   1.74168   0.64561     634   11
    63   3.48795   2.35229   1.07482     483   10
    64   3.63929   2.26900   5.91980     702   10
    65   1.02133   2.33976   5.06935    2719   20
    66   3.81539   2.29179   1.43600     297    7
    67   1.15969   2.45857   0.59408     442   12
    68   0.00000   0.00000   0.00000     726   11
    69   1.11218   2.37952   5.12679     804   14
    70   2.27941   1.32364   3.96906    1421   15
    71   0.47929   0.89460   3.34463    1501   12
    72   2.16655   1.34214   2.61463    2472   17
    73   0.91435   2.43333   3.53366    2630   14
    74   1.11894   2.32320   5.25679     367    8
    75   3.48692   2.24852   5.87596     838   12
    76   5.39159   1.94401   2.20374     828   13
    77   0.98090   2.41063   3.51878    3749   23
    78   0.00000   0.00000   0.00000     353    8
    79   1.15151   2.29858   2.00180     705   13
    80   4.17042   0.62289   5.70886     763   10
    81   3.51675   2.17241   5.81783     394    9
    82   5.51019   1.87284   3.85367     314    8
    83   5.31903   1.88780   0.71779     593   10
    84   4.29078   0.74245   1.15032    1001   11
    85   0.53605   1.03016   1.79279     499   10
    86   4.15379   0.60142   1.12448     443   11
    87   1.05708   2.38364   5.12067     818   14
    88   2.23069   1.42294   4.04168     975   14
    89   5.34929   1.79023   2.19715    1743   17
    90   5.45397   1.74146   2.35224     670   11
    91   2.31255   1.38549   4.09639     679   11
    92   0.87730   2.31211   1.90711    1324   13
    93   0.92309   2.49005   5.08520    1878   16
    94   2.12923   1.40736   2.37867     516   12
    95   2.29853   1.24707   2.36571    2067   17
    96   3.81539   2.29179   1.43600     421    9
    97   4.00123   0.70852   4.37708    2679   23
    98   2.30340   1.15206   5.65113     941   13
    99   2.40744   1.23827   2.42077    1062   13
   100   3.51528   2.23730   2.69481    2204   18
   101   5.30723   1.82613   5.46713    2202   20
   102   4.21719   0.86794   4.34636     756   16
   103   4.30437   0.72991   5.79978     846   12
   104   0.90802   2.47781   3.46523    1891   19
   105   2.36210   1.32026   5.58111    4460   30
   106   3.61105   2.24994   4.37699     458   12
   107   4.27450   0.68364   4.23778     774   10
   108   4.14441   0.76137   4.32794    2058   15
   109   2.19617   1.24397   0.89174    1329   14
   110   0.86639   2.41662   5.05953     476   10
   111   0.41113   0.98103   1.82082     356   11
   112   0.50636   0.86726   4.95718     439   10
   113   2.40459   1.25150   5.59855    1331   15
   114   5.50676   1.88350   2.24822    3967   21
   115   4.11750   0.65318   2.64013    1844   19
   116   3.46626   2.31313   2.62018     574   13
   117   1.01561   2.40473   3.60878     422    8
   118   3.51675   2.17241   5.81783     540    9
   119   0.33233   0.94258   3.65913     938   12
   120   3.50557   2.24134   5.92661     816   11
   121   2.26561   1.37165   2.45463     359    8
   122   0.44300   0.97242   3.54688    1170   13
   123   3.54981   2.35950   1.12102     482    9
   124   0.84749   2.46204   3.47268    1210   14
   125   5.48066   1.85536   2.38098     494   12
   126   2.24475   1.16175   2.47503    1786   17
   127   1.03430   2.48713   0.39841    1440   18
   128   1.07601   2.44126   5.16093     671   12
   129   5.35833   1.89307   3.77573    2537   20
   130   0.61399   0.83091   3.42437     650   10
   131   2.22980   1.39772   4.12226    2972   20
   132   1.07601   2.44126   5.16093     794   11
   133   4.17560   0.55414   4.39610     347   10
   134   5.39268   1.74410   0.72793    2223   17
   135   1.07023   2.36753   5.28442    1214   12
   136   1.11883   2.41140   5.11637    1827   15
   137   1.03153   2.46708   3.61860     745   13
   138   5.47199   1.94515   0.62135    4020   29
   139   0.00000   0.00000   0.00000     658   10
   140   0.33812   1.01474   2.00800    1646   12
   141   0.57851   0.92227   1.89682     591   14
   142   5.47300   1.75894   0.64539     441   10
   143   1.12277   2.35590   5.25619     440   10
   144   0.49284   0.94168   2.01945     443    8
   145   2.15210   1.31563   5.66296     795   12
   146   5.41659   1.96969   0.61792     455    8
   147   2.32761   1.19567   0.85045     432   12
   148   0.85040   2.36926   3.46561     771   12
   149   4.10931   0.68135   6.00963     620   10
   150   3.68680   2.20284   4.36294    1573   15
   151   0.59791   0.92491   1.85948    2116   18
   152   0.83172   2.43836   1.80308    1097   12
   153   3.97772   0.71171   1.20313     702   11
   154   5.39381   1.85918   3.85905    1484   12
   155   4.05736   0.66798   4.49309     495   13
   156   5.43570   1.67614   2.28598    1346   15
   157   3.48795   2.35229   1.07482     638   11
   158   2.18793   1.38345   4.08725     449    9
   159   2.28139   1.22484   4.09840    1498   15
   160   3.68409   2.30245   1.28944    1314   16
   161   5.33093   1.76360   2.22726    4126   27
   162   5.34238   1.77233   0.66721     654   10
   163   3.63260   2.26099   6.01244     901   14
   164   0.41469   0.98043   1.94210     752   11
   165   4.23834   0.61373   1.10256    1020   12
   166   1.07601   2.44126   5.16093    3132   20
   167   0.93139   2.28804   3.48420     582   13
   168   3.51675   2.17241   5.81783     410    8
   169   0.55836   0.96858   4.99478     615   11
   170   2.27941   1.32364   3.96906    1106   15
   171   3.59818   2.24917   4.29277    1933   16
   172   2.29851   1.39108   2.52764    4288   23
   173   5.45590   1.90312   2.39147    1247   12
   174   3.51675   2.17241   5.81783     502    8
   175   5.42488   1.85460   3.86372    1318   13
   176   2.28939   1.20773   0.81458    4770   22
   177   4.17560   0.55414   4.39610    3048   23
   178   0.52021   1.01288   3.36391    4644   25
   179   1.03034   2.48171   5.25321    1474   13
   180   2.25759   1.32923   5.70004    1339   16
   181   3.51675   2.17241   5.81783     776   10
   182   4.12980   0.74344   1.21672     717   14
   183   5.28088   1.88870   3.77831    4056   20
   184   2.11130   1.36384   0.95811    4889   23
   185   1.07601   2.44126   5.16093    1544   15
   186   5.31903   1.88780   0.71779     547   11
   187   3.48989   2.25447   4.29992    2260   15
   188   1.05708   2.38364   5.12067    4646   24
   189   5.40268   1.87177   5.43376     774   13
   190   2.20297   1.20380   3.90194    1306   17
   191   1.07074   2.32183   3.66857    3656   20