     1   0.00000   0.00000   0.00000       0    0
     2   5.23172   1.77763   2.27113    4237   13
     3   3.25983   2.34557   5.79773    4256   14
     4   3.39985   2.39762   2.70383    4834   17
     5   3.27410   2.36907   4.34508    3922   13
     6   2.14737   1.28660   5.53697    3308   11
     7   0.70399   2.25787   1.93951    3039   12
     8   3.35793   2.37734   5.72326    5067   18
     9   0.39558   0.78029   1.88335    5073   17
    10   3.41903   2.25335   5.99536    4615   16
    11   3.90837   0.87046   1.18200    2900   12
    12   0.27760   0.72345   3.51809    4574   15
    13   3.43144   2.26472   5.97462    3329   12
    14   2.07304   1.31429   5.46787    5599   18
    15   0.89351   2.30722   3.59799    3747   11
    16   0.69873   2.22210   3.53815    3563   13
    17   3.34867   2.29511   4.17904    3771   14
    18   5.19199   1.80141   3.93783    3538   12
    19   3.27410   2.36907   4.34508    1824   11
    20   0.28305   0.76997   3.43902    4325   17
    21   3.37674   2.35505   5.83927    3292   15
    22   3.27542   2.32365   2.62823    4550   13
    23   2.05157   1.20658   3.82841    5133   14
    24   0.28955   0.84096   3.52849    4669   15
    25   3.50719   2.41212   1.23690    2742    9
    26   5.35353   1.84755   3.90163    4362   16
    27   3.84827   0.81270   4.35327    4354   14
    28   5.24605   1.96023   3.90037    5179   16
    29   0.81827   2.28387   5.07756    3897   14
    30   3.17148   2.37418   4.08275    3270   13
    31   5.35180   1.87070   2.42452    3422   12
    32   2.22430   1.23415   0.69279    4396   14
    33   0.26217   0.77616   3.52446    5422   16
    34   5.35180   1.87070   2.42452    3755   14
    35   0.30082   0.88541   3.51608    3668   13
    36   5.41074   1.89254   4.08215    2901   12
    37   3.98320   0.86417   1.21823    4839   18
    38   0.22958   0.79236   0.53061    3353   14
    39   2.18638   1.29657   0.66311    5607   17
    40   3.92495   0.74689   4.32225    5497   17
    41   2.03792   1.37024   3.86701    4696   16
    42   5.14272   1.93261   0.71989    3670   13
    43   3.41334   2.35441   5.88900    2486   12
    44   3.93267   0.86374   5.78993    2674   14
    45   3.49792   2.28053   5.86743    4871   17
    46   5.42707   1.85289   2.50886    4893   17
    47   3.90996   0.81757   5.95618    2984   13
    48   3.93766   0.77622   1.17321    3515   13
    49   0.84546   2.19412   1.99273    3083   11
    50   5.35180   1.87070   2.42452    3388   13
    51   0.21058   0.88152   2.00732    3941   13
    52   0.77964   2.32441   1.84083    2069   10
    53   5.36685   1.83438   0.76695    4023   15
    54   0.31921   0.72864   1.90290    5130   16
    55   0.03246   0.77108   0.59640    3403   14
    56   2.15559   1.30522   2.35468    2492   12
    57   2.20992   1.22502   0.71006    5086   15
    58   4.06404   0.82058   1.09431    4605   17
    59   0.83566   2.33052   1.87281    3143   12
    60   3.43078   2.35382   5.89745    4806   16
    61   5.23519   1.80383   2.40024    3399   16
    62   0.21163   0.73334   2.07740    3958   15
    63   3.27410   2.36907   4.34508    3117   13
    64   0.24754   0.85318   5.17552    4130   16
    65   0.96100   2.34657   5.14210    2672   13
    66   0.24689   0.73784   5.23559    5244   15
    67   5.37300   1.81628   0.84284    4837   17