     1   0.00000   0.00000   0.00000       0    0
     2   3.28364   0.76808   2.41054    2368   18
     3   6.24940   2.09192   2.07643    1655   16
     4   1.73465   2.43857   2.46072    1057   13
     5   3.42017   1.62645   0.80595    1475   18
     6   0.81555   1.86931   3.43305    1280   15
     7   4.83226   0.73466   2.06792    1022   12
     8   5.39059   2.42064   2.78061     890   13
     9   5.07933   2.11112   2.46712    1056   13
    10   3.95188   2.08289   4.84143    1306   16
    11   0.77578   0.61677   0.20760    1538   15
    12   3.55042   0.84268   0.73523    2155   18
    13   3.84557   0.77919   3.08671    1663   16
    14   1.29684   2.79956   5.21723    1412   13
    15   5.70646   0.74890   0.60347     435    8
    16   1.78063   2.46257   4.06215    1558   14
    17   2.40254   1.00871   3.92954    1873   17
    18   3.13702   2.34932   2.61702    1171   14
    19   5.23187   2.64630   5.58195     896   12
    20   4.72265   1.37493   4.47899    2019   15
    21   5.12030   1.99051   2.41941    1516   16
    22   2.99628   2.73408   5.47842    1613   17
    23   3.71426   2.20974   2.95100    1160   15
    24   1.60467   1.74091   3.02742    1585   15
    25   2.18312   1.33543   6.14861    1358   19
    26   1.71908   1.74794   0.38953    1453   16
    27   5.05541   1.63899   1.48901    1008   13
    28   2.01644   1.73966   0.85504    1983   19
    29   5.93207   1.41113   3.68450     838   11
    30   5.12127   0.65058   0.55568    1795   16
    31   5.53189   0.95216   2.60419     689   11
    32   6.00937   2.50103   2.65772    1245   15
    33   6.04435   0.70890   5.69872    1010   14
    34   5.79401   1.63541   1.30069    1201   13
    35   0.42972   0.84743   5.02191     880   11
    36   0.87610   0.81016   2.20741    1016    9
    37   0.07051   2.24368   0.81069    1245   14
    38   3.57355   2.28411   0.34709    1137   13
    39   1.96771   1.95559   0.23282     884   13
    40   5.41479   1.74358   0.63856     922   14
    41   0.03496   1.99837   2.31125    1069   14
    42   4.88554   1.61431   3.10167    1096   12
    43   3.44764   2.50725   2.06852     965   12
    44   1.06856   0.95687   2.08676    1754   23
    45   3.07113   1.60134   1.83212    1371   14
    46   2.38248   1.94000   6.19488    1484   15
    47   3.30539   0.67558   4.55354     842   11
    48   3.60665   0.72355   6.17286    1169   15
    49   1.33498   0.78978   3.22060    1177   11
    50   0.59099   1.38790   2.79387    1133   12
    51   0.31936   1.27257   2.06041    1099   15
    52   4.22495   1.40351   2.40951    1236   16
    53   4.05251   1.04695   4.85950    1580   15
    54   3.41642   0.99286   4.36124     932   13
    55   5.21897   1.10227   5.76253    2354   17
    56   1.17684   1.49652   0.86700    1412   14
    57   0.66518   1.22617   1.12036    2119   20
    58   5.79494   0.99848   4.35633    2002   17
    59   4.27624   2.11648   3.19439    1994   20
    60   1.22465   1.95435   3.81558    1748   17
    61   2.42436   1.53813   1.51282    1153   15
    62   2.17606   2.62601   4.31148    1675   12
    63   6.08122   0.72831   1.06420    1211   14
    64   0.31572   2.17083   0.81432    1217   14
    65   3.98652   2.09120   0.60688    2292   19
    66   0.67124   1.26370   5.95418    1100   14
    67   0.38026   2.42073   5.87767    1757   15
    68   0.24527   1.13849   1.54526    1771   17
    69   2.88519   1.16235   2.12542    1209   14
    70   2.09881   2.13880   4.44996    1082   12
    71   3.69553   0.80996   0.22482    1398   15
    72   4.86618   1.45943   5.47063    2083   15
    73   3.04540   0.29017   0.12717    1493   17
    74   1.97321   0.98626   4.01409    1597   15
    75   3.76746   2.53193   1.75099    1818   15
    76   5.23187   2.64630   5.58195    1854   17
    77   3.49194   1.02969   1.97453    1121   15
    78   4.08163   2.52978   3.57170    1704   19
    79   5.72724   1.22831   3.30295    1508   14
    80   0.65433   0.95961   3.58008    1278   15
    81   5.39174   2.52513   5.17018    1385   13
    82   3.69308   2.06615   1.79629    2072   18
    83   5.11021   0.91195   4.04467    1118   15
    84   0.95176   1.75756   4.08393    1052   14
    85   5.36784   0.92552   1.76024    1972   18
    86   5.12125   1.71274   4.30467     986   15
    87   5.68426   0.22427   4.34232     783   11
    88   0.67068   1.92926   0.21098    1439   15
    89   0.78948   1.57051   4.21200     679   11
    90   1.28713   2.29450   0.60068    1165   13
    91   2.89958   1.72319   0.07222     695   11
    92   5.89589   1.80853   0.33031    1412   16
    93   1.95013   2.26608   1.94881    1335   17
    94   4.78779   0.41841   3.27193    1109   18
    95   0.55441   1.03313   3.63502     638   12
    96   3.88337   1.55105   5.47673     600    9
    97   2.65807   2.29688   4.33123     978   15
    98   4.60827   1.69972   0.14020     641   10
    99   2.62242   1.92465   0.35906    1349   15
   100   1.44178   2.34271   6.26435    1818   14
   101   2.01553   2.17046   4.80721    1145   13
   102   5.31406   1.12599   5.67625    1394   17
   103   3.27804   1.14420   6.00829    1359   14
   104   0.35785   1.98559   3.97105    1058   12
   105   5.22862   1.29130   3.38529    1381   15
   106   4.76711   2.68292   2.29589    1406   17
   107   2.42982   1.11244   4.80586     786   12
   108   2.14253   2.24321   2.73609    1174   13
   109   0.94109   2.71044   0.67046     879   12
   110   2.32543   2.56095   1.12582    1219   14
   111   3.29232   1.54065   1.05726    1393   18
   112   3.89304   1.68600   0.14754    1875   16
   113   3.64583   1.41631   3.99978    1149   14
   114   4.82225   1.01782   1.28079     765   11
   115   5.36364   1.44157   2.72881    1500   20
   116   4.28802   0.94355   2.73991    1871   18
   117   1.06799   1.67790   3.21389    1446   18
   118   4.62892   0.10107   1.36440    1345   15
   119   1.01015   2.22496   5.97868    1336   13
   120   1.03461   0.63770   1.35267    1727   20
   121   2.27388   1.91178   5.07951    1221   13
   122   5.92716   0.74191   1.24938     725    8
   123   5.65237   0.37301   5.92649    1869   15
   124   4.47864   2.50289   1.83537    1541   15
   125   5.20135   1.38701   2.14498     846   12
   126   4.51181   2.67273   4.12435     801   11
   127   5.33627   1.26687   4.67179    1858   17
   128   6.00143   0.59305   6.12685    1151   14
   129   4.72777   1.37321   2.49149    1132   14
   130   3.85271   1.80077   3.14087    1210   12
   131   4.60239   1.49913   0.78655    1376   12
   132   1.57970   2.64142   0.53281     843   15
   133   5.31541   0.26107   4.54956    1090   14
   134   4.29060   2.06467   0.41263    1538   17
   135   5.19748   1.44651   0.35627     906   11
   136   0.79225   0.73285   5.11862     709    9
   137   1.04255   1.25659   1.71212    1775   14
   138   2.74009   2.16686   5.27131    1017   14
   139   5.67363   1.02956   2.40810     751    9
   140   1.24557   1.76294   5.46765    1574   16
   141   2.71964   1.39631   5.22572    1133   12
   142   0.25506   2.47088   0.45666    1294   15
   143   4.70960   1.36337   0.19514    1436   15
   144   0.35708   1.92732   6.01135    1607   16
   145   2.84674   1.59434   1.75562     999   13
   146   5.84930   0.82821   0.31763    1276   16
   147   0.97185   1.92200   1.24541    1358   15
   148   2.40033   2.66939   5.74436    1100   13
   149   1.26537   1.69752   0.12456    1246   12
   150   0.01832   1.08581   5.70053    1168   16
   151   0.20578   1.49271   1.11221    2071   17
   152   0.76603   0.84682   6.12146    2204   19
   153   2.85872   2.31619   5.25898     789   10
   154   0.29800   1.49525   2.85908    1330   13
   155   4.42800   2.70011   4.97321    2055   17
   156   0.39082   1.70121   3.20634    1661   19
   157   0.02705   1.57368   2.10214    1682   15
   158   6.25858   2.00626   1.16229    1201   14
   159   2.20995   1.58477   5.67928    1203   12
   160   0.33471   1.50877   3.56221    1122   15
   161   4.16286   1.43280   1.58449    1162   18
   162   1.91182   0.30210   0.34583    1430   14
   163   5.44085   1.92150   6.20643    1266   13
   164   3.57333   2.15538   3.63121    1770   16
   165   4.21446   1.23734   3.25524     983   13
   166   2.12242   2.97636   0.99706    1977   17
   167   3.30308   0.89702   3.46496    1634   15
   168   5.95303   1.25532   0.26795     685   11
   169   2.72565   2.37964   1.26552    1378   15
   170   5.52470   1.28574   1.35109    1469   15
   171   5.60044   1.97470   4.00226    1501   15
   172   1.91447   1.15711   5.91161    1278   14
   173   3.97083   1.54163   2.09068     781   14
   174   4.28373   2.20193   3.54882    1024   11
   175   5.60697   2.09345   2.22956    1112   12
   176   4.29237   2.19649   3.52241     643   12
   177   0.43502   1.49347   0.51621    1207   12
   178   5.37366   2.21564   1.02260    2435   16
   179   2.39932   1.50696   2.40096     967   12
   180   1.78346   1.75851   0.70683     909   11
   181   2.36639   1.43540   0.74963    1301   17
   182   4.04346   1.05947   5.87819    1736   14
   183   3.93828   2.12945   0.78311    1678   16
   184   5.74316   2.34976   5.06424    1389   15
   185   1.63056   1.80413   3.51301    1088   12
   186   4.68457   0.87114   4.08592    2102   21
   187   0.69573   0.88885   2.98085    1302   13
   188   4.44220   0.64180   3.96431    1471   15
   189   0.43111   1.04397   2.86908     956   14
   190   0.29979   2.90237   4.47320    1258   15
   191   0.86805   2.24504   2.77761    1428   16
   192   3.43500   2.56376   2.60531    1337   15
   193   3.98331   1.71858   4.47883    1253   17
   194   1.46112   0.78828   4.01621    1338   13
   195   1.51008   1.30076   0.04489    1384   15
   196   5.25815   2.15570   4.03895     889   12
   197   5.26314   0.26240   4.70986    1091   15
   198   4.96028   1.86052   3.85756    2006   21