     1   0.00000   0.00000   0.00000       0    0
     2   4.18903   1.82897   1.65138    1257   19
     3   1.25953   1.72646   3.92563     976   13
     4   0.53952   1.84660   5.63238    1787   16
     5   3.06279   0.95476   3.01132    1529   16
     6   3.90792   0.91507   4.93310     840   11
     7   3.62470   1.04655   5.18053    1184   14
     8   1.45525   2.69086   4.43996    1117   11
     9   2.35385   2.12271   2.21412    1542   15
    10   3.78316   2.64608   3.01263    1688   18
    11   2.83259   1.15331   3.52958    1371   14
    12   4.02434   1.11835   1.12581    1165   14
    13   4.46895   1.30980   4.68321    1577   17
    14   0.54860   1.09616   0.56773    1689   16
    15   5.75920   0.85174   6.08369    1492   17
    16   4.60246   1.22206   1.16790    1210   14
    17   0.14218   2.81311   5.21174    1307   14
    18   1.47255   2.43480   2.88085     965   11
    19   4.72521   0.71900   2.84391     791   10
    20   4.04167   2.25756   0.32164     744   12
    21   1.68855   1.64005   3.43795    1284   13
    22   0.45985   1.25322   4.87354    1117   14
    23   4.35857   2.12850   3.50295    1467   17
    24   5.46382   1.39219   5.51747    1956   19
    25   4.86591   1.57301   5.22375    2027   19
    26   5.48362   1.51037   5.49865    1378   15
    27   0.65043   1.67176   3.40621    1076   15
    28   0.05344   0.79831   1.89390     856   13
    29   2.79467   0.40460   3.95016    1024   14
    30   1.92308   1.73765   2.71721    1927   19
    31   5.75528   1.94627   4.55861    1386   15
    32   3.98546   2.00920   6.04266    2211   18
    33   4.87042   1.10433   0.09709    1414   16
    34   4.54378   1.20467   5.40269     858   10
    35   5.84035   0.73702   2.05157    1185   14
    36   4.02558   1.15527   5.84827    1251   14
    37   4.18781   1.95761   6.08894    1249   13
    38   1.14296   0.83839   4.96263    1203   15
    39   5.92286   1.41010   2.39179    1474   14
    40   3.92525   0.84932   0.02292    1189   15
    41   4.83137   2.53809   6.14772    1850   20
    42   5.90025   0.99245   5.92242     937   11
    43   3.86484   1.22316   4.01344    1490   15
    44   2.52573   2.34854   1.77280    1654   16
    45   3.08866   1.11354   2.28898    1025   14
    46   1.48936   2.57868   5.05095     679   11
    47   0.48675   0.77332   0.61204    1273   14
    48   3.96546   1.06011   2.67316    1798   17
    49   3.05608   1.80433   4.14711    1444   16
    50   5.17401   1.13704   1.65653    1305   15
    51   0.93192   1.06474   5.52653    1615   16
    52   0.64498   0.86562   3.99984    1298   13
    53   3.54748   1.85893   5.85720     842   14
    54   3.06200   1.99228   3.75046    1704   16
    55   1.59165   0.43863   3.78359    1916   17
    56   5.51220   1.36064   3.91559    2006   16
    57   5.65833   0.95631   2.26653    1251   13
    58   4.30859   2.60366   0.96143    1987   14
    59   0.92900   1.10979   1.36373    1602   14
    60   5.33140   0.33443   5.01248    1155   13
    61   4.60017   1.03580   1.12599    1806   18
    62   1.00780   0.69455   0.22937    2083   21
    63   2.27851   1.10405   0.93480     884   11
    64   6.09794   2.12476   4.68659    1225   14
    65   4.51893   1.15443   3.72658    1163   14
    66   1.01488   1.28248   3.76181    1948   17
    67   5.76438   2.40818   0.50010    1380   15
    68   0.21454   0.70160   2.87389    1542   14
    69   1.06541   0.33484   0.01184    1292   16
    70   2.34627   1.04642   4.68522    1054   14
    71   0.73965   2.19048   4.82417    1405   14
    72   1.02734   1.47433   3.82236    2091   20
    73   3.78222   2.40208   5.90342    2153   15
    74   3.36674   1.77857   4.07764     686   11
    75   4.76642   2.02409   0.06761    3078   20
    76   5.66590   1.72388   3.37608    1270   12
    77   4.93411   2.38475   4.85065    2198   17
    78   5.90481   0.78352   4.53682     800   11
    79   0.69290   1.47356   2.26755    1454   16
    80   1.08664   2.15564   3.45751    1150   14
    81   5.46790   1.86595   1.45362    1322   15
    82   1.72140   2.15852   2.86094    2210   18
    83   3.15967   1.37819   5.67096     847   13
    84   6.17707   1.71748   4.15928     955   12
    85   3.38692   0.98635   1.39083    1475   13
    86   5.77715   1.34406   4.12406    2967   23
    87   3.53206   2.60303   3.51416    1661   17
    88   3.94156   0.51611   4.41321    1669   18
    89   0.40309   0.50333   3.41411    1199   14
    90   3.95569   2.12913   6.20988    1362   13
    91   1.03923   0.43517   1.37074    1092   12
    92   4.85984   2.41687   0.85035    1077   13
    93   2.35007   2.27999   6.15460    1662   17
    94   0.07258   1.78474   2.17544    1633   16
    95   6.13903   2.17228   1.42961    1645   14
    96   4.83875   1.06604   5.33184     975   15
    97   4.31152   2.01497   3.79530     914   11
    98   0.27827   2.45868   2.12795    1434   13
    99   2.69814   2.64938   0.57487    1171   13
   100   1.43907   2.22555   1.72666    1139   13
   101   0.33163   2.13987   3.74256    2082   15
   102   2.51156   1.52656   4.98352    1151   15
   103   2.51875   1.55575   3.90467    2198   19
   104   0.04805   1.71853   3.12803    1712   21
   105   4.32484   1.54658   1.94691    1289   13
   106   4.39669   0.77469   1.49165    1603   14
   107   5.24886   1.10269   0.06016     988   14
   108   0.43165   2.98261   2.83302     845   10
   109   5.25559   0.82455   1.48361     842   11
   110   5.83251   1.34566   5.18152     850   12
   111   1.26964   0.30579   4.86594    1189   12
   112   2.58386   1.56189   0.98281    1412   17
   113   1.04722   0.29279   4.68697    1240   13
   114   2.30992   1.80292   0.38216    1712   13
   115   3.13278   2.61246   5.87209    1272   13
   116   4.85998   2.04855   3.07646    1048   13
   117   1.21301   2.43792   5.19835    2585   20
   118   4.19442   0.80017   2.73705    1381   14
   119   3.41874   2.54306   1.28459    1931   16
   120   1.42563   1.19494   2.09418     878   14
   121   5.26215   1.80696   0.27878    1293   16
   122   0.66134   0.83579   4.62030    1537   15
   123   0.86352   1.22787   4.29740    1280   16
   124   0.13106   0.57595   1.62872    1405   16
   125   6.26425   2.77071   2.07820    1053   13
   126   2.18498   2.00614   1.72275     944   12
   127   5.17864   2.37059   2.94378     864   12
   128   5.60675   2.60859   1.15441    1180   13
   129   2.13823   0.42481   5.87101    1289   13
   130   4.11436   1.15962   2.22541    1451   16
   131   2.96213   2.35426   0.46979     995   16
   132   3.36889   0.35528   5.47643     809   13
   133   1.89435   2.23596   4.26796     903   11
   134   4.05993   1.72330   4.27839    1275   19
   135   1.23514   2.45500   4.75705    1262   15
   136   3.65818   1.54975   6.09029     616    9
   137   5.42522   2.38380   5.29318    1914   15
   138   0.01031   1.49197   1.10284     812   15
   139   5.37444   1.23248   2.16678    3257   22
   140   0.52819   2.85837   3.38376     876   14
   141   2.88315   2.09141   1.54292    1905   20
   142   5.21563   0.65680   2.44259    1487   16
   143   5.83146   1.06997   2.02409    1229   15
   144   2.34627   1.04642   4.68522    1187   15
   145   4.53370   2.29125   3.07782     801   12
   146   1.47059   1.85063   2.78793    1639   20
   147   2.11380   1.84436   0.64258     966   14
   148   1.80691   0.54399   1.10914    1391   16
   149   4.97176   1.35890   5.94426    1383   14
   150   0.41449   1.12316   5.82644    1537   16
   151   6.13903   2.17228   1.42961    1363   13
   152   1.62652   2.25184   5.21757    2764   21
   153   4.85195   1.29343   0.18280     885   13
   154   1.53909   1.79096   2.49839    1245   15
   155   4.08686   0.49256   0.89338    1223   15
   156   3.97409   1.90574   2.60924     950   12
   157   4.15048   0.28577   2.53059    1729   16
   158   4.55165   2.47315   0.63731    1398   14
   159   5.62624   1.15699   2.49610     978   11
   160   1.33133   0.67204   5.24858    1035   10
   161   5.84600   2.19596   2.22352     574   10
   162   3.65582   2.12279   2.80397    1798   13
   163   2.54698   0.15112   1.99956     938   13
   164   1.86859   0.50569   5.39676    1079   15
   165   1.03663   2.21072   5.03522    1280   14
   166   3.61103   1.10053   3.68303     912   14
   167   1.09713   0.99809   2.29612    1465   13
   168   4.17423   2.76163   1.15546    1112   16
   169   0.45549   2.10034   0.33226     986   15
   170   4.40405   1.17161   0.38113    1169   15
   171   0.98703   0.85827   2.22309     833   11
   172   0.15419   0.87014   4.26859    1317   15
   173   3.79819   2.93736   5.03966    1748   17
   174   5.62079   2.32549   4.65228     879   11
   175   4.93653   2.13115   4.41800    1121   14
   176   0.72060   2.32834   4.60434    1279   16
   177   2.77845   2.13955   1.39232     848   13
   178   5.66878   1.85736   1.18729    2018   18
   179   0.72703   0.86698   3.49316    1058   12
   180   0.55771   0.71174   3.38028    1314   15
   181   4.91738   2.09738   1.96104    1514   15
   182   2.99626   1.66643   0.76622     915   13
   183   3.45042   2.44862   0.69160    1460   14
   184   1.84367   1.30946   3.18405    1818   18
   185   2.23771   2.50122   3.76898     541   10
   186   4.66056   0.73926   0.88214    1117   13
   187   4.40162   1.29597   5.48098    1902   18
   188   1.77614   0.30514   3.71018    1189   13
   189   6.25852   3.10933   3.80998    1519   15
   190   1.26946   1.98578   5.23910    1249   15
   191   5.48694   1.35002   5.09532    1538   14
   192   6.25832   1.09479   2.69113    1781   17
   193   4.16660   0.62147   0.38826    1890   17