     1   0.00000   0.00000   0.00000       0    0
     2   5.85033   1.67198   1.13456     571   11
     3   0.84394   0.55691   1.85048     767   10
     4   0.84469   0.38355   0.43686    1448   15
     5   3.84354   2.64739   5.84485     495   11
     6   1.35249   2.10707   0.30216    1744   18
     7   2.81770   1.32914   5.06989     829   11
     8   4.44384   1.23972   4.49682     977   14
     9   3.95849   2.70532   4.33675    1776   16
    10   2.67349   1.37279   0.31498    1586   14
    11   5.94165   1.78249   4.33116    1522   13
    12   1.29242   1.95110   0.23285    1838   17
    13   1.41505   2.01253   3.48088     432   10
    14   2.91896   1.43850   1.96368    4582   27
    15   4.37999   1.05980   6.01501     709   13
    16   0.77699   0.42065   2.02314    2604   19
    17   6.02679   1.93334   4.32699    1998   15
    18   2.73984   1.23853   5.21596     628   13
    19   3.78735   2.69825   2.40311    1245   14
    20   5.94434   1.93041   1.19044    1769   14
    21   3.91721   2.51494   4.20940     879   12
    22   0.79946   0.58051   5.18157     933   12
    23   4.41108   1.13091   5.96321    5194   25
    24   4.34494   1.14566   1.26377     965   13
    25   2.79700   1.31506   5.25285     395    8
    26   5.80075   1.78144   2.58223    1158   14
    27   1.17444   2.02590   4.82716     566   11
    28   4.54637   1.12901   4.41793     689   11
    29   4.56438   1.08877   1.27652    1779   20
    30   3.88566   2.75527   2.51580     538   11
    31   4.41445   1.23571   2.94334     649   10
    32   5.80838   1.79165   4.25346    1137   12
    33   0.72919   0.39393   0.66570     707   14
    34   0.80314   0.38719   2.11470     594    9
    35   6.00703   1.85494   2.66700     336    6
    36   5.85033   1.67198   1.13456    1555   13
    37   5.82996   1.72236   5.84721     687   12
    38   5.87662   1.86761   4.33198    1353   13
    39   1.34271   1.88393   5.06259     472   10
    40   4.46722   1.21329   4.44982     778   12
    41   4.44384   1.23972   4.49682    1124   13
    42   1.41505   2.01253   3.48088     549   11
    43   4.36774   1.20650   4.43232     577   13
    44   2.79183   1.26407   1.89177     585    9
    45   0.71903   0.48614   0.51834    1417   16
    46   2.75312   1.33277   0.43494    1524   15
    47   0.79768   0.39947   0.50865     770   12
    48   4.51074   1.14963   2.88489     759   12
    49   5.87701   1.73755   5.86038    2866   25
    50   0.88811   0.48267   3.55643    1297   13
    51   0.93903   0.45998   3.40943    2831   18
    52   2.86048   1.29241   5.25628    1139   12
    53   1.45420   1.89501   1.94041    1860   18
    54   3.91982   2.67918   2.66524    1528   18
    55   0.64992   0.54506   5.21953    2701   18
    56   0.98537   0.56857   5.01188    1018   15
    57   2.71424   1.37180   3.70245     738   11
    58   4.51890   1.26002   1.29828     437   10
    59   4.56197   1.14063   2.86400    1288   14
    60   5.88561   1.77695   2.79714    3354   18
    61   3.99855   2.55239   1.05427    1703   17
    62   4.52257   1.08115   1.20608     895   13
    63   6.06908   1.71182   4.36512     856   12
    64   1.39886   2.12140   5.07469    1013   11
    65   4.56881   1.13033   4.39841    4815   24
    66   4.62631   1.06344   1.18394     343   10
    67   2.79700   1.31506   5.25285    1030   12
    68   4.02427   2.64868   4.27437     827   12
    69   4.50691   1.20338   4.54918    4415   24
    70   4.33609   1.09392   2.86684    1617   18
    71   2.68315   1.33589   5.13760    2523   17
    72   4.56108   1.09989   6.13755     467   10
    73   4.46498   1.27706   4.48393     460   11
    74   0.88853   0.56354   5.08206    2035   19
    75   2.79392   1.35017   0.36440     640   12
    76   5.92863   1.75205   2.75942    1167   15
    77   4.12752   2.71751   6.02657     535   12
    78   4.53420   1.18952   2.94476    3304   18
    79   4.44384   1.23972   4.49682     550   10
    80   4.01299   2.64037   2.67418     683   13
    81   4.41146   1.03162   4.43589     717   14
    82   2.77123   1.43587   0.54638     391    8
    83   2.88294   1.42971   5.08033     439   10
    84   5.86944   1.92114   4.31929    1940   21
    85   6.00759   1.91324   5.89377     337    6
    86   2.75879   1.42552   3.61002     977   16
    87   2.88364   1.31746   2.12838    1183   11
    88   0.73138   0.64403   2.17525     339   11
    89   0.86960   0.51144   5.12923    1564   17
    90   6.04414   1.71685   4.28763    1157   16
    91   1.32151   2.07558   3.27850    1158   12
    92   1.42968   2.04055   0.38402     543   11
    93   2.68315   1.33589   5.13760     520   13
    94   0.71999   0.64341   2.09264     619    9
    95   4.56547   1.25736   1.15707     745   13
    96   2.85070   1.45626   0.42788     696    9
    97   2.78377   1.25763   2.15081    1517   14
    98   4.38723   1.03384   6.11887    3096   20
    99   1.41505   2.01253   3.48088     827   13
   100   0.64431   0.57520   0.54458     567    9
   101   2.77123   1.43587   0.54638     322    8
   102   1.26171   1.94967   0.11907    1509   15
   103   1.41505   2.01253   3.48088    1405   16
   104   4.41657   1.19348   1.40636     688   14
   105   5.85325   1.87073   1.09510     745   12
   106   4.12752   2.71751   6.02657     385    8
   107   0.88811   0.48267   3.55643     676   11
   108   1.26659   1.92756   4.88451    1161   14
   109   1.30999   2.04714   0.23804     642   13
   110   0.79947   0.55579   2.04717    1487   14
   111   1.25458   1.92241   3.35853    2059   15
   112   1.41505   2.01253   3.48088    1190   15
   113   4.44384   1.23972   4.49682    1060   13
   114   1.27479   1.99288   4.92023    1864   14
   115   2.75879   1.42552   3.61002     524   12
   116   2.75879   1.42552   3.61002    1546   14
   117   1.24209   1.92694   1.90774     498    8
   118   4.44384   1.23972   4.49682     672   10
   119   1.39423   1.92207   4.90599    4970   27
   120   4.54637   1.12901   4.41793    1083   12
   121   4.43884   1.14349   6.13525    1114   12
   122   5.90275   1.88553   4.20661     443   12
   123   4.14997   2.68241   2.87444    1606   20
   124   5.94440   1.69260   4.33686    1772   18
   125   4.17438   2.66132   5.99534    1621   17
   126   4.33853   1.17594   5.96897     761   12
   127   2.85540   1.20451   0.45406    5035   27
   128   1.24016   2.04471   4.93519    2644   20
   129   4.51043   1.08613   5.94011    1283   12
   130   1.38158   2.03357   1.94192    1351   13
   131   4.44384   1.23972   4.49682     889   13
   132   1.40459   2.02728   5.06614    5406   31
   133   3.99627   2.54823   2.62061     698   11
   134   5.98716   1.73454   1.13214     785   13
   135   1.35175   1.97644   3.50177    3615   17
   136   4.54661   1.09771   1.28898     628   11
   137   4.34494   1.14566   1.26377     864   12
   138   3.81320   2.74186   5.63175     510   10
   139   2.79392   1.35017   0.36440    3017   21
   140   1.29511   2.04635   4.95834    5321   25
   141   2.85540   1.20451   0.45406     375    8
   142   3.87297   2.61898   1.16375    1651   13
   143   3.75017   2.57441   4.18365     418    9
   144   4.44384   1.23972   4.49682     884   13
   145   5.81599   1.75344   5.89094    2553   16
   146   2.88983   1.32399   2.10712     780   13
   147   1.28286   2.09624   4.92872    4414   25
   148   5.98929   1.77642   5.75986     533   10
   149   2.90801   1.31942   3.51011     697   10
   150   5.96958   1.68358   2.61577    1631   16
   151   3.80769   2.58939   1.00643     999   13
   152   2.79560   1.31003   3.59881    1997   15
   153   5.86944   1.92114   4.31929     736   14
   154   5.78586   1.85450   2.75868     881   14
   155   5.92763   1.77234   5.74336    2102   20
   156   5.93822   1.76543   5.78396    1928   16
   157   4.18270   2.68075   2.84848     685   14
   158   0.90151   0.56616   3.60216    2165   17
   159   1.31115   2.02128   3.43475     932   11
   160   0.80934   0.49237   3.53303     843   12
   161   1.22438   1.89584   3.34787    1989   14
   162   3.99275   2.55959   1.15997    4376   24
   163   5.91340   1.75710   5.83840    3000   22
   164   5.87221   1.82956   2.65115     677   11
   165   3.84196   2.61761   2.55945     810   12
   166   0.47420   0.46699   2.35584    1103   15
   167   6.02909   1.89120   5.87886    1803   20
   168   0.94585   0.56240   2.00752     816   12
   169   3.70735   2.66881   4.11487    3558   21
   170   6.02456   1.89237   2.67363    3167   19
   171   0.81236   0.33421   3.63962    2533   22
   172   4.53318   1.10386   4.39490    2100   16
   173   4.57155   1.23056   4.41304    1118   13
   174   1.28784   2.03812   1.68550    3202   18
   175   1.21745   1.91168   3.44120    1681   15
   176   2.83375   1.39378   2.06949     668   10
   177   3.84293   2.64071   4.08138    1469   15
   178   3.88715   2.57570   0.94193    3542   20
   179   5.83054   1.69304   5.72663     669   10
   180   5.81194   1.74056   1.12927    3065   19
   181   4.12752   2.71751   6.02657     425    9
   182   4.11913   2.71434   5.96446     441   12
   183   1.03426   0.44281   1.92092    2423   19