     1   0.00000   0.00000   0.00000       0    0
     2   5.34188   0.15650   3.20572    3096   19
     3   0.77458   1.57841   0.11950    2552   17
     4   2.23626   1.41707   3.23550    1561   15
     5   4.77683   3.08472   2.45228    1371   12
     6   2.18532   1.57776   3.21082    2823   18
     7   0.58723   1.54378   1.72836    1719   17
     8   5.48906   3.08388   1.70113    2951   15
     9   0.57161   1.61344   4.73345    1469   14
    10   0.70977   1.67499   4.85449    1403   14
    11   0.75227   1.45087   1.69708    1171   11
    12   5.35306   1.49881   0.00519    2957   15
    13   5.49464   1.73404   4.73153    1316   14
    14   0.76764   1.64771   4.70918    1277   12
    15   0.77861   1.64173   0.00915    1196   12
    16   3.70546   1.63546   1.64596    1580   14
    17   3.35805   3.03653   2.74523    1978   14
    18   3.88102   1.47465   6.25028    1402   12
    19   5.34546   1.58974   4.80237    1451   14
    20   5.37144   1.64759   3.00747    2323   17
    21   0.77458   1.57841   0.11950    1343   13
    22   0.76105   1.58654   4.89033    1268   14
    23   3.21715   3.03651   2.58983    2018   16
    24   0.73609   1.55090   4.81383    2078   17
    25   0.73000   1.51884   4.71649    1104   12
    26   2.33731   2.99008   3.22352    1475   15
    27   5.40546   1.63094   1.58034    1865   14
    28   5.43525   1.62948   4.73385    2026   14
    29   3.87664   1.55044   1.57279    2402   18
    30   5.69692   0.16517   1.31286    3102   19
    31   0.77948   1.49578   4.76389    1452   12
    32   5.49898   1.70055   3.23506    1982   14
    33   2.98957   3.02101   5.43564    1992   17
    34   2.09834   1.52441   1.56806    1936   16
    35   2.69818   3.06467   5.19973    1695   15
    36   0.48906   0.00986   4.87922    2767   21
    37   5.40622   1.66614   4.78298    3201   18
    38   3.85333   1.64486   3.16396    1263   15
    39   0.53578   1.52426   6.22575    2060   16
    40   0.67509   1.55345   3.12661    2440   21
    41   4.22785   3.05596   5.02001    2201   17
    42   0.77458   1.57841   0.11950    1641   11
    43   0.75527   1.47278   3.27408    3129   17
    44   2.34233   1.47384   0.03486    3037   18
    45   3.71431   1.43376   3.11223    1696   14
    46   0.65117   1.58845   0.13687     948   11
    47   5.36198   1.58567   1.47686    1031   13
    48   3.90335   1.46749   1.56891    1441   14
    49   3.20264   3.03529   5.78756    1193   12
    50   5.49464   1.73404   4.73153     965   12
    51   2.26530   1.59411   4.76801    1286   14
    52   0.78360   1.62353   4.67259    1265   11
    53   5.26666   1.70413   4.66447    1848   14
    54   2.71294   2.95366   2.10174    1707   13
    55   3.02169   2.97159   3.90121    2572   17
    56   3.76926   1.61299   3.21528    1362   12
    57   2.19781   1.60907   1.63579    2217   15
    58   0.67693   1.64411   6.24815    1790   15
    59   1.17038   3.09196   2.13713    1838   17
    60   4.39683   3.07157   0.49310     888   13
    61   4.09915   0.08659   2.82366    1040   11
    62   6.21865   0.15713   2.26331     965   11
    63   5.66786   0.11793   4.34289    2042   16
    64   5.39705   1.66382   0.11336    1373   13
    65   5.90272   0.19004   4.15766    2175   18
    66   3.85178   1.57330   4.78034     999   10
    67   1.29551   3.05194   5.27177    1445   15
    68   0.57550   1.64324   3.19754    2231   17
    69   2.18760   1.48243   4.77922    1654   15
    70   2.23954   1.45564   0.02205    1543   14
    71   4.05413   3.04773   0.26544    1463   12
    72   6.25817   0.10438   0.73931    1179   12
    73   2.16300   1.40582   4.67001    2163   15
    74   5.35093   1.70676   3.02012    1121    9
    75   0.65748   1.58324   0.01980    2112   17
    76   4.64270   3.08193   2.39490    1999   14
    77   0.00821   3.06266   0.83908    2115   16
    78   0.65117   1.58845   0.13687    2107   18
    79   4.38097   3.06919   2.19122    1259   15
    80   3.70418   1.41713   6.21218    2605   16
    81   3.74295   1.66776   3.08742    1465   13
    82   5.34188   0.15650   3.20572    1777   16
    83   3.92033   1.53312   4.58533    2368   17
    84   3.71774   1.48122   3.01229    1738   10
    85   0.20922   0.11826   0.41851    1549   12
    86   2.32090   1.59641   3.14931    2758   15
    87   0.59738   1.66503   3.18672    2215   16
    88   2.23954   1.45564   0.02205    2459   16
    89   2.35420   1.45022   3.18428    3244   17
    90   5.40614   1.63186   0.10992    1507   12
    91   2.20010   1.56371   4.63458    1711   15
    92   5.34188   0.15650   3.20572    2174   16
    93   3.89790   1.57292   1.40739    2475   20
    94   3.81328   1.57973   3.00327    1582   14
    95   0.78360   1.62353   4.67259    1959   16
    96   2.28792   1.44835   1.68739    2622   15
    97   2.19140   1.44138   4.73801    1180   11
    98   2.23845   1.44114   3.20982    1512   15
    99   2.33515   1.54546   1.50407    1926   14
   100   3.78089   1.41710   1.59468    1432   12
   101   3.85178   1.57330   4.78034    2864   15
   102   5.40144   1.55539   0.04412    1319   13
   103   2.55741   3.11695   1.96906    2430   17
   104   2.24751   3.04320   3.20928    2024   16
   105   0.61870   0.02703   4.63236    1562   15
   106   0.77360   1.59473   4.87231    1567   12
   107   2.71793   2.90485   0.46091    2019   16
   108   6.20880   0.06089   5.38167    1754   15
   109   5.49464   1.73404   4.73153    1219   12
   110   3.61004   0.08720   3.19478    1475   15
   111   5.27151   1.73657   6.23982    1466   12
   112   5.83142   3.12338   2.01909    2651   19
   113   0.69636   1.65598   3.29496    1139   15
   114   0.53096   1.59441   1.65441    1918   18
   115   0.57270   1.54572   4.75445    2616   17
   116   3.32169   2.98105   1.07048    1821   14
   117   2.41721   3.06300   0.18541    1515   13
   118   3.86865   1.62709   0.01514    1209   12
   119   2.25698   1.57847   3.06198    2019   17
   120   5.34180   1.58693   4.73651    2545   15
   121   0.63119   1.71086   0.08017     961   10
   122   0.00000   0.00000   0.00000    1155   11
   123   0.53385   1.52402   4.83535    2198   17
   124   5.26666   1.70413   4.66447    1760   14
   125   2.96287   2.97276   0.73392    2215   17
   126   1.51048   2.96857   3.92305    4062   22
   127   0.40530   0.15865   5.07002    1686   17
   128   5.40827   1.56864   3.00558    1569   16
   129   0.58549   1.56417   3.09324    1835   14
   130   3.89541   1.45226   3.00722    2531   18
   131   0.59913   1.48046   1.58763    1844   15
   132   4.05894   0.05177   1.39602    2288   17
   133   5.30087   1.63878   3.19331     993   13
   134   3.74451   1.65290   2.99853    1407   13
   135   4.25364   0.09761   1.08294    1586   13
   136   5.36846   1.61836   1.66742    1947   16
   137   3.66087   2.97189   1.43678    1470   16
   138   3.79611   1.61765   6.16873    1179   12
   139   5.37321   1.57201   2.96703     738   10
   140   0.61870   0.02703   4.63236    2072   18
   141   1.04269   0.08286   2.68793    2285   17
   142   3.86037   1.57735   1.50822    1274   15
   143   5.52026   0.09360   4.59503    1810   17
   144   0.63278   1.67751   0.01637    1784   13