     1   0.00000   0.00000   0.00000       0    0
     2   5.89452   1.60588   1.35565    1099   15
     3   2.77069   1.35117   1.75936    1828   19
     4   1.28867   1.74881   0.20410    1304   14
     5   5.78338   1.66438   1.33165     605   12
     6   5.91802   1.64424   6.09269    1024   13
     7   4.29427   1.47805   4.64256    1098   14
     8   2.71663   1.38237   0.13159    1260   12
     9   4.44314   1.33930   3.01499    1246   14
    10   5.77849   1.71985   6.19472    1321   16
    11   5.96394   1.62326   6.15133    1629   17
    12   2.64638   1.42118   0.04032     878   11
    13   3.54528   2.92949   2.35470    1634   14
    14   2.61769   1.50241   1.76398    1462   15
    15   5.93806   1.66780   1.42208    1526   14
    16   5.93412   1.79126   4.56031     765   12
    17   5.83545   1.77663   4.60685    1957   18
    18   2.73507   1.46050   4.91201    1473   14
    19   6.00613   1.65456   2.94195    1524   19
    20   4.36685   2.98700   3.21546    1728   18
    21   4.35928   1.42962   1.58864    1215   12
    22   1.28817   1.74291   0.06162    1269   13
    23   1.28817   1.74291   0.06162     935   12
    24   2.75438   1.41951   0.06281    2139   15
    25   2.63614   1.40307   3.21521    1632   18
    26   3.70325   2.92406   4.02980    1689   16
    27   0.31537   0.25452   0.99315     996   13
    28   1.02313   0.14244   0.12238    1633   19
    29   1.14505   1.68684   1.56207    1152   14
    30   1.21511   1.81911   1.64393     997   12
    31   2.80228   1.38673   3.37699     888   13
    32   1.21989   1.80067   4.83119     668    9
    33   2.78977   1.45975   1.62668    1124   15
    34   5.94226   1.71722   3.00492    1526   15
    35   2.71549   1.37384   4.90944    1979   15
    36   4.31364   1.39400   4.56354    1066   12
    37   0.48199   0.23144   5.31488    1275   16
    38   1.22380   1.68067   0.10188    1536   18
    39   5.78338   1.66438   1.33165    1200   14
    40   1.26480   1.81629   4.88453    1174   13
    41   5.98188   1.67685   2.89032    1900   17
    42   4.47282   2.96568   0.21672    2327   20
    43   2.74673   1.46468   3.41266     886   11
    44   4.37224   1.47106   4.70578     790   11
    45   4.21726   1.36084   1.58303    1672   18
    46   5.95053   1.69817   1.34760    1085   14
    47   2.83178   1.45800   3.21408     698   10
    48   5.93806   1.66780   1.42208    1396   18
    49   2.82951   1.41751   0.14458    1238   15
    50   4.22082   2.88406   4.70426    1171   14
    51   1.24913   1.77925   4.76944    1269   14
    52   6.02154   1.55686   4.49237    1149   13
    53   1.22279   1.82081   4.90807     697   13
    54   1.14414   1.69638   1.56716     873   13
    55   1.21368   1.74341   1.77411    1846   14
    56   0.77376   0.21241   1.88322    1638   17
    57   5.97869   1.77275   6.19208    1008   14
    58   3.60131   2.99647   2.47143    1231   15
    59   4.37590   1.52948   1.36745    1064   13
    60   3.91353   2.98713   4.24178    1236   17
    61   1.23352   1.68567   3.28285     968   13
    62   4.23327   1.52529   6.17555    1303   14
    63   4.44735   1.34631   4.68386    1481   16
    64   1.21495   1.69288   1.63890    1231   13
    65   5.97654   1.64079   4.56027    1500   17
    66   5.88638   1.67043   4.66009    1064   13
    67   4.41934   1.29269   6.14590    1538   16
    68   6.26563   0.20216   6.02920     991   13
    69   2.77409   1.54176   4.76176     745   11
    70   0.53970   0.24613   0.57286    1529   16
    71   4.47282   2.96568   0.21672    1105   15
    72   5.90956   1.70634   4.66747    2354   19
    73   1.17213   0.15330   1.55007    1186   11
    74   3.47023   3.09068   3.89958     682   10
    75   4.34179   2.94814   4.67140    1611   15
    76   4.20598   1.38818   6.15319    1754   18
    77   1.22574   1.77099   0.20469    1296   16
    78   5.82081   1.69040   1.34244    1509   16
    79   1.17543   1.86223   3.30880    1638   17
    80   5.80965   1.62776   6.09505    1832   20
    81   5.75511   1.65186   4.47272    1931   18
    82   3.86965   2.90540   2.58010    1362   16
    83   3.81727   2.96072   5.73987    1580   17
    84   1.25840   1.71213   4.76615    1227   13
    85   3.72666   2.89293   2.42138    2811   22
    86   6.08662   0.22390   2.91198    1499   18
    87   2.69587   1.40291   3.34558    1641   16
    88   5.92429   1.77583   1.45562     971   12
    89   5.83220   1.71667   4.41691    1067   13
    90   0.47705   0.19948   0.80883    2229   18
    91   2.79940   1.45046   3.38898    1256   14
    92   0.69534   0.06511   0.46018    1427   15
    93   2.70776   1.57722   0.08408    1010   14
    94   2.80169   1.51392   0.18282    1071   11
    95   0.95041   0.21374   1.85945    1926   17
    96   2.61536   1.42278   3.21206     838   12
    97   2.65684   1.56891   1.81877    1607   15
    98   1.28817   1.74291   0.06162     610   13
    99   0.44747   0.20123   0.77585    1828   18
   100   0.47684   0.10703   2.23214    1422   14
   101   5.77849   1.71985   6.19472    1116   14
   102   5.78338   1.66438   1.33165     756   12
   103   2.84424   1.36108   1.62376     824   13
   104   2.84436   1.50046   1.61581    1665   17
   105   4.07532   2.94750   4.34201    1050   13
   106   4.32349   1.36417   2.94051    1004   16
   107   2.61536   1.42278   3.21206    1792   17
   108   2.64003   1.41793   1.77260     757   11
   109   5.78038   1.63497   6.04263    2084   20
   110   0.66047   0.11155   1.96928    1504   16
   111   3.68456   2.98008   2.56894     858   12
   112   5.89302   1.67017   6.05852     978   14
   113   2.84424   1.36108   1.62376    2386   20
   114   5.94692   1.79233   1.48914    1986   18
   115   1.25711   1.70306   1.75400    1286   14
   116   3.68308   2.85760   2.39107    1507   17
   117   6.02154   1.55686   4.49237     523   11
   118   2.75407   1.46557   1.61585    1069   11
   119   5.83274   1.73406   2.93237    1141   14
   120   2.66435   1.39183   1.71220    1188   14
   121   2.77652   1.54503   1.78146     970   12
   122   4.27833   1.40639   6.28278    1022   11
   123   1.25957   1.76321   3.33591     780   11
   124   1.29300   1.70952   3.22793    1305   12
   125   4.21708   1.46099   1.48349    1019   13
   126   1.16018   1.67076   0.05448     969   15
   127   3.43120   2.99484   0.72832    1289   15
   128   1.27233   1.72274   4.84490    1566   17
   129   0.64323   0.09630   2.10722    1247   13
   130   2.61536   1.42278   3.21206    1139   13
   131   4.13936   2.96808   2.95200    1143   14
   132   3.54528   2.92949   2.35470    1392   15
   133   1.10121   0.15761   1.62389    1491   16
   134   5.98776   1.65219   6.12749    1601   17
   135   5.84947   1.66168   6.08932    1124   11
   136   1.15206   1.77511   0.11375    1790   17
   137   1.32018   1.72690   0.13380    1669   19
   138   5.97217   1.80741   6.12842    1108   13
   139   6.02154   1.55686   4.49237    1212   15
   140   4.19406   1.42318   4.71352    1320   16
   141   2.86768   1.41517   4.80995    1223   16
   142   3.96955   3.03146   4.30459     989   12
   143   0.37531   0.17176   2.32156    1541   14
   144   4.51864   2.90961   0.18948    1496   17
   145   0.26370   0.26741   2.53984    1650   14
   146   6.02154   1.55686   4.49237    1277   15
   147   3.79193   2.90254   4.25586    1580   18
   148   2.70434   1.34541   3.26481    1913   21
   149   4.38023   1.44551   4.58772    1313   13
   150   1.16711   1.65794   4.89409     714   12
   151   2.76778   1.47076   1.84604    2225   18
   152   4.30924   1.36720   3.01572     834   13
   153   4.29784   1.35584   4.66765     676   11
   154   4.24185   1.50590   1.49779    1130   16
   155   3.01933   3.05398   3.42002    1156   14
   156   4.34111   1.37129   3.02081    1262   16
   157   1.24836   1.78070   0.10896    2070   20
   158   5.89445   1.70842   6.23003    1291   17
   159   1.08165   1.62887   1.66163    1711   15
   160   1.07199   1.76330   3.13795    1070   13
   161   3.58310   2.99447   4.06355    1046   14
   162   5.98967   1.76953   1.52754    1585   16
   163   1.30261   1.70738   1.62279    1350   15
   164   0.43881   0.23562   0.82027    1635   17
   165   5.89445   1.70842   6.23003     638   10
   166   5.76861   1.57664   2.94364     650   10
   167   1.21542   1.69943   0.03111     960   14
   168   1.20693   1.74279   3.23120    1736   18
   169   6.02154   1.55686   4.49237     981   14
   170   1.13625   1.81031   3.16791     503   10
   171   1.16634   1.74086   1.68300    1042   13
   172   5.89452   1.60588   1.35565    1491   17
   173   5.90765   1.67665   2.94695    1705   18
   174   1.15561   1.73074   1.77935    1607   15
   175   2.82827   1.60130   1.77137    1055   14
   176   2.73289   1.53447   4.78614    2312   19
   177   1.13959   1.83545   3.14347     765   11
   178   5.89445   1.70842   6.23003    1306   16
   179   5.79205   1.60391   3.11684    1092   15
   180   5.89108   1.78065   2.92255    1920   20
   181   2.66803   1.43042   1.71214    1209   12
   182   5.86744   1.73091   1.40611    1187   13
   183   4.21545   1.45003   4.62678    1134   13
   184   6.02154   1.55686   4.49237    1432   16
   185   4.34277   1.53536   6.10659    2045   17
   186   5.82516   1.62231   3.05614    2187   17
   187   5.81210   1.54531   3.00465     873   12
   188   1.25160   1.63115   6.27450    1366   15
   189   4.45308   1.41406   1.36175    1278   15
   190   1.28292   1.77755   1.59613    1382   17
   191   1.19638   1.70499   1.63669    1508   14
   192   5.93661   1.59859   6.18711    1123   15
   193   6.00278   1.59690   2.90364    1399   15
   194   0.01398   0.21917   1.26437     767   12
   195   1.01636   0.26805   0.10036    1357   19
   196   2.61395   1.50563   3.35902    1161   11
   197   2.63369   1.51901   3.23179    1688   19
   198   4.32290   1.37740   4.57577    1661   14
   199   2.72246   1.43001   0.16394     999   13