     1   0.00000   0.00000   0.00000       0    0
     2   4.41156   0.81402   1.39476     695   11
     3   5.83215   1.66052   3.95860     869   11
     4   1.16576   2.25308   1.61828     859   12
     5   1.09015   0.68044   0.14952     738   11
     6   4.04249   2.30738   4.59353    1608   18
     7   1.33657   2.37323   1.80547    3175   29
     8   2.78357   1.39166   5.40522     879   13
     9   2.73631   1.44694   0.66224    2220   17
    10   1.02284   0.80007   0.21973     683   13
    11   0.89069   0.78649   1.77520     800   12
    12   5.95953   1.69590   5.60985     536   12
    13   4.47055   0.88156   2.88972    1258   14
    14   4.04019   2.32325   1.42539     927   14
    15   0.87163   0.88034   1.83935     433   14
    16   0.96732   0.78839   0.08083    1102   15
    17   4.21566   0.86294   3.08971    3100   21
    18   4.20881   2.39645   6.18838    1203   14
    19   5.71094   1.82085   4.00295    1275   16
    20   4.04019   2.32325   1.42539     744   12
    21   4.13087   2.36836   5.98557    1975   18
    22   4.01489   2.40928   2.87738     874   13
    23   5.75567   1.67335   2.41396    1114   15
    24   4.33160   0.80305   3.07413    1475   14
    25   4.49980   0.84586   5.95008     918   15
    26   1.30228   2.26123   0.32527     582   10
    27   1.18436   0.79863   3.22747    2702   25
    28   0.89647   0.71068   3.37032     697   12
    29   1.15250   0.80406   1.61270     863   13
    30   5.92343   1.71041   5.47371    1059   14
    31   4.41297   0.86848   4.52266     500   11
    32   0.89388   0.70398   3.48184    1576   17
    33   1.08505   2.40996   4.86648     968   16
    34   5.78877   1.83782   3.93450     662   12
    35   0.90035   0.80204   1.72519    1269   16
    36   5.77331   1.83353   4.00798    2291   20
    37   4.45350   0.91010   2.88025     542   10
    38   1.02284   0.80007   0.21973     895   17
    39   4.38555   0.78325   5.99607     633   12
    40   1.02284   0.80007   0.21973     391   10
    41   4.20717   2.35296   1.59486     698   11
    42   2.67841   1.42944   3.87415     836   14
    43   4.46933   0.91660   2.93916    1734   17
    44   0.89704   0.70207   4.89694     250    7
    45   4.23975   2.40200   1.42962    2497   22
    46   4.07623   2.32111   1.24924    1651   19
    47   4.04249   2.30738   4.59353     471   10
    48   4.23137   0.83811   6.18418    1344   17
    49   4.05748   2.34264   1.32808     932   14
    50   1.05984   0.79690   3.30000    1293   13
    51   1.01540   0.77022   0.23411     612   12
    52   4.23651   0.83591   1.49617     429   10
    53   5.85839   1.71249   4.01162    2988   23
    54   1.26536   2.33991   0.23429     514   10
    55   2.65205   1.34873   5.57035     772   14
    56   4.04019   2.32325   1.42539     624   11
    57   2.72743   1.53432   5.44756     753   11
    58   1.26696   2.40024   4.99437     515   11
    59   0.80560   0.88444   4.95880    1963   20
    60   2.64474   1.49442   3.84920    1504   16
    61   0.90582   0.67997   1.83400     620   14
    62   4.52844   0.82944   2.81384    1402   16
    63   0.95681   0.71737   4.99674    1872   18
    64   4.13411   2.29455   6.01937    1477   14
    65   4.52570   0.90830   6.01375    1492   18
    66   1.18304   2.38839   0.25663    1485   20
    67   1.28822   2.37300   4.97272    1583   16
    68   1.09274   2.30779   4.80257    2626   20
    69   4.51022   0.74328   5.90590     516   11
    70   4.23137   0.83811   6.18418     435    8
    71   5.79579   1.59961   4.00070     392    8
    72   5.90842   1.70843   0.74949    1411   14
    73   4.32257   2.35070   3.05743    1446   14
    74   1.26536   2.33991   0.23429     709   11
    75   4.23153   0.84623   6.26187    1813   17
    76   1.16564   2.22634   1.61636    3064   23
    77   1.00483   0.70673   0.22184    1477   16
    78   4.25580   2.35038   3.01121    1983   21
    79   4.45525   0.82434   1.32826     744   14
    80   2.71129   1.49832   0.65782    1160   15
    81   5.74284   1.79364   0.77588     573   11
    82   5.81972   1.77009   5.58770    1066   19
    83   5.89042   1.75211   0.90144    2967   25
    84   2.54996   1.40228   5.40728     726   12
    85   5.88992   1.68087   0.79822     563   14
    86   4.33336   0.77838   4.55910     847   16
    87   4.47055   0.88156   2.88972    1121   15
    88   5.74806   1.62232   2.49560     929   13
    89   4.32787   0.76856   1.37610     858   12
    90   2.71469   1.43153   3.88521    1409   18
    91   1.09129   0.78445   0.09610     809   12
    92   2.75295   1.36155   2.32699     940   12
    93   4.45036   0.84781   5.99310    1109   14
    94   2.59970   1.44900   0.71515    1211   15
    95   2.71218   1.30842   5.44389    1413   17
    96   5.78511   1.73801   2.35606     280   10
    97   5.87642   1.75191   2.39651     622   10
    98   1.34327   2.24354   3.36202    1319   12
    99   5.79579   1.59961   4.00070     464   11
   100   1.00205   0.77196   3.23112     899   12
   101   4.51022   0.74328   5.90590     490   11
   102   2.71121   1.32757   2.25466    1040   14
   103   5.86467   1.73440   3.89883    1009   17
   104   0.98468   0.79239   4.99802     459   10
   105   0.97291   0.78916   3.35902    1067   11
   106   4.23083   2.49618   1.49182    1128   16
   107   5.88289   1.82463   2.30377    1711   18
   108   3.97951   2.44463   4.44100     902   18
   109   1.07400   0.74519   3.34022     820   13
   110   4.39856   0.89079   6.14071     928   15
   111   4.04249   2.30738   4.59353     592   11
   112   4.42915   0.91135   4.44909     839   13
   113   1.28208   2.28775   3.23253    1501   14
   114   5.79579   1.59961   4.00070    1354   19
   115   5.92124   1.70096   0.88699    1046   16
   116   4.23721   0.77662   1.49157     454   14
   117   2.67841   1.42944   3.87415    1619   20
   118   2.71443   1.48309   2.31414     605   13
   119   4.09382   2.35340   1.26841    1075   13
   120   1.02284   0.80007   0.21973     497   10
   121   4.40075   0.84427   1.41229    1079   14
   122   5.84460   1.76129   0.86068    1541   18
   123   1.09339   2.33188   0.17331     608   11
   124   4.37768   0.74731   1.32541     754   13
   125   1.30755   2.24898   3.48192     669   11
   126   2.67668   1.41134   0.82062     535   11
   127   4.08743   2.31468   1.25792    1056   13
   128   1.23790   2.35132   3.40084    1671   15
   129   4.08736   2.32103   6.13035     489   10
   130   5.81888   1.77006   2.44473     672   12
   131   1.13766   0.71445   0.08804     529   14
   132   2.73987   1.52827   0.69720    1435   13
   133   1.31182   2.37217   1.87068    1248   17
   134   4.14122   2.39715   4.53100     606    9
   135   1.19936   2.26542   4.86644    2056   21
   136   1.25279   2.38113   4.89783     618   14
   137   5.82526   1.71875   2.33802    1572   16
   138   4.50263   0.75393   1.25469    1056   13
   139   5.95008   1.67433   2.41533     721   17
   140   4.34074   0.86361   6.19227     549   12
   141   1.43415   2.32501   3.50832     518    9
   142   4.39900   0.81520   6.13110     936   15
   143   1.12902   2.33584   1.80323    1444   17
   144   4.04362   2.33623   2.76543    1162   16
   145   4.26244   2.40090   2.97056    1018   16
   146   5.75482   1.63787   0.76026     670    9
   147   5.82078   1.74408   2.44961    1297   13
   148   1.16905   2.34199   0.09546     858   15
   149   2.75145   1.31433   3.82464     936   12
   150   4.25366   0.91000   6.13003    1628   16
   151   5.80101   1.83445   0.84256    1051   15
   152   0.98232   0.79328   3.20276    1314   17
   153   5.85046   1.69626   5.53350     867   14
   154   1.31265   2.26720   3.30798    1509   16
   155   4.41107   0.80310   6.14536     843   14
   156   1.22170   2.27367   3.31756    1203   15
   157   2.77464   1.53488   5.50066    1386   18
   158   1.18439   2.38695   1.74496    1534   15
   159   4.33336   0.77838   4.55910    1193   19
   160   2.70895   1.52823   2.33788     870   13
   161   0.86771   0.73818   1.80313    1952   19
   162   4.07767   2.26571   1.22419     474   11
   163   2.58573   1.43002   2.34447     704   12
   164   4.08256   2.26732   4.36908     876   16
   165   4.13343   2.37301   1.33390     451   10
   166   1.34637   2.28790   1.78894    3223   24
   167   4.31672   0.89490   4.49364     766   13
   168   1.26364   2.33831   1.76671    1702   20
   169   1.34220   2.29513   3.28783     567   12
   170   5.89042   1.75211   0.90144     569    9
   171   4.31680   0.73634   1.29240    1452   17
   172   1.31265   2.26720   3.30798    1693   14
   173   4.52038   0.92392   1.32082     733   13
   174   2.71121   1.32757   2.25466    1130   16
   175   2.70873   1.43593   3.83345    1166   19
   176   1.38652   2.23811   5.08005     991   15
   177   1.01968   0.73962   3.34878     863   11
   178   4.53986   0.75699   5.97480    1142   17
   179   4.40984   0.87579   6.01676    1120   15
   180   1.37694   2.23534   4.98124     674   10
   181   1.13487   2.30482   0.17411    1181   15
   182   5.78877   1.83782   3.93450    1553   18
   183   0.80905   0.80225   0.22157    1276   17
   184   5.86153   1.74882   2.31728     689   12
   185   0.97717   0.76175   1.75276     713   11
   186   5.87278   1.84873   4.01320     816   12
   187   1.20106   2.38410   3.29765     864   16
   188   5.76407   1.77384   0.86840     971   12
   189   4.46606   0.79037   2.91499     383    7
   190   1.02284   0.80007   0.21973    1185   14
   191   4.30925   0.80210   1.43661    1969   22
   192   4.14306   2.46549   4.43852     690   14
   193   4.04384   2.41093   6.00494    2207   17
   194   4.11275   2.32060   1.38009    5229   32
   195   0.89367   0.83146   4.95549    1686   17
   196   5.74284   1.79364   0.77588    1607   15
   197   3.95935   2.34530   4.47140    1597   20
   198   1.00872   0.65770   0.02353    1544   21
   199   3.91964   2.39946   2.78910    1398   19
   200   4.41590   0.84262   2.90044     954   16
   201   2.64787   1.53838   0.77351    1313   16
   202   1.02000   0.77270   0.06980     468   11
   203   2.70369   1.49970   0.77014    1075   13
   204   2.72485   1.41905   0.66639     511   13
   205   1.21149   2.27686   0.23308    1501   19
   206   0.95244   0.83617   4.85039     920   15
   207   4.15257   2.44112   4.53353    2171   17
   208   1.27727   2.33159   0.25309     622   13
   209   4.52149   0.87228   4.37107    1805   17
   210   1.24468   2.27482   4.78094    1554   15
   211   1.04702   2.21899   4.76549    1718   19
   212   2.68108   1.35274   0.84809    3822   28
   213   2.65311   1.46647   5.52565     364    8
   214   1.30294   2.29459   0.20840    1006   14
   215   1.10092   0.69870   3.21342     609   11
   216   0.98232   0.79328   3.20276     397   10
   217   4.07468   2.37578   6.02247    1661   18
   218   2.69975   1.29688   0.84018    1001   14
   219   4.04019   2.32325   1.42539     499   11
   220   4.30061   0.87565   4.54633    1724   21
   221   4.41297   0.86848   4.52266     657   13
   222   5.74134   1.59517   0.86097     689   12
   223   3.92512   2.33134   4.47936    1386   17
   224   5.86523   1.82652   2.45328     524   12
   225   4.13365   2.41678   1.36095    1138   15
   226   2.59750   1.42936   3.96477    1211   14
   227   1.44724   2.37721   5.10757     928   15
   228   0.88094   0.85970   4.94292    1861   17
   229   4.44350   0.88032   4.45156     655   10
   230   1.15882   2.23362   4.80464    1455   15