     1   0.00000   0.00000   0.00000       0    0
     2   5.56201   2.12435   5.59958    3033   16
     3   5.34262   2.14858   3.87175    1486   14
     4   2.40584   1.00302   2.26452    3234   17
     5   0.17328   0.89655   0.71657    3106   15
     6   2.34784   1.00410   0.81498    1834   13
     7   4.33544   1.05841   4.01518    5252   21
     8   2.30995   0.95442   2.45654    1065    9
     9   0.10352   0.94287   3.86950    2869   17
    10   5.34828   2.09017   3.96157    1824   14
    11   3.48004   2.27172   2.48827    2900   17
    12   4.39760   0.94422   5.47342    1755   14
    13   2.27884   0.93415   2.37629    4937   19
    14   1.14563   2.17562   3.84002    2575   15
    15   0.32645   0.92336   3.85479    5414   21
    16   1.15687   2.19192   3.77355    2577   18
    17   0.29304   0.93998   2.32252    3190   17
    18   4.39356   1.01337   4.02705    2680   16
    19   0.39287   0.93152   0.61844    5081   25
    20   4.42187   0.93035   0.90483    1659   14
    21   1.14778   2.23261   5.30440    1496   13
    22   5.64994   2.14133   4.00512     522    7
    23   3.37445   2.23338   2.37289     818   11
    24   4.35248   0.93314   0.94501     582    9
    25   4.34191   0.99250   2.43597    2824   17
    26   2.31041   0.92649   5.36678    1817   13
    27   2.29486   0.88999   5.48624    1672   15
    28   4.37853   1.01815   5.54910    1760   12
    29   1.28701   2.28929   0.80485    3778   16
    30   2.30995   0.95442   2.45654    1280   11
    31   0.12500   0.96567   3.88932    3163   17
    32   4.36022   1.01073   5.59311    1216   11
    33   1.14874   2.23288   3.87369    4163   20
    34   1.27934   2.24829   0.69762    3276   19
    35   1.29169   2.26119   3.87095    3715   17
    36   5.43508   2.19193   3.86940    3167   17
    37   3.37445   2.23338   2.37289    2480   14
    38   4.40413   0.99842   3.95858    2247   15
    39   4.40975   0.86606   0.83173    3919   19
    40   4.33370   0.93763   4.00297    4858   19
    41   2.39250   0.97352   5.51399    1658   14
    42   4.26236   0.97618   5.66075    1820   12
    43   4.32605   0.90669   2.40725    1456   13
    44   1.23805   2.11635   3.81195     729    9
    45   4.50650   0.97338   3.84701    2016   12
    46   2.30995   0.95442   2.45654    2247   13
    47   2.27430   0.98181   0.91391    2847   18
    48   0.26667   0.84935   5.42589    2236   12
    49   1.18958   2.16212   2.20413    3093   15
    50   3.45866   2.19174   2.45731    2669   14
    51   3.44040   2.23304   5.57807    1320   11
    52   4.35431   0.88520   0.77898    2529   14
    53   1.32093   2.24769   2.22922    1912   12
    54   3.40324   2.22381   0.81037    2489   17
    55   4.33339   0.89834   0.91895    1189   12
    56   1.37813   2.17868   0.70580    2585   12
    57   3.49437   2.17996   2.38065    2145   13
    58   0.31572   0.99080   2.26686    4285   21
    59   3.24453   2.20186   0.84301     944   11
    60   5.51663   2.11363   5.49581    4153   16
    61   2.24146   1.00618   4.02536    1652   14
    62   5.47508   2.15095   3.96606    1735   11
    63   3.45212   2.21059   4.03266    1783   13
    64   1.20575   2.21827   3.78025    3684   17
    65   0.30930   0.86230   5.35634    2497   16
    66   4.31496   0.93951   2.43766    4752   19
    67   5.34667   2.13790   5.44268    2619   16
    68   4.43271   0.88132   0.91150    2038   14
    69   0.27528   0.93499   3.85419    1347   12
    70   1.09707   2.21362   5.39477    2192   16
    71   3.45639   2.22748   0.90372    2261   14
    72   2.41605   1.07999   2.36978    3800   20
    73   3.34763   2.26991   0.79422    1280   11
    74   3.45751   2.15860   5.46824    1030   11
    75   0.31851   0.93023   0.65784    2028   14
    76   2.24985   1.05972   3.91281     966    9
    77   4.36022   1.01073   5.59311     450    7
    78   1.31171   2.25716   5.52254    3338   15
    79   2.48427   1.02340   3.87664    1953   13
    80   5.55221   2.05623   2.36272    2218   14
    81   1.21253   2.23617   0.75935    1027   12
    82   4.31478   1.02578   2.48056     739    9
    83   2.30617   0.99625   0.78082    1349   11
    84   3.49534   2.21410   4.04179    3793   17
    85   4.42733   1.01081   0.86885    1328   11
    86   5.42409   2.15651   0.73347    1734   16
    87   0.14302   0.96639   5.50810    1559   12
    88   1.24757   2.09582   3.90834    2014   13
    89   5.48611   2.09144   0.70086    4033   18
    90   4.23713   1.00749   5.65859    3636   18
    91   0.16121   0.94300   5.43693     990   11
    92   2.36598   1.01878   0.82810    1260   12
    93   1.13034   2.21216   5.47041    2606   18
    94   0.32882   1.04463   3.85026     681    8
    95   1.31171   2.25716   5.52254     662    8
    96   1.14961   2.12807   3.78292    1073   11
    97   5.41337   2.11984   2.32428    1083   11
    98   4.38335   1.00740   2.41188    1475   10
    99   2.29089   0.93076   2.38722    4740   17
   100   3.44050   2.13139   5.57870    1068   11
   101   5.50458   2.14062   5.48508    1289   13
   102   0.28099   0.87645   0.73916    3452   20
   103   3.39692   2.29126   0.79285    5049   22
   104   1.24307   2.23479   0.69280    2331   15
   105   2.27431   1.04588   3.89524    1428   12
   106   0.23334   0.97789   0.73544    4140   16
   107   4.35014   0.96164   2.36230    1807   14
   108   5.48589   2.21777   2.35971    1067   11
   109   3.35340   2.25044   3.95960    4613   18
   110   3.32144   2.15125   5.48473     785    9
   111   3.45890   2.21728   0.80754    1871   14
   112   0.32645   0.92336   3.85479     432   10
   113   3.38516   2.23862   2.35167    3861   17