     1   0.00000   0.00000   0.00000       0    0
     2   1.88053   1.31056   2.26887     957   14
     3   0.19741   1.51384   6.02645    1896   19
     4   2.04333   1.27300   5.35485    1620   13
     5   1.57274   0.94649   2.96507    1601   16
     6   2.22799   1.55938   5.43538    1412   16
     7   2.47480   2.15273   2.98952    1366   16
     8   6.27666   2.72883   5.48265    1929   16
     9   4.09020   0.93395   2.94295    1353   15
    10   0.12795   1.98144   2.17770    1119   14
    11   5.98398   0.62726   3.75518    1243   14
    12   4.87106   1.20562   3.25003    1198   13
    13   1.38651   1.18464   2.44445    2203   19
    14   5.17787   1.93761   5.14240    1293   16
    15   6.01062   2.28850   2.97712    1361   17
    16   0.21364   1.53651   0.68217    1541   18
    17   1.63035   2.35969   6.27137    1442   19
    18   1.75524   2.39264   3.59230    1542   15
    19   6.28192   1.35596   1.12462     982   13
    20   2.27212   0.62062   0.33958    1738   16
    21   3.22560   0.89230   5.50778    1572   17
    22   3.13709   1.86681   2.96636    1265   14
    23   1.91438   1.04085   2.33447     716   12
    24   4.38893   0.83971   5.13162     834   11
    25   1.70712   0.83758   4.19266    1118   13
    26   2.51751   1.39288   1.16071    1650   15
    27   5.91563   1.21368   1.01775    1082   14
    28   0.30957   2.04522   4.44410     996   13
    29   3.53721   0.93281   4.74111    1307   14
    30   1.09735   1.90496   2.54389     891   11
    31   5.81184   0.95035   2.31288    1694   16
    32   0.75356   2.57594   4.39890    1166   12
    33   1.50157   1.26469   0.47644    1763   15
    34   4.36584   2.64983   6.27917    1088   14
    35   2.54265   1.91966   0.11298     834   14
    36   0.71543   1.65650   0.02023    1529   16
    37   1.03443   0.92797   0.97896     887   13
    38   5.66107   1.04089   5.65592    1484   16
    39   0.39250   0.66003   1.80946    1276   12
    40   5.76713   1.43246   4.09026     899   14
    41   4.64703   0.90925   2.46801    1297   15
    42   2.76215   2.77406   6.15401     874   13
    43   3.61086   0.79237   1.23082    1190   14
    44   1.08660   2.52582   0.43985    1344   15
    45   1.96855   0.64555   3.53032     736   13
    46   5.35016   1.53462   1.17226    1082   12
    47   6.21259   1.16232   5.37937    1016   13
    48   1.44464   0.93622   5.38134    1291   14
    49   3.77495   1.31330   4.14974     810   10
    50   2.61886   1.18584   4.27684    1291   15
    51   3.70214   0.74226   2.15103    1568   17
    52   3.61649   2.73924   1.66725    1287   14
    53   1.96675   2.55224   1.78665    1869   18
    54   2.42407   1.76369   5.90156    1072   13
    55   0.38032   1.35489   4.42184    1434   17
    56   5.58099   2.31262   3.31814     970   12
    57   1.40731   2.77477   4.01941    1685   17
    58   1.89517   1.57442   1.91418    1776   20
    59   4.14399   0.85722   3.46738    1445   14
    60   5.18717   2.13073   4.27018    1684   17
    61   3.98050   1.98574   4.73809    1467   14
    62   1.08444   0.86576   0.89798    1322   16
    63   4.97478   2.27829   4.45036    1528   14
    64   0.88831   0.45915   1.13223    1302   17
    65   3.71790   0.60319   5.86623    1755   20
    66   0.86582   1.16029   3.43380    1457   16
    67   3.11794   1.27268   1.42379    1555   16
    68   2.03740   2.15140   4.26561    2413   17
    69   2.35553   0.37832   4.85503    1007   13
    70   3.06475   2.00144   3.72320     973   12
    71   1.34603   1.88434   1.32484    1445   14
    72   1.08637   1.07946   3.34797    1007   14
    73   2.06911   0.66977   1.39870    2440   18
    74   5.26151   0.63626   0.26457    1302   14
    75   0.14582   2.47275   6.14550     763   11
    76   1.40640   0.97344   1.85979    1029   13
    77   5.11345   2.11347   3.12848    1853   15
    78   5.60254   2.14598   3.66389     651    9
    79   3.54522   1.46926   4.76759    1568   16
    80   0.27314   1.34767   2.55984    1162   14
    81   1.75751   2.62865   1.70344    1674   14
    82   2.69566   2.29678   3.42136     625   12
    83   0.64392   1.07830   4.27985     934   12
    84   3.06294   0.72949   3.15971     836   10
    85   4.22766   0.40800   1.40968     696   12
    86   3.68551   1.51978   4.16907    1013   12
    87   0.95120   1.18563   3.72511    1178   14
    88   2.57940   1.05578   4.80619    1624   17
    89   5.09582   1.67513   0.58265     698   11
    90   1.63991   2.04831   1.88061    1088   14
    91   1.78897   1.62751   3.45681    1451   15
    92   4.07472   2.11108   1.89983    1980   20
    93   0.23179   2.14743   5.85663    1165   12
    94   3.57843   1.06189   2.75675     893   12
    95   5.41683   1.36510   4.96515    1463   16
    96   0.86490   0.75338   1.06951     869   12
    97   4.55995   1.65699   5.00004     826   14
    98   0.54185   1.72297   1.36398    1200   15
    99   2.51557   0.55392   1.11204    1726   18
   100   0.23963   0.78868   5.16705    1095   15
   101   3.92695   1.73391   0.24114    1760   17
   102   3.54945   2.23920   3.31195    1826   16
   103   2.42412   0.77332   2.40167     933   15
   104   0.76886   1.96887   2.96750    1244   13
   105   5.01032   1.38086   0.09945    1164   15
   106   4.88609   2.56107   4.75048    1078   16
   107   1.50511   0.47703   0.07474    1602   16
   108   5.06310   2.27022   0.67167    1474   16
   109   0.05511   2.29088   1.26594     802   11
   110   1.59270   0.76228   0.77682     999   14
   111   4.94750   2.46718   4.71353    1475   14
   112   3.92987   0.92501   5.85689     711   11
   113   1.03113   1.29136   2.20250    1188   16
   114   0.57914   1.68747   0.66159    1377   16
   115   6.14663   2.67044   4.59879     994   15
   116   0.68049   1.91245   5.88204    1354   12
   117   5.98451   2.00462   0.86893    1503   16
   118   0.97536   2.52900   5.22105    1403   16
   119   0.31327   1.05073   2.52912    1047   13
   120   4.43068   1.79671   4.88303    1038   14
   121   4.98709   2.68545   3.19693    1276   13
   122   1.08402   2.28197   3.79399    1228   15
   123   0.44529   2.69344   0.52731    2032   18
   124   4.75002   2.39655   0.86051    1147   13
   125   1.44609   1.45068   3.16066    1254   16
   126   1.26121   1.84404   1.63104    1086   12
   127   1.42074   1.70989   3.20464    1341   14
   128   0.43537   0.78912   4.24941    1842   18
   129   5.56306   0.97749   2.58719    1895   15
   130   4.35564   1.30714   1.55854    1359   17
   131   6.20965   0.42806   3.58785    1661   14
   132   3.36664   1.13047   1.18952    1592   19
   133   4.72424   1.47083   3.36429    1811   14
   134   5.05793   1.67278   1.78375    1700   17
   135   6.06875   1.66636   1.34213    1207   14
   136   1.41667   1.74086   1.19347     991   11
   137   1.85399   0.98593   1.84086    1330   14
   138   2.61238   1.36113   4.95864    1209   16
   139   0.80619   1.26359   1.91664     624   12
   140   5.34044   1.30355   1.02824    1873   18
   141   2.13353   2.24100   2.50631    1017   14
   142   3.84699   0.91954   1.72219    1643   14
   143   2.60256   0.47148   3.00199    1292   14
   144   5.02875   0.85247   5.44006     907   11
   145   5.38839   1.47777   3.26182     849   13
   146   2.99849   1.28721   5.02660     947   14
   147   4.70241   1.91889   4.94205     678   14
   148   4.61065   2.16975   3.34569    1793   18
   149   6.19406   1.56460   0.52190    1197   16
   150   5.49089   2.06096   1.35184    1251   14
   151   2.17394   1.86333   5.74078    1752   16
   152   3.68117   2.72836   1.66595    1177   13
   153   0.96206   2.02848   5.44694    1368   17
   154   1.03347   1.18929   0.47846    1332   14
   155   3.15670   2.43588   5.92153    1568   15
   156   1.05570   1.93215   2.96360     745   14
   157   4.74965   1.26245   4.17242    1980   18
   158   0.73714   0.81344   5.16490    2360   21
   159   0.70506   1.62429   4.30768    1910   21
   160   5.78718   2.04161   0.59628     876   11
   161   6.02074   0.78133   1.74100     669   11
   162   3.42870   0.77413   2.86925     741    9
   163   2.63520   0.91627   2.26592     916   12
   164   4.14876   2.19710   6.19969    1110   16
   165   5.57912   1.31444   4.12117    1589   14
   166   0.09757   2.31689   4.24494    1309   14
   167   5.73278   1.08073   0.81322     866   12
   168   2.61561   0.57790   3.19426    1196   16
   169   2.46002   1.43049   3.18850    1619   17
   170   2.32428   2.21153   5.49841    1075   14
   171   3.92070   1.01880   2.47030    1677   15
   172   2.40201   2.15142   3.65662    1984   15
   173   3.78358   2.39111   4.04523    1590   14
   174   1.38513   1.89770   2.01184    2755   17
   175   2.37506   1.76235   4.29547    1333   16
   176   0.80099   2.58338   0.69809     918   13
   177   0.21136   0.89500   4.48435     950   13
   178   3.18402   1.97817   2.55619     970   14
   179   0.87929   1.23185   4.38062    2070   19
   180   2.75561   1.91620   3.38370    1578   16
   181   2.76733   0.88100   1.03642    1533   15
   182   0.20965   0.74870   4.96452    1720   17
   183   0.81216   1.55391   4.83848     941   13
   184   0.81354   2.04095   0.79394    1913   18
   185   4.23491   2.30514   4.26608    1567   15
   186   0.80485   1.24448   0.04870     973   16
   187   2.49716   2.56627   0.67597     871   13
   188   5.76930   2.58651   2.23029    2182   17
   189   5.81863   0.75524   1.13248    1129   13
   190   5.46028   0.84972   3.20720     857   11
   191   3.26169   1.84752   4.26969    1239   15
   192   2.36087   2.57890   4.97161    1633   15
   193   5.49117   0.50466   5.21013    1081   12
   194   2.36025   1.17620   4.41799    1096   11
   195   1.75524   2.39264   3.59230     728   10
   196   3.54946   1.17140   2.46060     916   13
   197   3.86157   1.72487   1.96522    1012   13
   198   3.34651   1.73232   5.66754    1613   18
   199   4.27407   0.83158   0.26173    1985   16
   200   6.12822   0.72132   3.29193    1567   16