     1   0.00000   0.00000   0.00000       0    0
     2   1.64210   2.07192   2.73178    2219   19
     3   6.12277   1.94480   3.86941    1740   16
     4   3.20208   0.41443   3.07773     625    9
     5   3.18069   2.54439   4.66893    1061   12
     6   0.64146   2.31033   4.35698    2099   20
     7   3.43996   1.62999   0.07779    1325   13
     8   5.74346   0.99054   2.30046    1373   18
     9   4.24465   2.50751   2.47701     839   10
    10   4.92906   0.68153   4.39411    1932   14
    11   5.86721   1.54797   2.05969    1623   15
    12   5.26911   2.48205   1.20185    1176   13
    13   0.56697   0.94651   1.78625    1703   17
    14   0.41048   1.46918   5.18353    2141   16
    15   2.13264   1.38526   2.66339    1347   12
    16   1.47917   2.36278   3.14414    1665   16
    17   0.00704   2.41361   5.09556     988   14
    18   2.59806   1.26898   2.44270    2827   21
    19   0.80637   1.43647   6.03489    1627   16
    20   4.43188   2.38002   0.88243    1518   16
    21   5.84998   0.95486   2.30908    1106   12
    22   5.09226   1.99331   5.46627    2182   19
    23   0.50632   1.37679   2.22718    1734   13
    24   3.32387   1.10337   5.43339    2621   19
    25   1.69319   2.21667   4.70955    1452   14
    26   3.85093   0.81375   6.02782     836   11
    27   2.99917   1.97517   3.03747    1229   13
    28   2.08361   0.77929   4.78632     922   11
    29   3.82499   2.20186   1.19440    2022   18
    30   1.79204   0.76909   5.27783    1412   16
    31   2.32006   2.94759   3.10842     969   12
    32   1.98658   1.52381   2.97544    1222   13
    33   4.72618   0.96937   0.13689    1414   15
    34   6.09333   2.15014   4.54657    1178   14
    35   3.64852   2.42460   0.96345     818   12
    36   1.63978   2.56385   5.27004    1114   15
    37   2.93886   1.98667   4.69192    1000   11
    38   5.24045   0.32822   3.04005    1325   14
    39   4.12687   2.57923   4.40699     875   11
    40   4.63396   1.39535   2.78815    1012   15
    41   3.71586   2.68530   1.36010     913   10
    42   6.21064   2.27664   1.98894    1615   14
    43   5.06250   1.27486   1.00368    1372   13
    44   3.71059   2.13987   0.53238    1076   14
    45   1.10298   0.77412   2.99058     936   15
    46   3.21032   0.19451   1.06369    2128   22
    47   1.06036   0.80100   2.74632    1047   14
    48   5.67816   2.72880   1.59191    1784   16
    49   0.89660   2.08176   4.63242    1264   14
    50   5.13507   1.23489   2.39368    1211   15
    51   2.46132   0.59024   5.93435     924   13
    52   4.62235   2.75584   3.79798    2055   19
    53   2.16456   2.10291   4.21053    1248   13
    54   0.56340   2.20572   5.62915    1535   17
    55   4.22789   1.02567   2.18729    1279   18
    56   3.37406   2.78107   2.91490    1730   17
    57   4.80977   1.93353   0.81308    1009   11
    58   4.66037   0.98960   0.25965    1311   13
    59   2.28698   2.44508   4.33015    1292   12
    60   1.87085   0.74980   0.45062    1173   12
    61   2.64081   1.96633   0.73173    1160   16
    62   2.01250   1.63102   5.59108    1976   18
    63   1.13245   1.80706   5.43962    2173   18
    64   2.37905   1.79184   0.90401    1263   15
    65   6.24671   0.87857   4.35095    1301   16
    66   5.69683   1.97982   1.41598     905   13
    67   5.03382   1.75424   3.34192     968   16
    68   0.83736   0.97592   5.06686    1070   16
    69   4.82913   1.78783   4.51924    1223   15
    70   1.55743   0.37717   1.32338    1875   16
    71   3.98798   1.33202   3.27343     902   12
    72   4.62423   2.16809   1.57977    1641   15
    73   1.14051   2.36955   3.68328    1865   17
    74   0.23312   1.25415   4.37663    1131   12
    75   0.26649   0.49989   6.15139     861   13
    76   0.79399   1.23102   1.68636    1564   15
    77   2.39859   0.83285   4.89963    1003   16
    78   0.58342   0.86794   1.32759    1607   19
    79   3.01289   1.21916   3.95600    1423   16
    80   2.18908   1.90880   5.04699    1508   15
    81   2.57739   1.69648   1.54537    1350   16
    82   1.35848   0.93952   3.73854    1039   12
    83   1.94774   1.21212   0.68650    1427   15
    84   0.58560   1.59084   5.24047     951   13
    85   3.87453   2.12774   5.36565    2709   20
    86   5.81341   2.98906   1.06565    1623   16
    87   3.55313   0.94747   0.72716    1570   14
    88   0.86605   1.62162   1.35956     863   14
    89   3.71747   0.68573   0.72414    1258   13
    90   1.44285   1.77102   3.20400    1735   19
    91   3.54773   1.31416   1.01189    1765   17
    92   2.45882   2.29771   5.51560    1629   20
    93   3.47995   2.05161   2.18546    1001   13
    94   4.64108   1.97202   4.44320     784   11
    95   5.12344   1.71679   3.27556    1290   16
    96   6.02468   1.42962   3.57219    1036   17
    97   3.91008   1.38859   0.41227    1078   15
    98   5.57389   2.16494   0.98506    1475   12
    99   0.92722   2.52698   6.21147    1591   16
   100   5.75980   1.05390   0.93149    1158   14
   101   4.12768   1.89939   5.49744    1019   11
   102   2.19834   1.64983   0.42388    1671   14
   103   0.81566   1.44235   1.05819    1571   17
   104   6.18383   1.47111   5.65517     963   10
   105   1.98611   2.07626   4.56082     509    9
   106   1.84562   1.46117   5.48157     919   11
   107   3.52386   2.25446   0.79292    1111   12
   108   5.27607   1.16522   5.45564    1004   13
   109   4.43839   1.18333   2.69740     814    9
   110   2.10549   1.01542   1.81801     824   11
   111   5.94735   1.73287   2.89217    1462   15
   112   2.32339   1.51047   0.81456    1611   18
   113   4.08921   1.79355   0.85111    1527   15
   114   6.27200   1.51170   2.67685     729   13
   115   4.76843   1.96621   4.27373    1525   15
   116   4.66602   0.84857   0.88393    2309   19
   117   5.61947   1.45527   5.93755    1379   16
   118   6.22666   1.73105   1.86609    1966   17
   119   6.01673   2.57348   3.56498    1164   13
   120   5.08641   2.14524   5.86970    1339   16
   121   4.72012   2.36188   0.18222    1582   15
   122   1.31793   1.21288   1.15929    1159   14
   123   1.30956   2.74430   2.86918    1281   13
   124   3.36212   0.75340   2.04770    1331   13
   125   1.84073   0.35769   0.41458    1090   15
   126   0.10698   2.04560   1.00433    1157   15
   127   4.34680   1.91092   5.94528     997   13
   128   3.84194   0.93589   1.90313    1129   13
   129   5.76597   1.19215   5.15144    1269   14
   130   2.80576   2.09285   0.49493    1201   14
   131   6.23483   0.82533   3.77111     999   13
   132   4.05542   1.49528   0.58705    1252   15
   133   2.29020   2.06097   4.16997    1086   14
   134   5.89740   1.72625   1.45977    1388   17
   135   5.60236   1.11704   1.02952    1447   17
   136   2.19255   0.88591   3.79365     943   12
   137   0.95171   2.28403   0.43266    1000   15
   138   2.90579   1.79679   0.44203    1348   16
   139   4.48345   1.94674   1.86674     926   12
   140   4.03771   1.36042   5.23035    2185   18
   141   2.76724   1.58419   5.85617     507   11
   142   0.43589   0.92385   2.26016     730    9
   143   5.26363   2.36966   6.16530     971   12
   144   5.74025   0.91078   2.27974    1243   14
   145   1.62032   1.42041   5.88472    1715   16
   146   1.90017   2.80734   2.82365     984   13
   147   2.14564   0.82215   2.73148    1826   20
   148   2.70253   1.04584   1.21692    1517   17
   149   3.80853   0.87850   2.02220    1401   19
   150   2.38628   1.97616   4.71548    1597   15
   151   1.27953   2.26234   1.60933    1285   16
   152   6.26304   0.81880   5.30881    1440   16
   153   0.84108   1.54508   0.78588    1645   18
   154   1.56990   1.26475   6.09272    1308   14
   155   4.22549   2.22570   4.51260     661   11
   156   2.51478   2.59761   0.29316    1775   15
   157   0.60996   0.71401   2.12931    1036   16
   158   2.40003   1.29601   2.79167    1593   16
   159   1.74438   1.21891   4.75000    1805   15
   160   1.10013   1.96695   3.11037    1437   15
   161   5.09611   0.71563   5.13374    1250   12
   162   4.69601   1.86558   6.22488    1915   18
   163   4.31570   0.89424   1.48486    1930   17
   164   5.43069   0.35999   2.44253    1472   14
   165   1.30470   0.66760   2.45893    1071   12
   166   2.19391   1.54886   4.76030     931   12
   167   5.93692   1.10691   5.56650     929   14
   168   0.49064   1.18069   3.48908    1161   15
   169   4.93090   0.74681   0.59191     782   13
   170   0.93180   1.81294   3.77028     745   12
   171   3.30883   1.22945   2.02212    1229   14
   172   5.53237   1.08093   5.98058    1509   16
   173   0.02220   1.03944   3.58782    1090   13
   174   2.08884   0.82911   0.23337    1312   16
   175   4.23032   0.94265   0.95858     802   12
   176   2.04943   2.36523   2.68731    1705   17
   177   3.69811   0.17759   3.34821     775   11
   178   0.46270   0.90285   2.86925    1135   14
   179   1.39413   2.33921   0.92446    1006   16
   180   2.73781   1.62870   5.10430    1899   18
   181   5.86162   0.52762   2.28542    1113   14
   182   0.67846   1.63141   6.25009    1305   15
   183   3.23877   0.84094   3.05917    1493   14
   184   3.70333   2.63196   2.86909    1334   13
   185   0.56785   1.95404   3.85967    1831   20
   186   2.06942   1.68843   2.01602     833   11
   187   5.44912   2.27811   0.35133    1137   14
   188   2.76577   2.33047   3.90781    2408   17
   189   0.14859   1.19077   1.94987    1006   15
   190   0.68531   1.70948   4.14533     883   14
   191   0.92123   2.97179   1.35353    1769   20
   192   5.64093   1.26609   5.67814    1599   16
   193   2.35542   2.01798   0.07690    1845   17
   194   1.83990   2.64130   2.44062    1381   15
   195   3.94829   1.01182   2.19312     796   13
   196   0.66605   2.81029   0.70373    2177   21