     1   0.00000   0.00000   0.00000       0    0
     2   4.12984   0.78776   2.93898     407    8
     3   1.07823   2.37600   3.37769    1861   15
     4   2.38133   1.46765   5.47954     912   11
     5   2.53996   1.44960   2.28768    4157   21
     6   4.10256   0.83860   2.85142    1815   17
     7   4.18932   0.82068   6.02990    2143   14
     8   4.07596   0.77576   1.42349    1236   17
     9   5.67750   1.82903   5.39077    2446   14
    10   0.81688   0.81261   3.29605    2631   18
    11   2.57365   1.47100   3.94521    5244   26
    12   0.90510   2.30318   4.79897    3136   16
    13   5.75354   1.65994   3.96985     539    8
    14   0.63773   0.73966   1.77258    1695   17
    15   5.52435   1.72898   5.49298     256    8
    16   2.47965   1.39360   0.70820     573   10
    17   2.48903   1.39340   3.95048     545   11
    18   1.03689   2.34291   3.22757    2944   20
    19   0.80995   0.78412   1.72494    2008   18
    20   1.25436   2.40309   0.34940     571   10
    21   5.62715   1.71406   2.32642     318    8
    22   2.50722   1.46569   5.54465    3211   21
    23   4.21892   0.83320   5.95166     292    9
    24   2.60173   1.46397   5.39277    1934   18
    25   2.50140   1.41875   3.93112    1244   11
    26   5.63410   1.77006   5.55862    1290   15
    27   4.19396   0.85346   1.27018     840   14
    28   4.21892   0.83320   5.95166    1752   15
    29   5.59797   1.64284   0.75744    2985   21
    30   4.06738   0.76250   4.61799     421    9
    31   2.56673   1.36041   0.84541     562   10
    32   3.94340   2.34779   4.46751     380    6
    33   5.64312   1.72610   3.91215    3227   22
    34   4.05574   2.31566   2.98027     367    7
    35   4.00578   2.35403   6.12475     355   10
    36   0.92360   0.81395   3.20627    1874   17
    37   3.96597   2.30195   6.08736     937   13
    38   5.68966   1.65434   2.33644     535    7
    39   3.74958   2.29347   6.00849     312    7
    40   2.58295   1.41618   2.33865     697   10
    41   1.16120   2.36056   1.84683    1424   13
    42   3.90146   2.28815   2.92300     938   12
    43   1.05520   2.24414   1.71367     415   11
    44   2.36423   1.46907   0.75123    1293   12
    45   3.81255   2.24559   5.96221    2634   20
    46   2.42369   1.42390   5.57993    1529   15
    47   0.67988   0.80882   0.38605     435   12
    48   0.72073   0.87849   3.31259     809    9
    49   3.83128   2.23481   1.30813    1301   16
    50   3.97782   2.28184   2.96216    3074   23
    51   2.61774   1.46026   2.23264     775   13
    52   5.57480   1.73784   2.34207     457    9
    53   3.98401   2.36321   4.57684     573   10
    54   1.00935   2.25152   1.64976     361    8
    55   0.84290   0.86865   4.90177     554   12
    56   5.67144   1.65223   5.45281    3345   20
    57   1.21216   2.32666   0.39925    1046   13
    58   1.16591   2.39501   1.81820     383    9
    59   0.97388   2.34988   1.62451    1620   14
    60   2.45171   1.36413   2.35470     914   14
    61   5.67593   1.68444   0.77139     422    9
    62   5.65226   1.71019   0.74676     426    9
    63   3.79392   2.22829   4.46474    2878   20
    64   5.67144   1.65223   5.45281     615   11
    65   3.89397   2.26125   2.91588     371    9
    66   0.86914   0.76806   3.26676     451   10
    67   5.62596   1.86561   0.77748    1612   15
    68   1.11486   2.29964   1.75337     336   10
    69   3.94293   2.44606   6.04097    1650   16
    70   0.86632   0.83485   3.27370     708   12
    71   2.41055   1.43765   5.48162    4545   29
    72   2.47965   1.39360   0.70820    1299   18
    73   0.66726   0.90797   4.94732    5336   25
    74   3.93191   2.30689   1.52856     396    7
    75   1.25436   2.40309   0.34940     878   13
    76   1.14483   2.41060   3.46899     997   11
    77   4.27112   0.71990   2.78407    1264   12
    78   5.64413   1.70644   3.91451     432   11
    79   5.48313   1.77190   5.39508    1569   17
    80   1.11158   2.30247   1.88197    1037   12
    81   5.58013   1.83999   2.33908    1350   16
    82   1.06552   2.36461   4.81130     667    9
    83   2.42348   1.57404   3.91962     486   11
    84   0.64553   0.80851   0.21613    4120   23
    85   3.97742   2.41229   3.02774     576   13
    86   2.45668   1.44748   5.47199    1727   17
    87   0.75058   0.82259   1.85370    1711   17
    88   3.81927   2.30449   6.13358     779   12
    89   0.86914   0.76806   3.26676     778    8
    90   2.44124   1.31496   0.85245     553   10
    91   5.57177   1.71054   2.37405    1330   13
    92   2.48003   1.34812   5.54657    1898   18
    93   1.11158   2.30247   1.88197     493   11
    94   2.33710   1.41225   5.48783    3070   19
    95   1.12499   2.40357   0.19894    2698   22
    96   5.58576   1.71688   0.70553    1148   11
    97   5.56658   1.78135   3.85339     435   10
    98   0.75282   0.73229   1.90213    4459   24
    99   0.61240   0.73972   1.81771    3441   23
   100   4.00578   2.35403   6.12475     577   11
   101   5.67144   1.65223   5.45281     400    8
   102   0.80296   0.86041   0.28463    1977   15
   103   3.97742   2.41229   3.02774     342    8
   104   3.99951   2.42917   1.48236    1534   18
   105   4.32653   0.76550   1.31467    2502   19
   106   5.63112   1.62698   5.56282    5287   26
   107   4.16845   0.77316   2.94473     497    9
   108   0.77664   0.85444   4.79952     465    6
   109   4.16845   0.77316   2.94473     633   12
   110   5.54636   1.79311   3.83838    1312   14
   111   1.22272   2.43283   0.40159    2561   17
   112   5.56358   1.73254   2.31635    1385   14
   113   0.80938   0.70024   4.85611    3998   25
   114   1.25436   2.40309   0.34940     881   12
   115   2.40797   1.35500   5.46961    1587   15
   116   5.62545   1.70229   5.57673    2924   22
   117   5.67144   1.65223   5.45281     807   11
   118   4.18536   0.75653   4.52972    1074   12
   119   0.82028   0.76529   0.14660    4805   26
   120   5.59868   1.79495   3.83966    3756   18
   121   4.16845   0.77316   2.94473     566   10
   122   5.62715   1.71406   2.32642    1153   15
   123   3.88447   2.31551   2.89062     986   15
   124   1.03805   2.31818   4.86623    1497   16
   125   3.87273   2.29689   6.06739     604   11
   126   0.76865   0.70858   1.79263    2388   17
   127   2.39929   1.45724   5.50444    1295   13
   128   4.30162   0.82662   5.92742    3045   18
   129   0.82711   2.38473   4.71596    1429   16
   130   1.11020   2.27953   1.70629     993   12
   131   0.85771   0.76592   3.27402    1218   14
   132   1.09563   2.31531   1.73933    2010   15
   133   0.95588   2.27097   1.74365    1154   13
   134   4.01743   0.77195   3.04311     700   12
   135   4.16838   0.72789   2.83021     768   12
   136   3.95133   2.29936   1.50676    1281   15
   137   5.51308   1.76248   0.71570    1091   12
   138   1.16658   2.41746   5.00422    4375   28
   139   4.19996   0.87730   2.88675    2741   20
   140   1.22272   2.43283   0.40159     330    7
   141   5.67144   1.65223   5.45281     712   12
   142   2.56673   1.36041   0.84541     594   12
   143   4.12464   0.85113   4.54716    1356   14
   144   3.93078   2.23790   2.84577    2158   16
   145   3.74732   2.32820   4.32487    3596   19
   146   4.16954   0.88409   3.05708    2129   14
   147   2.50140   1.41875   3.93112     410    8
   148   2.53360   1.47958   2.25690     632    8
   149   4.21630   0.83665   2.95242     570   10
   150   4.14268   0.84943   2.94114     695   12
   151   3.78723   2.32706   2.86883     623   10
   152   2.43715   1.33765   3.97156    1008    9
   153   2.51239   1.50523   5.40961    2718   20
   154   2.49759   1.47318   5.50613    3571   20
   155   0.79752   0.80146   0.17304    1345   16
   156   3.81788   2.27071   5.89877    1213   17
   157   1.20750   2.26369   0.28872     909   11
   158   2.52429   1.42974   5.54483    1810   17
   159   5.62715   1.71406   2.32642     999   11
   160   2.53233   1.31879   4.03534     405    8
   161   5.53370   1.64943   2.31741     394    9
   162   2.49693   1.40687   0.87112     569    9
   163   0.86517   0.72343   3.27131     589   11
   164   5.75354   1.65994   3.96985    2404   18
   165   0.93236   2.34776   4.90515    1383   13
   166   4.21630   0.83665   2.95242     823   12
   167   0.54562   0.80198   1.88041     924   10
   168   4.12004   0.74634   6.03518     373    8
   169   3.95004   2.32268   6.12856     550   10
   170   1.03377   2.33380   1.67386    4860   23
   171   2.48003   1.34812   5.54657     374   10
   172   0.75377   0.69029   3.32524     607   11
   173   4.33119   0.88825   4.39687    3268   21
   174   3.89030   2.35238   1.31557    2139   19
   175   5.67605   1.72040   5.54406     767   11
   176   0.88184   0.80900   3.34677    4266   25