     1   0.00000   0.00000   0.00000       0    0
     2   4.64408   1.38317   4.38128    1915   18
     3   6.21545   1.89995   6.01668     377   11
     4   2.94402   1.28824   4.95966     973   12
     5   2.98877   1.37636   0.21769     760   12
     6   4.75438   1.44790   2.93456     951   15
     7   0.21709   0.35009   4.35561     711   10
     8   4.64408   1.38317   4.38128     403   10
     9   6.24718   1.86791   1.39055    1196   19
    10   6.09096   1.73303   2.81029     908   14
    11   4.72643   1.35674   5.99142     572    8
    12   6.21569   1.65746   4.56835     586   11
    13   1.56217   1.88715   4.81858     468   10
    14   3.11037   1.32983   4.86714     559   12
    15   0.75801   0.45993   3.94632    1497   19
    16   3.03831   1.34272   3.31393     949   13
    17   6.21569   1.65746   4.56835     552   12
    18   4.74915   1.38786   1.31815     512    9
    19   0.63014   0.28503   0.81426    3340   23
    20   6.14338   1.76867   4.52844    1479   17
    21   4.76490   1.43885   2.92848    1255   13
    22   1.63961   1.75346   1.90324    1055   14
    23   4.39591   2.82707   1.23168     987   14
    24   4.64973   1.32715   1.33390     489    9
    25   0.30419   0.34994   2.82862     459   10
    26   6.26244   1.77902   6.08326    1214   11
    27   4.65552   1.22082   4.58397     369    9
    28   1.13954   0.24958   0.31622     728   13
    29   4.64619   1.42142   1.39401    1302   19
    30   6.18309   1.73163   3.00238     657   11
    31   0.85709   0.20774   3.76778     655   12
    32   4.34043   2.78675   4.33216     859   14
    33   1.50685   1.90823   1.69617    2841   22
    34   1.44064   1.87566   4.98976     626   12
    35   6.27325   1.77818   4.55358     752   13
    36   1.50685   1.90823   1.69617     496   14
    37   1.54100   1.71345   3.38531    1110   16
    38   4.17110   2.77885   4.17945     602   13
    39   3.06855   1.35089   1.87612     881   19
    40   1.50614   1.79829   0.31338    1458   18
    41   3.00136   1.35433   0.24395     517   12
    42   4.76782   1.42184   2.94193     493   12
    43   3.20248   1.31865   4.89564    1522   18
    44   1.64849   1.77627   1.78201     576   12
    45   0.00737   1.75627   2.79515     886   13
    46   0.01961   1.83962   4.50879     680   12
    47   1.47172   1.78142   1.77234    1004   14
    48   0.45457   0.36669   1.12689     742   15
    49   1.06149   0.23581   0.42273     460    9
    50   0.49203   0.35526   4.30582    1318   13
    51   1.18343   0.26788   2.02181    2008   22
    52   4.03797   2.79188   5.67578     707   15
    53   3.98417   2.82223   4.14563     520   11
    54   4.64408   1.38317   4.38128     530   13
    55   1.63473   1.66929   0.26356     765   10
    56   4.15902   2.78191   4.25253    1920   21
    57   0.70823   0.38371   5.42393    1643   17
    58   0.05740   1.81430   4.55949    1394   15
    59   6.17781   1.65533   1.33577     510   11
    60   3.15046   1.37858   1.75073     563   10
    61   3.11482   1.38669   3.25525     979   13
    62   6.26664   1.79543   4.47194     570   14
    63   3.11037   1.32983   4.86714    1013   16
    64   6.21850   1.67948   4.48667    1216   14
    65   3.05860   1.28878   3.27957     656   11
    66   2.98902   1.34491   4.97866    1253   14
    67   3.61354   2.90524   3.65300     600   12
    68   3.17380   1.46118   0.33617    2597   23
    69   1.53687   1.85932   3.44586    1048   18
    70   6.27950   1.81340   1.43570     703   11
    71   6.16889   1.73899   6.18312     765   12
    72   1.50685   1.90823   1.69617    1031   15
    73   4.73827   1.27177   2.89848     674   12
    74   6.21660   1.75107   2.93712    2029   20
    75   6.08057   1.84819   1.29542     403   12
    76   6.15487   1.76288   1.31619    1231   18
    77   3.07612   1.46061   1.76411     555   13
    78   1.02985   0.30873   3.61374     809   14
    79   2.96630   1.40702   3.27008     524   14
    80   3.18191   1.36719   4.89742    1338   13
    81   4.05156   2.73485   2.50255    1963   19
    82   1.51343   1.77208   1.67866     848   17
    83   3.77733   2.94971   2.13876    1013   15
    84   4.81264   1.44676   1.35551     668    9
    85   1.21193   0.33161   1.76907    1592   16
    86   0.63084   0.33460   2.48724    1795   17
    87   6.18646   1.78482   1.29841     600   12
    88   0.94566   0.22638   0.46710    1312   16
    89   3.08617   1.27512   4.81483     864   12
    90   3.11037   1.32983   4.86714     973   13
    91   3.46403   2.83158   0.25762    1212   19
    92   2.99553   1.35299   1.87838     874   14
    93   4.67398   1.33258   3.03298    2118   21
    94   1.54597   1.83014   1.82823     465   12
    95   3.86318   2.74741   5.39537    2416   22
    96   3.00523   1.48245   4.98556     595   11
    97   3.48331   2.90834   5.16211    1183   18
    98   1.64011   1.87673   3.37393    1590   15
    99   2.98726   1.44191   1.69135     496   12
   100   3.05336   1.48917   3.45076     492   11
   101   6.11945   1.74657   4.45462     855   13
   102   0.02233   1.81056   4.51810    1124   18
   103   3.89390   2.89330   2.30325     949   12
   104   4.81673   1.36700   1.38690    1127   15
   105   3.85986   2.84918   3.82723     863   14
   106   3.14549   1.37350   0.15631     687   11
   107   4.70209   1.33565   3.03963    2163   22
   108   6.09161   1.75632   1.30716     471   10
   109   3.16721   1.21872   0.29026    3059   23
   110   0.96274   0.31305   0.67008    1315   17
   111   6.18807   1.67018   2.83258     937   17
   112   3.11936   1.46438   0.30185     734   10
   113   0.02444   1.77891   4.42698     867   13
   114   4.77418   1.36363   5.94009    2633   21
   115   6.15970   1.86508   3.00635     576   12
   116   0.04277   1.89696   6.03160     927   13
   117   1.48556   1.82342   4.90742     395   10
   118   1.60790   1.76941   3.35525     856   13
   119   6.18224   1.76273   1.30308     486    9
   120   3.01702   1.47061   0.34539     359    8
   121   3.91734   2.78712   5.64204     954   17
   122   0.04000   1.77228   2.95287     557   10
   123   6.16094   1.76199   1.45810     694   13
   124   4.76511   1.36738   1.23689     539    8
   125   4.71142   1.47703   6.04085     667   13
   126   3.97963   2.74156   4.10530     616   12
   127   2.98482   1.43833   0.25161     563   14
   128   4.77724   1.33327   4.57154     347   10
   129   6.10749   1.77941   4.49091     959   11
   130   1.65294   1.79012   0.29850     338   10
   131   0.84241   0.36524   2.27070     675    9
   132   4.76093   1.46778   4.38107    1453   17
   133   0.93281   0.37966   5.21942    1147   19
   134   6.23702   1.66030   1.47913    2766   25
   135   4.76511   1.36738   1.23689     563   11
   136   3.11037   1.32983   4.86714     714   12
   137   1.63961   1.75346   1.90324    1168   15
   138   0.61326   0.22982   0.97560     520   10
   139   0.50365   0.40787   4.07105     724   11
   140   0.70316   0.38952   4.07664     879   11
   141   3.08167   1.37944   3.28181    1200   17
   142   1.67585   1.83461   1.77600    1344   18
   143   1.69770   1.90221   3.41426    1123   15
   144   3.03528   1.28548   1.86823     511    8
   145   3.70589   2.79174   3.71857    1265   18
   146   3.05304   1.45390   3.38194    1083   16
   147   0.73481   0.36834   0.86850    2220   24
   148   6.23996   1.91169   4.50567    1165   15
   149   4.64784   1.38643   6.13844    1622   17
   150   3.94950   2.97526   5.56376     644   13
   151   1.66715   1.70300   0.34889     259   10
   152   4.58995   1.34637   5.96653    1367   19
   153   0.60901   0.29833   5.72374     785   12
   154   1.68358   1.73751   0.32884     992   15
   155   4.08184   2.82616   4.13009     808   11
   156   4.38883   2.79020   1.38550    1089   15
   157   1.48556   1.82342   4.90742    1306   18
   158   3.01897   1.46723   1.80827    1200   18
   159   0.26261   0.31837   5.98290    1276   17
   160   3.99141   2.71817   0.89637    1101   14
   161   3.15266   1.28494   3.29405    1352   15
   162   4.60889   1.38954   4.60468    1347   14
   163   3.06835   1.43702   3.33784    1417   17
   164   4.59014   1.33071   6.16770    1461   15
   165   1.59063   1.80760   0.27575    1026   17
   166   3.64157   2.79378   5.27349     499   10
   167   4.66966   1.29284   6.12572    1418   17
   168   3.04205   1.48527   3.31512     999   16
   169   4.61176   1.38691   2.96496    1144   12
   170   1.54139   1.82037   5.01066    1148   13
   171   1.00471   0.30049   2.08181    1460   19
   172   3.03976   1.45434   3.37438     843   11
   173   1.59221   1.91182   3.26585    2305   21
   174   3.11227   1.34962   0.27803    1490   17
   175   1.13150   0.30279   3.57982    1534   19
   176   1.53687   1.85932   3.44586     924   14
   177   1.64663   1.89394   0.21410     533    9
   178   1.59221   1.91182   3.26585     890   12
   179   0.60921   0.24188   0.79022     746   11
   180   6.20551   1.75346   6.12891    1188   16
   181   6.23250   1.80090   1.38523     517   11
   182   4.64408   1.38317   4.38128     816   11
   183   4.67735   1.27311   4.56219    1263   19
   184   4.15247   2.80196   5.65979    1523   19
   185   3.11037   1.32983   4.86714     586   12
   186   4.71805   1.32144   4.60233    2319   17
   187   3.01148   1.31698   5.06899     405   11
   188   0.97282   0.20794   5.39494     831   14
   189   4.77724   1.33327   4.57154     351   10
   190   4.56431   1.37852   6.14513     627   12
   191   4.57476   1.33700   4.53423     892   17
   192   3.09959   1.31833   5.00703     961   13
   193   2.96090   1.46568   4.88916    1184   12
   194   1.54239   1.87263   3.40351    2012   25
   195   6.19877   1.73084   2.83781    1517   13
   196   6.25042   1.81325   1.41715    1646   19
   197   4.66676   1.30881   1.33875    1930   20
   198   3.94153   2.82629   2.50293     328   10
   199   1.58143   1.77645   1.80575     576   11
   200   4.58306   1.44107   5.99962     647    9
   201   0.04943   1.80573   1.34822    1596   12
   202   1.67782   1.76946   3.36045     555   12
   203   6.12989   1.69492   1.44590     618   10
   204   3.09953   1.33894   3.43595     565   14
   205   0.80961   0.27297   0.71396     653   13
   206   3.97963   2.74156   4.10530    1956   20
   207   0.51704   0.27009   0.92349    1258   11
   208   4.65042   1.38440   2.96669    1925   16
   209   6.25217   1.81001   2.88974     578    9
   210   6.16070   1.75072   4.42353    1888   17
   211   1.61319   1.89224   1.77598    1944   17
   212   2.98889   1.44533   3.45485     417    7
   213   1.58050   1.87340   4.84571    1864   20
   214   1.65294   1.79012   0.29850    3281   25
   215   6.21115   1.86483   4.48421    2571   19
   216   1.59490   1.78477   3.46557    1278   11
   217   3.87053   2.76158   4.02313    1907   20
   218   1.53687   1.85932   3.44586    2336   17
   219   6.21660   1.75107   2.93712     463   10
   220   1.20998   0.25653   3.56108    1079   18
   221   4.00744   2.84254   2.41299    1131   19
   222   3.07612   1.46061   1.76411    1651   23
   223   3.82595   2.74665   5.42728    5387   28
   224   0.62849   0.43387   0.86377    1404   15
   225   1.53454   1.67811   0.17223     637   12
   226   0.02357   1.82421   2.96364     358   10
   227   4.07327   2.84132   4.11135    1005   15
   228   6.19830   1.82787   6.16129    1708   16
   229   6.10122   1.83368   2.88226    1585   18
   230   3.08515   1.36274   3.30124    1367   18
   231   4.08018   2.76546   0.94929     611   13
   232   3.99262   2.69878   4.07885     572   11
   233   1.57241   1.84355   3.24457    1185   13
   234   4.76297   1.39662   6.16129     854   15
   235   0.04277   1.89696   6.03160     892   17
   236   1.50421   1.79485   3.40887     907   14
   237   4.08718   2.90186   4.07684    2953   25
   238   4.80436   1.43286   2.98399    1286   17
   239   0.06926   1.70613   4.54089     678   10
   240   0.60299   0.41894   0.90557     771   13
   241   0.02464   1.68224   6.10228    1905   19