     1   0.00000   0.00000   0.00000       0    0
     2   1.30882   1.98696   0.28302     618    9
     3   2.78908   1.40002   1.96047    2298   17
     4   0.79736   0.35353   3.63159     448   10
     5   0.47045   0.37097   4.05742    1201   13
     6   4.46714   1.14620   5.95316     539   11
     7   5.95720   1.93645   2.75392    1302   15
     8   4.54423   1.19671   2.84881    3005   21
     9   6.11705   1.75208   1.30926    1081   11
    10   4.51523   1.32312   4.45921     360    9
    11   1.55106   2.00809   0.37184     777   12
    12   0.63690   0.44333   2.20518     681   12
    13   0.63406   0.45029   2.23471    2301   19
    14   4.58471   1.17501   2.85229     599   11
    15   2.79552   1.34122   0.40498    2464   18
    16   4.52691   1.18731   2.79263     359    8
    17   1.35947   1.88793   1.84699    1014   12
    18   3.97059   2.86401   2.51820    1310   14
    19   2.83042   1.35887   1.82217    2387   18
    20   1.52994   1.92008   1.93791    3811   29
    21   3.73321   2.69042   0.75366    4299   18
    22   0.55304   0.46619   2.36686     395   11
    23   0.57236   0.40070   5.59601     511   11
    24   2.96048   1.40638   1.88669     428    8
    25   3.84095   2.68516   3.96083     769   12
    26   0.57236   0.40070   5.59601    1334   16
    27   1.42278   1.79629   3.48678     665   10
    28   2.98801   1.23220   3.44365     376   10
    29   3.94534   2.74737   1.15262     499   10
    30   1.41930   1.90920   0.20246    1884   17
    31   4.52691   1.18731   2.79263     345    8
    32   4.64454   1.35029   6.02408    1359   14
    33   4.58471   1.17501   2.85229     363    9
    34   2.83542   1.24560   5.03375     867   12
    35   1.35368   1.97426   0.37711    3031   19
    36   6.02606   1.73292   6.05237    1261   14
    37   4.58791   1.26606   5.94110    2680   19
    38   2.84458   1.31031   0.40402     728   11
    39   0.76263   0.40783   2.09850    1131   16
    40   3.94817   2.81175   2.60537    1666   15
    41   1.03124   0.45035   3.46679    1779   15
    42   4.51523   1.32312   4.45921     567    9
    43   4.65041   1.30472   5.88761     763   12
    44   6.03184   1.72730   4.36838     751   13
    45   5.93778   1.85936   4.34719     553   13
    46   4.63142   1.23970   1.29703    1138   13
    47   2.80221   1.22215   3.57611     516   13
    48   0.70084   0.46288   2.17244    1312   13
    49   4.52691   1.18731   2.79263    1921   16
    50   4.59943   1.13669   2.84774    1845   15
    51   4.60207   1.35486   1.33699     746   14
    52   4.52691   1.18731   2.79263     418    9
    53   5.97673   1.70359   5.91629     450    9
    54   2.79535   1.25821   3.43436     333    8
    55   4.57960   1.29124   1.37232     382   10
    56   0.73764   0.43911   0.64109     647   16
    57   1.48497   1.92630   4.99799     711   11
    58   4.58796   1.26816   1.17212     618   11
    59   0.53444   0.30368   5.52159     519   10
    60   1.30510   1.80544   1.73272    4818   24
    61   0.64376   0.47154   5.42228    2469   16
    62   4.41813   1.20680   1.37570    4158   24
    63   1.40984   1.78827   1.74981    4309   23
    64   0.86943   0.48172   3.63634     899   12
    65   6.13303   1.76036   4.46640     440    7
    66   6.05239   1.89474   2.81525     894   11
    67   0.76800   0.36317   5.25387    3130   19
    68   2.87107   1.41400   5.03641     653   11
    69   1.40811   1.84739   3.32378    2831   20
    70   5.98842   1.70388   4.41050    2699   22
    71   1.41339   1.98743   1.79090     467    9
    72   1.35511   1.91726   1.82945    2339   21
    73   4.60356   1.23659   2.72270    1730   16
    74   4.52691   1.18731   2.79263    1465   20
    75   4.50140   1.37590   2.95545     428   10
    76   0.70349   0.38984   5.40119    2901   23
    77   0.58736   0.43120   3.90877     705    9
    78   6.06876   1.87051   4.43276     561   10
    79   6.04521   1.82129   1.35079     707   11
    80   1.32749   1.77456   3.33603    1978   18
    81   4.44058   1.29891   2.99476     300    9
    82   3.70343   2.72454   0.83407     506   12
    83   6.10793   1.75188   4.40014     694   15
    84   6.14782   1.83319   4.51687    2168   15
    85   5.98279   1.80863   4.37419    1275   14
    86   0.47045   0.37097   4.05742     390    8
    87   4.63781   1.38189   4.49330    4938   23
    88   6.10114   1.77882   4.50597    1022   12
    89   6.01983   1.89775   4.41179     606   11
    90   3.75801   2.66271   5.61663    1132   15
    91   0.85064   0.34641   2.13336    2379   14
    92   1.46372   1.86918   3.40882     286    8
    93   0.57236   0.40070   5.59601     533   10
    94   4.53185   1.12132   4.54774     956   14
    95   4.56255   1.19695   1.23261    1900   17
    96   4.50443   1.20789   4.45645    1716   16
    97   0.59561   0.45762   5.35485     640   11
    98   0.71519   0.55394   2.27542     580   11
    99   1.44702   1.97209   3.36029    1317   15
   100   4.58277   1.31610   5.88960     503   10
   101   0.64662   0.55308   2.30123     322    9
   102   4.16949   2.68836   5.98649     679   11
   103   5.87543   1.90439   1.22238    1987   21
   104   6.05567   1.95462   2.86145     576    9
   105   1.34958   1.76618   4.87668    1674   16
   106   0.61696   0.35096   2.28545    3437   21
   107   0.56659   0.45216   0.77801     449    8
   108   4.66668   1.19399   6.00740     609   11
   109   4.06162   2.78284   1.11909     910   12
   110   5.85775   1.87295   4.26038     475    8
   111   4.58277   1.31610   5.88960     376   10
   112   2.87654   1.39416   2.01990    1153   17
   113   2.77519   1.28107   5.19776    1638   20
   114   0.47045   0.37097   4.05742     326   11
   115   2.96048   1.40638   1.88669     407   11
   116   0.75318   0.56934   3.75764     523   12
   117   3.88021   2.69031   2.53783     552   10
   118   6.10793   1.75188   4.40014     498   10
   119   2.83140   1.21252   5.18345     231    5
   120   2.99636   1.40444   3.38119    3182   17
   121   4.46714   1.14620   5.95316    4232   19
   122   2.86828   1.18169   0.28783     404    7
   123   2.80221   1.22215   3.57611     512    9
   124   2.76884   1.31079   1.87329    1118   12
   125   3.80027   2.65177   5.62624    1143   11
   126   4.51209   1.14873   2.76211     691   13
   127   3.76444   2.67878   0.82316    1149   15
   128   6.13303   1.76036   4.46640     477   10
   129   2.80221   1.22215   3.57611    1521   17
   130   3.82642   2.79779   4.12102    1178   14
   131   2.88790   1.43421   2.02119     575   11
   132   0.55583   0.40316   0.90305    1883   19
   133   1.53596   1.96925   0.26596    1572   17
   134   4.58277   1.31610   5.88960     581   10
   135   1.27597   1.83158   1.87869     558   10
   136   0.47045   0.37097   4.05742    1279   13
   137   3.94245   2.75432   5.73735    2132   16
   138   6.13303   1.76036   4.46640     925   14
   139   1.34243   1.79344   0.28354    1244   14
   140   0.50914   0.51157   0.80625    1077   12
   141   3.60902   2.77676   5.31156    3232   21
   142   4.48974   1.20725   2.97124    2970   20
   143   6.10793   1.75188   4.40014    3135   21
   144   6.07638   1.78685   2.85375    1397   13
   145   3.95024   2.65182   2.51977    1339   12
   146   4.52691   1.18731   2.79263    4866   24
   147   2.91703   1.26100   3.47864    1895   18
   148   3.89671   2.76331   4.05407     639    8
   149   5.87463   1.85954   1.19561    1980   16
   150   0.52365   0.51052   2.40007    2913   21
   151   2.85973   1.34872   3.52812    3613   23
   152   3.81937   2.69681   4.08362    1043   13
   153   4.60918   1.25156   2.87673    3009   21
   154   0.87578   0.46768   3.72411     942   12
   155   6.14565   1.86519   1.29297    2538   17
   156   2.76690   1.34043   5.08233     721   10
   157   4.52691   1.18731   2.79263    1568   14
   158   0.88952   0.32941   2.01226     720   11
   159   0.34632   0.48708   4.07441     851   14
   160   0.48888   0.52286   2.42141     729   11
   161   1.36722   1.87593   1.89891    1070   15
   162   1.41402   1.87647   0.27089     750    8
   163   0.34595   0.45830   5.59526    1591   16
   164   4.05223   2.67087   2.75397     745   12
   165   2.73655   1.29394   3.56675     621    9
   166   4.54053   1.13196   6.04278    4730   24
   167   1.31490   1.87780   5.04961    3404   25
   168   6.12954   1.86141   4.34819    1427   13
   169   3.60152   2.62129   0.75142    1758   16
   170   4.55713   1.16868   5.97053    2907   17
   171   2.80612   1.26873   3.61070    1588   17
   172   3.73561   2.56085   2.46846     620   10
   173   4.50140   1.37590   2.95545    1218   14
   174   0.48195   0.40010   4.00550    1105   15
   175   1.38354   1.87174   0.34055    4694   21
   176   0.47045   0.37097   4.05742     618   11
   177   1.44445   1.77590   0.21823    3479   26
   178   3.75683   2.72624   2.41742     926   13
   179   3.84314   2.69966   2.40541    2366   17
   180   2.90149   1.22663   3.45174    1946   17
   181   2.84683   1.39560   3.38177    2856   16
   182   4.52691   1.18731   2.79263    2170   16
   183   1.44822   1.91065   4.97393    3663   17