     1   0.00000   0.00000   0.00000       0    0
     2   2.65788   1.54238   5.65371    1364   16
     3   1.60602   0.56268   2.32756    1111   12
     4   3.29912   1.17897   5.11298    1553   17
     5   1.85196   1.92214   0.50404    1005   11
     6   5.84551   1.79500   5.28242    1455   15
     7   3.22076   2.71713   4.11686    1779   16
     8   1.76351   2.79069   0.64765    1314   13
     9   4.57385   1.53689   4.56122    2297   17
    10   4.03803   2.51618   5.23263    1749   18
    11   2.07958   2.27362   2.03954    1363   14
    12   0.01770   1.82302   4.76453     772   11
    13   2.97100   2.07070   6.04763    1421   14
    14   3.17427   0.87789   1.53397    1260   14
    15   0.72330   0.83285   1.33219    1332   13
    16   6.04760   1.70222   1.79810    1006   15
    17   5.53425   1.72073   3.20334     840   14
    18   3.08523   1.73875   1.87168    1128   13
    19   6.22972   1.25446   1.91337     955   14
    20   3.86460   2.59924   3.63283    1666   18
    21   5.13066   0.49445   5.54473    1736   17
    22   2.95910   0.87490   4.73626    1632   17
    23   0.94464   1.95136   0.76192    1319   15
    24   0.79157   0.52885   5.88642    1610   19
    25   5.25325   1.98748   2.90441     928   13
    26   5.24093   0.26742   5.71815     964   12
    27   3.03946   1.03998   2.61839    1358   14
    28   4.35108   0.92735   3.04787    1482   14
    29   4.03867   2.53282   3.69805    1768   19
    30   5.09007   1.31138   4.04776    2346   15
    31   4.11558   2.69050   2.78494    1188   14
    32   0.06170   2.21768   4.85772    1437   13
    33   3.85045   0.20878   0.69858    1059   13
    34   5.83273   1.58806   1.10819    1342   12
    35   5.17273   1.23020   4.24095    1404   15
    36   0.35568   2.01819   2.79795    1540   16
    37   2.84054   0.81822   6.00782    1178   15
    38   4.31007   1.23616   0.92663    2510   18
    39   5.12582   1.18602   5.73628     919   11
    40   5.18949   2.36326   4.36374    1110   14
    41   1.33599   0.86218   2.85612    2144   18
    42   3.82298   2.61360   2.07275    1698   19
    43   2.66226   2.19768   0.26236    1387   14
    44   5.11122   1.16276   2.53186    1419   15
    45   1.66244   1.85590   0.08762    1846   17
    46   2.39966   0.21891   4.67762    1214   17
    47   1.33753   1.07346   3.44691    2246   16
    48   3.83345   1.29628   5.07000     922   13
    49   2.09488   0.98071   2.23490    1322   16
    50   1.76351   2.79069   0.64765    1091   16
    51   5.07931   0.87861   5.09600     961   14
    52   1.29555   1.87092   3.89669    1222   16
    53   4.62799   1.71245   4.07718     935   13
    54   0.10754   1.98050   1.20148    1731   16
    55   3.37362   1.16833   5.00338    1175   15
    56   0.74180   0.60417   4.20234    1227   12
    57   0.27651   1.24964   4.63061    1594   14
    58   3.13381   0.91225   4.57008    1505   16
    59   2.75524   1.14401   2.46755    2303   17
    60   5.56436   2.66245   4.54322    1565   16
    61   3.54779   2.08600   0.26132    1277   18
    62   6.07357   0.98315   3.04441    1224   14
    63   2.99409   1.51672   2.79527    1230   16
    64   0.02709   0.66180   6.13399    2067   20
    65   3.25620   2.41479   3.22742     501   10
    66   4.61625   1.51913   2.49104    1643   17
    67   3.41155   2.00061   1.55232    1775   19
    68   1.40479   1.50776   5.43888    1902   19
    69   2.31298   1.91318   4.92426    1831   16
    70   5.37148   2.03870   0.63357    3024   19
    71   1.69893   0.70716   4.53434    1040   13
    72   5.56436   2.66245   4.54322     860   11
    73   6.23538   0.87379   4.14633    1762   18
    74   3.08523   1.73875   1.87168    2273   19
    75   3.09855   2.37430   3.05336    1178   13
    76   1.99243   0.69232   5.86030    1140   11
    77   6.04215   0.66539   4.84204     894   15
    78   3.03158   1.36363   1.64665     752   11
    79   3.00760   0.93954   1.60169     423    8
    80   0.23354   2.00956   0.22941    1875   18
    81   0.03666   2.31348   4.86174     991   14
    82   3.35655   0.96477   3.42847    1295   15
    83   2.11891   1.80310   1.20020     988   11
    84   4.20422   2.42810   0.58759     717    9
    85   1.21177   0.31255   2.25747    1185   14
    86   4.68830   1.72725   2.43576    2041   18
    87   3.45482   0.91181   3.55016    1615   12
    88   5.90537   1.08054   1.05909    1337   14
    89   0.71605   0.47428   1.05879    1433   19
    90   0.02222   2.24240   4.65310    1118   15
    91   1.47479   1.57345   0.71740    1362   14
    92   1.99554   1.51386   2.27845    2137   16
    93   3.29912   1.17897   5.11298    1600   15
    94   1.49277   1.59782   0.69864    1694   20
    95   0.87894   2.05113   4.48903    1145   13
    96   6.15277   0.74362   0.19102    1653   17
    97   4.99688   1.88965   0.14516    1409   16
    98   4.20422   2.42810   0.58759    1200   16
    99   5.98811   1.05114   3.53570    1528   15
   100   0.87192   2.28136   2.84541     848   15
   101   0.74203   0.56242   5.95454    1524   15
   102   3.68128   0.32312   2.26059    2207   18
   103   2.87077   1.03851   5.41955    1360   14
   104   2.64301   2.23663   5.61556    1060   16
   105   2.46802   2.38474   0.43386    1511   14
   106   3.99673   2.25210   0.79645    1573   14
   107   2.90180   1.22651   4.94298    1410   17
   108   1.41543   1.47377   3.81241    1984   19
   109   3.87827   2.56306   3.44243    1299   15
   110   5.77901   1.84622   5.42857    1591   16
   111   3.51078   2.36273   0.27459    1189   14
   112   1.99731   1.75034   5.87299    1342   17
   113   3.13381   0.91225   4.57008     755   12
   114   0.28463   2.02424   4.40541     959   13
   115   4.90764   3.05337   2.30535    1818   17
   116   6.10743   0.51268   3.83164    1129   13
   117   1.02612   0.68281   4.04237    1937   19
   118   5.27690   0.79327   3.30405    1216   17
   119   3.55139   2.58810   3.42134    1805   16
   120   3.88870   2.65474   1.99110    1349   11
   121   2.68883   1.19422   1.01640    1214   17
   122   2.69903   1.14866   3.48769    1366   18
   123   0.87894   2.05113   4.48903     902   13
   124   2.04489   0.79169   1.05010     909   10
   125   3.44726   0.98435   0.19695    1428   15
   126   0.08268   2.27258   0.13900    1592   16
   127   5.03774   0.71024   0.28789    2141   19
   128   2.93687   0.86574   4.83799    1283   16
   129   3.25620   2.41479   3.22742    1024   11
   130   2.17498   1.90984   4.11823    1119   12
   131   4.71582   1.58716   5.53501    1754   18
   132   4.21601   1.66778   1.18294     911   13
   133   3.13751   2.37917   0.09957    1390   13
   134   0.90391   2.11083   2.02597    1325   15
   135   4.60815   2.63583   3.96618    1039   16
   136   1.90455   1.97053   5.22594    1268   15
   137   4.58275   1.62077   4.00970    1191   12
   138   4.88776   1.07031   0.54183    1559   18
   139   0.91658   2.06831   5.42073     982   14
   140   1.55482   1.42246   0.77869    1222   14
   141   6.01366   0.30740   2.96242    1360   14
   142   4.61625   1.51913   2.49104     696   10
   143   0.18143   2.10329   5.85313    1303   15
   144   3.29912   1.17897   5.11298    1219   14
   145   3.32956   1.04057   0.37569    1312   13
   146   4.30612   2.40567   4.43268    1187   15
   147   3.81163   0.98184   2.96902    1334   16
   148   3.88178   0.78486   4.84291     837   11
   149   1.17102   1.80069   6.01277    1144   16
   150   0.13883   2.13346   1.13248    1439   14
   151   4.67400   1.67489   0.95021     969   14
   152   1.45975   1.63447   3.89679    1147   14
   153   4.78838   1.99804   5.34402     907   12
   154   1.42164   1.51589   2.27244     790   13
   155   3.38696   0.86147   1.02535     779   13
   156   4.60232   1.61362   0.87890     959   14
   157   1.39611   1.53984   3.81980    1161   13
   158   2.85293   2.41155   6.15781     718    9
   159   3.00979   2.10778   4.01628    1454   14
   160   5.24093   0.26742   5.71815     771   12
   161   1.43732   1.51692   2.31930    1254   14
   162   3.23909   2.43300   4.81188     980   13
   163   5.92805   1.69955   0.64706    1037   13
   164   5.11296   1.34706   4.21665    1166   15
   165   4.29926   1.42632   1.08961     925   14
   166   5.67049   1.05694   4.32488    1267   13
   167   1.48894   1.55378   3.86539    1063   13
   168   1.25764   1.68304   4.19297    1430   15
   169   5.69286   0.92197   2.21534    1727   18
   170   3.32587   0.99068   0.35112    1586   19
   171   3.40226   1.05468   3.39540    1068   13
   172   4.10835   2.48181   0.82430    2585   21
   173   6.11180   0.63593   0.18281    1575   14
   174   1.52160   1.10496   0.24612     912   13
   175   5.21098   1.23909   1.00480    1885   16
   176   0.93776   1.24684   3.91748     994   15
   177   5.27966   0.20636   3.80053    1721   18
   178   2.08621   1.89334   2.02362    1141   16
   179   2.99431   0.83389   1.65687    1311   14
   180   1.91262   0.95589   5.36320    1507   13
   181   0.90566   0.80388   0.99160    1234   16
   182   1.99243   0.69232   5.86030     614   12
   183   2.68883   1.19422   1.01640    1179   16
   184   2.56807   0.51818   1.44280     924   14
   185   0.23928   1.65265   0.87605    1807   17
   186   4.74168   1.61208   0.94633     737   11
   187   1.40399   1.54400   5.38798    1302   16
   188   2.62396   0.62782   1.55089    1294   15
   189   3.02261   0.90781   1.56022     903   14
   190   4.31007   1.23616   0.92663    1119   15
   191   4.45380   1.91749   5.48445     759   11
   192   0.99588   0.50951   2.54499    1398   17
   193   5.07522   1.19079   2.24055    1386   12
   194   2.82514   2.26171   5.40401    1568   15
   195   1.76351   2.79069   0.64765    1201   15
   196   3.55539   0.71139   3.52128    1788   18