     1   0.00000   0.00000   0.00000       0    0
     2   3.66184   1.39300   0.23635    1079   14
     3   0.65645   3.05679   3.75868    1302   13
     4   2.60631   2.30207   5.38231    1712   16
     5   1.76785   2.00020   0.83834    1635   16
     6   0.16427   1.39343   0.51388     871   10
     7   0.58523   1.53477   0.33447    1191   15
     8   4.91390   2.42322   5.70258    1562   16
     9   1.47477   1.66292   3.94453    1321   14
    10   2.29970   0.94798   5.51527    1343   13
    11   0.99452   1.57417   0.87139    2502   18
    12   1.11263   0.93658   5.55804    1836   18
    13   5.14710   2.71977   1.68549    1472   13
    14   3.31749   1.94981   5.20771     902   14
    15   3.92328   0.94369   1.56885     792   11
    16   2.60638   1.08453   2.74882     911   13
    17   6.12780   1.77281   1.69588     775   12
    18   2.45748   2.24484   0.17664    1369   16
    19   5.13471   0.97047   2.47592    1964   18
    20   5.23333   2.09690   2.90460    1949   17
    21   3.14283   1.81718   2.19775     963   12
    22   3.86930   1.06667   0.69970     887   11
    23   1.22549   1.04921   4.57113    1310   13
    24   0.89794   1.17030   4.04728    1847   14
    25   0.74385   2.64264   0.80214    2039   21
    26   3.68013   1.40663   4.84434    1484   15
    27   5.24647   2.56669   4.37748     835   14
    28   0.73262   2.25204   3.63508    1823   16
    29   4.43228   2.41970   0.86997    2431   17
    30   5.39549   2.69197   4.49290    1244   17
    31   1.74504   0.68832   2.76565    1494   16
    32   5.28450   1.36899   3.70661    1584   15
    33   1.23710   2.29619   5.47825    1598   17
    34   1.93145   1.25910   1.82070    1569   15
    35   4.61337   0.46545   5.63814    1196   15
    36   6.19979   1.51731   1.50472    2391   20
    37   0.22615   1.91732   3.01991    1075   14
    38   1.83623   2.36197   4.20327    1246   15
    39   4.17455   0.96661   3.05912    1067   13
    40   0.26191   1.30835   5.08638     982   14
    41   2.42239   1.51128   0.70707    1406   17
    42   5.31605   0.56079   5.90475     890   12
    43   0.38268   0.28230   1.17407     859   13
    44   2.60159   0.96587   3.70021    1057   11
    45   6.19723   0.64287   0.89547    1228   13
    46   3.51270   1.10860   4.53929    1978   19
    47   0.12453   2.26947   0.22160    1371   13
    48   3.77254   1.92876   5.32484     827   13
    49   3.66446   0.41895   0.95025    1106   11
    50   0.00649   2.51832   0.40048     836   13
    51   0.60150   1.98445   4.69627    1100   14
    52   0.56132   0.26871   3.64188     836   10
    53   5.70838   0.92293   3.93282     687    9
    54   3.70505   2.48348   0.34928    1443   17
    55   5.13226   2.33335   2.48027    1134   13
    56   0.27196   1.99899   0.61230    2169   21
    57   6.26415   2.15871   1.46847    1132   13
    58   5.16220   2.41053   0.10369    1463   14
    59   1.75607   1.85461   6.01787     901   12
    60   3.25619   0.49727   2.53157    1322   14
    61   5.60926   1.84858   0.14315    1266   13
    62   2.75842   2.32964   5.94323    1203   14
    63   2.17460   2.21032   1.97128    1737   16
    64   1.20839   0.37016   2.64561    1626   15
    65   6.26520   1.78243   0.95254    1495   18
    66   1.45561   1.36246   3.64056    1269   14
    67   4.76028   2.03183   6.25189    1383   13
    68   4.26232   2.19353   1.93065    1339   14
    69   5.09063   2.61972   5.85611    1972   16
    70   1.20436   2.48053   1.84628    2192   19
    71   1.30832   2.64379   4.24889    1618   12
    72   2.32663   0.22037   5.42712     869   12
    73   6.04672   2.44969   3.33637    1407   12
    74   2.05587   0.93911   5.54273    1375   17
    75   2.39403   0.34243   2.65690     885   13
    76   4.88871   1.66137   3.93652    1064   15
    77   3.17366   1.98053   5.56658    1593   15
    78   2.05597   2.25267   2.97516    1739   19
    79   4.21405   1.78994   6.08186     742    9
    80   1.25181   0.90049   4.26157    1533   16
    81   4.22577   1.46382   2.68825    1124   14
    82   0.91165   2.12659   0.43501    1086   13
    83   0.95933   2.32316   2.18789    1329   12
    84   0.31362   2.51833   5.62527    1882   18
    85   0.82303   2.70726   5.20699    1273   14
    86   5.85076   0.85191   5.18878     897   13
    87   2.37231   1.97951   4.96330    1200   16
    88   5.69749   0.87694   1.92849    1066   15
    89   0.42122   0.92959   0.05907    1107   13
    90   5.84554   2.19665   5.22760     875   12
    91   1.64611   0.87278   3.85274    1930   17
    92   2.16326   1.85124   2.85399    2941   20
    93   5.27954   1.43716   3.23727    1082   14
    94   4.55277   1.69328   2.82798     930   13
    95   1.20529   1.22436   0.86491    1189   10
    96   5.33351   0.95968   3.26235    2058   19
    97   0.46110   1.72937   1.59400    1110   13
    98   3.05547   1.26230   6.21247    1360   18
    99   0.73255   1.39818   3.59176    1727   16
   100   0.56350   0.88202   5.65387    1049   12
   101   1.22833   2.51639   2.70457    1990   19
   102   3.56939   1.45523   5.19206    1233   14
   103   5.53163   1.41657   3.24007    1249   16
   104   4.37233   1.68976   1.01117    1083   14
   105   2.77119   2.82236   5.89778    1273   15
   106   2.85060   2.02086   5.96843    1865   15
   107   1.95410   2.15208   5.80627     921   12
   108   0.95969   1.34538   4.26278     995   14
   109   0.78198   1.58027   4.84259    1223   14
   110   2.82930   0.72883   0.24675    1275   13
   111   2.60145   1.95146   1.32649     571    8
   112   5.22087   2.60469   2.30201    2818   19
   113   2.38534   1.95565   2.57729    1185   14
   114   5.89337   1.16796   3.08192    1512   16
   115   1.86825   2.12984   2.11152    1995   16
   116   3.68312   0.94210   5.04347    1426   12
   117   2.11736   1.70777   0.94983    1762   15
   118   0.90280   0.66419   0.83769    1752   16
   119   4.87702   0.19182   6.11642     751   10
   120   0.79749   2.31566   0.81065     529   13
   121   2.92722   0.66923   6.16855    2112   18
   122   1.42692   1.39344   4.55205     588   10
   123   1.58675   0.91224   5.21590    1325   14
   124   5.27050   2.53562   4.74441     846   12
   125   4.07024   1.75865   4.70147     646    9
   126   4.19674   0.67019   5.55661    1556   16
   127   0.82946   1.33076   0.12934    1384   15
   128   1.41032   1.55996   0.63807    2530   19
   129   3.66718   1.80623   0.61343    1467   15
   130   5.37208   1.90983   2.47085    1090   13
   131   5.78015   2.66064   6.18820    1121   13
   132   0.97077   1.90189   3.90120     766   11
   133   1.59178   2.46892   0.71336    1199   12
   134   3.66677   1.47801   2.06291     981   10
   135   4.98250   1.99892   5.30698    1901   18
   136   4.71200   1.26686   0.39013    1348   14
   137   3.98588   1.39143   2.40973    1205   13
   138   4.44858   2.22319   2.12575    1160   14
   139   0.45299   0.74142   5.12649    1532   15
   140   1.29683   2.05245   1.63645     870   10
   141   6.21830   1.38372   3.48871    1346   15
   142   1.45369   1.01308   2.51145     825   13
   143   1.97924   1.13269   3.40780    1475   13
   144   4.91496   1.80787   3.53600     869   13
   145   2.53316   0.94781   2.53849    1985   16
   146   2.63382   0.44468   2.01088    1649   15
   147   4.43715   2.23132   6.04930    1326   13
   148   0.12469   2.81513   5.95725    1708   14
   149   1.08853   1.54269   3.06912    1606   16
   150   0.19444   2.60556   0.88788    1231   15
   151   5.44952   1.74076   4.09710    1436   17
   152   5.52231   0.91218   0.89877    1266   14
   153   0.80946   0.28260   2.91451     948   12
   154   3.48611   0.13956   3.58903    1322   16
   155   4.24595   1.36859   3.17269    1222   13
   156   5.12335   1.52144   4.32920    1520   15
   157   4.09382   0.93965   5.91142    1154   14
   158   3.74553   0.72025   4.38475     963   12
   159   0.77572   1.08538   0.55769    1382   14
   160   3.13509   2.10036   1.08387    1266   14
   161   1.55025   2.29476   5.59960    1403   15
   162   4.86835   0.19298   4.30538    1090   14
   163   2.19124   0.99208   2.11239    1728   18
   164   5.88580   0.56899   2.75586    1037   15
   165   4.14208   0.52362   2.83337    1489   14
   166   5.82063   3.04143   2.98579     792   10
   167   4.32246   1.06398   3.96485     919   12
   168   2.29783   1.34086   2.86376    1412   15
   169   5.00177   1.87340   4.92251    1391   14
   170   2.37537   1.81798   4.83221    1223   13
   171   3.90350   0.44063   3.19756    1589   16
   172   5.43112   2.30623   5.56584    1622   17
   173   5.52713   2.08278   0.72536    1688   18
   174   6.22423   2.10314   1.59104    1199   16
   175   4.67863   0.17447   5.23030    1565   13
   176   1.91629   1.52003   0.94122    1503   19
   177   0.51514   2.24323   5.25913    1422   12
   178   3.47467   1.43771   3.06251    1420   16
   179   5.08485   1.16103   3.12692     913   13
   180   3.99657   1.43896   4.23873    1352   14
   181   1.96068   0.91340   1.43558    1117   11
   182   3.93486   2.48828   3.39735    1617   18
   183   3.04474   1.60751   2.99955    1003   12
   184   2.41343   2.53264   3.19076     951   11
   185   1.77963   2.99560   0.34511    1240   12
   186   3.23409   1.24077   6.25703    1712   18
   187   2.48532   2.08224   3.41210    1527   16
   188   3.74018   1.78075   5.80897    1210   13
   189   2.95703   1.90461   0.66919    1395   16
   190   1.70219   1.69533   6.12274    1126   14
   191   2.38849   1.05112   3.88323    2307   20
   192   1.75025   0.45737   5.77000    1656   16
   193   1.07777   2.17611   2.14101    1426   15
   194   4.92655   1.76311   2.54791    1312   15
   195   4.08019   1.14481   0.26940    1434   12