     1   0.00000   0.00000   0.00000       0    0
     2   5.94487   1.77928   1.23117    1376   12
     3   1.09710   1.75541   0.16281     536   10
     4   2.78118   1.23932   0.29878    1012   12
     5   3.66762   2.77072   0.90171     359   10
     6   5.81631   1.84344   1.37986    1232   14
     7   1.27097   1.76390   0.34831    1214   16
     8   1.21251   1.75607   0.20542    1396   15
     9   4.44464   1.27262   2.77652     899   10
    10   1.23736   1.72590   1.76179     943   14
    11   2.65649   1.25616   1.84576    1092   15
    12   5.77031   1.83573   1.25339     366   12
    13   4.46461   1.41235   5.95638    1716   16
    14   4.25379   1.30406   6.12691    1348   15
    15   5.72779   1.86714   5.99784    1564   15
    16   2.63712   1.29194   3.44292     956   18
    17   0.45316   0.36894   3.89802    4070   22
    18   4.34172   1.17126   4.35138     642   15
    19   0.34678   0.32845   3.87032    1605   19
    20   5.75969   1.78039   1.22716     369   10
    21   4.32553   1.28217   6.00025     875   12
    22   0.48767   0.41625   3.94418    1555   14
    23   5.84009   1.70462   5.92213    2444   18
    24   0.08396   0.31501   5.78051    3224   22
    25   1.29683   1.81335   0.30526     905   12
    26   5.87348   1.92313   5.87217    1042   13
    27   0.52311   0.49911   0.65618    3159   22
    28   3.90729   2.81601   1.22931    1064   11
    29   0.40159   0.41202   3.90012     576   12
    30   4.25379   1.30406   6.12691     407   10
    31   1.24795   1.91280   5.02394     595   11
    32   1.24795   1.91280   5.02394     451   10
    33   0.27145   0.31168   4.17096     476    9
    34   4.22109   1.33056   4.53373     471    8
    35   2.84342   1.44381   3.47576    1837   15
    36   5.85530   1.74332   4.46930    1099   16
    37   4.41952   1.31644   6.06229     419    8
    38   4.38909   1.36868   5.99788     495    9
    39   3.25016   2.70161   0.52055    1534   14
    40   5.92275   1.69709   2.78245    1152   10
    41   1.20155   1.80373   0.13929    4671   28
    42   0.37608   0.47440   3.97516     511   11
    43   1.30887   1.82051   0.24531    2337   18
    44   2.66205   1.31167   1.93627    1526   13
    45   0.27145   0.31168   4.17096    1672   15
    46   2.69146   1.43884   3.41310    1000   11
    47   4.38909   1.36868   5.99788    1232   18
    48   4.48322   1.29213   5.99812    1357   16
    49   1.09710   1.75541   0.16281    2593   13
    50   4.31662   1.31898   6.07251     547   10
    51   3.35096   2.87680   5.23677     400    9
    52   4.37666   1.20822   2.83825    3708   24
    53   1.20664   1.83431   4.98162    1625   17
    54   3.62887   2.79217   5.53169    1443   14
    55   2.70542   1.21836   3.54582     642   10
    56   4.25602   1.32898   1.38474    2213   17
    57   4.28138   1.32668   2.78223     720   14
    58   2.67282   1.29419   0.18646     944   12
    59   0.45457   0.44556   2.19876     782   14
    60   3.49637   2.83766   0.68211    2434   22
    61   5.88430   1.97000   4.52541     499   11
    62   5.90370   1.86006   4.42690     571    9
    63   2.65764   1.41563   0.34835     324    8
    64   3.90729   2.81601   1.22931     703   15
    65   4.36159   1.37632   1.18602    1140   15
    66   1.16933   1.81077   1.69921     618   10
    67   3.84675   2.79556   4.29898    3011   20
    68   1.15716   1.94726   0.27342    1064   11
    69   2.69179   1.24439   1.82137     809   10
    70   1.22221   1.82206   1.84023    4729   23
    71   2.76245   1.32243   4.91456    2863   19
    72   0.68773   0.33128   0.53445     665   10
    73   5.90218   1.78311   3.01160    1057   16
    74   1.08378   1.76134   3.48295    1033   14
    75   0.35381   0.31944   3.98792     604   10
    76   2.63712   1.29194   3.44292    1566   14
    77   2.78832   1.40563   3.28947    1329   16
    78   4.28138   1.32668   2.78223     414    9
    79   0.48503   0.39257   0.70739    2281   15
    80   3.56430   2.85184   2.39069    1805   18
    81   4.36878   1.32472   4.45621     533    9
    82   1.24795   1.91280   5.02394     342   11
    83   4.26663   1.31960   2.99622    1135   11
    84   3.35740   2.83750   0.52875    1870   17
    85   0.46387   0.50010   0.81811    1511   12
    86   4.44075   1.30672   4.40948     602   11
    87   0.35381   0.31944   3.98792     730   12
    88   1.21545   1.81121   1.90211    2287   21
    89   0.60177   0.30476   0.66680     815   11
    90   0.65978   0.41006   3.55591     492    8
    91   5.97588   1.70988   4.40638    1551   15
    92   1.27739   1.74326   3.32520    2800   19
    93   0.27255   0.26708   0.90519    3908   22
    94   2.74971   1.24485   0.37749     402    9
    95   2.61467   1.34925   1.83882    4320   23
    96   2.70518   1.30001   0.29263    1807   18
    97   3.31779   2.75863   5.29210    1466   15
    98   4.31840   1.32691   1.27582     289    6
    99   4.32553   1.28217   6.00025    1100   16
   100   2.63712   1.29194   3.44292     583   11
   101   3.89841   2.73880   4.35381    2103   21
   102   5.96809   1.86536   4.41357    1089   12
   103   4.27599   1.26228   4.34451     278    7
   104   5.76221   1.72462   2.88375    1147   13
   105   2.70033   1.33364   3.45835    1135   13
   106   3.69469   2.87703   5.62994    1019   11
   107   0.60177   0.30476   0.66680     524   10
   108   5.94250   1.86182   2.87902    3559   25
   109   1.29318   1.87026   1.75402    1960   18
   110   3.35096   2.87680   5.23677     572   11
   111   4.48345   1.29083   6.00773    1668   14
   112   4.31438   1.28752   3.01512     404    8
   113   1.14218   1.88022   5.03214    1199   12
   114   1.16497   1.84240   4.83623    3919   22
   115   0.34858   0.26666   5.59929     987   12
   116   4.40339   1.27490   2.78597    1269   16
   117   3.50303   2.77429   2.27609     520   12
   118   5.93564   1.93591   1.20070    1093   13
   119   5.74837   1.88890   2.85950     742   11
   120   3.76404   2.84887   5.61886    1095   15
   121   3.53208   2.73547   3.80603    1380   11
   122   5.97563   1.74113   4.42341    1280   14
   123   1.24765   1.85842   0.18075     254    9
   124   3.90729   2.81601   1.22931     731   12
   125   5.95154   1.74461   4.50746     480    9
   126   4.43618   1.27919   2.76556    1873   16
   127   0.59794   0.37586   2.20780     597   13
   128   4.34377   1.35463   1.37242     808   16
   129   3.56174   2.67563   4.00493    3820   23
   130   4.25379   1.30406   6.12691    2151   15
   131   2.78877   1.23301   1.87509     444   11
   132   0.60177   0.30476   0.66680     741   15
   133   1.21776   1.86672   3.36784    1629   16
   134   3.57241   2.74795   3.90273    3706   21
   135   3.64937   2.77316   3.99547    1158   15
   136   5.79086   1.73740   2.85180    1532   19
   137   4.25379   1.30406   6.12691     927   10
   138   0.48956   0.33360   3.88190    1439   15
   139   4.37956   1.40911   1.29339     679    9
   140   5.93564   1.93591   1.20070     717   13
   141   1.32765   1.84298   1.72327     398    8
   142   5.88430   1.97000   4.52541    1078   13
   143   5.88962   1.74468   1.29437    4046   22
   144   4.25379   1.30406   6.12691     681   12
   145   5.73436   1.80359   4.35146    4887   23
   146   0.53364   0.44014   3.66793    1873   19
   147   5.73970   1.81633   5.96656    4675   26
   148   0.48767   0.41625   3.94418     314    7
   149   3.48213   2.82247   3.77963    2194   15
   150   5.89152   1.69219   4.41450     844   11
   151   1.25960   1.84511   3.27455    2899   18
   152   1.14559   1.70784   4.89397     654   13
   153   0.48418   0.36295   2.26096    2481   22
   154   5.88221   1.87743   2.80300    1702   15
   155   0.65978   0.41006   3.55591    4508   19
   156   3.54311   2.71454   2.46198    5712   27
   157   2.86641   1.40229   3.25981     895   12
   158   1.08309   1.83107   4.87496    3253   19
   159   3.35096   2.87680   5.23677     806   11
   160   1.18936   1.76858   4.90491    1359   16
   161   0.60177   0.30476   0.66680    2369   18
   162   0.35787   0.49789   5.55768     713    9
   163   0.26917   0.39042   3.98978     699   11
   164   3.77785   2.75811   2.53931    1576   17
   165   1.12665   1.84245   3.35766    1751   15
   166   0.66384   0.42370   0.47269    3783   20
   167   1.21368   1.71154   1.83888     551   11
   168   2.75603   1.41693   0.18949    1611   15
   169   2.77063   1.31600   4.85369     470   10
   170   1.31410   1.77247   3.50804     944   12
   171   3.19333   2.82156   5.22278    2193   19
   172   4.29158   1.26164   1.29361     749   14
   173   1.34604   1.93668   3.40776     599    9
   174   1.25309   1.75790   3.31705     718   10
   175   2.60546   1.41916   0.28176    3319   26
   176   4.34626   1.32694   2.86281    2181   15
   177   1.07991   1.76860   1.71438     579    9
   178   1.21368   1.71154   1.83888     740   13
   179   3.50623   2.73639   2.25616    1648   14
   180   1.24463   1.83494   3.34564    1388   15
   181   0.46509   0.39095   5.42120     596   11
   182   2.63712   1.29194   3.44292     620    9