     1   0.00000   0.00000   0.00000       0    0
     2   2.48628   1.40402   0.81329    1848   16
     3   3.96599   2.41662   3.11953    1750   20
     4   0.76918   0.85574   1.67316    1325   14
     5   3.83730   2.26730   4.57018    1181   16
     6   0.88616   0.78902   1.64250     795   14
     7   0.94498   2.46450   1.82271    1131   13
     8   5.52656   1.67102   0.78999    1313   12
     9   0.79982   0.83147   4.91366     837   12
    10   0.60547   0.81407   0.34860    1572   17
    11   5.52788   1.63717   4.02428     681   13
    12   3.80353   2.33975   4.48266     658   10
    13   2.50259   1.37356   5.41570    1856   19
    14   0.68711   0.75013   3.47286    2313   22
    15   1.00621   2.34022   0.23429    1477   15
    16   2.37620   1.46337   5.40710    1924   20
    17   1.18153   2.35716   5.01619     797   13
    18   0.76872   0.82503   1.87815     626   11
    19   3.92464   2.38133   1.48722     600   11
    20   0.77380   0.85044   3.26399     952   15
    21   4.20011   0.83594   4.41901     516   12
    22   5.62593   1.73351   3.96725    1125   17
    23   4.07480   0.75296   6.22378     640   14
    24   2.39482   1.50991   0.73828    1644   17
    25   5.61221   1.64284   0.87406    1096   12
    26   0.68253   0.81903   0.14635    1418   15
    27   1.01015   2.38015   4.83939     661   13
    28   4.28106   0.76299   6.05295    1425   14
    29   2.61900   1.44146   3.90754    1913   21
    30   0.86736   2.35821   0.00652    1727   17
    31   4.11817   2.32556   1.48623    2734   25
    32   3.98632   2.31258   6.27242    1494   19
    33   1.01702   2.33445   1.89461    1912   20
    34   4.07030   0.75724   4.66354     759   12
    35   1.00190   2.43196   3.32821     532   11
    36   2.53861   1.34606   2.31075     976   14
    37   3.85014   2.41743   1.35097     577    8
    38   5.63516   1.68900   2.29996     783   12
    39   0.58246   0.87152   1.81304    1387   16
    40   2.40928   1.43637   3.83813    2059   24
    41   2.49915   1.53881   3.87854     582    9
    42   5.76509   1.64456   5.47376    1368   15
    43   2.47509   1.44354   3.96395    1175   16
    44   5.64188   1.81869   2.28519    1596   15
    45   2.54253   1.54416   0.80167    2643   22
    46   5.61723   1.66048   0.87729     365   11
    47   2.48951   1.50881   2.40178     433   11
    48   3.81315   2.27000   2.92802     826   13
    49   4.11332   2.33362   3.03698     896    9
    50   0.85389   0.84946   3.26944     570   11
    51   5.55818   1.71848   5.40537     381   10
    52   0.85071   0.68829   0.14880    2239   19
    53   2.55598   1.34386   0.81278     246    6
    54   1.03681   2.27183   4.81448     628   12
    55   0.97053   2.26801   4.84241     646    9
    56   3.91414   2.26171   2.93571    1932   17
    57   0.89268   2.36182   1.73076     804   14
    58   0.60547   0.81407   0.34860     929   13
    59   4.21574   0.77457   4.62035     489   11
    60   4.15208   0.78469   5.96064    1180   14
    61   4.19871   0.72657   6.09895     724   13
    62   5.63293   1.71974   2.44037    1123   15
    63   0.93888   2.25537   1.71653    1897   19
    64   0.76416   0.84787   1.73290     465   11
    65   0.75004   0.85871   0.10653     516   12
    66   0.67627   0.72853   3.38067    1551   16
    67   2.55598   1.34386   0.81278     411    9
    68   4.06404   2.33656   1.43942    1795   21
    69   0.87146   0.80775   6.28236    1795   17
    70   0.75432   0.81691   3.36130     852   13
    71   2.38548   1.47057   3.90453    1314   16
    72   5.52878   1.68637   0.81614     604   10
    73   1.15632   2.40756   0.37598    3320   21
    74   0.92097   0.77557   3.17673     756   15
    75   3.96765   2.29855   1.37285     695   12
    76   1.15010   2.34912   4.95627    1339   16
    77   0.92097   0.77557   3.17673    1234   18
    78   4.26947   0.81369   2.81476    1770   18
    79   2.51039   1.40380   3.98308    1515   17
    80   3.98268   2.39681   1.51035     589    9
    81   2.50386   1.39669   3.89111    2247   20
    82   0.77380   0.85044   3.26399     487   10
    83   1.15692   2.41098   0.20227    1134   13
    84   3.77998   2.27630   6.07851    2114   20
    85   1.08781   2.26706   3.32819    1220   15
    86   4.11125   0.86004   4.63971     304   10
    87   5.66302   1.61795   0.74072    1266   16
    88   5.62688   1.75185   2.26581     835   13
    89   0.71769   0.72986   0.27130    1624   18
    90   4.21946   0.87365   6.04383     662   10
    91   3.81588   2.24168   1.30020     734   11
    92   4.22255   0.80556   1.39494    1099   17
    93   5.63288   1.68608   3.87803     855   11
    94   4.18440   0.73730   4.47849     873   14
    95   4.08173   2.33634   1.51033    1599   18
    96   0.88928   2.30692   4.81761     877   12
    97   0.60547   0.81407   0.34860     657   11
    98   2.43679   1.33852   5.56419    1281   15
    99   0.71863   0.86855   3.49335     758   13
   100   0.85651   0.79986   1.55882     874   12
   101   2.35430   1.42396   0.88387     820   11
   102   1.04392   2.35446   0.33115    1125   11
   103   4.00371   2.30398   6.11351    1766   17
   104   2.53059   1.50047   0.78069     694   13
   105   4.25318   0.75433   1.27683     509   11
   106   4.21410   0.85139   4.49635     915   13
   107   1.06950   2.30898   0.14359     923   14
   108   5.62477   1.69967   3.86866     652   14
   109   0.95451   2.34335   3.27968     701   12
   110   0.86670   0.79485   1.64390    1510   19
   111   2.55805   1.41266   2.34697     833   13
   112   5.68010   1.62751   2.35831    2886   24
   113   4.10136   2.36363   6.16906    1456   19
   114   5.52594   1.67904   2.37119     812   15
   115   1.06414   2.27622   0.20146    1128   18
   116   2.46119   1.51383   5.44407    1319   15
   117   1.08145   2.32586   3.38901     447   10
   118   4.11921   0.81925   2.86046    1454   17
   119   2.35430   1.42396   0.88387     483   10
   120   4.25336   0.84774   3.02299    2240   17
   121   0.65966   0.89960   3.44423     619   13
   122   3.89483   2.33744   4.47641     307    8
   123   5.51779   1.62939   3.92203     379   10
   124   3.96765   2.29855   1.37285     455   10
   125   1.07542   2.27228   3.33721     664   11
   126   1.08429   2.41346   1.73803     903   13
   127   4.14847   0.89199   6.19717     498   10
   128   4.18597   0.71328   2.87829    2089   19
   129   5.46927   1.80558   0.79164     664   13
   130   5.46927   1.80558   0.79164     588   11
   131   4.19432   0.72331   6.03867     335    9
   132   2.40488   1.39195   0.88233     839   13
   133   3.92044   2.31163   1.42012    1057   13
   134   0.69679   0.88860   1.78437     521   14
   135   1.06592   2.39285   4.91037    1246   16
   136   1.12867   2.35819   0.30395     993   13
   137   0.80734   0.75955   0.20760     975   13
   138   5.60674   1.80756   5.55321     870   14
   139   4.09678   0.86132   6.21638     660   12
   140   2.46369   1.43385   2.27340    2444   22
   141   0.93786   2.32200   1.80715    1260   15
   142   2.35430   1.42396   0.88387    1261   16
   143   5.53775   1.59340   3.95157     920   16
   144   0.74660   0.89715   0.32941     358    9
   145   4.40858   0.79309   1.15356    1902   23
   146   4.04241   0.80625   6.22798     833   15
   147   1.12933   2.32457   5.02478     782   11
   148   3.97114   2.45028   4.68570    2701   26
   149   5.72070   1.71506   5.59171    1224   13
   150   4.26138   0.81326   6.07592    1101   18
   151   3.87507   2.26574   5.92808    3488   23
   152   4.16506   0.77430   5.99238    1528   19
   153   3.82918   2.33105   4.40734    1006   17
   154   4.25432   0.82352   2.89479    1652   22
   155   0.69679   0.88860   1.78437     384   11
   156   0.70478   0.78906   0.23964    3149   23
   157   1.03845   2.30223   1.81797    1203   16
   158   3.95541   2.30756   6.12316    1652   19
   159   2.42188   1.31046   2.38648     647    9
   160   1.06087   2.31896   5.05955     550   11
   161   5.62926   1.73230   2.29593    2713   26
   162   2.53647   1.40022   5.52073    2506   21
   163   4.20596   0.75518   2.98326     760   13
   164   2.30638   1.41156   4.05730     937   12
   165   3.96765   2.29855   1.37285    1121   17
   166   4.13410   0.70386   6.03226     952   12
   167   3.89037   2.37226   6.07548    2473   24
   168   5.73793   1.66076   5.49843     819   11
   169   3.77021   2.27622   4.39998    1269   14
   170   3.76611   2.22231   2.93769    1825   16
   171   5.61723   1.66048   0.87729    1175   17
   172   2.38329   1.40760   5.50085     415   10
   173   4.18383   0.83008   3.00994    1386   16
   174   5.66968   1.67327   3.87210     664    9
   175   4.07874   0.77652   4.64892     976   13
   176   2.52322   1.29247   5.55616    1022   16
   177   3.99238   2.41492   1.44918    1087   16
   178   1.09328   2.35982   1.72892    1170   16
   179   0.83163   0.70297   3.35864     767   12
   180   2.43755   1.46043   0.85003    1089   16
   181   3.91688   2.26613   5.95820     891   14
   182   0.84963   0.73820   0.09383    1044   14
   183   2.42957   1.45068   5.57454    1132   15
   184   4.16090   0.75484   6.15261    1059   15
   185   4.17602   0.80313   1.46034     722   13
   186   0.91916   2.35231   0.06471     691   11
   187   1.18030   2.35906   3.38987     586   12
   188   0.69679   0.88860   1.78437     567   10
   189   4.04111   2.34281   1.54147     425    9
   190   1.15800   2.33638   3.50102     627   14
   191   1.11891   2.36881   3.45676    1157   17
   192   2.51989   1.38046   5.45420     884   16
   193   4.32684   0.75259   1.17552    1345   19
   194   2.39727   1.47789   3.99902     519   11
   195   3.90285   2.27775   4.47706     757   13
   196   4.20596   0.75518   2.98326    1034   16
   197   3.84226   2.21575   5.97618    5236   29
   198   0.70879   0.73327   1.87575     521   11
   199   3.77142   2.40423   6.07217    1227   21
   200   4.06357   0.75001   3.13682    1977   17
   201   1.16923   2.38140   1.83441    4843   25
   202   3.83357   2.26526   6.00905     821   12
   203   1.04561   2.33792   1.74455    1084   14
   204   0.92097   0.77557   3.17673     354    6
   205   5.56741   1.60713   0.76899    1252   17
   206   0.60547   0.81407   0.34860    1315   13
   207   3.81588   2.24168   1.30020    1846   19
   208   5.63534   1.69336   5.54034    1361   17
   209   2.55598   1.34386   0.81278     804   10
   210   5.63484   1.65824   0.80288     457   10
   211   4.40309   0.83364   2.73012     802   16
   212   5.64639   1.80755   3.98575     478   12
   213   5.62288   1.66627   3.90433     970   14
   214   1.03691   2.26752   0.20611     594   13
   215   5.53718   1.75702   5.41441    1558   17
   216   4.23221   0.76611   4.40479    2457   20
   217   2.56472   1.40596   0.86320     707   11
   218   2.51662   1.43426   5.46584    1102   12
   219   4.29822   0.77396   5.98784    1235   13
   220   4.04693   2.39326   3.04379    1773   18
   221   5.63193   1.77305   5.54702    1283   16
   222   4.23860   0.77648   6.03565     585    9
   223   0.67408   0.79507   3.52891     740   12
   224   3.77021   2.27622   4.39998     854   14
   225   0.77336   0.80683   4.77940    1006   14
   226   1.05871   2.36985   0.17863    1524   16
   227   5.58532   1.69464   0.75499     725   12