     1   0.00000   0.00000   0.00000       0    0
     2   5.99298   1.56263   2.86583    2842   23
     3   4.37090   1.41147   4.69303     785   15
     4   4.47387   1.40436   6.12225     764   11
     5   1.26099   1.71535   4.81380     964   12
     6   2.78382   1.49045   4.92342    2187   18
     7   5.92494   1.64060   1.31264     910   10
     8   3.80574   2.80654   2.44674    1335   15
     9   1.25688   1.77595   3.34809    2396   17
    10   1.15727   0.13568   1.73450    3982   23
    11   3.81586   2.84803   2.61909    1056   10
    12   2.75488   1.38985   0.33488     382    6
    13   1.15051   1.70081   1.75069     631   10
    14   5.99484   1.65369   6.01971     988   14
    15   2.82124   1.46535   3.33941    1381   18
    16   4.44207   3.04287   4.69851    4782   27
    17   5.86918   1.70182   1.45477    2513   17
    18   0.80700   0.16181   5.06157     520   11
    19   4.36781   1.42596   6.25892    1628   18
    20   5.93051   1.69934   6.06635     467    9
    21   0.74291   0.17714   5.11017     515    9
    22   5.94836   1.68001   4.47899    2192   18
    23   4.43881   1.32305   3.00280     690   11
    24   6.01773   1.61848   4.57554     448   10
    25   0.35935   0.26306   2.51789     769    9
    26   0.94279   0.29863   5.02540    2682   17
    27   0.73025   0.22634   5.23916    1528   14
    28   4.37090   1.41147   4.69303    1064   11
    29   1.30203   1.79762   1.56081     840   14
    30   2.83105   1.54936   3.30108     612    9
    31   4.19042   2.78529   4.47164    2569   22
    32   0.54084   0.16196   3.92791     374    8
    33   0.68504   0.33127   2.12713    3035   18
    34   1.23156   1.82994   4.81165     634   12
    35   2.91823   1.47467   3.37522     433   10
    36   4.10076   3.02452   1.32951    1389   15
    37   4.37987   1.30277   1.57828     306    9
    38   4.09351   2.84673   2.86007     621   12
    39   1.11528   0.25508   0.18213    1315   15
    40   0.89794   0.11669   0.24049    1461   16
    41   1.17335   0.28268   1.77730    2666   18
    42   1.31817   1.82504   1.72663     405    9
    43   2.74449   1.51962   4.95917    1760   15
    44   2.79395   1.39183   3.41078     311    5
    45   2.69408   1.44568   1.78102    1450   13
    46   3.73179   2.81051   1.01697    1361   16
    47   0.91649   0.38289   1.93587    1090   12
    48   5.86918   1.70182   1.45477     439   10
    49   3.84193   2.83565   0.95445     570   11
    50   0.66609   0.29231   0.67458     514    8
    51   2.83132   1.58753   1.70446    3193   18
    52   6.01349   1.71400   4.60033     294    8
    53   2.91427   1.57212   0.17542    2245   17
    54   1.26336   1.91363   4.85830     474    9
    55   4.40824   1.28496   6.10767    1109   14
    56   1.00358   0.20406   1.94340     910   14
    57   4.04898   2.85164   1.29136     786   12
    58   4.37580   1.23864   1.58843     597   14
    59   2.82186   1.52709   4.97195     789   13
    60   4.37090   1.41147   4.69303     294    8
    61   5.93051   1.69934   6.06635     364    6
    62   5.98153   1.71155   6.06730     337    9
    63   3.82134   2.95545   5.75909     555    9
    64   0.81269   0.15944   5.17230    1304   19
    65   3.74267   2.80045   5.57511     465   11
    66   3.85761   2.77987   5.64715     413    9
    67   4.50518   1.28022   4.52582    4161   27
    68   1.28997   1.81051   3.12144     725    9
    69   4.48403   1.33815   6.09884     780    9
    70   2.80245   1.55177   5.06515     681   12
    71   2.79806   1.48659   1.89212     830   13
    72   4.52793   1.35674   1.48014    1082   17
    73   6.06893   1.75446   4.41094     395    7
    74   4.42746   1.24596   1.46060     916   13
    75   1.33202   0.31753   6.17898    2359   21
    76   2.84931   1.42189   3.37871     534   11
    77   0.67130   0.13845   2.27712    2709   21
    78   0.70181   0.33757   0.47519    4393   19
    79   1.17360   1.77257   4.78588    1436   11
    80   2.79393   1.39859   3.43293     318    8
    81   1.18072   1.83760   1.63674    1446   16
    82   0.89536   0.22679   1.84344    2721   21
    83   1.30042   1.82896   3.13664     716   11
    84   1.36068   1.77248   3.30427    1350   15
    85   1.17360   1.77257   4.78588     962   12
    86   2.92232   1.48040   1.78597     992   11
    87   1.17002   0.33944   4.69718     913   15
    88   3.88444   2.77794   1.12567    1219   13
    89   5.91647   1.63338   1.29965    1520   16
    90   6.05433   1.65173   1.40621     664   11
    91   1.37307   1.82737   0.10416     854   11
    92   5.96145   1.71052   5.95967     641   12
    93   4.18623   2.87089   6.04459     703    9
    94   0.91649   0.38289   1.93587    2215   19
    95   4.44296   1.22469   6.13489     712   13
    96   5.89112   1.73162   4.43311    1424   15
    97   1.22897   1.76514   3.20935    3598   18
    98   2.86130   1.37469   1.81853     863   11
    99   1.36068   1.77248   3.30427    1562   15
   100   4.39978   1.32742   4.50402     684   10
   101   3.73180   2.82197   5.66836    4989   26
   102   4.37708   2.96143   0.07569     490   11
   103   2.83299   1.39550   3.35231    2170   19
   104   4.01709   2.75275   2.75476     735   10
   105   1.32694   1.85692   4.72085     449   11
   106   3.86942   2.72611   5.80872     667   12
   107   1.00325   0.34398   0.33019    1570   16
   108   1.34517   0.29943   3.11297     638    9
   109   5.96713   1.61594   5.95371    2328   17
   110   0.92079   0.32346   0.27349    1865   19
   111   6.07306   1.65190   6.15726    1499   12
   112   5.95889   1.56346   1.32028    1918   20
   113   1.31817   1.82504   1.72663     699   11
   114   4.49429   1.35303   4.62481    1881   18
   115   4.31800   1.33575   3.00437     474    8
   116   4.32831   1.26537   3.02863     967   15
   117   0.55187   0.30786   3.76537     553    9
   118   6.01773   1.61848   4.57554    1727   18
   119   1.40920   1.76850   1.73238     912   13
   120   6.05433   1.65173   1.40621     808   10
   121   4.13266   2.81889   1.28033    1472   14
   122   5.98051   1.68551   6.15665     655   11
   123   1.05870   0.32924   0.08170     416    6
   124   4.36775   1.43899   3.15228    2726   15
   125   4.10076   3.02452   1.32951     302    8
   126   4.12105   2.91168   5.99142    1013   16
   127   2.71653   1.49423   5.07275    1563   17
   128   5.83294   1.64972   1.20597     431    9
   129   5.95889   1.56346   1.32028    3791   25
   130   5.85863   1.75970   5.97910    1443   15
   131   2.79806   1.48659   1.89212    1314   18
   132   4.05223   2.83642   4.37296    3850   23
   133   4.39644   1.29845   3.16820    4313   25
   134   3.63545   2.84687   2.34581    4352   23
   135   2.93913   1.39012   1.80033     526   14
   136   0.92079   0.32346   0.27349     738   10
   137   1.25958   0.12688   4.74872     481    9
   138   5.98850   1.56950   1.35027     728   11
   139   0.70811   0.24752   3.58919     805   11
   140   4.38618   1.41654   2.91673    3790   20
   141   4.52288   1.32433   6.17678    3780   23
   142   1.28269   1.81195   0.11732    2050   15
   143   4.35685   1.35704   1.58463    1399   13
   144   6.05863   1.64178   5.99661    1441   18
   145   4.43293   1.35647   6.17478    2221   16
   146   4.26397   2.93449   4.57735    1284   14
   147   1.30203   1.79762   1.56081     380    9
   148   4.22580   2.90501   3.03645    1689   18
   149   5.89022   1.77793   1.28499    2499   20
   150   1.10250   0.24093   0.21572    1065   13
   151   6.03814   1.73505   6.05273     894   11
   152   0.32044   0.20087   2.52504     773   10
   153   2.86803   1.49777   1.72473    1222   13
   154   5.93878   1.75154   1.29471    2748   19
   155   6.05433   1.65173   1.40621    1713   14
   156   5.96953   1.68161   2.91274    4758   22
   157   0.89550   0.24908   0.25465    1466   15
   158   2.81503   1.59499   0.23324    1770   15
   159   4.22814   2.93817   2.92510     920   12
   160   0.54791   0.23898   5.40425     466   10
   161   4.34310   1.42503   3.12302    2409   20
   162   4.41839   1.44243   1.42915    1526   14
   163   1.17360   1.77257   4.78588    2707   20
   164   0.91890   0.27584   3.45613     451    9
   165   0.36815   0.28404   2.51475     787    8
   166   1.17360   1.77257   4.78588     728   12
   167   1.21382   1.88638   6.25683    1682   15
   168   2.85707   1.36708   3.40948     381   10
   169   3.78922   2.98221   3.98757     664   11
   170   1.24550   1.83834   4.80896    5067   29
   171   2.90002   1.54121   4.94876     464   12
   172   1.31376   1.81470   1.70669     709   11
   173   1.30203   1.79762   1.56081     966   14
   174   1.30905   1.77758   4.91629     439   10
   175   4.37708   2.96143   0.07569    2957   18
   176   2.74529   1.35475   1.71862    1854   16
   177   1.25024   1.80922   0.18249     846   15
   178   2.75784   1.52540   4.84909    3723   23
   179   5.97399   1.68123   6.15114    3258   21
   180   2.86116   1.49500   3.33475    1732   17
   181   2.73491   1.47266   3.39338    1856   15
   182   3.45388   2.86263   0.73505    4589   26