     1   0.00000   0.00000   0.00000       0    0
     2   2.06038   1.40560   0.22550    1609   14
     3   0.47427   1.75278   4.77078     752   10
     4   1.96221   1.50179   3.37889    1038   12
     5   3.34155   2.89973   2.86580     328   10
     6   0.39079   1.78300   3.18438    5513   24
     7   0.53719   1.94067   1.64417     708   10
     8   3.75008   1.19829   4.53071    2889   20
     9   5.09026   1.53803   2.91427     895   11
    10   2.94474   2.82929   3.99939     701    8
    11   2.00772   1.35633   3.39464     650   11
    12   0.00000   0.00000   0.00000     362    9
    13   0.16783   0.33815   3.54058    1768   12
    14   2.94474   2.82929   3.99939     884   14
    15   0.57693   1.84231   3.26667    5991   27
    16   2.11921   1.39621   5.04058     495   12
    17   5.10039   1.76160   2.92047    1143   12
    18   0.07635   0.23801   3.64203     474    9
    19   2.04834   1.36623   4.98495     601   13
    20   5.28178   1.58694   5.97780     458    7
    21   0.09056   0.27082   2.07501    4259   22
    22   5.19059   1.67215   2.89409    2127   18
    23   3.62127   1.22360   1.34890     545    8
    24   3.16128   2.70914   1.21380     634   12
    25   1.98225   1.34938   0.32306     996   13
    26   2.06864   1.54138   1.88452     408    8
    27   0.04637   0.37531   0.50148     801   11
    28   3.23747   2.84008   5.92946     330    8
    29   3.75169   1.34917   3.08713     622   10
    30   2.10591   1.42534   3.44031     525    9
    31   2.86722   2.79429   2.46346     819   12
    32   5.05320   1.63804   5.92300    2031   18
    33   5.11089   1.76488   4.43673    1502   15
    34   2.95388   2.92947   0.97161    2168   17
    35   0.55119   1.76610   3.17637    1661   13
    36   1.92323   1.40946   1.93121    1618   11
    37   3.56241   1.19111   6.16774     871   11
    38   0.37878   1.75193   4.76979     772    9
    39   2.07558   1.51147   1.95266     989   13
    40   2.00200   1.49991   1.86626    1554   16
    41   2.10840   1.43170   0.18777     888   16
    42   0.47842   1.86343   3.25886     449    9
    43   0.48774   0.29895   4.74222    3781   21
    44   1.98083   1.56574   0.23438    1291   11
    45   1.95119   1.48819   1.95339    2070   18
    46   6.15650   0.38366   0.60855     977    8
    47   3.70001   1.30777   1.51580     854   12
    48   5.11353   1.60089   4.38239     360    6
    49   3.75008   1.19829   4.53071    1589   15
    50   6.20996   0.33498   0.44534     776   11
    51   3.05591   2.75729   2.61597    1131   11
    52   0.52242   1.81308   0.10555    4181   22
    53   0.42603   1.74638   0.07566     951   11
    54   1.98896   1.60099   0.23340    1698   17
    55   2.11921   1.39621   5.04058     506   11
    56   3.62085   1.30747   4.55044     392   11
    57   0.00000   0.00000   0.00000     586   12
    58   3.69323   1.33730   6.08283     868   11
    59   5.11334   1.62945   2.80369    2770   24
    60   3.34155   2.89973   2.86580     493   11
    61   5.28994   1.79957   1.26938    1197   13
    62   0.53826   1.94984   1.69340     708   12
    63   5.05786   1.73574   2.80564     693   11
    64   0.05348   0.34284   1.99079    2235   18
    65   3.75169   1.34917   3.08713     571    9
    66   2.01269   1.36907   3.32792     465   11
    67   0.33479   0.31244   0.10481    1878   13
    68   3.34155   2.89973   2.86580    4517   18
    69   3.66607   1.30882   2.98048    5049   26
    70   1.97847   1.38845   3.31911     677    9
    71   0.39199   1.81690   3.22999    2609   24
    72   0.06368   0.22140   3.62197     571    8
    73   3.05898   2.87610   5.82432    1251   13
    74   0.50302   1.88095   1.75598    2976   20
    75   0.37559   1.74935   0.07978     464   10
    76   0.20195   0.40499   1.92367     775   12
    77   2.99684   2.69151   4.12426    1802   13
    78   0.44967   1.92178   3.21200    1116   14
    79   3.34155   2.89973   2.86580     733    9
    80   0.42190   1.91465   3.28489    2345   15
    81   3.58760   1.29189   4.64914    5584   26
    82   3.42370   2.74963   4.47424     403    9
    83   0.02681   0.40348   3.49824    1355   13
    84   2.02873   1.46307   3.53126    1423   15
    85   3.31884   2.77739   5.92226     839   12
    86   0.42572   1.86692   4.93675     346    7
    87   3.62282   1.23272   3.03974    2761   19
    88   0.52557   1.89661   3.32827    4322   23
    89   2.04092   1.47606   1.97016     354    8
    90   0.43553   1.90470   3.20907    4394   22
    91   0.50653   1.78086   1.66017     321    9
    92   3.69571   1.25514   6.10722     376    8
    93   6.20787   0.43089   5.22806     772   13
    94   3.64967   1.29912   4.47590     667   12
    95   5.20442   1.71635   5.99290     688   10
    96   6.14014   0.37170   0.75011    4262   20
    97   3.28077   2.75703   4.27744    1733   19
    98   5.95234   0.31771   2.27913     385    7
    99   0.57212   1.84538   3.21677    1697   14
   100   5.27323   1.64487   4.52301     447   11
   101   0.18321   0.42010   5.07981    2426   17
   102   6.27817   0.42188   5.30825     604   13
   103   6.20787   0.43089   5.22806    4674   25
   104   5.18610   1.78094   1.32019    3317   17
   105   5.26074   1.82549   1.25467    1941   16
   106   3.75169   1.34917   3.08713    1439   12
   107   6.19717   0.39420   2.19886     253    7
   108   5.22886   1.74781   1.34471    2076   16
   109   2.98734   2.90894   5.69386     543   10
   110   3.75169   1.34917   3.08713    1004    9
   111   3.68146   1.39698   3.07866    4091   23
   112   3.00100   2.88818   4.10794    1845   19
   113   0.28148   0.26664   4.95192    1582   14
   114   3.33575   2.90212   2.96541    2080   20
   115   3.15761   2.81636   4.30048     468    7
   116   0.44461   0.39309   3.26095    1487   15
   117   1.94586   1.59274   1.82458    1162   13
   118   0.61908   1.82644   3.31864    5555   26
   119   0.10376   0.40249   1.93529     722   11
   120   2.08103   1.45118   4.88477     993   14
   121   2.03815   1.51275   4.92967     667   10
   122   6.20996   0.33498   0.44534     401    8
   123   5.19216   1.54400   6.04135    3740   19
   124   2.01065   1.44333   3.35046    3381   20
   125   1.98083   1.56574   0.23438     395    8
   126   0.26613   0.32366   0.31182    3475   15
   127   3.51197   1.38150   4.62227     654   10
   128   0.40843   1.83192   0.13493    3652   24
   129   1.94586   1.59274   1.82458    1218    9
   130   3.16128   2.70914   1.21380     456   10
   131   5.09037   1.74804   1.24449    2788   19
   132   2.07025   1.48783   0.27557    1058   13
   133   0.04897   0.25212   0.41154     510   10
   134   3.54654   1.30042   1.47475    1400   16
   135   3.54557   1.30796   4.60156    2589   21
   136   3.62631   1.29115   3.12357    1212   15
   137   2.09385   1.33120   3.45538    1662   13
   138   2.12698   1.39570   4.91753     731   11
   139   6.20996   0.33498   0.44534    1091   14
   140   2.06990   1.47043   1.87528     837   15
   141   2.02115   1.37748   1.86155     828    9
   142   2.07562   1.33075   3.47554     905   11
   143   0.54387   1.86847   1.57839    1954   17
   144   3.65512   2.91235   1.56621    2447   19
   145   0.49455   1.85482   1.66248    2444   19
   146   5.31162   1.64115   5.97174    3314   19
   147   0.58670   1.89558   3.30970     903   11
   148   0.51601   1.83297   3.38126     335    8
   149   0.48757   1.74525   3.27571    3318   21
   150   5.07551   1.77335   1.25215    3595   19
   151   0.00000   0.00000   0.00000     427   10
   152   3.60629   1.25277   6.12244     448    9
   153   1.99257   1.51368   1.78444     931   11
   154   5.13345   1.57589   1.34898    2966   22
   155   5.25507   1.55767   2.89800    5034   27
   156   5.24506   1.74304   4.37416     876   12
   157   5.24554   1.55072   2.94654     339    9
   158   2.12329   1.53311   1.81566     725   10
   159   3.23582   2.73739   2.83805    2161   21
   160   1.94586   1.59274   1.82458     640    8
   161   5.30887   1.69306   1.35626    1340   13
   162   0.54797   1.83609   1.68622    2208   15
   163   6.20996   0.33498   0.44534    3661   22
   164   0.45327   1.74881   0.06037    1157   12
   165   0.13910   0.23431   0.46397     805   12
   166   0.47646   1.88477   4.84339    3341   24