     1   0.00000   0.00000   0.00000       0    0
     2   3.54410   2.48968   5.48097    1359   14
     3   1.18224   2.04817   3.72013    3935   23
     4   1.22246   1.89402   5.26406     710   10
     5   1.19880   1.85313   5.22909     665    9
     6   2.62691   1.00625   3.62788     903   13
     7   2.49952   1.13794   3.60356     432   10
     8   0.34741   0.49201   5.65293    1758   16
     9   1.24756   2.02295   0.51856    1896   18
    10   1.19724   1.94911   2.09233    1410   11
    11   0.33128   0.64842   0.87771    1215   13
    12   5.83819   2.04749   5.91174     336    6
    13   0.42805   0.58739   2.42457    1546   13
    14   4.42145   1.17300   5.82672    5205   26
    15   1.25537   1.95105   2.15114     497    8
    16   0.22021   0.54622   0.94421    1597   19
    17   0.12557   0.69820   2.55577    2690   20
    18   1.35869   1.90607   3.67827    1901   13
    19   0.29422   0.49385   2.43058     411   10
    20   0.24824   0.53361   2.36957    1321   14
    21   1.26265   2.02432   0.45060    2309   17
    22   5.73924   2.05635   2.59535     530    8
    23   4.43247   1.16364   4.23997     437    8
    24   1.20275   1.91741   0.54137    1828   15
    25   5.79316   2.01277   2.67879     319    7
    26   3.49763   2.49287   2.45943    1250   14
    27   1.19618   1.97519   2.10008     894    9
    28   0.40204   0.67566   0.63945    2317   18
    29   5.76692   2.03543   4.32734     513   11
    30   0.25336   0.49780   0.88725     401   10
    31   3.34568   2.59723   3.82049     420   10
    32   0.20997   0.65060   3.97020    1484   16
    33   0.11282   0.72245   5.74939    3297   21
    34   1.15262   1.91917   5.17831     330    8
    35   4.33470   1.24276   4.29399     810   12
    36   4.43247   1.16364   4.23997     649   11
    37   0.44839   0.62291   5.30604     823   10
    38   3.31809   2.53920   2.18940    1335   14
    39   4.28059   1.12760   4.25118     722   12
    40   0.16492   0.73722   4.05640    2198   20
    41   1.19187   1.85334   3.54478    3076   18
    42   3.34568   2.59723   3.82049    2979   24
    43   0.38322   0.67257   5.48183     665   11
    44   0.21611   0.56861   2.40055     420    8
    45   2.65490   1.08889   0.52666     579    9
    46   4.47703   1.27945   1.05643    2500   16
    47   5.62541   1.99571   4.18535    1399   13
    48   4.38859   1.21193   1.05433    1175   12
    49   0.36485   0.69504   2.43818     546   13
    50   0.35586   0.61810   0.78384     823   11
    51   0.15289   0.71048   2.49773    2237   17
    52   0.26352   0.68368   5.50510     640   12
    53   4.52274   1.11198   2.61125    1604   15
    54   5.71027   1.94705   4.23856     944   13
    55   5.73252   2.00018   0.99896    1288   15
    56   3.34568   2.59723   3.82049     421    9
    57   1.17335   1.87470   2.07341    1381   13
    58   0.26352   0.68368   5.50510     549   10
    59   5.75504   2.10985   5.94896    1421   15
    60   2.61879   1.06191   3.61720    2541   17
    61   4.52766   1.13293   1.04446    1517   16
    62   5.82427   2.05026   4.30565    2473   16
    63   5.83899   2.00800   5.82525     588   11
    64   5.88053   2.14503   2.71534    1873   16
    65   0.38418   0.69832   3.86284    1302   16
    66   2.57302   0.97219   5.08253    2153   17
    67   5.70653   1.91330   2.73442    1268   18
    68   4.42826   1.12716   0.95048     383   10
    69   4.40970   1.07425   2.67638     528    8
    70   2.68775   1.13792   1.95101    4869   26
    71   1.31140   1.86975   0.50888    4457   25
    72   3.50564   2.47950   2.21980     494   10
    73   4.41619   1.14224   2.50561     929   14
    74   3.37041   2.54935   2.28132     720   14
    75   0.21660   0.66524   1.03861     876   13
    76   1.15262   1.91917   5.17831    1038   13
    77   1.35291   1.85400   3.75242    1950   15
    78   1.17282   1.95646   0.45090     791   12
    79   4.28059   1.12760   4.25118     693   11
    80   5.75169   2.04062   2.76648    1914   16
    81   2.70157   0.96274   1.93053     383    7
    82   0.27498   0.74105   4.11964    2880   25
    83   4.32271   1.14732   5.83441     658   10
    84   1.15262   1.91917   5.17831     539   10
    85   2.61149   1.17381   1.86107    1038   13
    86   2.50569   1.05456   1.94393     225    7
    87   2.61128   1.07448   0.55160    2628   22
    88   4.45093   1.09349   5.66704     918   13
    89   4.41068   1.13967   4.21325    1860   21
    90   1.16709   1.94337   2.06868     516   10
    91   4.46287   1.04786   5.66728     900   10
    92   1.25537   1.95105   2.15114    1489   19
    93   3.58726   2.50890   3.97699    4469   23
    94   0.32856   0.63751   2.50247     597    9
    95   1.41655   1.96139   5.29711    2872   22
    96   4.37541   1.19213   4.11806     402    9
    97   5.76692   2.03543   4.32734     740   10
    98   1.19716   1.84698   0.48449    1798   18
    99   2.76463   1.08047   1.85248    3561   24
   100   1.24825   1.96163   3.66598     718   11
   101   3.40565   2.41499   3.78695     571    9
   102   3.22043   2.50529   0.51045    3262   22
   103   5.83585   2.12628   5.79244    1265   18
   104   3.31943   2.58600   3.72079    1164   11
   105   1.18944   1.95869   0.51429     375   10
   106   4.27151   1.19036   4.22712    1318   11
   107   5.72406   2.14186   2.55340     512    9
   108   4.41331   1.13149   1.11919    4120   21
   109   4.42751   1.24563   5.82285    5096   27
   110   0.54885   0.58335   3.82254    2323   15
   111   5.88519   1.98971   4.37248     914   13
   112   5.70492   2.00663   1.07777    1877   18
   113   2.64245   1.19580   5.05016    1853   13
   114   4.51343   1.25922   4.06289    1331   15
   115   2.61713   1.13762   0.54787    3372   20
   116   1.15262   1.91917   5.17831     374    9
   117   1.18944   1.95869   0.51429     661   11
   118   1.44110   2.02259   0.63590     737   11
   119   3.39515   2.45381   5.32623     486    7
   120   1.29801   1.92606   0.56527    1298   15
   121   0.26352   0.68368   5.50510     386   13
   122   3.34568   2.59723   3.82049     577   13
   123   0.30575   0.65470   0.96492     507   10
   124   3.39515   2.45381   5.32623    2634   16
   125   5.88403   1.97125   2.72067     479    8
   126   4.28059   1.12760   4.25118     800   13
   127   1.15262   1.91917   5.17831     594    9
   128   0.34878   0.53023   3.95229    4443   21
   129   2.70127   1.19532   2.01303    1786   15
   130   0.27733   0.62977   2.45329    1584   14
   131   5.78470   2.07394   2.73013     658   11
   132   1.15262   1.91917   5.17831     489    8
   133   0.25028   0.62170   5.58805     749   10
   134   0.20974   0.62186   2.43031     555    9
   135   3.50231   2.40293   2.38726    1768   16
   136   4.38573   1.27137   5.66462    1034   13
   137   1.31663   1.98730   0.39425     621   14
   138   5.79022   2.03164   4.20445     414   10
   139   5.76692   2.03543   4.32734    1225   14
   140   4.43319   1.24869   5.79242    2451   13
   141   1.15262   1.91917   5.17831    1818   20
   142   1.22913   2.03686   5.20241     387   10
   143   3.39515   2.45381   5.32623     587    9
   144   5.64930   2.06238   5.86142    3196   15
   145   3.53447   2.42299   5.44532    1549   14
   146   1.31221   1.89283   5.28603     459    7
   147   4.28360   1.26378   2.67356    1699   13
   148   3.39515   2.45381   5.32623     797   11
   149   1.16330   1.90429   2.10975    2455   19
   150   0.09217   0.63541   4.24477    3249   19
   151   0.42553   0.62955   0.84033     722   10
   152   5.76692   2.03543   4.32734    2160   17
   153   3.52852   2.51607   0.69761    1063   14
   154   4.40538   1.17792   4.09101     655    9
   155   3.34568   2.59723   3.82049     524   11
   156   0.27099   0.63521   5.47140     859   12
   157   1.17410   1.99698   2.02957    1613   16
   158   0.19857   0.57184   4.12227    4484   28
   159   2.71935   1.07217   2.00261    2146   14
   160   4.53500   1.15667   5.61623     855    9
   161   5.74788   1.93229   1.12575    1319   15
   162   0.41642   0.73047   3.91447    1804   17
   163   4.41068   1.17459   2.75651    1127   11
   164   0.21332   0.61684   4.06267    3592   23
   165   0.24110   0.60880   5.54096     495    7
   166   1.33479   1.89499   2.13915     729    9
   167   3.43969   2.54014   5.33000     942   13
   168   4.31432   1.21754   0.99261    4763   25
   169   1.19925   1.93921   2.00598    3943   21
   170   4.38573   1.27137   5.66462     825   12
   171   0.40206   0.71955   2.41207    1034   14
   172   4.38573   1.27137   5.66462    1571   13
   173   2.53040   1.10838   5.17114    1045   16
   174   2.50004   1.10856   2.05225     843   13
   175   4.38540   1.19536   2.74383    1224   14
   176   2.52477   1.15981   0.52942    2171   17
   177   2.49115   1.16119   0.50622    2675   19
   178   5.64280   1.95661   5.70057    4254   23