     1   0.00000   0.00000   0.00000       0    0
     2   1.82271   1.71400   3.46716    1914   14
     3   0.00877   1.80638   4.50620     803   13
     4   4.98031   1.50377   2.80896    3288   22
     5   0.14394   1.91342   3.07035     626   10
     6   0.06668   1.91884   1.36998    1219   12
     7   0.45313   0.24993   1.24405    1229   15
     8   0.54769   0.42375   5.82910     492   11
     9   4.09739   2.73814   5.57522     436   10
    10   4.93931   1.46118   1.31946     929   12
    11   0.06668   1.91884   1.36998    1672   14
    12   1.83368   1.68092   3.48470    4138   25
    13   3.11719   1.18292   3.26840    1256   16
    14   3.18341   1.18863   4.82549     685   10
    15   3.81190   2.77050   0.41523     415    9
    16   0.07795   1.89308   6.07444    4481   24
    17   0.11224   1.88085   4.51140    1629   19
    18   1.74631   1.72799   3.34340    1425   15
    19   3.31512   1.29114   1.71941    2672   19
    20   0.20404   1.85178   1.35783    1726   17
    21   4.94382   1.40260   6.02949     565   10
    22   1.85487   1.73638   4.99816    2187   20
    23   0.10944   1.77532   6.06039    1622   14
    24   0.78862   0.48118   5.53432    1838   15
    25   4.97559   1.26870   2.77275    1675   15
    26   3.88931   2.71336   5.26636     214    4
    27   4.94382   1.40260   6.02949    1206   12
    28   1.60341   1.79113   3.41716     501   10
    29   3.77760   2.78736   0.58815     802   16
    30   3.50033   2.85016   3.49265    1004   11
    31   0.56320   0.34319   1.04953    1275   18
    32   1.69841   1.75870   4.99799    1607   13
    33   0.22770   1.87520   1.50667     626   10
    34   0.17062   1.94131   1.31422    1051   14
    35   4.84127   1.42577   4.34865    3957   25
    36   0.15619   1.90034   2.92570     899   13
    37   4.77925   1.38546   1.26171     689    9
    38   1.63188   1.71487   1.90301    1388   11
    39   4.91099   1.35759   2.68647     360    7
    40   3.68992   2.70839   3.57073     472    9
    41   0.09049   1.98319   2.96598     408    8
    42   0.87083   0.38719   3.98641     665   11
    43   3.24846   1.35983   5.02399     472    9
    44   1.66597   1.77037   3.48525     512   11
    45   4.81509   1.41297   1.28640    2891   16
    46   0.13216   1.87940   4.39858    3836   19
    47   0.94197   0.36077   0.78871    3297   24
    48   4.88685   1.39540   5.87227     746   11
    49   4.92580   1.40640   5.93400    1513   14
    50   3.19593   1.19151   1.79726    3345   22
    51   1.70325   1.64640   3.35871    5147   25
    52   1.85487   1.73638   4.99816     571   11
    53   1.66865   1.70080   0.26890    2146   20
    54   3.76325   2.72500   2.13124    1441   16
    55   0.56881   0.35402   4.27374     477    7
    56   3.75165   2.90853   2.01489     561    9
    57   0.09341   1.86653   5.99467    1607   20
    58   3.25657   1.29660   3.30877    4501   21
    59   3.32852   1.24400   4.85987    1304   16
    60   4.78425   1.38521   2.77604    2966   20
    61   3.18729   1.27265   4.90342    3686   22
    62   0.00877   1.80638   4.50620     965   11
    63   4.82901   1.33704   1.38077     687   11
    64   3.27668   1.17880   4.79045    2977   21
    65   1.69841   1.75870   4.99799     760   10
    66   3.13304   1.35985   3.25404    3313   18
    67   1.71552   1.64575   1.90160     395    9
    68   1.85487   1.73638   4.99816     462   10
    69   4.94382   1.40260   6.02949     540   10
    70   1.74830   1.81018   3.46191     897   14
    71   1.75943   1.71425   1.93376    2727   20
    72   4.89504   1.47463   1.37407    2880   20
    73   0.21275   1.88230   2.96855     325    8
    74   1.66876   1.75259   0.35327     752   11
    75   3.22275   1.23430   0.17993    5004   20
    76   3.72588   2.87108   0.48075     976   11
    77   0.93526   0.40349   5.49410    1660   14
    78   0.11217   1.79769   6.02664     963   14
    79   0.16547   2.01413   2.94381    3194   16
    80   3.38558   1.28298   4.81476    1085   14
    81   1.76984   1.73181   2.02203     693    6
    82   6.28057   1.76417   2.92200     616   13
    83   1.64147   1.79466   3.49855     723    9
    84   0.75599   0.49153   2.52809    1152   14
    85   4.74440   1.35079   1.39172    3246   15
    86   3.72553   2.73203   2.03787    1308   15
    87   1.67920   1.76188   1.92603    4201   26
    88   1.77026   1.69919   3.49593    2581   17
    89   3.72138   2.69688   2.00475    1184   13
    90   4.98848   1.36924   1.35226    1897   17
    91   4.12583   2.84507   0.84916    4942   23
    92   4.94382   1.40260   6.02949    3472   19
    93   1.77640   1.66689   3.39194     492   11
    94   0.06668   1.91884   1.36998     518   12
    95   0.78893   0.52917   4.10750     317    7
    96   1.74389   1.74416   3.34200     848   10
    97   0.04048   1.91285   4.37330     624   10
    98   1.85487   1.73638   4.99816     578    9
    99   3.11884   1.19642   0.28008    3479   21
   100   0.23871   1.76481   4.63677    2632   19
   101   0.85676   0.44659   5.55092     533    9
   102   3.16769   1.29465   1.77488    1077   15
   103   1.71808   1.69006   1.91012    1175   11
   104   0.13887   1.79682   1.36505    3381   23
   105   4.94376   1.34770   2.88931    1856   18
   106   4.94382   1.40260   6.02949     515   13
   107   0.17223   1.94107   2.96411     908   12
   108   1.69841   1.75870   4.99799     560   11
   109   4.94382   1.40260   6.02949     932   13
   110   4.01288   2.72746   5.46052    1502   14
   111   4.96911   1.33973   6.01040     347    8
   112   3.74132   2.73793   3.54077     442   11
   113   3.25657   1.29660   3.30877     494   12
   114   4.95753   1.36749   6.06815    2674   18
   115   1.61350   1.90913   4.93099    1037   17
   116   0.68581   0.38886   0.94260    1050   15
   117   3.85277   2.89436   3.78783    4201   23
   118   4.94382   1.40260   6.02949     776   14
   119   3.37593   1.17841   0.13379    2588   17
   120   1.75943   1.71425   1.93376     607   11
   121   0.17223   1.94107   2.96411     345    7
   122   3.83225   2.69480   3.67908     288   10
   123   4.25775   2.75034   4.00862    3090   22
   124   0.14237   1.96225   2.97921    4981   21
   125   0.69424   0.35254   4.12735     565   10
   126   4.82970   1.37960   4.45313    1079   11
   127   3.27663   1.31384   4.87917     544   11
   128   1.69841   1.75870   4.99799     364    9
   129   0.04280   1.77666   4.48366    1957   20
   130   0.00877   1.80638   4.50620    1497   17
   131   0.43103   0.32932   1.35276     600   11
   132   3.28382   1.26140   1.71789     778   12
   133   4.98189   1.43411   5.83535     232    8
   134   0.21192   1.76843   4.56260     726    9
   135   3.86417   2.61224   3.77964    2811   18
   136   3.99277   2.66337   3.80689     581   10
   137   4.01415   2.69672   4.00384     968   12
   138   3.74446   2.73690   5.13708     750   12
   139   1.85487   1.73638   4.99816    1129   11
   140   1.80028   1.83860   2.03965    1144   15
   141   1.77108   1.73409   0.37220    4975   24
   142   3.90701   2.68824   3.78014    1627   16
   143   0.69859   0.32180   5.78746     788   14
   144   4.82407   1.29230   2.80473    1302   13
   145   3.70706   2.77868   0.43442     906   11
   146   3.63753   2.80934   1.99090    1644   15
   147   0.49156   0.32267   1.28732    2170   17
   148   1.76984   1.73181   2.02203     438    9
   149   4.74576   1.42214   5.95033    2249   19
   150   3.32499   1.31466   1.77439    1104   14
   151   0.63223   0.33042   4.29093     754   11
   152   3.77760   2.78736   0.58815     648    9
   153   0.17917   1.88052   1.39054     426    9
   154   1.75520   1.66580   5.11552     346    8
   155   0.51084   0.38906   5.88737    1162   16
   156   1.74397   1.66220   1.85741    1779   12
   157   3.77080   2.65266   3.60258    1547   13
   158   0.69918   0.40613   4.23966    4542   22
   159   1.66188   1.74540   1.87080     415    8
   160   0.05886   1.83480   4.37656    1959   17
   161   4.88185   1.27948   5.84636    2106   18
   162   3.63753   2.80934   1.99090     761   12
   163   3.26846   1.31061   3.33808     895   12
   164   0.13273   2.00965   6.16210    2051   18
   165   0.17223   1.94107   2.96411    1623   17
   166   4.75198   1.44023   5.93794    1277   16
   167   0.20404   1.85178   1.35783     946   11
   168   4.86634   1.39068   6.03773     691   10
   169   0.13343   1.79484   4.53719    2377   19
   170   0.30536   0.39179   4.56262     460   10
   171   4.94382   1.40260   6.02949     906   12
   172   0.41007   0.43079   5.89827     466   12
   173   3.33980   1.20524   1.84318    2590   24