     1   0.00000   0.00000   0.00000       0    0
     2   0.31125   1.71835   4.27495    1519   15
     3   0.09604   2.52030   3.03156    1034   14
     4   1.01722   1.76681   2.00808    1034   14
     5   1.81527   0.80572   5.04846    1009   13
     6   6.08796   2.24093   3.88527    1503   14
     7   5.79469   2.47576   2.62366    1850   17
     8   3.14805   2.50266   1.78240    1837   16
     9   5.51032   1.26152   4.79979    1572   16
    10   3.96902   0.72022   2.82217     698    9
    11   5.52841   1.24561   1.00381    1144   12
    12   3.87514   2.10784   1.04166    1331   16
    13   2.72826   1.09170   5.67332    3155   23
    14   1.15686   1.19910   1.42484    1217   13
    15   0.45567   2.10019   5.94386     664   10
    16   5.50764   1.08666   0.83418    1557   15
    17   1.73992   2.65819   3.29389    1561   17
    18   3.67645   0.98429   4.14406    1489   15
    19   5.73657   2.34911   5.77709    1989   20
    20   5.62290   2.50916   4.85881    1265   13
    21   5.84389   1.11938   0.51015    1124   13
    22   3.78031   1.73963   5.76794    1724   14
    23   2.52212   0.68932   3.28354     616   10
    24   3.75732   1.32950   2.81684    1053   11
    25   1.52821   0.66700   3.95736    1561   14
    26   2.48084   1.30087   6.27922    1342   16
    27   1.94745   1.67786   0.91692    1199   15
    28   3.90362   1.45036   3.74660    2873   20
    29   1.98237   1.73636   4.85676     740   12
    30   2.95854   2.11816   5.20562    1544   14
    31   2.06855   2.74599   5.50121     908   13
    32   1.61660   1.71777   3.33765     852   13
    33   5.99628   2.60824   0.42247     962   13
    34   3.89113   0.11522   2.68306    1350   15
    35   2.24966   2.05620   3.98854    1033   14
    36   1.29235   1.43192   2.53197    1684   18
    37   3.53149   1.11251   1.99586    1759   14
    38   3.75403   2.83921   1.31338    1229   13
    39   4.25020   1.34150   4.44328     806   12
    40   4.75837   2.36712   3.95636    1072   14
    41   5.83627   1.82913   6.03574    1496   15
    42   4.51202   2.43144   2.59881    1160   14
    43   3.32984   1.43072   2.26712    1518   14
    44   0.19384   1.93229   5.44664    1404   14
    45   3.92201   0.76429   2.59875     719   10
    46   2.78760   0.48599   6.11794    1471   16
    47   6.23967   1.22002   1.73922    1222   13
    48   4.71375   2.23708   4.02752    1319   16
    49   5.84626   1.65263   5.76230     855   10
    50   6.28220   1.13255   6.23832    1662   16
    51   0.14261   2.31883   5.56908    1413   15
    52   0.75804   0.74999   2.65269     768   12
    53   3.60221   1.72685   4.56681    1405   12
    54   5.23965   2.32914   1.78381    1558   16
    55   3.89913   1.72613   4.00869     981   13
    56   0.10624   2.08358   0.03243    1676   15
    57   1.44023   2.15830   5.06189    1089   14
    58   5.30317   0.97210   5.69922    1117   12
    59   1.42057   1.69388   1.55500    2205   17
    60   3.86283   2.01059   3.72192    1909   18
    61   3.03214   2.39155   1.23240    1530   17
    62   1.51602   1.63910   0.40289    1179   13
    63   2.54087   2.06265   4.93424    1112   13
    64   0.34061   2.64689   4.82744     707   12
    65   4.00998   0.19935   2.52446     595   10
    66   2.47191   1.22783   4.66647     875   13
    67   1.28895   1.45274   0.17317    2194   19
    68   6.10716   1.65553   4.94821    1530   13
    69   0.74991   1.68421   1.12767    1357   17
    70   1.82247   1.32697   3.45491    1378   17
    71   3.11255   1.73133   3.15428    2050   17
    72   3.65653   2.09380   4.41660    1664   16
    73   0.10293   2.34552   2.02728     725   13
    74   3.35420   2.34174   0.64292    1618   16
    75   5.94906   1.35677   3.07856     679   10
    76   2.67811   1.87795   1.64889    2179   17
    77   1.30011   1.70903   5.21598    1080   14
    78   3.83445   0.71691   4.03241     735   13
    79   4.20628   1.33043   4.29337    1150   13
    80   5.60226   1.90965   2.05415    1498   15
    81   3.59668   1.10638   4.44851    1053   13
    82   1.83866   0.58717   5.25974    1530   18
    83   2.90479   1.72790   3.04696    1488   15
    84   5.61605   0.65509   2.31589    1155   14
    85   4.65425   2.39222   3.85283    1108   18
    86   2.35675   1.60631   5.05831    1824   16
    87   3.77243   2.06184   3.88371    1090   13
    88   3.78667   2.53555   0.45052    1687   16
    89   0.75602   2.16863   3.98660     934   13
    90   3.25768   1.86801   4.45540    1643   15
    91   4.57043   2.56965   2.68140    1421   14
    92   4.25042   0.91250   2.46700    1528   15
    93   0.51677   0.93427   5.37289     506    7
    94   4.14795   1.00095   2.53178    1374   18
    95   0.97914   0.79128   5.11814    2008   15
    96   2.01798   1.77968   1.60750    1355   19
    97   1.52537   0.95530   4.84623    1634   17
    98   1.91785   2.04167   3.41884    1178   17
    99   3.95286   0.70098   2.40945     832   11
   100   1.41213   0.91860   2.29552    1302   14
   101   0.59639   1.64511   3.51653    1252   14
   102   3.07178   0.78014   2.52401    1319   15
   103   2.87435   1.63073   2.34180    1157   14
   104   2.85671   0.85780   5.27254    1104   14
   105   5.39323   0.91777   5.79040     631   11
   106   0.39695   1.40079   1.56142    1226   12
   107   1.21378   1.66457   0.99813    1663   19
   108   2.26134   0.96317   0.36450    1740   17
   109   1.71517   1.72277   3.94934    1267   15
   110   1.87704   0.75248   5.27302     953   11
   111   1.98421   2.13405   3.72738    1310   16
   112   0.60703   0.58494   5.17093    1239   13
   113   4.52434   2.18780   6.02996     877   13
   114   5.91437   1.87657   4.63366     926   12
   115   0.85922   0.31379   1.35744    2223   16
   116   4.49259   0.28284   1.98680    1028   12
   117   2.27314   0.85397   1.98384     865   14
   118   3.03783   2.50210   4.29056    1277   13
   119   4.44495   2.12272   4.32593    1348   20
   120   1.58843   1.70647   1.65417    1178   13
   121   2.15252   0.23660   4.15432     548   10
   122   3.75515   1.14563   5.42557    1040   14
   123   4.98378   1.45962   4.83860    1647   17
   124   0.03050   1.00672   3.46675    1545   18
   125   4.47844   2.97399   3.73225    1914   24
   126   4.72038   1.15274   0.78138    2124   16
   127   0.10817   1.31773   2.55976    1456   14
   128   4.04024   0.96594   2.39539    1834   19
   129   1.26156   2.76390   4.86309    1416   17
   130   2.69726   2.65995   3.88757    1269   13
   131   2.83883   2.36185   1.71933    1576   15
   132   5.21331   1.65263   5.91919     922   12
   133   1.90787   0.31172   3.09012     797   11
   134   1.89303   2.24595   1.91536    2049   17
   135   3.27566   1.38222   4.42273    1479   12
   136   0.44668   2.29268   0.19634    1172   14
   137   6.16161   1.04819   2.76114    1606   14
   138   2.19577   1.06852   5.50831    2039   17
   139   4.38933   1.43499   0.80267    1731   14
   140   5.02210   2.07854   5.58624    1341   13
   141   0.09647   1.73199   3.99540    1270   16
   142   3.65783   0.76008   5.97385    1604   16
   143   0.25873   1.62142   0.93988    1519   12
   144   3.96406   1.21289   2.46694    1283   13
   145   4.41834   1.30563   2.12069    1679   16
   146   3.70401   2.05801   1.02396    1494   14
   147   1.82097   1.90437   2.00394    1131   12
   148   6.13409   2.29660   0.13786    1471   17
   149   2.02866   2.92138   4.38798    1282   13
   150   1.18823   1.26457   3.19649     961   14
   151   5.96807   0.92512   2.98987    1029   12
   152   3.55367   0.62357   5.29560     964   14
   153   1.30625   2.33660   1.48071    1360   14
   154   0.13400   1.28347   5.60620    1416   18
   155   0.31851   1.11159   1.57008    1398   17
   156   1.88497   0.87848   1.97861    1349   16
   157   3.80299   1.57651   3.76794    1660   18
   158   5.34953   2.45624   2.79693    1337   14
   159   1.55529   2.12560   0.08235    2412   18
   160   2.22755   2.09704   1.90471    1774   19
   161   1.98207   1.31141   4.78491     813   14
   162   1.86334   2.53898   4.89717    1273   16
   163   1.12994   2.27123   0.12010    1278   14
   164   2.41820   2.31027   5.04843    1042   14
   165   5.37739   1.99908   0.60902    1532   15
   166   5.36816   0.82566   2.97080     852   14
   167   3.88008   1.23272   4.05110    2222   18
   168   1.93348   2.26403   1.96412     859   11
   169   0.26526   0.58991   4.02644    1146   15
   170   5.74762   2.85603   4.08586    1303   13
   171   1.71226   1.01172   1.02649    1768   18
   172   1.96563   1.81920   1.45364    1364   16
   173   3.52659   2.24736   5.40862     742   11
   174   4.14543   2.48442   0.45322    1060   12
   175   5.90867   1.37077   5.13359    1259   16
   176   3.93557   1.36991   0.52549    1919   16
   177   3.57167   1.79572   6.20695    1183   16
   178   4.76897   1.20991   5.96025    1375   15
   179   1.99797   1.56226   2.25212    1201   14
   180   0.97708   0.79751   3.71605    1159   13
   181   1.98838   2.13613   1.85660     933   10
   182   0.61596   1.68312   2.18298    1171   14
   183   0.79047   1.68653   1.09001    1353   20
   184   4.72371   0.80696   2.62499    1262   14
   185   4.11132   1.79463   2.37165    1506   15
   186   1.81445   3.04506   0.76385    1241   12
   187   0.21937   0.89463   3.75843    1272   15
   188   3.04895   2.00628   2.04940     822   13
   189   1.11364   2.09657   1.57536    1558   16
   190   5.42452   0.55778   3.57086    1119   12
   191   3.27566   1.38222   4.42273    1086   13
   192   1.23098   0.74565   3.17366    2391   18
   193   1.21864   1.68194   4.64133    1157   15
   194   2.76079   1.02570   5.87120    1493   16
   195   1.80165   1.56764   4.11151    1499   17
   196   6.05793   1.90714   1.13675    1092   16
   197   2.82317   0.96919   3.12631    1067   13