     1   0.00000   0.00000   0.00000       0    0
     2   3.24039   1.05161   3.45738    1993   19
     3   0.20452   2.21285   5.86759     810   14
     4   3.75391   2.48217   0.31662    1678   20
     5   3.46078   1.07137   1.82996    1553   17
     6   5.04493   1.23635   4.13816    1419   16
     7   5.08640   1.32902   5.77855    1249   19
     8   4.01006   2.43298   0.57991    1790   16
     9   0.26547   2.15841   6.04555    1635   18
    10   5.04638   1.20845   5.76823    1102   14
    11   2.02030   1.71804   2.20545     856   13
    12   0.77816   0.61293   5.80835    1143   17
    13   3.44054   1.13639   3.47183    1158   13
    14   3.35850   1.08422   5.18136    1233   12
    15   3.45657   1.09023   1.78496    1232   14
    16   4.14901   2.48924   0.62621    2777   23
    17   0.05976   2.13698   4.24194     598   10
    18   1.01038   0.64524   0.92445    1489   13
    19   0.19924   2.12762   5.99880     879    9
    20   2.08556   1.85224   3.63118    1194   18
    21   0.73644   0.52679   2.79995    1677   16
    22   3.31987   0.95495   3.41256     688   13
    23   3.99638   2.43895   5.38009    1301   13
    24   1.01813   0.62696   5.68543    1924   19
    25   4.05174   2.46124   2.08276     849   16
    26   1.88121   1.94579   1.98991     808   11
    27   0.22248   2.22046   2.83410    1977   19
    28   3.35663   1.14596   0.41839    1755   16
    29   0.70974   0.52999   1.19709    1855   19
    30   3.33197   1.05963   1.93510    1172   16
    31   0.74011   0.72204   5.78691    1567   14
    32   0.91650   0.58860   4.11639    1625   17
    33   0.77816   0.61293   5.80835    1268   14
    34   3.31996   0.97734   1.79497    1878   16
    35   3.25339   1.04247   0.25586    3267   23
    36   0.76389   0.59773   5.80004    1658   16
    37   5.23951   1.30120   4.08059    1037   13
    38   5.14519   1.22838   2.56380    1695   17
    39   0.32456   2.13623   5.86731    1320   15
    40   4.07562   2.41922   0.54655    1486   19
    41   1.97985   1.86015   2.20293     739   11
    42   4.00040   2.53366   2.09633    1524   17
    43   3.43825   1.00111   2.02110    1321   18
    44   3.34494   1.13822   1.96870    1299   12
    45   5.01829   1.33257   2.74647    1483   16
    46   0.13009   2.09269   2.74902    1683   16
    47   4.10222   2.47226   3.86307    1305   14
    48   0.74167   0.69378   2.77229    1488   13
    49   3.97798   2.69118   2.11233     741   10
    50   4.01596   2.58797   3.82081    1292   15
    51   4.99325   1.32245   5.67139    1479   16
    52   4.05174   2.46124   2.08276    1087   14
    53   5.17311   1.26193   0.90358     897   14
    54   0.15164   2.14128   4.33027     894   12
    55   3.33344   0.95247   0.26749    2628   22
    56   3.92202   2.57552   0.38630    1295   14
    57   5.12066   1.23033   4.18604    1666   14
    58   0.81530   0.53920   1.18931     768   11
    59   5.04599   1.24392   2.55592     987   13
    60   4.05779   2.47061   2.19564    1493   17
    61   5.07740   1.14660   0.97434    1421   17
    62   5.10028   1.23844   1.01472    1483   13
    63   1.87821   1.78745   2.04632    1380   13
    64   1.98222   1.82345   5.31560    1649   16
    65   1.98222   1.82345   5.31560    1648   16
    66   3.30178   1.08259   4.99478    1027   14
    67   3.21677   0.97088   5.08792     999   14
    68   0.92234   0.59175   2.48848    1230   15
    69   0.80591   0.74371   2.62999     935   13
    70   0.27864   2.17994   4.32864    1447   16
    71   0.35283   2.09476   2.91920    1192   14
    72   5.08749   1.29024   4.08722    1873   18
    73   4.09702   2.45125   0.53805    1199   15
    74   3.27198   1.07475   0.40660    1025   14
    75   0.88048   0.55883   4.13134    2443   23
    76   5.16280   1.25008   2.49454    1147   14
    77   0.09846   2.03970   5.85027    1064   11
    78   4.09782   2.57191   0.51031     928   13
    79   3.28474   1.09925   5.01404    1407   15
    80   1.98340   1.92298   2.01052    1924   18
    81   0.62332   0.61190   2.85162    1276   14
    82   4.05508   2.62452   3.86606    1230   12
    83   1.95596   1.90060   3.72085    1107   14
    84   5.14519   1.22838   2.56380     815   11
    85   1.04085   0.58775   0.75708    1100   13
    86   0.61716   0.61423   1.13788    1026   14
    87   3.94381   2.62064   2.04788    1501   14
    88   5.04493   1.23635   4.13816    1693   16
    89   5.22571   1.29887   2.44566    1576   19
    90   0.95310   0.66917   4.01162    1319   14
    91   3.84613   2.46874   1.96972    1436   15
    92   5.25251   1.27248   5.66001    1577   16
    93   0.92234   0.59175   2.48848     876   13
    94   4.03308   2.57431   3.64678    1812   15
    95   3.42858   1.11395   5.02357    2161   21
    96   3.22417   1.01570   0.44593    1188   13
    97   3.33967   0.96186   3.56771    1914   17
    98   5.14519   1.22838   2.56380     853   14
    99   0.87970   0.60557   2.60380    1105   13
   100   3.25116   1.13404   1.98127     999   11
   101   3.47208   1.03670   0.23233    1132   15
   102   1.93075   1.86233   2.12334     994   12
   103   0.61716   0.61423   1.13788    1487   15
   104   3.39428   1.12466   0.44932     851   14
   105   0.16231   2.02197   2.82450    1284   14
   106   0.24994   2.09622   5.94481    1573   16
   107   1.02071   0.55283   0.89204     555    9
   108   3.28474   1.09925   5.01404    1115   14
   109   3.43681   1.08002   0.25322     813    9
   110   0.15164   2.14128   4.33027    1558   16
   111   2.01782   1.87929   5.28806    1157   14
   112   5.20827   1.33253   2.50465     765   10
   113   2.01101   1.94670   2.02522    1269   12
   114   3.36142   0.99904   0.45159    1731   18
   115   2.10672   1.86988   5.30707    1558   17
   116   5.09869   1.27814   1.15807    1052   12
   117   0.97403   0.60347   0.80766    1541   13
   118   0.65558   0.66397   1.20104    1180   18
   119   1.92355   1.96825   2.26657    1493   14
   120   0.89671   0.64746   5.76565    1080   13
   121   2.01845   1.91826   0.69021    2195   18
   122   0.29647   2.09737   4.49306    1888   21
   123   1.97921   1.77817   3.71371    1429   13
   124   3.90439   2.48803   0.54351    1720   18
   125   3.27796   1.08908   0.42780    2124   22
   126   2.04162   1.74843   3.74480    1435   16
   127   0.31004   2.16849   5.93949    1481   14
   128   0.74167   0.69378   2.77229     798   13
   129   3.39446   1.05788   5.00071     965   14
   130   4.11789   2.54511   2.22393    1655   15
   131   4.12350   2.52159   5.25600    1120   17
   132   3.95789   2.49413   0.58875    1224   14
   133   3.37421   1.02352   0.42927    1280   15
   134   3.81588   2.61077   5.09663    1119   13
   135   3.84613   2.46874   1.96972     738   13
   136   5.23590   1.33076   5.62155    1932   15
   137   4.11247   2.46695   2.23196    1463   16
   138   0.07568   2.06612   5.86295    1764   16
   139   4.09926   2.54561   5.26602    1404   17
   140   0.00000   0.00000   0.00000    2109   19
   141   0.84718   0.67641   1.12633    1120   14
   142   5.09844   1.26256   4.16837    1911   16
   143   5.14237   1.18983   5.82342    1683   16
   144   1.92041   1.94347   3.63303    1026   12
   145   1.91407   1.82118   3.74884    1327   14
   146   0.54670   0.64165   1.25723     846   14
   147   2.05276   1.73744   0.55863    1683   15
   148   1.97906   1.83098   0.46133    1682   16
   149   3.95729   2.44435   1.99964    1168   13
   150   0.17521   2.19668   6.06027     892   14
   151   5.18297   1.39206   4.15186     646   14
   152   3.90091   2.52814   2.08920    1659   14
   153   5.07208   1.17824   2.69771    1282   14
   154   4.98572   1.32333   5.77677     877   12
   155   0.87289   0.59711   1.12933     979   15
   156   4.25289   2.51536   2.29641    1094   13
   157   3.29265   0.97991   2.02663    1105   12
   158   5.14523   1.21098   4.11678    1146   17
   159   4.98480   1.30969   2.63012    1277   16
   160   2.09230   1.91609   5.34735    1335   14
   161   0.80717   0.63488   2.55404     905   12
   162   0.06416   2.17121   5.88352     759   11
   163   5.18619   1.28332   1.07855    1808   18
   164   1.96666   1.78027   2.02846    1507   16
   165   0.16103   2.14912   4.28297     810   12
   166   3.93830   2.51370   5.19735    1002   17
   167   0.74301   0.70718   1.15057    1298   12
   168   0.87289   0.59711   1.12933     727   10
   169   3.39356   1.16926   5.02072    1366   17
   170   0.19882   2.05550   6.05826    1496   12
   171   4.23480   2.58697   2.25413    1196   14
   172   4.11561   2.43985   0.65280     908   11
   173   0.17521   2.19668   6.06027    1273   17
   174   2.01094   1.81601   5.37117    1415   15
   175   2.09188   1.89901   5.28493    1225   15
   176   3.23903   1.12622   3.53360    1133   16
   177   2.04162   1.74843   3.74480     972   17
   178   0.87289   0.59711   1.12933     823   13
   179   0.82442   0.61861   2.71662     979   11
   180   2.08836   1.79759   0.63055    1339   17
   181   5.04599   1.24392   2.55592    1517   16
   182   0.94893   0.53724   2.63445    1911   18
   183   3.39612   1.09108   1.89913    1363   17
   184   1.92610   1.87686   5.28629    1803   22
   185   5.18738   1.24854   2.43691     945   12
   186   5.10710   1.24644   1.04654     843   10
   187   5.09782   1.18340   0.95004    1275   15
   188   2.04443   1.90256   0.56481    2122   18
   189   2.02581   1.74505   0.53527    1403   16
   190   5.13585   1.16374   4.13058    1635   16
   191   2.08836   1.79759   0.63055     727   11
   192   5.19221   1.37738   0.91695    1461   17
   193   0.15525   1.94807   5.94514     823   10
   194   3.36659   1.14874   1.86853    1065   14
   195   0.87289   0.59711   1.12933    1366   18
   196   0.14941   2.05081   4.25124    1364   14
   197   5.14107   1.14014   5.76279    1010   14
   198   3.44106   1.11572   3.41319    1152   11