     1   0.00000   0.00000   0.00000       0    0
     2   4.01804   2.60548   4.27873    1126   15
     3   6.18282   1.97146   2.67420     670   11
     4   1.47999   2.15597   0.29287     456   10
     5   3.97016   2.47521   0.94517     939   17
     6   2.86419   1.16556   0.50276    1480   15
     7   6.08213   1.89515   2.68120    1584   17
     8   1.50623   2.00567   3.58348     637   14
     9   5.93968   1.99499   2.53852     718   11
    10   4.06059   2.49926   1.06035     652   14
    11   1.44242   2.19971   5.03647     960   14
    12   4.59192   1.10746   5.91551    2118   22
    13   4.07593   2.57639   2.71280     597   13
    14   6.03816   1.86004   2.73117     672   14
    15   4.60946   1.04110   1.26925     649   12
    16   0.82542   0.66621   5.40630     553   11
    17   1.53671   2.02538   3.59436     704   12
    18   0.75054   0.65215   3.69920     495   11
    19   4.71121   1.18483   4.31381     865   12
    20   4.04383   2.48772   2.63625     682   12
    21   4.60086   0.99395   1.22136     498   10
    22   3.89871   2.56116   2.56134     994   13
    23   4.12195   2.57278   5.80482     668   13
    24   5.94661   1.90045   0.94288     896   12
    25   2.87708   1.16373   5.17930     738   12
    26   1.64246   2.04475   3.51810     969   14
    27   1.40192   1.94645   3.40804    1335   16
    28   1.47223   2.05633   0.31000     460   10
    29   6.12322   1.95026   5.75976     542   10
    30   1.48931   2.05560   5.10379     662   12
    31   6.08722   1.94724   5.84356    1464   18
    32   1.63773   2.06872   5.23891    1267   13
    33   4.54830   1.12542   5.96471    1539   17
    34   1.41814   2.11193   0.40424    4908   30
    35   5.97433   1.86883   0.96247    1964   22
    36   6.12322   1.95026   5.75976     611    9
    37   0.89588   0.59143   5.19522    2352   19
    38   5.99519   1.84437   2.57474     703   11
    39   0.92494   0.62302   3.70085     486    8
    40   2.91982   1.25837   0.39234     539   11
    41   2.86021   1.14086   5.22993     706   13
    42   2.94103   1.12257   0.42569    2931   21
    43   0.77398   0.54964   0.59046     556   10
    44   4.06586   2.44577   1.10448    1362   17
    45   0.84178   0.50032   0.69290    1866   19
    46   3.94212   2.54927   0.94606    1414   16
    47   1.47999   2.15597   0.29287    2917   18
    48   0.75059   0.56398   3.93326    1965   16
    49   2.83837   1.12951   2.04389     883   14
    50   6.02275   1.81148   4.10845    3860   24
    51   4.68079   1.03975   1.18128     998   15
    52   1.03117   0.57402   5.21326    1659   21
    53   3.94132   2.57472   0.98965    1596   19
    54   0.86224   0.49663   5.28407    2187   24
    55   1.56243   2.13206   0.33231    2097   17
    56   0.83169   0.79576   5.36455     624    9
    57   0.87640   0.54362   2.16179     755   11
    58   6.07857   1.80100   4.18409     300    9
    59   0.81778   0.75103   5.30236    1537   18
    60   1.53671   2.02538   3.59436    1656   19
    61   3.97724   2.37583   5.69429     684   12
    62   4.78480   1.00525   1.05071     948   10
    63   0.64249   0.70880   5.43891     742   10
    64   0.86983   0.58304   3.81924     298    9
    65   5.94661   1.90045   0.94288     618   11
    66   4.66657   1.18731   4.20895    1541   18
    67   0.97741   0.54992   5.14166     771   14
    68   4.07489   2.61171   5.74992     591   11
    69   3.86869   2.60420   4.08892     831   12
    70   2.76221   1.16162   0.56859    1191   14
    71   6.01894   1.83114   5.76367     843   16
    72   1.10744   0.60734   3.56663    1024   14
    73   1.56689   2.07236   0.43590     879   14
    74   3.04445   1.12136   3.52512     893   16
    75   1.38906   2.05886   1.79513    1773   17
    76   4.65892   1.02734   4.45014     627   14
    77   6.04809   1.91521   2.49334     439   12
    78   1.56243   2.13206   0.33231     641   14
    79   4.78254   1.04606   5.87431     972   13
    80   1.68341   2.05438   2.05050     773   12
    81   1.46323   2.12004   5.09122    1099   17
    82   4.76440   1.09422   4.28054    1240   13
    83   4.73562   0.99209   2.65959    2228   19
    84   4.77207   1.07172   1.11203    1158   13
    85   3.89474   2.59634   3.98622     521    9
    86   6.08299   1.97033   4.21109    1490   17
    87   1.44787   2.05686   5.06268     475   11
    88   1.46852   2.10253   3.42721     432   10
    89   0.78768   0.72279   0.75497     504   10
    90   5.94661   1.90045   0.94288     525   12
    91   3.88157   2.56327   5.69011    1362   16
    92   1.55332   1.97867   0.35880    2508   22
    93   4.66412   1.17490   5.88454    1129   15
    94   5.92740   1.92357   2.52402     917   13
    95   1.54584   2.16784   5.13512     714   10
    96   6.01318   1.79675   5.85133    1302   16
    97   6.14687   1.81460   5.85525    1688   18
    98   2.82945   1.31575   0.45124     755   11
    99   0.81253   0.58422   0.64711    1415   14
   100   1.54272   1.98369   3.45656    1876   19
   101   6.06805   1.79858   2.58841    1192   13
   102   4.78755   1.06054   5.87558    1406   16
   103   1.51355   2.10410   3.65137    3176   22
   104   2.81457   1.15303   0.65064     442   10
   105   0.84498   0.51723   0.69779    3004   19
   106   1.56251   2.15657   3.54203    2006   15
   107   4.65029   1.07245   5.96882     883   13
   108   2.96100   1.23858   2.06519     899   15
   109   3.87442   2.45560   0.83475     865   16
   110   6.11750   1.90980   2.71897     926   14
   111   2.84113   1.14477   3.82085     634   11
   112   6.05713   1.84846   4.11219     654   12
   113   6.15942   2.00805   4.26745     948   15
   114   1.42397   2.07040   3.47665    2071   19
   115   2.88643   1.23627   3.60627    3707   24
   116   0.73462   0.56973   2.13935     959   15
   117   5.94661   1.90045   0.94288     472   12
   118   6.18247   1.94809   5.76880    1544   14
   119   2.92901   1.18353   5.27316    1269   15
   120   4.64675   0.98047   1.19218     757   10
   121   6.13515   1.88282   2.62710    1320   18
   122   1.48218   2.16285   0.40846     884   10
   123   5.94661   1.90045   0.94288     376   10
   124   2.88326   1.17487   0.50668    1322   18
   125   1.00384   0.56514   2.09927     605   14
   126   0.92494   0.62302   3.70085    1025   17
   127   4.61767   0.96859   2.70605     508   10
   128   5.99601   1.92466   1.15113    1921   17
   129   4.05923   2.58732   5.75217    1536   16
   130   2.91800   1.12280   0.47477     691   11
   131   1.54198   1.98371   0.39015     921   13
   132   0.87959   0.55619   2.12181     510   10
   133   3.85737   2.38322   2.48429    1231   17
   134   6.04731   1.84132   2.61918    1743   14
   135   1.61634   1.96485   1.98955     423    9
   136   6.03974   1.91766   5.88531    1097   14
   137   1.47768   2.04550   0.24926    1343   17
   138   1.47999   2.15597   0.29287     959   13
   139   1.68592   2.06502   2.08774     839   13
   140   4.02545   2.53301   4.25434    1156   14
   141   2.87549   1.28823   0.60526     620   12
   142   1.63008   2.05347   0.40881    1252   13
   143   1.59170   2.16114   2.06684    2852   24
   144   2.84414   1.21815   2.03164     870   13
   145   4.67361   1.00538   5.84442    2396   21
   146   6.18541   1.91652   4.29393    1150   17
   147   1.44177   2.17825   5.09883    1254   16
   148   0.87622   0.69974   3.70630     831   15
   149   0.87391   0.69917   0.43042    2253   22
   150   1.50646   1.94261   5.02070    1508   17
   151   4.71121   1.18483   4.31381    1184   13
   152   0.73211   0.46376   2.17783     870   17
   153   1.44300   2.11379   0.31044     919   15
   154   0.83493   0.58875   3.70609     967   16
   155   3.84765   2.45896   5.51147     825   13
   156   4.58308   1.18854   5.92271    1707   19
   157   5.94661   1.90045   0.94288    1533   16
   158   1.55594   2.03009   2.06438    1965   18
   159   2.96382   1.31802   2.11461     673   11
   160   0.88696   0.59602   5.32444    1167   14
   161   0.78167   0.55832   3.91650     615   11
   162   3.87079   2.58865   4.02761    1528   18
   163   4.79359   1.06929   4.37312    1199   20
   164   1.53986   1.93898   2.06413     514   12
   165   2.91527   1.22725   3.74729    1002   14
   166   1.53671   2.02538   3.59436     874   11
   167   1.62275   2.08018   0.32400    2909   21
   168   0.86964   0.62134   2.10784    2025   18
   169   3.00203   1.16207   0.48056     382   10
   170   0.78073   0.73341   3.80980     490   10
   171   6.13454   1.87609   0.97617    3127   22
   172   2.95862   1.31501   0.56859     938   14
   173   1.70589   2.14981   0.54005    1180   13
   174   4.71121   1.18483   4.31381    1220   16
   175   0.86666   0.49329   5.25489    1091   16
   176   4.04894   2.50539   4.09380     421    8
   177   5.94661   1.90045   0.94288     413   11
   178   1.48131   2.12792   3.44255     698   13
   179   1.52980   2.02574   2.03262    1617   18
   180   0.95262   0.72105   3.74758    1072   17
   181   1.50623   2.00567   3.58348    1319   17
   182   6.08191   1.94734   5.80858    2203   22
   183   6.05713   1.84846   4.11219     615   12
   184   2.97713   1.17781   3.63549    1131   13
   185   5.94701   1.98111   4.21291     406    9
   186   1.48512   2.05993   0.30447     933   13
   187   4.73419   1.07758   4.20778    1418   16
   188   0.60963   0.67067   2.36760    1723   17
   189   6.03127   2.01010   2.59180    1337   13
   190   4.72284   1.09391   2.78096    1559   18
   191   5.93808   1.86217   2.58875     765   11
   192   4.56519   1.05699   1.21328    1583   21
   193   6.14717   1.91012   1.10538     432   11
   194   2.74334   1.16816   5.32430    1307   13
   195   1.51355   2.10410   3.65137     676   12
   196   4.70496   1.08028   5.85797    1687   16
   197   0.94248   0.69163   5.14249     444   10
   198   4.78953   1.07641   1.14833    1076   11
   199   5.92991   1.96540   5.74478    1224   19
   200   0.95279   0.52427   0.46769    1118   15
   201   2.94607   1.26400   0.41589     702    9
   202   6.14717   1.91012   1.10538     430    8
   203   6.16347   1.87556   1.10125    1059   14
   204   4.66412   1.17490   5.88454     357    8
   205   0.84427   0.54942   0.72395    3889   24
   206   4.07269   2.56414   4.33505    1031   15
   207   3.00706   1.32559   3.69715    1710   17
   208   3.00513   1.26067   5.22618    1174   17
   209   6.11738   1.93155   1.10196     964   12
   210   4.76612   1.04924   1.15705     996   13
   211   1.02248   0.61793   5.04076    1159   14
   212   1.47999   2.15597   0.29287    1443   19
   213   4.67267   0.98654   4.26380     498   10
   214   1.54403   2.09470   2.08843    2319   23
   215   4.53794   1.16333   1.24713    1044   14
   216   0.79528   0.74929   2.18936     397    6
   217   1.57143   2.12991   3.51086    1668   18
   218   1.48190   2.03167   0.37812    1466   16
   219   4.65656   0.95018   4.33360     680   11
   220   6.14687   1.81460   5.85525     477   14
   221   2.92474   1.26431   0.61624     959   15
   222   5.93240   1.97071   4.24544     653   14
   223   2.98759   1.33703   3.60365    1148   16
   224   4.01324   2.58376   5.83359    1082   14
   225   4.59092   1.16454   1.19426    1110   17