     1   0.00000   0.00000   0.00000       0    0
     2   3.62979   2.83930   4.29280    6223   18
     3   0.33568   0.42693   2.20353    3941   13
     4   2.49035   1.34216   0.18310    4404   14
     5   2.38246   1.43799   3.54699    3253   11
     6   4.15513   1.27734   6.03976    2971   15
     7   2.51628   1.30827   3.44633    4238   16
     8   4.16944   1.34056   5.99686    4515   13
     9   5.51869   1.71274   2.78757    2395   10
    10   5.51240   1.78006   6.07673    4557   19
    11   3.65403   2.80571   2.77460    3176   14
    12   0.17697   0.47637   3.93737    4265   16
    13   2.53983   1.28959   0.22205    5707   18
    14   3.95666   1.49408   2.15535    2772   12
    15   4.15513   1.27734   6.03976    3908   14
    16   5.60041   1.79406   4.27270    2273   10
    17   4.01243   1.30739   5.98226    4885   13
    18   4.19863   1.20216   6.10513    2808   11
    19   2.56351   1.42694   1.82613    4429   15
    20   3.17718   2.68561   3.88538    5522   17
    21   0.32457   0.40285   3.83162    3086   13
    22   0.49358   0.47917   0.48005    3634   12
    23   0.90636   1.87574   5.03920    4062   13
    24   4.16434   1.34272   1.30028    3582   14
    25   0.92346   1.95166   3.35678    5206   18
    26   0.38645   0.43370   5.21964    2978   12
    27   2.50793   1.37972   4.98125    2241   10
    28   0.51349   0.46957   0.45102    4569   15
    29   5.51869   1.71274   2.78757    4852   18
    30   2.35381   1.38462   1.81664    3304   12
    31   4.04914   1.29683   4.36716    3177   12
    32   2.44542   1.39539   1.98172    5870   17
    33   5.55089   1.88638   1.25807    5651   19
    34   0.99973   1.80783   0.25485    4733   14
    35   0.92482   1.81611   1.80309    3940   14
    36   3.13072   2.70324   2.35632    3819   13
    37   0.82424   1.95072   3.31211    4268   14
    38   0.95414   1.89742   5.01150    5893   17
    39   0.23440   0.40552   2.28081    4752   13
    40   6.24588   0.29639   0.83522    4390   14
    41   3.51126   2.73353   5.70174    4996   15
    42   3.17715   2.72850   3.82697    4579   17
    43   0.47672   0.46790   1.99600    3343   14
    44   2.39726   1.28950   0.46496    2981   12
    45   5.70406   1.77967   2.75600    3878   16
    46   3.34715   2.79101   3.96323    2555   13
    47   3.60125   2.71011   2.71473    4344   15
    48   0.98361   1.94972   1.77006    4571   13
    49   2.53543   1.42339   1.86317    2624   12
    50   2.46875   1.28003   3.33557    3796   15
    51   5.51181   1.86028   2.74382    3244   13
    52   4.16936   0.32332   3.80640    4537   17
    53   5.54300   1.79090   4.31016    3250   15
    54   2.39726   1.28950   0.46496    2816   14
    55   2.48450   1.33536   0.19631    5027   18
    56   0.45567   0.40332   5.04636    3238   13
    57   0.65122   0.40723   5.08151    2921   11
    58   0.99973   1.80783   0.25485    4801   16
    59   0.34304   0.27384   0.65484    4568   17
    60   5.67161   1.78663   4.37009    4824   13
    61   4.04431   1.41593   6.15549    6117   19
    62   2.52192   1.36747   0.31391    4504   16
    63   3.56885   2.83825   5.77874    5132   15
    64   0.02830   0.34869   0.96892    2402   14
    65   0.46991   0.27942   5.28162    3671   16
    66   3.39864   2.90881   4.05673    3176   12