     1   0.00000   0.00000   0.00000       0    0
     2   4.03314   0.60072   5.81655    1300   13
     3   2.63848   2.42324   0.92988    1477   13
     4   2.74928   0.81810   5.60472    1512   13
     5   0.74212   2.49143   3.03625    1487   12
     6   2.53586   0.80752   1.17328    1573   15
     7   4.74655   2.20051   2.34768    4781   21
     8   2.52212   0.53271   4.56580    1277   13
     9   3.98849   1.63843   0.20121    1749   17
    10   4.61326   2.38597   4.59756    1607   15
    11   1.45620   2.30060   5.74638    1980   15
    12   3.41052   2.38691   1.37875    1740   15
    13   5.22928   1.40767   5.95903    2264   17
    14   4.34850   2.59857   4.77361    1407   14
    15   4.40542   1.52272   1.41086    1806   14
    16   1.57567   2.62697   0.67001    2163   14
    17   5.11530   1.97200   5.12531    1197   14
    18   1.17749   2.93872   2.37804    2187   16
    19   0.43015   2.54305   5.17076    1468   13
    20   0.52160   2.71779   0.19024    1200   11
    21   1.14799   2.15106   3.67922    2139   14
    22   1.04618   1.52312   5.37397    1612   15
    23   4.09168   2.48650   4.44904    1093   10
    24   1.34501   1.49925   1.95225    1356   13
    25   5.32830   0.77342   5.30125    3165   19
    26   0.40309   1.00188   2.87606    1644   14
    27   5.59179   2.17690   5.32939    1828   15
    28   5.57189   2.32772   0.17548    2393   16
    29   5.84570   1.76313   3.86779    2099   16
    30   0.65792   2.57113   0.01453    1405   11
    31   5.94126   1.53035   4.73109    1492   13
    32   0.32914   0.91495   2.97594    2178   18
    33   1.33147   2.29144   2.02137    2865   18
    34   1.40239   1.21895   0.78438    1932   14
    35   2.50128   0.06746   5.34405    1502   15
    36   4.74996   2.87218   6.14026    1049   13
    37   3.43959   0.69669   2.03792    2273   18
    38   0.90567   1.50872   4.57582    1944   18
    39   0.96215   1.38516   3.67737    1936   17
    40   5.02997   0.64063   6.07385    1736   14
    41   2.06284   2.10868   2.85787    1979   16
    42   2.27145   2.60520   3.12137    1100   11
    43   1.98520   0.70828   2.28578    1378   14
    44   3.20936   0.78637   4.13759    2072   17
    45   0.04025   1.54020   4.97537    1015   12
    46   5.58395   2.20065   3.46895     657   11
    47   3.38319   1.29069   0.42541    3081   17
    48   1.33294   1.51592   3.54239    2126   15
    49   1.13339   2.25670   3.50197    1738   14
    50   2.77090   0.38357   1.08880    1195   12
    51   2.09373   1.58823   5.76543    1500   12
    52   2.86738   0.75070   5.24399    1640   13
    53   2.59115   2.31171   2.18395    1673   14
    54   1.86469   1.52147   4.47139    1800   15
    55   4.77379   2.51071   4.68039    2517   20
    56   5.58092   1.76744   1.05398    1861   14
    57   2.32312   1.06065   2.21847    1726   15
    58   5.68740   2.52495   4.49530    1150   12
    59   0.26948   1.56658   4.61288    1854   15
    60   3.21180   1.11312   1.18271    1471   13
    61   5.98229   1.27368   5.20418    1733   16
    62   0.26329   2.32396   2.22516    2439   15
    63   2.23828   1.18922   1.08784    1136   10
    64   3.24815   2.03720   4.89441    1125   14
    65   5.50597   1.12127   4.54288    3322   16
    66   6.23114   1.50948   0.21685    1969   15
    67   0.70888   2.26996   2.78854    1579   16
    68   6.12953   2.34172   1.34454    1928   16
    69   1.93953   2.48052   2.91953    2323   20
    70   5.68600   2.40854   1.71185    3148   19
    71   1.01992   0.87629   2.15780    1332   13
    72   3.65682   1.55175   2.80335    2137   17
    73   6.27552   1.89439   4.61219    1566   17
    74   3.65154   0.31284   5.09558    1783   16
    75   3.01654   0.75900   5.49310    2920   19
    76   6.08822   1.48780   0.67857    2800   21
    77   5.23093   0.83069   4.10326    2112   17
    78   0.17265   0.88032   4.31050    2406   17
    79   2.41748   1.30217   2.28322    1318   14
    80   0.00409   0.93550   2.76085    1805   15
    81   1.55004   1.58073   2.69059    2355   16
    82   4.83864   1.08728   0.04999    2174   17
    83   3.94624   1.84039   5.37404    2121   19
    84   0.24591   2.52417   2.40094    1746   15
    85   2.87263   2.78027   2.33731    1354   12
    86   2.05622   0.88965   1.97619    1295   13
    87   4.87248   1.67337   2.92682    1612   13
    88   0.13424   1.17891   5.10034    1788   15
    89   5.62297   0.70542   5.96468    2364   14
    90   3.30760   2.72855   4.47564    1744   16
    91   2.10799   1.43683   3.70545    1286   12
    92   5.47267   2.04570   1.52552    2481   15
    93   1.56986   2.06383   2.75733    2025   15
    94   3.86041   0.62915   5.60374    2346   17
    95   3.45006   0.34399   4.04123    2268   19
    96   2.11694   3.10566   6.01961    1445   15
    97   1.01094   1.90410   0.97692    1903   13
    98   5.95307   0.97608   4.21808    1463   12
    99   0.33676   1.80274   0.84029    1935   16
   100   0.67063   1.02432   5.18423    2149   15
   101   3.30619   2.68337   4.44937    3564   17
   102   2.48464   1.43822   4.91166    1384   14
   103   3.47727   2.58718   5.71593     736   10
   104   0.26310   1.37283   4.59079    1781   14
   105   1.11486   0.48318   1.91465    1928   15
   106   0.06028   2.05230   5.02136    3275   21
   107   5.86371   1.34426   2.22220    2951   16
   108   0.35990   0.40183   5.21491    1224   11
   109   3.62277   2.75618   3.48006    1402   11
   110   1.73153   1.87420   2.48230    1601   14
   111   1.12397   2.18432   3.56200    1796   14
   112   5.68705   2.23111   3.08767    1431   16
   113   3.50482   2.06468   5.57061    2678   21
   114   2.69556   1.71071   2.84871    1353   13
   115   3.10079   2.38800   5.19681    1148   12
   116   1.88646   1.15309   0.00771     861   11
   117   1.29572   2.43521   5.45942    1657   15
   118   2.27886   1.26195   2.23300    1092   12
   119   0.52089   1.30432   1.63157    1398   13
   120   3.08557   1.97776   0.17264    1504   14
   121   3.74038   2.12088   4.19921    2165   15
   122   2.36000   1.25704   5.32936    1216   12
   123   5.13298   2.37966   0.25175    1579   13
   124   3.78399   2.62900   0.26586    2186   16
   125   3.27304   2.37929   2.53369    1580   12
   126   5.88468   0.30573   6.05876    1235   12
   127   0.09979   1.52347   2.95474    1458   12
   128   0.19928   0.77971   0.29255    1812   16
   129   0.74395   2.17645   6.18888    3782   19
   130   3.87121   1.37312   0.54557    1735   14
   131   6.09236   1.45361   4.45893    2023   16
   132   5.14671   1.20502   0.28086    1333   14
   133   5.48163   2.82239   1.03643    2001   16
   134   5.34244   1.21801   5.26159    1499   11
   135   5.49338   1.00469   5.45726    1077   11
   136   2.29261   0.87995   5.48753    2294   16
   137   3.17977   2.08530   5.77404    1273   16
   138   3.64428   1.78192   0.85526     967   13
   139   4.94255   0.94064   2.00984    1663   14
   140   4.55054   1.24633   6.12329    1729   12
   141   3.43452   1.20405   5.99214    1342   11
   142   0.78347   0.88223   0.76743    1685   13
   143   1.67729   0.80914   2.19559    2424   15
   144   2.40350   0.83830   3.14050    1428   13
   145   2.04724   0.90975   1.71406    1810   18