     1   0.00000   0.00000   0.00000       0    0
     2   0.95587   0.24763   2.81785    1528   14
     3   3.65708   1.29054   4.62635    1004   15
     4   0.46967   1.96616   3.24176     811   13
     5   3.70205   1.36130   6.26962     664   11
     6   5.16040   1.61783   2.85569    3134   20
     7   0.12081   0.20902   3.60332    2372   22
     8   0.61938   1.87623   3.18439    3803   23
     9   0.51421   1.86634   3.08478     483    9
    10   0.32309   0.21578   1.71489     599   11
    11   0.60225   1.88581   1.63787     369    9
    12   3.78781   2.87302   0.04221    1850   14
    13   3.77536   1.30441   1.46387     878   15
    14   0.41856   0.30619   1.71147    1914   19
    15   3.67797   1.33824   3.08997     741   11
    16   2.08180   1.58133   1.86513    1349   15
    17   3.78574   1.27941   4.68505    2284   23
    18   3.49633   2.80900   6.06018     599    9
    19   3.85738   2.80417   0.27264    1246   14
    20   0.32309   0.21578   1.71489     642   13
    21   3.71228   1.20023   6.19364     943   15
    22   0.37426   0.39563   4.78965    3416   23
    23   0.65237   1.86958   4.84165     860   12
    24   3.67797   1.33824   3.08997    1370   14
    25   3.70205   1.36130   6.26962    3187   20
    26   3.83472   1.36036   3.06778     736    9
    27   3.44656   2.91903   6.06382     440   10
    28   3.71145   2.81392   3.19693     491   11
    29   3.71174   1.36165   1.49325     387    9
    30   2.18268   1.66160   0.27358     535   12
    31   0.66972   1.78959   4.87318    1589   17
    32   2.20972   1.44216   5.07504    1768   17
    33   5.25010   1.55829   1.30593     408    7
    34   0.45884   0.22479   4.88493     769   10
    35   0.48454   1.88268   1.63419    2549   22
    36   3.31792   2.92214   5.82678    3370   25
    37   5.27534   1.68270   1.35485    1204   18
    38   0.08642   0.32730   0.45233    4507   23
    39   5.34703   1.69349   4.55198    1043   11
    40   2.06534   1.64228   1.81359    1009    8
    41   3.65708   1.29054   4.62635     479   12
    42   0.01282   0.32327   5.23979    1944   16
    43   0.78468   0.27509   2.98831     361    7
    44   2.06879   1.64418   3.49244     981   14
    45   3.92394   2.82115   4.98726     934   18
    46   5.34703   1.69349   4.55198     550    8
    47   0.26342   0.31808   1.98202     735   12
    48   5.30630   1.62071   4.41574     388    8
    49   3.41968   2.86008   2.87635     468   10
    50   3.57586   2.71102   3.08834    1089   15
    51   3.66826   1.13431   3.14055    1256   15
    52   2.11644   1.47665   1.97711    1307   16
    53   0.54077   1.87864   4.83133     609    8
    54   3.28083   2.80008   4.28089    1550   13
    55   3.61116   2.92662   4.56193    2097   21
    56   0.34341   0.34555   1.81656    1873   16
    57   0.41349   0.24611   4.78709     896   14
    58   3.45050   2.96661   2.94316     769   12
    59   3.68714   2.72505   0.09171    1836   18
    60   3.22835   2.86134   4.16013    1022   16
    61   0.55602   0.41838   1.62432     875   13
    62   3.35690   2.84180   2.90968    1034   12
    63   0.18168   0.31693   0.29435     641   11
    64   3.57470   1.18417   4.78639    1051   13
    65   5.30197   1.63845   2.81813     475   10
    66   3.71174   1.36165   1.49325    2433   16
    67   3.49633   2.80900   6.06018     230    6
    68   5.18079   1.52353   4.31066    1630   14
    69   0.46344   0.27224   1.76168    2520   24
    70   3.65708   1.29054   4.62635     473    8
    71   3.79240   1.25290   0.06041    1928   17
    72   2.24492   1.55629   3.36117    1729   15
    73   0.66857   1.75658   4.77272    1710   15
    74   0.53008   1.90693   1.62022    1115   16
    75   0.35346   0.20400   1.70008     795   11
    76   3.78577   1.23997   3.10838     907   15
    77   5.41430   1.53690   1.23323    2579   18
    78   5.39165   1.56299   6.06179     530   12
    79   0.29894   0.42229   3.39772     634   12
    80   5.18079   1.52353   4.31066    1563   17
    81   0.32214   0.37968   4.92444     236    6
    82   3.83961   1.36311   6.24871    2634   18
    83   3.33632   2.85970   4.21348     468    8
    84   3.48723   2.85404   1.47562    2078   15
    85   0.32309   0.21578   1.71489    1320   15
    86   5.22668   1.56697   1.30040     530    8
    87   2.08242   1.55880   0.30965    1393   15
    88   0.18843   0.40332   5.07992    1491   19
    89   3.64106   1.26141   6.16278     547   11
    90   0.49273   0.38193   0.14988     833   14
    91   3.83259   1.14310   4.65724    3233   21
    92   2.21232   1.49750   5.00412     470   11
    93   2.22093   1.54653   1.90179    3639   20
    94   3.75913   2.75955   4.70500    4277   21
    95   3.49633   2.80900   6.06018     504    9
    96   3.55055   2.82279   4.66418    1497   14
    97   5.37643   1.51867   4.37043    1614   19
    98   3.55052   2.89368   4.48853     538    9
    99   2.14919   1.48618   1.95091     288    8
   100   5.32535   1.53362   2.87197     560   11
   101   0.32309   0.21578   1.71489     308    9
   102   0.18676   0.29999   5.08677    1280   15
   103   2.20321   1.45791   4.96702    2360   18
   104   0.53746   1.82173   6.23797     453    9
   105   5.18079   1.52353   4.31066     919   12
   106   0.15759   0.29254   5.24741    1199   14
   107   0.32309   0.21578   1.71489     442   11
   108   5.18079   1.52353   4.31066     593   12
   109   3.68227   2.87615   6.23970     596   13
   110   5.36931   1.65984   2.75341     917   11
   111   2.13645   1.45774   4.90805    3143   20
   112   0.80832   0.28615   4.43691    1046   14
   113   2.22720   1.46400   3.45402     325    6
   114   0.49454   1.95385   4.72769     677   11
   115   0.66972   1.78959   4.87318     892   12
   116   3.93152   2.91171   1.80340     520   10
   117   0.21200   0.21056   0.44782     406   10
   118   2.22874   1.51918   1.86443    4585   25
   119   3.80733   1.32477   4.63300     360   10
   120   3.75668   2.80429   3.29383    1706   14
   121   0.41395   0.41690   0.11495    1192   13
   122   0.57297   1.87566   1.66327    1057   10
   123   3.70621   1.34613   0.04928    1754   14
   124   5.19491   1.60592   2.84203     857   14
   125   3.87643   1.20049   6.11025    4121   25
   126   5.31534   1.56019   1.18495    1260   13
   127   0.49273   0.38193   0.14988    2552   19
   128   2.06463   1.64216   4.93068    1262   16
   129   5.38093   1.74862   1.31148    2304   20
   130   3.77716   1.29953   2.98455     615   12
   131   3.60280   1.19936   4.80197     873   12
   132   2.18340   1.48942   3.39666    2651   19
   133   3.65708   1.29054   4.62635    1163   13
   134   5.36808   1.72009   2.77871     408    7
   135   0.45598   0.22254   4.75998    3161   19
   136   3.68227   2.87615   6.23970    3440   25
   137   3.13932   2.79520   1.11457     370    8
   138   0.32773   0.32318   1.85288    2625   20
   139   3.54213   2.83024   6.13932     618   11
   140   0.47772   1.95500   1.60438     324    8
   141   5.18079   1.52353   4.31066    2030   16
   142   2.10436   1.63920   1.93675     688   12
   143   3.63172   1.33080   3.01969    3039   22
   144   3.57604   2.80543   1.43515    4561   25
   145   3.67878   1.32464   1.65876     494    8
   146   0.45895   0.27949   3.38410    3308   20
   147   2.24914   1.50850   3.44327     797   11
   148   3.65157   1.23791   4.70334     590    9
   149   3.76943   1.24123   4.62844    1828   11
   150   0.61565   0.31338   0.08116    3529   25
   151   2.04782   1.48268   4.90987    4047   23
   152   2.09417   1.63148   3.45833    2454   18
   153   0.72416   0.30108   6.04792    1310   13
   154   0.01142   0.31798   5.20343     877   12
   155   0.41857   0.28097   0.25715    3241   17
   156   5.27249   1.64135   6.08986    1094   17
   157   0.50260   0.34056   1.58936    2064   17
   158   3.84602   2.77718   3.23410    3296   24
   159   3.27923   2.81499   1.08471    1043   12
   160   0.62553   1.93249   0.18991    3277   19
   161   3.66384   1.27431   1.65438     641   11
   162   5.29321   1.65940   1.24348     584    8
   163   5.35659   1.65287   2.82380    1287   13
   164   0.63805   1.78586   4.76547     651   11
   165   3.84745   1.25240   4.67916     454    9
   166   0.12154   0.27953   2.13219    1344   14
   167   2.24424   1.49967   0.24926     941   11
   168   5.22986   1.61887   2.71959    4720   26
   169   2.14919   1.48618   1.95091    4637   25
   170   2.15932   1.43974   4.88013    3128   19
   171   0.59871   1.88775   1.58685    3729   23
   172   0.48597   0.26638   3.30111     399   12
   173   0.47408   1.83599   3.20561    1102   11
   174   5.38023   1.61985   6.07443    1877   18
   175   0.65421   1.86413   1.58140    1444   17
   176   5.20089   1.51018   5.91133     723    8
   177   5.39371   1.65916   2.82378     411    9
   178   0.62266   1.88575   3.10397    4174   25