     1   0.00000   0.00000   0.00000       0    0
     2   3.47980   1.54806   3.18617    2503   17
     3   5.12973   1.42185   2.92779    1223   13
     4   1.97793   1.58838   3.31434    3040   18
     5   3.56443   2.95756   3.38946     527   10
     6   3.55774   1.50118   4.85054     425    9
     7   1.77816   1.69393   4.86813    5214   17
     8   3.52078   1.36987   4.79977    2865   20
     9   5.04890   1.42493   3.07801    1448   12
    10   5.04110   1.41806   6.15255    1494   14
    11   0.57061   0.21606   1.28138     391    6
    12   3.36581   1.46126   1.66224     448    7
    13   1.98352   1.65340   4.75041    1488   16
    14   3.37974   1.46327   3.18666     923   11
    15   0.31831   1.75548   4.50456    1052   11
    16   3.39637   2.89004   4.71900    4101   27
    17   5.12973   1.42185   2.92779    3185   21
    18   3.43657   1.44508   1.57339    2199   15
    19   0.41581   1.72511   3.10369    1213   13
    20   0.82016   0.24084   2.68669     179    4
    21   0.24996   1.67917   4.58246     573   11
    22   3.47387   1.47868   3.24447    1141   13
    23   4.96766   1.36198   4.50310     566   10
    24   5.12973   1.42185   2.92779     303    6
    25   0.39572   1.67907   1.56057    3896   23
    26   4.46090   2.91040   4.12087    1414   17
    27   5.02674   1.43806   6.17685    1536   12
    28   4.60001   3.00186   4.20004     621   12
    29   0.40254   1.81765   6.12936     804    9
    30   3.62526   2.87746   0.08698     503   10
    31   5.00974   1.56695   1.37030     647   10
    32   1.93855   1.74075   0.27870    3161   26
    33   3.35392   1.41566   0.05180    2080   19
    34   1.93286   1.54864   0.15162     659   13
    35   0.37610   1.71319   1.51096     431    8
    36   3.77204   3.00981   3.40552     762   10
    37   1.98383   1.66310   1.81305    3510   21
    38   0.68414   0.25493   1.32130     886   12
    39   0.30030   1.70833   6.17613     981   16
    40   0.29517   0.15529   1.45207    1259   14
    41   4.15355   2.92033   5.52748    4769   22
    42   1.85782   1.67058   3.23850     466    8
    43   0.30581   1.59760   3.05655     670   10
    44   1.77782   1.79617   4.90579     606    9
    45   1.93286   1.54864   0.15162    3193   18
    46   5.02674   1.43806   6.17685     293    7
    47   1.90348   1.68164   0.06676    1492   14
    48   5.02674   1.43806   6.17685     413    9
    49   1.17209   0.20241   5.38040     596   10
    50   0.93656   0.32176   2.57273     758    9
    51   1.89403   1.75092   1.77602     967   13
    52   0.90256   0.12340   4.17392    1027   10
    53   0.99951   0.25577   0.82843     578   10
    54   0.28946   1.65960   4.64727     391   10
    55   4.70204   3.08690   1.31238     427    8
    56   3.46068   1.52734   0.12062    2769   18
    57   0.24996   1.67917   4.58246     256    5
    58   3.47233   1.51176   0.24925    2037   20
    59   0.38318   1.79097   3.05147     910   12
    60   3.47746   1.46112   0.00670    1519   13
    61   4.13744   2.89454   3.86331     669   11
    62   3.40896   1.39179   0.18464    2608   16
    63   0.28082   0.08905   4.76686     580   11
    64   0.40846   1.84213   3.07233    2964   17
    65   1.00750   0.22216   5.66309    3289   18
    66   3.95681   2.95720   3.64266     249    6
    67   0.20337   0.11779   4.84085    1044   13
    68   3.73391   2.89567   0.25969     348    8
    69   0.31831   1.75548   4.50456     579   11
    70   5.09189   1.48218   3.02772    1517   12
    71   5.10881   1.50828   4.46662     462   12
    72   1.79423   1.68015   0.16272     545    8
    73   0.32358   1.78323   6.18786    1818   22
    74   5.08043   1.52453   6.10798    1440   13
    75   3.33684   1.42365   0.17181    2724   20
    76   4.44228   2.88110   4.07504    5270   26
    77   5.12326   1.60741   2.89809     858   10
    78   1.85433   1.72998   0.17498     632   11
    79   4.21691   3.02387   2.45333     858   10
    80   0.79959   0.26665   4.19644    1524   15
    81   1.88184   1.61668   0.16364     907   11
    82   0.31831   1.75548   4.50456     797   12
    83   5.01298   1.44748   6.01370    1655   19
    84   0.68126   0.14543   2.86861    2509   19
    85   5.02658   1.53174   1.41741    4248   24
    86   0.34767   0.13172   6.11539    5458   25
    87   3.33943   1.39261   0.03238     586   11
    88   1.66997   0.18271   0.21327     944   11
    89   0.56898   0.16094   2.99975    2101   17
    90   4.27511   3.09657   5.57385    3532   20
    91   4.91975   1.57963   3.02829     598   12
    92   3.46335   1.34825   0.22556    3888   24
    93   1.96400   1.65650   3.39313     834   12
    94   1.10120   0.14941   2.36586     528   12
    95   0.88902   0.31747   4.10230    4003   21
    96   3.43101   1.52924   0.14061    1741   15
    97   1.97856   1.60021   3.28565    5532   25
    98   4.72691   3.08655   4.41169    1716   19
    99   0.64970   0.09422   1.21347    2153   15
   100   0.41091   1.67052   3.15596     282    7
   101   0.70499   0.26095   5.99676    1742   17
   102   0.28296   1.83742   1.51010     684   10
   103   1.31550   0.18640   5.38308     744   12
   104   1.89365   1.65790   1.67367    4270   22
   105   0.28296   1.83742   1.51010    3323   22
   106   3.55774   1.50118   4.85054     691   10
   107   3.37128   3.02626   6.22475     691   10
   108   1.05946   0.16512   0.93518    2892   15
   109   1.89616   1.74927   4.88293    3841   20
   110   0.33832   1.62607   1.57796     458    7
   111   0.31805   1.70396   1.44911     908   11
   112   5.02674   1.43806   6.17685     725   10
   113   1.01711   0.28149   5.51497     565   11
   114   0.29133   1.64652   4.60232     775   12
   115   0.29156   1.65062   6.25310    1786   14
   116   4.53974   2.97134   4.13716     475   11
   117   3.56413   1.48181   1.63912    2549   19
   118   4.96367   1.49702   6.17071     756   12
   119   1.66997   0.18271   0.21327    3977   27
   120   3.35392   1.41566   0.05180     394    9
   121   1.98487   1.77663   4.87338    5407   28
   122   3.33684   1.42365   0.17181     896   10
   123   1.92713   1.74363   4.89188    3179   19
   124   3.55622   2.98517   4.90069    4147   24
   125   1.57290   0.25489   1.81778    1111   14
   126   4.24180   2.90952   0.90311    2505   19
   127   3.43723   1.40778   4.72578    2026   15
   128   4.99427   1.32423   1.51939    1146   11
   129   4.91205   1.49582   1.39611    2972   21
   130   1.47618   0.13295   3.46832    1083   11
   131   0.29128   1.79124   4.63832     465   12
   132   1.78395   1.71971   0.16237    1850   14
   133   0.19489   1.68981   6.18387    2209   18
   134   0.37687   1.68790   3.01340     731   13
   135   0.24996   1.67917   4.58246     738    8
   136   0.88902   0.31747   4.10230    1260   16
   137   1.85861   1.69818   1.70292     517    8
   138   3.49660   1.39014   0.12646    1947   20
   139   3.31486   1.55117   3.25064    1351   15
   140   4.64796   2.90142   1.09797    4244   27
   141   1.84098   1.75075   0.27834    1939   19
   142   4.21691   3.02387   2.45333     418   10
   143   5.13677   1.48920   1.33701    2801   15
   144   5.12332   1.42084   6.23228     945   14
   145   1.81710   1.74032   1.75237     724   13
   146   4.94403   1.45090   4.60964    1807   19
   147   5.12357   1.43363   1.43290    1257   13
   148   3.56443   2.95756   3.38946    1227   11
   149   5.04613   1.47833   4.57138     623    9
   150   3.80471   2.87905   1.92243    1152   13
   151   4.90673   1.44206   4.55911     663   11
   152   3.53000   1.29629   4.79864     851   14
   153   5.00665   1.36917   4.42171     384    8
   154   3.37765   2.89154   3.13153     434   10
   155   0.29619   1.83955   1.45607    1793   14
   156   3.44460   1.53030   3.32347    1844   16
   157   3.35392   1.41566   0.05180     830   11
   158   4.90863   1.33770   3.00283     743   13
   159   0.40633   1.57580   6.27241    1020   10
   160   3.39553   1.36441   1.54521    1507   17
   161   5.04825   1.50701   6.08908    1084   14
   162   5.12973   1.42185   2.92779     536    9
   163   1.92613   1.68603   0.18720     487   13
   164   1.33944   0.19365   3.72517    1231   17
   165   1.04096   0.24376   0.81052    1754   14
   166   1.87253   1.72100   1.74309    1439   15
   167   1.24797   0.15104   2.07910    1368   14
   168   5.04110   1.41806   6.15255     466   10
   169   1.24007   0.26345   3.76940    1009   11