     1   0.00000   0.00000   0.00000       0    0
     2   2.94255   0.99121   5.15760    2754   21
     3   4.83371   1.10162   4.13928    1076   14
     4   4.71481   1.08302   5.72952     988   12
     5   3.06742   1.12092   3.58702    1875   17
     6   6.26144   2.11531   5.92495    1217   15
     7   1.59957   2.01991   3.72744    1163   13
     8   6.26144   2.11531   5.92495     887   14
     9   6.18167   2.20295   4.24232     947   13
    10   6.20014   2.17801   1.07848     939   13
    11   3.04614   1.01242   2.02677     960   12
    12   3.03210   1.05698   5.10984    1729   18
    13   3.58389   2.40821   0.52293    1367   15
    14   2.96567   1.05687   5.13791    2155   19
    15   6.03102   2.07239   5.79300     840   13
    16   3.85269   2.49501   3.91988     794   11
    17   1.70183   1.82477   3.77183     736   14
    18   1.63465   1.88706   3.72149    1369   16
    19   0.85367   0.66452   2.37438    1064   15
    20   6.01350   2.16480   1.06693    1780   16
    21   3.50361   2.41689   3.67111     893   12
    22   1.60482   2.03004   0.51693     790   12
    23   4.95407   1.10874   4.06460    1120   13
    24   4.63977   1.22117   5.84384    1001   14
    25   1.69556   2.04028   2.15685    2304   18
    26   3.72134   2.57833   0.59152     770   13
    27   4.82617   1.30939   2.56871    1172   13
    28   2.98796   1.00979   5.10002    1625   17
    29   3.09777   0.99995   3.49548    1056   14
    30   0.67293   0.73665   3.85903    1518   14
    31   2.93542   1.16273   5.18192     930   15
    32   4.72266   1.21685   5.83840    1571   14
    33   3.71147   2.54105   5.34239    1311   12
    34   3.74412   2.38089   2.28166    1836   14
    35   0.41732   0.63213   2.58569    1743   17
    36   6.07251   2.04816   2.73104    1432   16
    37   4.71070   1.24558   0.93399    1520   15
    38   3.72647   2.50716   2.25997    1381   16
    39   3.13817   0.99620   0.30767     984   13
    40   6.02774   2.00773   5.69307    1913   21
    41   1.60482   2.03004   0.51693    1297   19
    42   4.86394   1.31530   5.66495    1671   17
    43   3.48118   2.50010   5.23117    1019   13
    44   3.69821   2.30742   3.82312     722   13
    45   6.13687   2.07305   4.26720     841   12
    46   6.21053   2.08752   2.75730     784   12
    47   0.57705   0.59392   0.83395    2092   19
    48   2.99003   1.06106   3.60811    1320   15
    49   4.74492   1.24375   5.66352    1570   15
    50   0.59667   0.72494   2.40291    1280   13
    51   0.59399   0.76838   4.15860     865   13
    52   3.85269   2.49501   3.91988    1717   19
    53   3.69821   2.30742   3.82312    1226   15
    54   4.82705   1.22374   5.74936    1328   15
    55   6.11441   2.05582   5.71654    1336   13
    56   2.92251   0.93035   5.26918    1428   15
    57   3.55777   2.50628   5.16156     863   15
    58   3.05255   1.04361   3.62998    1270   10
    59   3.79913   2.39677   5.38464     984   13
    60   6.06296   2.05638   4.16885    1171   14
    61   2.90513   0.92629   0.57631    1219   15
    62   3.01223   1.04084   2.13550    1488   20
    63   1.61392   1.83247   5.17304    1457   15
    64   1.75467   2.01430   0.52707    1441   16
    65   2.82054   1.03278   5.33118    1494   14
    66   3.70316   2.51177   3.62726    1348   14
    67   3.66279   2.60580   3.71083     920   15
    68   3.80029   2.54308   2.24428     749   10
    69   2.94263   1.10902   5.22447    1107   14
    70   1.64215   1.96234   0.52016    2299   21
    71   3.66493   2.36182   3.58183     780   13
    72   0.63062   0.71443   2.46857    1574   14
    73   3.80406   2.46000   3.87971    1238   17
    74   0.53104   0.63438   2.51120    1414   18
    75   4.71055   1.24945   2.51829    1608   16
    76   3.85269   2.49501   3.91988    1227   14
    77   4.79542   1.26309   2.55643    1098   13
    78   3.13609   0.92749   0.28357    1297   15
    79   3.10441   1.11739   3.43688     876   14
    80   4.77507   1.23232   5.79184    1212   12
    81   4.63831   1.16302   1.10618    1346   13
    82   4.80548   1.14922   5.62647    1688   17
    83   5.98783   2.18362   5.78010     613   10
    84   4.72489   1.29330   4.10366    1005   16
    85   6.03845   2.10268   2.70982     657   11
    86   2.97826   1.13883   1.95399    1391   16
    87   1.59291   1.98445   0.44708     981   12
    88   1.63143   1.89697   3.66402    1950   19
    89   3.82611   2.45301   0.79350    1376   13
    90   2.91381   0.94619   2.17727    1106   12
    91   6.02028   2.18131   2.71742    1110   14
    92   2.86879   0.92980   2.15121    1301   17
    93   4.88757   1.18950   2.46041    1738   16
    94   2.96952   1.03997   0.39161    1395   16
    95   6.12026   2.14034   4.30833    1466   16
    96   0.37807   0.61215   2.63110    1453   14
    97   6.21053   2.08752   2.75730    1540   17
    98   3.08118   1.08656   1.96064    1408   16
    99   0.50457   0.80914   0.98830    1118   11
   100   4.77335   1.18771   5.57422    1286   15
   101   3.90908   2.49496   5.40830    1467   15
   102   0.35119   0.71194   2.70568    1895   19
   103   6.10408   2.22135   2.71109    1208   13
   104   1.65466   2.01731   2.13106    2237   14
   105   1.63485   1.97976   5.35425    1151   14
   106   1.71126   1.85406   0.58188    1059   15
   107   2.84998   1.09946   0.58411     912   12
   108   1.81973   2.02625   5.45809    3515   25
   109   6.11344   2.14442   5.82093    2422   19
   110   6.14040   2.15681   4.26457    2250   18
   111   3.64930   2.48437   0.60494    1339   15
   112   4.80548   1.14922   5.62647    1202   15
   113   5.94139   2.13445   1.03160    1155   13
   114   3.84610   2.36668   3.87383    1150   11
   115   1.74563   2.02752   2.14808    1163   18
   116   4.68556   1.27861   2.55736    1302   16
   117   6.13149   2.18134   5.88153    1711   20
   118   2.93345   1.06892   0.50512    1429   14
   119   1.64215   1.96234   0.52016     652   13
   120   3.62434   2.44666   0.54203    2151   18
   121   3.58428   2.47400   3.65325    1432   14
   122   3.03665   1.06030   0.45583    1257   15
   123   0.40781   0.59280   4.14575     982   12
   124   4.77899   1.25329   4.20163     924   13
   125   1.68437   1.89204   5.43108    1096   15
   126   4.78632   1.28861   1.03490    1885   18
   127   3.72485   2.54084   0.62564    1461   14
   128   0.50442   0.53602   5.70337    1665   18
   129   3.60959   2.47973   0.41544    1289   15
   130   3.72134   2.57833   0.59152    1916   14
   131   0.60443   0.77821   2.60866    1531   17
   132   1.70629   1.84381   5.31435     633   10
   133   4.81886   1.13590   4.10595    1352   15
   134   4.82796   1.20945   0.94586     960   14
   135   4.86334   1.14106   5.61250    1441   15
   136   2.93263   1.13930   1.97614    1789   20
   137   0.60879   0.76050   0.91727    1598   14
   138   3.65681   2.40596   5.26074    1783   18
   139   3.67608   2.42470   0.56187    1163   13
   140   2.97497   1.06720   5.24487    1551   17
   141   2.87456   1.19557   5.29494    1983   18
   142   1.66823   2.06028   3.87430    1205   13
   143   6.23988   2.18139   5.93312     988   11
   144   4.73602   1.19974   4.23241     972   11
   145   4.71525   1.18095   5.76780    1675   16
   146   4.71891   1.15749   2.59526    1715   14
   147   3.79913   2.39677   5.38464     662   12
   148   4.63146   1.18406   4.27271    1222   10
   149   0.48513   0.60274   2.68672    1842   21
   150   4.69101   1.21531   4.17931    1366   13
   151   3.02031   1.00176   1.95099     831   11
   152   6.10197   2.09945   4.19105    1009   13
   153   4.92038   1.24875   2.44497     986   15
   154   3.75921   2.46166   0.55235     944   11
   155   1.56758   2.06776   5.20347    2416   18
   156   6.26144   2.11531   5.92495    1254   16
   157   3.13395   1.12686   3.49600    1518   18
   158   3.02273   1.07248   0.40819    1559   14
   159   0.42607   0.65088   4.24642     900   13
   160   6.19862   2.04978   2.85476    1289   13
   161   4.86130   1.34224   2.62915    1552   15
   162   3.71013   2.47182   0.48101    1374   15
   163   0.53784   0.74598   2.56617    1233   16
   164   2.89510   1.01358   5.31868    1160   14
   165   3.55560   2.46883   3.62793    1056   15
   166   2.96891   1.05428   5.04973    1789   16
   167   4.82796   1.20945   0.94586    1073   14
   168   5.99740   2.08319   5.79691     933   12
   169   3.83542   2.58916   5.33123    1146   12
   170   3.03879   1.10889   0.37321    1354   16
   171   3.66199   2.37061   2.02920    1745   14
   172   6.26144   2.11531   5.92495     847   10
   173   1.63640   1.85938   5.38971    1748   16
   174   1.70633   2.05359   3.78029    1285   18
   175   4.71686   1.07703   0.98294     966   12
   176   3.79967   2.53809   5.41840    1836   15
   177   4.76997   1.14708   1.09544    1153   13
   178   3.79967   2.53809   5.41840     716   11
   179   0.53104   0.63438   2.51120    1131   17
   180   2.88305   1.01791   2.02507    1000   13
   181   0.53707   0.71866   5.80552    1595   21
   182   4.86087   1.17143   2.55047     645   12
   183   3.82596   2.38167   5.35738    1160   17
   184   0.53387   0.67790   5.61566    1163   11
   185   4.82398   1.15105   2.52155     828   12
   186   0.52710   0.73057   0.92807     923   13
   187   1.60482   2.03004   0.51693    1439   19
   188   2.83577   0.95451   3.64498    1756   16
   189   3.77964   2.51388   5.51465    1018   11
   190   1.71835   1.98630   2.23805    1822   14
   191   4.71011   1.22074   5.79158    1079   10
   192   5.99715   2.12430   5.77950     989   11
   193   3.04447   0.91467   0.44434    2290   19
   194   0.52382   0.66007   5.70088    1495   19
   195   3.73306   2.57768   3.74019    1650   15
   196   0.53108   0.69447   2.65986     627   11
   197   3.73932   2.50313   5.30341    1949   19
   198   4.80324   1.18047   0.93537    1137   14