     1   0.00000   0.00000   0.00000       0    0
     2   3.80194   2.36747   2.00340     944   13
     3   2.37928   0.49739   4.87175    1877   12
     4   4.08385   2.13479   2.15570    1325   14
     5   3.86509   1.06794   2.26848    1089   14
     6   0.86227   0.87354   4.94237    1116   12
     7   0.74081   0.49038   1.95472    1007   11
     8   4.28662   2.70649   5.48781    1332   13
     9   2.54229   1.32109   1.65614    2233   24
    10   1.64830   2.37755   1.01540    1456   14
    11   0.25649   2.17713   1.89371    1979   15
    12   1.32031   1.74884   1.59895    2052   19
    13   5.82280   2.62797   0.87857    1214   16
    14   1.74682   1.01219   6.15854    1556   16
    15   0.05963   0.28325   5.99776    1156   14
    16   0.90301   2.02727   4.38332     898   11
    17   3.84564   0.96246   4.56367    1492   14
    18   1.10183   1.93133   4.43789    1309   17
    19   3.96399   2.06567   1.80972    1235   14
    20   6.14654   1.26247   3.34459     890   13
    21   5.27694   2.15730   5.67898    2323   21
    22   1.99446   1.03058   4.10555    1004   13
    23   5.75271   0.82861   1.17024    2147   17
    24   1.35364   0.30912   4.74564    1070   15
    25   5.95635   0.51847   6.06368     814   12
    26   5.60946   1.35038   5.31481    1254   11
    27   0.95281   1.41861   2.17193    1245   15
    28   4.16392   2.18589   3.36360    1872   15
    29   1.04706   1.72406   3.77286    1144   13
    30   3.71793   0.24590   1.67881    1327   16
    31   1.34841   2.79305   3.73897    1223   13
    32   2.06349   2.67754   5.94845     532   11
    33   3.41537   0.93012   6.00925    1811   19
    34   2.18868   0.94095   4.57772    1075   14
    35   3.69852   2.75414   4.17951    1234   16
    36   2.46004   1.88893   3.25326    1232   14
    37   0.39877   0.92153   5.32039     947   13
    38   1.28758   2.65432   3.56687    1444   17
    39   0.30929   1.83437   3.44257    1198   15
    40   5.60291   1.42509   0.82795    1728   17
    41   3.41890   0.92248   3.94865    1265   15
    42   4.06975   2.77270   0.68848    1437   16
    43   5.08081   1.39761   5.00718    1338   16
    44   5.07187   1.09836   6.14082    1152   16
    45   5.86646   0.99511   2.69849    1778   18
    46   2.50848   0.94357   3.73836     792   12
    47   5.09451   0.88473   2.15841     875   10
    48   3.67742   2.30519   5.49860    1118   13
    49   3.72750   2.23581   0.44744     918   14
    50   6.10344   1.82549   2.02139    1343   13
    51   2.71815   0.69259   0.33400     996   14
    52   0.41632   1.60279   0.79870    1324   13
    53   4.23759   2.99102   3.42297     812   11
    54   3.72738   1.60330   1.88840    1108   15
    55   0.06667   2.40075   0.95116     852   13
    56   5.11733   1.69325   3.52936    1980   19
    57   5.19140   2.19404   1.49578    1456   13
    58   4.68188   1.23265   3.25607    1101   16
    59   3.80678   2.47051   2.02624    1755   16
    60   2.73282   1.10591   0.83985     905   12
    61   6.06960   2.00025   4.32293    1960   19
    62   1.85439   2.04437   3.57126    1206   15
    63   5.74162   0.30965   3.73095    1904   18
    64   4.43536   1.89766   4.36971    1235   14
    65   5.43380   0.73643   0.05347    1216   14
    66   4.76148   1.07548   1.00489    1284   15
    67   4.37991   1.78765   1.06665    1559   16
    68   1.61184   2.36376   1.59293    1097   13
    69   6.08453   2.54207   1.91922    2125   20
    70   4.07227   1.24140   5.53309    1667   19
    71   3.30204   1.10446   2.27815    1034   14
    72   4.53425   1.79106   3.70041    1529   18
    73   3.81452   0.85763   5.94660    1689   16
    74   5.09049   1.20730   5.84107    1820   15
    75   5.39173   2.10995   5.35042    2416   18
    76   2.01187   1.56439   4.08832    2101   17
    77   5.18778   0.07807   2.04918    1102   14
    78   0.92032   0.76643   5.26259     755   12
    79   2.65589   0.92435   0.81471    1823   16
    80   4.50518   2.41063   0.84552    1002   16
    81   5.93269   1.98483   0.96091    1435   13
    82   5.61408   1.04509   5.79692    1272   15
    83   2.29339   2.03426   0.07224     994   12
    84   4.35592   1.25858   5.26993    1764   17
    85   1.59041   1.41533   2.52290     869   12
    86   4.95090   1.12751   3.85520    1385   14
    87   4.66349   2.75225   3.56529    1976   24
    88   5.96403   2.25695   5.24152    1593   17
    89   4.37912   0.70399   5.62118     889   12
    90   6.11588   1.99860   1.28504    1338   14
    91   1.38885   2.99731   4.60323    1304   13
    92   3.15185   2.42838   3.62114     944   12
    93   0.20309   1.33865   2.85268    1076   16
    94   5.41117   0.93880   1.71878    1319   17
    95   6.27217   1.13659   0.69838    1184   12
    96   0.61798   1.71740   4.15680    1424   16
    97   3.40464   0.88626   1.61096    1120   15
    98   0.30030   1.49396   1.22019    1211   12
    99   4.89829   0.24839   2.84880    1178   13
   100   5.04366   1.23445   0.34421    1889   17
   101   5.48086   1.09335   1.66373     904   11
   102   4.59437   0.91527   0.80614    1747   19
   103   3.29420   2.39625   5.07018    1457   15
   104   1.59041   1.41533   2.52290     881   15
   105   3.87177   1.31813   5.13094    1125   14
   106   5.67217   1.18248   0.91921    1141   14
   107   5.93113   2.17031   3.72470    1095   15
   108   2.86825   1.01642   0.11119    1175   14
   109   5.14059   1.27555   5.03905     969   13
   110   3.58658   0.93056   0.67896    2652   22
   111   1.58043   2.21848   1.69880    1401   14
   112   4.90931   1.48613   1.72062     819   12
   113   3.11650   2.92821   4.22711    1886   17
   114   5.92067   2.08589   0.07268    1173   13
   115   6.12275   1.14556   0.71047    1190   13
   116   3.52685   0.45487   4.21231    1296   16
   117   6.15765   2.04521   5.17484     956   14
   118   2.77800   1.76302   0.49237    2046   20
   119   4.93365   1.70175   3.03756    1477   17
   120   5.21186   1.72538   4.22497     983   13
   121   2.06438   0.70474   0.95493    1483   16
   122   0.66178   2.23242   2.79930    1202   12
   123   6.26695   2.59357   2.40833    1279   14
   124   2.21400   2.12395   5.55835    1277   11
   125   5.84114   0.43710   3.14919    1226   14
   126   4.81442   2.69420   5.77979     955   16
   127   0.49423   1.72031   4.24908    1867   18
   128   5.30908   1.72804   0.81868    1154   15
   129   5.23171   0.54390   1.08504    1626   17
   130   4.45146   2.18798   2.54022     919   13
   131   1.33776   1.89362   1.66023     769   11
   132   4.26454   1.06031   0.45325     982   13
   133   3.76963   2.25671   0.46174    1238   15
   134   5.94138   0.43042   5.86368     686   11
   135   3.36673   1.57500   0.07761    1211   14
   136   5.58916   1.05558   5.55561    1554   16
   137   5.27947   1.86588   0.79530    1099   12
   138   4.31202   0.89123   3.93336    1286   16
   139   2.93899   2.03557   0.30765     876   12
   140   5.54109   0.63989   2.30159    1630   18
   141   5.95831   1.50332   1.92088    1929   16
   142   2.02535   1.17046   3.47707    1390   17
   143   6.16178   1.80175   5.89330    1487   17
   144   5.54498   2.03714   4.04911    1348   15
   145   0.09635   0.51769   0.26411     805   11
   146   3.78712   1.78505   0.61787    1893   18
   147   0.97785   1.41748   4.73310    1197   17
   148   3.54461   1.24101   5.43726    2455   22
   149   4.58934   1.43529   3.98009    1467   15
   150   2.20493   2.03834   4.99606    1513   18
   151   1.21988   1.89594   5.81529    1573   19
   152   0.57606   0.97918   5.15844     810   13
   153   4.94392   0.18187   1.34284    2275   19
   154   2.81213   0.40195   1.02295    1800   19
   155   1.46068   0.85151   0.50192    1755   13
   156   1.53284   2.10495   2.35677     893   14
   157   2.84704   2.67070   4.87533    1551   17
   158   2.94449   2.32048   1.35564    1137   14
   159   3.83985   2.47812   4.57863     851   15
   160   5.86274   2.21349   3.50273    1624   15
   161   0.24883   1.43191   1.58781     864   12
   162   2.03760   1.23994   5.45561    1561   14
   163   1.48981   0.98125   4.49004    1169   13
   164   1.09882   1.58830   3.63527     831   12
   165   2.15367   1.08660   4.55901    1612   15
   166   2.35662   1.10078   4.54300    1180   16
   167   3.81806   2.81818   3.71213     868   13
   168   4.75334   1.98028   3.94034     898   13
   169   1.50640   1.49634   2.18294     942   15
   170   0.28019   0.61367   3.73028    1590   16
   171   2.00354   0.49161   5.07968    1220   14
   172   6.22624   2.07300   5.93609     976   13
   173   0.96732   1.23704   2.49605    1412   14
   174   1.91364   1.00835   0.68864    1269   16
   175   1.41878   0.57600   0.11227     814   12
   176   4.29317   2.08667   0.01187    1583   16
   177   3.36673   1.57500   0.07761     996   15
   178   5.48043   1.61303   1.35972    1031   15
   179   5.40085   2.88157   0.81918    1582   16
   180   0.96361   1.17040   0.26024    1265   14
   181   5.24740   1.44058   4.73012     828    8
   182   5.10995   0.26329   2.60078    1303   13
   183   3.99853   0.85960   1.25026    1104   12
   184   4.04691   2.50654   0.74529    1371   16
   185   4.86202   0.65921   5.32384    1430   14
   186   5.42275   0.58167   0.39320     514   10
   187   3.40308   2.08948   2.49412    1681   18
   188   0.53553   2.20977   2.75429    1587   15
   189   2.51305   2.79384   5.35830    1216   15
   190   0.54059   0.49498   5.95954     531    9
   191   3.90959   1.37176   3.12419    1267   13
   192   2.54955   1.18585   4.52267     774   12
   193   1.55345   1.87144   5.60164    1391   15
   194   4.24494   2.17640   0.60362    1187   13
   195   5.67245   2.02877   5.58513     898   13
   196   2.74133   2.29936   1.09445    1398   14
   197   4.81616   2.65113   1.48925    1524   13
   198   3.74960   2.11974   4.15842    1699   18
   199   2.85035   1.93669   4.04653    2556   20