     1   0.00000   0.00000   0.00000       0    0
     2   3.66153   2.84231   6.17109    1606   18
     3   0.29372   0.45681   3.62424     932   14
     4   5.42735   1.68195   1.30157    2213   21
     5   3.80136   1.16236   1.60280    1033   17
     6   5.44197   1.63595   2.71070    1242   15
     7   5.33199   1.75238   1.24689    1155   14
     8   3.66055   2.71148   2.92448    1152   13
     9   3.92083   1.17039   6.07970    1463   17
    10   3.97547   2.79788   3.28525     848   14
    11   3.92350   1.16666   6.08038    1229   13
    12   0.72242   1.87275   1.72620    1715   14
    13   3.80136   1.16236   1.60280     799   13
    14   0.74446   2.00912   0.09247    1382   17
    15   3.46489   2.87324   4.32080     599   11
    16   3.54340   2.64320   5.96663     725   11
    17   5.48829   1.54263   5.92686    1122   15
    18   5.39634   1.70331   2.68047    1343   15
    19   5.43842   1.64926   5.92050     942   11
    20   5.33619   1.66376   2.66649     862   11
    21   2.33739   1.43402   2.06089     958   12
    22   5.47221   1.69135   5.92592    1179   13
    23   0.64021   0.36572   0.14957     762   12
    24   0.43668   0.43087   4.99533    1085   15
    25   0.66794   1.89074   1.66942     677   11
    26   0.70759   0.42644   1.62556    1613   14
    27   2.31464   1.49758   0.34281    1057   13
    28   2.33590   1.44724   3.40460     821   12
    29   3.91751   1.12940   1.57344    1190   10
    30   5.32951   1.60498   1.15511    1333   17
    31   0.72317   2.06692   1.58969    1298   15
    32   0.52603   0.41509   4.92131     922   11
    33   3.92002   1.25733   3.02597    1177   17
    34   2.32867   1.54627   2.01639    1013   11
    35   3.63261   2.81049   1.40638     822   13
    36   0.78954   1.83777   4.73755    1176   13
    37   0.80692   2.01474   1.69070    1406   15
    38   3.80826   1.16964   4.52370    1571   15
    39   0.72624   1.94379   0.09143     901   12
    40   0.18093   0.44714   2.13074     959   12
    41   5.39126   1.75689   1.21013    2140   18
    42   3.94763   1.27527   2.96103    1277   13
    43   0.71438   2.00142   4.75014    1622   17
    44   3.91595   1.09421   4.67755    1213   15
    45   5.40234   1.75600   6.01237    1104   15
    46   3.21166   2.86310   5.62302    1662   15
    47   5.46120   1.63626   4.31200    1068   14
    48   3.84906   1.19717   4.58240    1683   18
    49   2.32073   1.45289   3.61374     834   13
    50   5.41038   1.69095   1.13048     894   11
    51   0.68923   1.84333   3.19018    1134   11
    52   3.50713   2.81491   5.91075    1202   16
    53   3.55329   2.87257   5.92068     986   12
    54   0.81021   2.00812   1.83798    2588   23
    55   3.97547   2.79788   3.28525     670   10
    56   5.43430   1.65721   2.80400    1469   15
    57   0.82580   0.33544   4.58918    1435   18
    58   2.28105   1.50518   1.92861    1827   18
    59   3.95364   1.06495   3.10617    1397   14
    60   0.43664   0.36627   1.89117    1836   18
    61   0.74115   1.99942   1.56600     616   11
    62   3.52153   2.72777   4.32880    2088   19
    63   2.34148   1.54502   5.12920     928   13
    64   3.40397   2.83266   2.66866    1441   14
    65   3.91664   1.23995   4.61639    1243   15
    66   3.76403   2.70913   3.10811    1430   13
    67   2.25332   1.52453   3.62747    1520   15
    68   5.30918   1.73810   2.77413     872   16
    69   3.48753   2.65981   4.38505    1198   15
    70   0.23890   0.39833   5.21810    1705   16
    71   0.62285   0.44065   1.64473     963   12
    72   3.91002   2.79083   6.27656    1398   14
    73   5.37524   1.66542   1.20226    1652   17
    74   3.82642   1.17527   3.04239    1393   15
    75   3.94225   1.11614   4.61203     990   12
    76   2.31945   1.42924   0.35685     958   14
    77   3.82901   1.10067   2.98432    1148   13
    78   0.58095   0.35481   1.74150    1137   10
    79   0.59235   0.35331   1.73496    1088   14
    80   3.97547   2.79788   3.28525    1137   13
    81   0.36479   0.33659   1.91506     987   13
    82   3.25687   2.80483   2.51739     989   12
    83   3.39694   2.77462   4.17394    1058   13
    84   3.51717   2.77674   6.00018    1414   15
    85   3.88149   1.21324   1.49149     950    9
    86   3.84685   1.14957   6.19998    1820   18
    87   2.33521   1.37918   5.03531    1312   16
    88   5.48010   1.58653   4.39670    1725   18
    89   0.75553   1.93769   0.18966    2488   19
    90   3.92268   1.30895   6.18297    2095   20
    91   2.31279   1.48791   3.45742    1327   17
    92   5.32057   1.70753   1.07676    1709   15
    93   3.21166   2.86310   5.62302    1118   16
    94   0.69887   1.92310   4.85958     873   13
    95   2.35054   1.47298   3.56807     784    9
    96   3.89936   2.76265   6.28192    1412   17
    97   3.81082   2.71587   1.53237    1533   15
    98   3.39203   2.85629   5.90883    2022   22
    99   5.37799   1.74879   4.32247    1835   17
   100   5.47221   1.69135   5.92592    1034   12
   101   3.91249   1.29407   6.17206     932   13
   102   5.40182   1.68714   2.80214    1112   13
   103   3.95639   1.30204   4.50429    1601   16
   104   3.89798   1.20552   6.25125    1236   13
   105   3.93543   1.18765   1.37895    1194   16
   106   3.81550   1.18580   0.04183    1598   16
   107   3.92696   1.08406   4.59874    1111   11
   108   0.61848   2.00665   6.25989     922   12
   109   3.93473   1.16809   4.60099    1216   13
   110   0.33549   0.48514   3.57691    1802   19
   111   0.50569   0.41307   1.68920    1462   16
   112   2.21816   1.51104   3.48889    1029   11
   113   3.50139   2.67525   2.77507    1119   13
   114   0.78337   1.84419   3.17324     840    9
   115   3.92981   1.34925   1.39426    1818   18
   116   0.80664   1.86162   1.67150     670   13
   117   3.89169   1.22563   1.58555    1684   17
   118   0.75138   2.02161   1.66919    1985   19
   119   0.43664   0.36627   1.89117    1016   12
   120   0.43664   0.36627   1.89117     509    8
   121   5.39703   1.75643   5.87466    1186   16
   122   5.31094   1.72508   5.97368    1108   14
   123   5.44334   1.68639   2.73354    1121   13
   124   5.39084   1.72045   1.17190     876   12
   125   2.20194   1.45744   5.08641    2315   21
   126   0.73316   1.82702   4.87329     711   12
   127   0.75840   0.38752   3.04441     989   13
   128   0.68971   1.80105   0.12820     771   11
   129   5.47221   1.69135   5.92592     965   11
   130   0.42258   0.51102   0.32954    1542   17
   131   5.43340   1.68255   4.30711    1576   18
   132   5.35556   1.58664   4.29744    1307   14
   133   0.58943   0.42563   1.65833    1399   15
   134   0.50389   0.36552   4.91663     969   12
   135   5.48450   1.65189   4.29026     894   11
   136   5.44111   1.63885   2.89028    1385   14
   137   3.91866   1.24785   3.05479     914   13
   138   5.42985   1.73724   5.83388    1096   12
   139   5.31474   1.67836   2.73870    1199   15
   140   0.76374   0.31002   6.21311     864   11
   141   2.20453   1.38915   0.30020    1299   14
   142   0.68923   1.84333   3.19018    2028   18
   143   5.43293   1.78374   1.17678    1336   13
   144   0.77834   1.97196   4.94144    1588   14
   145   2.18662   1.53840   3.52758    1142   14
   146   5.32209   1.68510   5.99057     601   12
   147   5.35074   1.56562   1.16667     995   15
   148   0.76867   1.98385   4.80411    1266   15
   149   2.29289   1.41832   0.32264    2082   18
   150   0.33258   0.28080   5.16785     716    9
   151   5.47221   1.69135   5.92592    1405   14
   152   0.39572   0.30553   1.91552    1866   19
   153   2.24725   1.39839   5.07482    1100   15
   154   3.97547   2.79788   3.28525    1622   15
   155   3.79107   1.24764   3.07004    1016   12
   156   3.93024   1.19718   4.62279     679   12
   157   0.76207   1.85988   4.85173    1135   15
   158   0.78965   1.87623   0.02179    1405   17
   159   3.44429   2.73197   4.37059    1900   17
   160   3.85635   2.76837   1.53587    1731   16
   161   0.78887   2.02341   1.68171    1298   13
   162   3.56806   2.84347   4.36852    1378   16
   163   3.38770   2.66149   4.24704    1585   16
   164   5.36460   1.74728   1.16278    1488   15
   165   0.15566   0.38673   3.70473    1604   16
   166   2.21057   1.48585   0.35535    1853   17
   167   3.84726   2.70461   6.26852    1309   14
   168   3.69723   2.83540   4.52949    1007   15
   169   2.23466   1.57670   5.15688    1491   17
   170   5.45701   1.68910   1.20395    1497   17
   171   3.89180   1.18374   4.71904    1873   18
   172   0.50216   0.41298   3.34060    1805   18
   173   5.42799   1.72480   2.87844    1458   16
   174   3.77276   1.20141   3.08853    1183   14
   175   0.79320   2.08002   0.07760    1627   14
   176   3.88961   1.28603   2.94322    1624   14
   177   3.92776   1.32451   2.99790    1229   14
   178   3.84869   1.26606   1.49260    1176   17
   179   2.19478   1.48116   0.35326    1369   16
   180   0.56131   0.30948   3.21310    1482   16
   181   3.92776   1.32451   2.99790    1428   17
   182   0.74122   2.08666   4.80081    1275   14
   183   3.90069   1.25193   1.44401    1643   16
   184   0.70732   1.85616   3.22192    1123   14
   185   5.49147   1.62960   4.38815    1355   15
   186   5.39703   1.75643   5.87466     736   12
   187   0.50064   0.45731   4.87232    2215   18
   188   2.30109   1.51554   0.35391    1522   15
   189   3.75258   2.83155   1.40229    1301   14
   190   5.45501   1.64662   4.29815    1567   14
   191   5.34505   1.73251   1.29080    1479   15
   192   2.20453   1.38915   0.30020    1258   15
   193   3.85740   1.24833   6.23303    2144   16
   194   5.33199   1.75238   1.24689    1302   16
   195   0.27153   0.41651   2.00137    1771   20
   196   3.94322   1.13289   1.34309    1645   15
   197   5.47221   1.69135   5.92592    1621   19
   198   3.60447   2.74652   6.02304    1380   17
   199   5.47221   1.69135   5.92592     845   13
   200   5.36213   1.74904   4.28963    1564   14
   201   3.30015   2.78812   1.08934     800   13
   202   3.89721   1.18338   6.06071    1404   17
   203   2.19971   1.53528   4.99914     762   11