     1   0.00000   0.00000   0.00000       0    0
     2   3.62507   0.83267   0.08697     919   13
     3   5.92007   1.76132   1.63187    2244   22
     4   5.63383   2.60585   5.72328     164    8
     5   2.88325   1.00075   1.15004     280    8
     6   1.69264   1.77577   2.32550     118   10
     7   1.32061   2.46710   5.30714     103    8
     8   3.96299   1.65430   3.72497      15    2
     9   3.70912   0.22159   4.87875     473   15
    10   3.32650   2.05097   0.83425     468   13
    11   2.12004   1.18612   6.27939     692   13
    12   4.18580   2.05895   1.89763      75    5
    13   0.85595   1.56727   4.28207     369   10
    14   5.52637   1.46926   0.82262     679   13
    15   0.04516   1.69463   5.50099     274    8
    16   0.79149   2.46753   4.41429     277    9
    17   5.80893   2.65213   4.44589     587   12
    18   1.46217   2.97504   5.73245     207   11
    19   3.59172   2.00232   5.53571    1338   17
    20   5.04263   2.53750   4.43800     309    8
    21   5.24495   2.55856   1.70616     693   13
    22   3.41018   1.34283   0.69135     262   11
    23   2.03700   1.03687   4.43579     912   14
    24   4.69424   2.00064   1.23771     495   10
    25   3.17118   0.60016   1.86032      83    7
    26   5.89181   3.06219   6.03633      14    1
    27   0.02060   2.29039   0.07629     283    9
    28   5.40468   2.51780   0.16802     927   17
    29   4.15850   0.91069   2.52039     604   11
    30   3.74232   0.68263   0.22919     856   15
    31   1.70430   2.17907   6.05546     307   11
    32   2.26516   2.21863   5.28509     372   11
    33   5.12185   1.74653   4.52485     864   12
    34   1.79059   0.51045   0.90611    1541   19
    35   0.76309   2.10582   0.97117     482   13
    36   4.62352   2.09893   2.59358     801   14
    37   2.18465   1.87405   6.15324    1777   18
    38   4.35434   1.55456   3.94556    1419   21
    39   2.13744   1.74912   1.04797     881   16
    40   2.68891   2.10700   5.22312     840   12
    41   0.77183   1.42798   4.22593     684   16
    42   0.40441   1.10034   0.32966     496   10
    43   1.76041   1.22620   5.56354    1532   17
    44   5.43789   1.44854   0.76159     103    5
    45   1.96141   1.55990   4.74784     942   21
    46   0.23620   2.17307   3.25795     675   12
    47   1.33586   2.05897   3.75393     801   16
    48   0.78546   2.76037   4.38406     735   14
    49   1.18101   0.81041   1.90290    2345   24
    50   5.14067   2.30072   1.32647     180    8
    51   1.40933   1.79546   1.55140     208    8
    52   5.55387   1.11727   4.60880     391    9
    53   2.26276   0.73696   3.14463     458   12
    54   1.30616   1.83263   0.22633     493   10
    55   6.11239   2.42112   3.39853    1232   20
    56   2.76689   1.68276   0.84208    1325   12
    57   4.85992   1.39868   2.41063      76    5
    58   5.68125   2.24477   5.60477     875   18
    59   4.99997   0.74363   4.95754      63    4
    60   5.59309   1.79770   4.94412     291   12
    61   0.75841   0.60351   1.61176     666   10
    62   4.72342   2.40435   4.65398     326    8
    63   5.57028   2.17321   0.15019     420   13
    64   2.80826   0.57865   4.39515     182   12
    65   4.24404   0.57086   0.66372    4178   28
    66   4.68963   0.90053   5.52635    1560   19
    67   4.06326   2.19147   1.38838    3513   26
    68   4.50466   2.04465   4.81691     107    5
    69   4.20178   0.94968   5.46580     582   12
    70   5.84550   1.79096   5.46968    1494   20
    71   1.93732   0.49245   5.93517       1    1
    72   0.61208   1.47416   1.66656    1798   20
    73   1.57070   0.79895   3.85505     241    7
    74   4.67156   2.60032   1.78333    4731   32
    75   2.88221   2.65967   3.63456     608   11
    76   0.66241   0.80458   0.16279      41    6
    77   4.12942   1.44902   3.24958     785   12
    78   0.11524   1.29117   2.19506     266   10
    79   4.85487   0.74401   4.29009      21    4
    80   0.82797   1.84739   5.67693     425   12
    81   6.27293   2.53993   4.04655     539   12
    82   4.70539   0.10317   3.16175     844   13
    83   4.20595   0.63596   1.10891     717   13
    84   3.82501   1.19936   0.82882    1931   23
    85   0.88155   3.00487   5.36541    3875   30
    86   4.55130   1.26940   2.37618     331   12
    87   2.48196   0.89070   2.94373     483   10
    88   1.28595   2.19369   0.46969     845   17
    89   4.01253   1.74930   1.65343    2345   18
    90   3.94322   0.96057   2.14978     126    8
    91   3.07141   1.34849   1.52463     136    8
    92   1.38443   2.29987   5.34885      78    6
    93   5.85944   1.95248   5.66561    4331   26
    94   4.91057   2.52350   4.65997    1012   14
    95   5.17048   1.26875   0.94010     220    9
    96   5.36209   2.19434   5.93920     111    4
    97   4.53693   0.87585   1.66277    1000   13
    98   0.27445   1.97116   5.78682    3075   29
    99   2.40818   1.67514   0.21935      83    6
   100   2.22342   2.31705   2.44120     685   17
   101   6.06011   2.60058   2.71920     207    8
   102   0.41242   1.02017   4.05845    1114   15
   103   0.82669   1.99383   2.92328     430   10
   104   2.02216   0.29306   4.60010    2992   26
   105   3.37665   0.97147   0.01624     147    7
   106   3.09388   0.53305   0.03871    5221   26
   107   2.97136   2.08774   0.63642     278   10
   108   3.93605   1.75746   3.22526    1316   20
   109   3.19302   1.12522   4.39553     612   11
   110   2.28147   1.09242   0.40482     459   12
   111   1.45829   1.09024   2.07115     601   13
   112   2.13602   1.74590   4.10209     885   18
   113   5.21416   2.01868   4.98990    1028   18
   114   5.57333   1.94638   0.78587    1301   16
   115   6.20547   2.93662   2.20027     537   15
   116   4.64078   0.74066   5.81719     525   14
   117   2.21976   2.03039   0.68594    1161   16
   118   1.11527   2.04416   5.82089      30    5
   119   3.70912   0.22159   4.87875      68    7
   120   2.93155   1.57793   3.92727    1198   14
   121   3.95691   1.01906   2.59427     990   22
   122   4.01117   0.67538   6.19461     657   13
   123   4.15730   0.33520   0.82835     180   10
   124   3.96045   1.11978   0.51033     531   12
   125   2.70586   2.46959   2.22777     808   13
   126   4.35720   1.65296   1.57307     291    8
   127   1.91412   1.37843   2.66345     365    9
   128   3.77900   1.64356   0.31160    1263   18
   129   2.33094   1.55702   2.38904    1350   19
   130   1.83557   1.81800   0.33221     408   14
   131   1.62268   1.71473   2.05812    1134   17
   132   0.04998   2.37435   5.51575     963   13
   133   4.62514   0.15458   0.82384     912   18
   134   4.68107   2.11986   2.36615    2151   21
   135   5.40142   1.99678   2.84682     210   10
   136   2.26498   2.41495   2.15716     283   10
   137   0.16613   1.78367   4.51828     170    7
   138   4.23939   2.08949   0.64075    1119   14
   139   4.07954   0.53965   4.49243     323   10
   140   2.33501   2.69913   3.25992     321   11
   141   1.50870   0.60028   0.49144     284   10
   142   0.61790   1.07769   2.30922    2256   19
   143   3.58507   0.82663   5.33091     455   11
   144   3.61709   1.97576   2.31554     668   14
   145   2.15629   2.45535   0.35996    1597   21
   146   3.63519   2.25078   2.49748     486   11
   147   3.42314   1.04266   3.46576     377   12
   148   0.71583   1.68362   0.81167     481   11
   149   3.98939   1.88096   2.38546     264   10
   150   5.01594   1.38198   3.13932     760   16
   151   2.17643   1.15498   3.41755     540    9
   152   5.16177   1.16076   4.67773     316    9
   153   5.66060   1.24984   2.22318     338    9
   154   4.31930   2.14319   1.27263    1093   19
   155   3.71979   1.28115   5.48959     306   11
   156   3.13943   2.32989   5.70179     222    7
   157   0.48079   2.19901   0.86689     265   10
   158   3.10943   1.56749   2.75519     168    8
   159   0.25948   1.06117   5.07157     278   11
   160   2.10534   1.22723   3.93981    1904   25
   161   3.83531   0.76366   4.45268     459   13
   162   4.95186   2.08383   0.14982     167    9
   163   5.37005   1.32307   0.15392    1102   13
   164   3.83292   0.12332   1.31597     107    6
   165   3.71979   1.28115   5.48959      57    4
   166   4.40470   1.20323   4.87217     385   12
   167   4.11164   1.95625   3.88189      20    3
   168   5.47394   1.24656   4.54640     986   16
   169   5.57870   1.48422   0.35918    6346   37
   170   0.48807   1.02071   3.71629     519   12
   171   5.49569   1.00786   0.27880     834   15
   172   3.03539   2.02340   2.56185    1065   12
   173   4.59808   0.69401   4.52531    1510   15
   174   5.67136   2.12147   1.81677      42    2
   175   3.98939   1.88096   2.38546      31    2
   176   3.72912   0.91942   6.00751     100    9
   177   3.62905   1.96495   1.30277     353   12
   178   4.55887   1.19586   3.71051     388   11
   179   4.22469   0.99006   1.11747     630   12
   180   4.80868   2.38289   2.59242     389   11
   181   3.20361   1.55730   3.70036      91    7
   182   1.26601   1.15488   1.49102     226    8
   183   0.77830   1.23893   0.03427    1294   20
   184   5.21054   0.24794   6.09788    1069   17
   185   4.59158   2.69710   5.02335    1773   21
   186   5.95598   0.53902   1.27875     606   10
   187   3.93605   1.75746   3.22526      33    4
   188   2.88325   1.00075   1.15004      50    6
   189   3.50485   1.50077   0.27609       8    1
   190   5.22884   1.04359   6.07555      50    7
   191   6.20319   1.08264   3.94697     158    9
   192   4.29828   2.56034   5.44115     444   10
   193   4.38100   1.99313   0.63267     319    9
   194   1.70566   0.47774   0.75672     674   14
   195   5.09188   0.75857   5.27872     291    9
   196   3.37806   1.45459   0.16518    1760   18
   197   5.39924   2.07269   4.74724     555   10
   198   4.35340   1.64210   4.08328    1219   15
   199   5.22941   2.36215   1.32477    1605   20
   200   2.13806   1.05521   0.53044      36    1
   201   6.06578   2.68996   2.56717      65    3
   202   5.61316   0.41422   6.19046     542   11
   203   0.82987   1.10939   0.78534      22    1
   204   5.65456   1.38891   0.57142      94    5
   205   1.70712   2.39963   1.17611    1375   23
   206   1.92017   2.79147   5.05729    3926   22
   207   0.46021   1.00576   5.80037    2168   21
   208   0.93312   0.74987   3.48963     544   15
   209   1.71080   0.15874   3.34230     571   12
   210   3.38090   0.19929   2.54888     122    8
   211   0.04516   1.69463   5.50099    1052   13
   212   2.84932   0.90855   3.94131     294   12
   213   5.95431   0.96867   5.79589    1062   13
   214   1.41695   2.66328   3.35399     653   15
   215   4.76388   0.83945   0.79577    8657   35
   216   4.87353   2.40401   1.76795     234   11
   217   5.56909   2.26990   3.42181     519    9
   218   5.45218   1.99244   0.64956     966   19
   219   5.84741   1.46506   5.69789     304    8
   220   3.10454   1.26517   1.69944     246    8
   221   3.31445   1.74113   2.57559     319   11
   222   0.59294   1.43709   5.58690    1299   22
   223   4.35434   1.55456   3.94556     240    8
   224   2.31722   1.64746   5.43862      72    7
   225   0.01169   1.98402   2.50970    4986   34
   226   4.73636   2.15976   3.66437     363    9
   227   0.55991   1.79272   0.84481     383   10
   228   4.80582   0.95794   1.89906     496   13
   229   3.45666   1.33281   5.59416    5318   34
   230   1.99493   1.57404   5.00419    1052   17
   231   5.66395   1.59292   2.36892     310   11
   232   2.09712   1.84300   5.83040     670   12
   233   2.17118   2.30046   1.31680    1895   17
   234   3.11431   1.52590   1.18730    2975   28
   235   2.38816   2.23001   4.78394     223    8
   236   4.36148   0.16609   3.79560    1314   21
   237   3.72999   1.96515   2.52079     726   14
   238   4.84814   2.53644   4.73429    2546   22
   239   6.24505   2.29780   5.32742    2031   20
   240   0.31855   2.16279   5.69906    1092   17
   241   1.20044   1.50255   0.00554    1285   14
   242   4.74739   0.74157   0.79600     712   15
   243   1.00438   1.93250   1.38895     601   11
   244   2.27065   1.18223   0.68533    1392   17
   245   5.62774   2.26997   0.29199     872   14
   246   6.10165   2.30944   5.49026     327    9
   247   1.06699   1.58506   5.39118    1073   17
   248   3.64974   1.08904   5.40766     891   15
   249   1.13416   2.36813   4.91283    1182   17
   250   1.59492   2.52881   6.21094    2443   18
   251   3.17118   0.60016   1.86032    2162   20
   252   0.35969   2.43845   1.12677     197    9
   253   4.04646   1.84899   2.11860     806   14
   254   5.08844   2.09640   1.90809     804   20
   255   0.14796   2.29674   4.05476     782   16
   256   1.81631   0.47224   4.91953    2427   24
   257   4.41857   2.55756   1.09985     559    9
   258   1.15710   0.96774   2.42278    1174   14
   259   3.99649   1.09837   1.27606     510   14
   260   4.26168   1.33458   1.06986    1788   13
   261   2.70050   2.02098   0.86969     278    9
   262   5.36475   2.60919   4.01604    2355   19
   263   3.87628   2.94059   5.13495    6012   34
   264   1.65846   2.49676   0.25440     837   13
   265   4.51136   0.45834   2.04206     999   24
   266   1.01758   2.10717   3.81286     267    8
   267   2.27144   1.73785   4.80304     583   10
   268   4.48395   1.56621   3.04706    3560   26
   269   1.46502   0.56392   4.96400    2350   22
   270   5.84412   0.88448   3.45171     997   16
   271   3.74817   0.82698   4.49940     189    8
   272   2.40972   1.08474   5.56898    1494   15
   273   0.98001   1.48495   5.76245     741   15
   274   5.89440   1.22423   0.24991     263   11
   275   5.50822   1.54715   0.87735     773   14
   276   2.61914   2.01120   4.20437     728   13
   277   0.52363   1.21428   0.00107    1910   19
   278   1.96141   1.55990   4.74784      51    5
   279   3.84329   1.23023   3.93867     691   15
   280   4.66816   0.56037   4.62124     551   11
   281   4.79810   1.77921   6.00095    2025   20
   282   5.14845   2.22606   5.68646    2808   22