     1   0.00000   0.00000   0.00000       0    0
     2   4.79468   1.91693   5.02865    1542   17
     3   2.60789   0.71125   5.44391     959   15
     4   0.00080   1.78978   1.07533    1573   17
     5   0.38456   0.82363   5.07363    1707   18
     6   4.64132   0.69433   5.44112    1581   18
     7   5.15360   1.89277   2.96093     997   15
     8   2.01117   2.04506   4.49248    2113   16
     9   1.89931   1.62557   5.50383    1215   15
    10   5.41997   0.50329   3.91226    1755   14
    11   0.63682   2.02772   1.48720    1445   16
    12   1.29570   1.12653   0.20815    1676   15
    13   1.07207   0.86515   3.66727    1229   13
    14   0.30561   2.47774   4.12101    1931   15
    15   5.50486   2.54738   2.96359    1368   14
    16   4.79520   1.27025   0.03683    2403   18
    17   4.36885   0.73368   2.52694     865    9
    18   1.73121   0.43353   5.26896     582   11
    19   3.42420   1.86529   5.51936    1686   16
    20   0.58705   1.78495   5.46344    1800   18
    21   2.69496   1.46554   4.86062    1154   15
    22   2.99517   2.27485   0.48824    1940   18
    23   4.52478   2.03595   1.97598    1879   16
    24   5.08306   2.12251   3.75607    1949   20
    25   1.98345   2.29601   5.03193    1512   17
    26   4.53958   0.46291   1.37914     738   12
    27   2.00320   1.70443   1.93009    1469   15
    28   0.95538   2.59364   3.46749    1506   15
    29   1.24459   1.70739   5.92268     760   12
    30   4.54993   1.07221   0.91659    1558   15
    31   6.11926   1.68409   1.84023    1783   18
    32   5.25496   1.09535   6.25085    1317   15
    33   0.12666   1.98869   2.87937    1668   16
    34   3.70700   1.64902   3.97374     900   12
    35   2.47156   0.94777   0.74557    1058   12
    36   4.79876   0.80106   2.75708    1035   13
    37   0.30038   1.09710   5.15052    1662   16
    38   1.28553   1.29626   0.56707    2248   17
    39   6.01605   1.41656   5.43990     758   13
    40   2.63710   1.81035   3.66874    2049   22
    41   4.00334   0.66749   1.05000    1468   16
    42   2.89489   2.75833   0.65803    1418   17
    43   0.79889   0.82915   5.00802     829   12
    44   3.71666   2.21353   0.84160    1314   15
    45   1.29236   1.56603   3.12083    1059   15
    46   5.37442   1.55790   2.85965    2544   20
    47   0.02677   1.17447   4.49111    1252   16
    48   2.55028   2.25626   1.29966    1117   15
    49   0.93388   0.84485   5.81136    1939   19
    50   1.63719   1.03452   3.23638    1275   14
    51   3.62772   1.96158   4.91155    1131   13
    52   5.94422   0.73875   2.88993    1651   15
    53   3.00816   1.86230   0.86992    1830   18
    54   6.04873   0.47854   1.38186     803   12
    55   5.62527   1.90442   0.81145    1449   14
    56   5.64649   0.58277   2.40119    1716   18
    57   5.77745   0.63278   4.96973     846   11
    58   1.41713   2.03978   5.35455    1229   14
    59   2.57513   1.09953   5.68405    1246   13
    60   4.45729   2.22166   4.99313    1101   14
    61   0.95993   1.54776   4.76045     773   12
    62   1.41560   2.57979   5.14040    1270   14
    63   3.23805   2.64445   5.51321     814   11
    64   0.62423   1.20202   3.64325    1399   14
    65   0.13619   1.64297   1.52214     960   12
    66   6.05060   1.39585   1.05572    1765   17
    67   4.05693   0.85717   2.64715     974   13
    68   2.52772   1.86687   0.10123    1308   15
    69   4.17841   0.63989   5.64072     837   11
    70   3.42420   1.86529   5.51936     725   11
    71   3.51972   2.53670   1.61443    1034   14
    72   2.78766   0.90945   3.32510    1016   12
    73   2.53341   2.80001   0.98016    1354   14
    74   1.86904   2.58021   4.69798     920   12
    75   0.19898   1.28803   5.09770    1829   16
    76   1.80836   1.18433   5.16951    1362   15
    77   4.79369   2.74988   0.12337    1133   13
    78   5.44586   1.09588   0.55401    1469   12
    79   5.85675   1.82228   5.08767    1872   18
    80   0.41730   2.05074   5.57311    2925   18
    81   4.43930   2.13142   5.27159    1406   17
    82   0.59538   2.01672   1.18309     929   14
    83   5.47363   1.20826   0.19112     984   12
    84   4.01125   1.02985   1.78754     551   11
    85   0.40967   2.28062   5.73043    1565   15
    86   1.50164   1.96416   2.66821     943   14
    87   2.17946   2.22567   6.26912    1936   14
    88   0.16342   2.58286   0.28724    2002   19
    89   3.04436   0.78590   3.92187    1256   14
    90   3.51185   0.95869   0.20066    1127   15
    91   4.66969   2.06891   5.93853    1563   15
    92   5.75910   2.10240   3.93566    1332   17
    93   2.08100   2.00422   3.04040    1313   14
    94   0.23155   1.89392   3.99114    1185   15
    95   3.05793   0.89758   4.11324    1244   12
    96   5.94098   0.70879   1.93418    1231   16
    97   4.60329   1.06730   2.53992     928   13
    98   3.32621   2.73797   5.84613    1287   16
    99   6.03473   1.92579   5.32901     959   11
   100   1.39811   0.76779   1.48491    1088   13
   101   5.64041   1.39107   0.05652    1129   12
   102   1.20532   0.52115   0.19043    1843   16
   103   3.71762   1.59422   2.95116    1550   18
   104   2.55084   2.36914   5.27712    1554   15
   105   0.49118   1.84348   5.70216    1106   14
   106   5.75056   1.30493   2.97411    1122   14
   107   1.72683   1.40940   4.90665    1611   18
   108   1.68519   2.74052   3.92351    1658   16
   109   2.59578   1.01802   3.02319     808   11
   110   2.02796   2.32662   1.03367    1639   15
   111   0.05780   2.68190   3.97075     826   13
   112   3.71955   0.88537   0.15314    1108   16
   113   6.01398   1.27545   0.97114    1603   15
   114   2.09580   1.17282   0.78160    1153   14
   115   4.42555   0.77328   4.29498     911   14
   116   0.05286   1.80014   6.23894    1192   11
   117   5.39516   2.19485   4.90628    1052   15
   118   2.71741   2.04113   2.32923     796   13
   119   4.75641   0.90328   1.04904    2453   20
   120   2.79552   0.97781   2.63354    1281   15
   121   1.58857   2.26711   1.96092    1045   11
   122   2.55388   0.32408   0.44477     563    9
   123   0.94157   0.30874   1.44073     869   12
   124   4.11420   2.26026   2.06796    1040   12
   125   1.64969   2.15155   0.31859    1570   16
   126   1.84386   2.64169   5.78816    1496   18
   127   0.62400   0.96320   0.40018     772   11
   128   0.70163   0.69820   5.17942    1218   13
   129   3.64366   2.64207   0.39270    1435   14
   130   4.01125   1.02985   1.78754     976   12
   131   2.17357   1.75059   2.18905    1317   16
   132   4.88774   1.35638   4.00504    1542   14
   133   2.26362   0.81573   1.46871     781   11
   134   4.97197   0.26056   0.25946    1350   14
   135   2.53147   0.88381   3.86042     587   10
   136   3.73507   1.17192   0.85309    1405   16
   137   0.07443   1.25706   0.73005    1094   12
   138   5.37795   1.08317   5.18128    1020   11
   139   1.36070   1.52620   1.25503    1563   14
   140   0.47987   2.34666   0.77430    1060   11
   141   1.85841   2.46952   3.53735    1069   14
   142   1.78703   1.85416   4.33411    1217   14
   143   2.24887   0.93650   0.07491    2052   18
   144   0.59018   1.92461   3.59133    1408   17
   145   2.54964   2.36389   1.53715     847   12
   146   5.76149   1.01762   1.09063     872   12
   147   5.27270   2.74767   4.70955    1209   12
   148   2.03579   2.30576   2.91203    1457   17
   149   2.01845   1.29232   4.88683    1168   12
   150   0.04753   1.69795   2.25405    1303   12
   151   4.15207   1.13688   5.08271     961   13
   152   6.10142   2.40686   4.94253     574   11
   153   0.95993   1.54776   4.76045    1534   15
   154   2.85211   0.30037   3.44655    1722   17
   155   1.19390   2.07660   0.37122    1489   17
   156   0.22928   1.97064   0.03704    1985   20
   157   3.03711   0.79730   2.05431    1129   15
   158   6.27692   0.52107   4.98258    1723   16
   159   2.65728   0.90344   6.13744    1182   17
   160   6.03497   2.63810   5.59809    1490   15
   161   4.40805   1.96490   5.42358     909   14
   162   1.42867   0.95314   3.36145    1624   17
   163   1.54648   1.64376   5.86857    1073   11
   164   2.95799   1.07673   4.37019    1348   13
   165   5.55333   0.75983   4.49907    1067   12
   166   5.70965   2.28810   3.37417    1022   13
   167   5.74176   0.64803   3.71720    1649   17
   168   2.64743   2.18230   0.97364    1220   12
   169   3.45713   0.72614   4.01744    1385   17
   170   0.94954   1.01809   2.63217    1631   16
   171   4.12596   2.22879   1.35168    1496   17
   172   3.24454   0.63095   3.98965    1209   15
   173   2.93472   1.88854   2.89221    1363   15
   174   3.36849   1.87453   2.40262    1640   16
   175   1.87386   2.18046   4.31936    1813   18
   176   3.68989   1.27674   6.22673    1732   16
   177   1.06078   1.37279   0.76992    1146   16
   178   1.15722   0.73154   2.03008    1052   14
   179   5.50634   1.04208   4.33499    1612   16
   180   2.38176   2.21774   2.52853    1362   16
   181   4.78583   1.94940   3.49334    1010   15
   182   2.33021   0.67331   2.89905    1549   17
   183   4.04624   0.95891   3.83172    1581   18
   184   5.77314   1.54566   1.58386     930   12
   185   6.04865   1.04856   5.62647     841   12
   186   1.78659   1.33277   5.72851    1211   14
   187   5.40537   2.10429   3.09070    1033   14
   188   3.22422   2.53104   3.04016    1282   13
   189   2.53326   1.62183   4.13502     799   13
   190   5.26902   1.89855   0.93406    1179   13
   191   5.90502   1.84296   4.80254    1097   12
   192   1.03499   1.67083   4.82645    1285   16
   193   1.90865   2.19993   4.92573    1690   18
   194   4.31692   2.27416   1.22864     888   12
   195   1.69669   2.16529   4.38714    1058   12
   196   2.15326   2.60534   2.68652    1299   14
   197   5.69293   1.62071   3.66444     849   13
   198   1.84325   1.77898   2.33100    1634   16
   199   3.83967   2.10443   5.20512    1632   17
   200   0.25075   2.27633   3.73977    1300   17