     1   0.00000   0.00000   0.00000       0    0
     2   4.14386   0.80666   2.55416    2372   21
     3   3.50051   2.14147   5.84207    1917   16
     4   0.30417   0.95503   2.08261     922   11
     5   5.33237   2.05197   3.75572    1318   12
     6   4.32524   0.86854   2.49441    1298   12
     7   1.13025   2.36303   3.81113    1361   17
     8   2.22820   1.08566   3.97698    1254   13
     9   5.51811   2.02372   3.89427     995   12
    10   1.23012   2.20637   5.46064    1474   17
    11   2.28122   1.06086   4.09011    1440   16
    12   5.34272   2.04335   2.25384    1047   16
    13   5.23505   1.98363   3.82944    1064   13
    14   4.47311   0.84249   2.18889    1155   13
    15   5.46335   2.13379   3.88586    1593   15
    16   3.48728   2.09289   0.86304    1797   21
    17   2.32563   1.13546   5.49829    1346   17
    18   5.29084   2.08803   3.75668    1118   15
    19   4.36697   0.83752   2.34732    1230   13
    20   5.39548   2.00260   2.32487    1770   15
    21   4.44242   0.71494   2.33855    2618   23
    22   5.40240   2.04051   0.62220    1542   16
    23   4.32295   0.81411   5.57561    1022   11
    24   4.23514   0.67951   4.05723    1314   16
    25   1.17118   2.37209   2.29799    1879   16
    26   4.28341   0.76271   0.85406     970   11
    27   3.42119   2.18826   5.71873    1131   13
    28   1.13125   2.31302   0.57471    1282   14
    29   1.40602   2.28200   2.44372    1541   16
    30   1.24017   2.25968   2.22938    1293   14
    31   3.44435   2.09277   5.58054    1680   17
    32   2.25505   1.14736   1.00132     830   10
    33   4.41526   0.90414   2.36723    1475   16
    34   0.27831   1.02262   3.81383     833   10
    35   0.42748   1.00165   0.52158    1649   18
    36   4.17205   0.82069   0.98989    1168   14
    37   4.44176   0.71161   2.38736    1203   12
    38   2.14606   1.04089   5.73201    1582   14
    39   4.37656   0.78165   0.82417    1517   13
    40   0.36818   1.07125   5.35430    1342   12
    41   0.35650   1.09512   5.20688    1243   15
    42   3.42937   2.31009   2.44280    1533   14
    43   3.55093   2.21762   5.61236    1185   16
    44   5.33237   2.05197   3.75572    1052   14
    45   1.06080   2.36402   3.68165    1312   14
    46   0.28289   1.05181   5.32063    1129   17
    47   1.19935   2.20617   5.31793    1448   16
    48   5.50992   1.93960   5.50281    1836   17
    49   1.18188   2.49034   5.40239    1269   13
    50   4.39073   0.82435   2.39860    1558   14
    51   5.44753   1.94529   0.67207    1324   14
    52   3.44741   2.27939   0.87465    1410   16
    53   0.31713   0.92751   5.40643    1061   12
    54   3.48133   2.08429   4.06375    1374   15
    55   1.15325   2.24874   0.62848    1082   13
    56   2.34744   1.18487   4.00821    1118   14
    57   0.26558   0.99621   5.37126    1544   17
    58   3.39229   2.20540   2.45169    1634   15
    59   4.46183   0.77656   5.59224    2123   20
    60   1.17120   2.42540   5.42901    2991   23
    61   3.52392   2.10163   0.93676     825   10
    62   2.31455   1.06926   5.52075    1636   17
    63   1.13891   2.26146   5.31852    1141   13
    64   5.34865   2.03565   0.57872    1560   17
    65   2.08081   1.16679   5.69857    2104   17
    66   3.50668   2.26186   5.58457    1055   13
    67   2.20114   1.20359   2.54502     956   13
    68   4.43906   0.73820   4.00460     639   10
    69   1.41255   2.38177   2.34094    1050   14
    70   2.31962   1.19750   4.01900     804   10
    71   0.21853   0.86683   0.64862    1468   15
    72   5.20838   1.97661   0.60236     843   11
    73   2.31113   1.18340   5.49317    1224   15
    74   1.18546   2.35611   3.75091     710   13
    75   1.08936   2.33548   2.14345    1219   15
    76   2.18127   1.03639   2.43999    1718   16
    77   2.20531   1.16675   0.82686    2047   16
    78   0.25306   1.00987   2.30746    1433   12
    79   2.32563   1.13546   5.49829     662   12
    80   3.51047   2.10575   5.79910    1473   14
    81   1.16425   2.43560   3.76643    1163   16
    82   3.54434   2.19299   4.26524    1643   17
    83   1.17118   2.37209   2.29799    1130   13
    84   0.23942   1.03843   3.70595    1001   14
    85   4.38385   0.78424   0.90636    1731   15
    86   5.32286   2.05115   5.27048    1118   10
    87   1.28163   2.30794   3.92984     440   10
    88   3.44179   2.14288   0.98845     949   12
    89   4.33908   0.69585   5.67714    1099   12
    90   4.32343   0.85244   5.65803    2195   19
    91   2.38798   1.08349   2.40283    1245   15
    92   3.52245   2.17249   5.85285    2368   20
    93   1.24632   2.24571   3.89596    1088   14
    94   4.16395   0.83771   2.52819    1265   11
    95   3.42819   2.13095   4.07167    1185   16
    96   3.62629   2.09644   4.13973    1860   17
    97   5.42273   1.96340   0.52901    1727   16
    98   4.46508   0.72999   5.47978     857   15
    99   5.44082   2.09726   5.34821    1280   14
   100   4.12611   0.86729   5.68382     637   11
   101   0.29024   1.04718   3.60551     588   10
   102   0.31694   1.00166   3.73248     943   13
   103   3.35812   2.19903   2.58007    1171   11
   104   1.00846   2.33797   3.63813    1432   15
   105   0.36818   1.07125   5.35430     630   10
   106   2.31764   1.13305   2.43034    1226   16
   107   1.27255   2.24481   5.32670    1178   14
   108   2.25505   1.14736   1.00132    1411   13
   109   1.22903   2.38053   0.61662    1307   17
   110   1.14115   2.39464   5.21990    1148   17
   111   2.30923   1.09357   5.71518    1938   17
   112   5.31205   1.93748   0.65902    1045   14
   113   4.55935   0.86389   5.46269    1359   15
   114   1.21534   2.21571   3.88012    2211   18
   115   2.12364   1.11332   4.11314    1199   13
   116   0.14881   0.89392   5.34836    1641   15
   117   1.16912   2.38860   2.26021    2305   19
   118   5.30012   1.96208   3.68851    1118   13
   119   1.11973   2.27760   3.79283    1187   13
   120   3.45006   2.19652   2.43211    1428   15
   121   5.29032   2.14624   5.26506    2021   15
   122   0.39276   0.88177   5.37734     951   13
   123   3.37500   2.07880   4.00118    1817   15
   124   0.27753   1.02227   0.55787    1828   16
   125   1.33929   2.29105   5.50511    1351   17
   126   5.37318   2.14491   3.71663    1320   14
   127   5.52054   2.03078   5.41676     992   12
   128   1.11270   2.34448   3.60823    1828   18
   129   0.30722   0.91643   2.16950     839   14
   130   4.46508   0.72999   5.47978     996   13
   131   0.34309   0.94624   2.18769    1246   15
   132   5.44214   1.95204   2.23821    1518   16
   133   0.50481   1.00430   5.14312    2091   18
   134   4.58630   0.83135   5.48024    1273   15
   135   0.28715   1.01158   3.62894    1810   19
   136   3.59915   2.18463   1.09604    1448   16
   137   5.30012   1.96208   3.68851    1350   17
   138   4.35698   0.77260   0.93645    1235   13
   139   5.28701   2.11855   2.25787    1370   14
   140   0.39991   1.00271   3.63542    1181   13
   141   1.22902   2.44902   0.64959    1464   15
   142   4.44880   0.80133   0.86675    2700   23
   143   1.29246   2.48101   2.23146    1194   16
   144   4.23454   0.82164   0.93731    1145   13
   145   4.21346   0.86884   4.09200     959   13
   146   2.37416   1.05347   0.74174    1084   15
   147   5.45299   2.14031   2.28797    1250   15
   148   3.50740   2.30097   2.53061    1083   12
   149   0.36818   1.07125   5.35430    1182   17
   150   3.48903   2.25563   2.53384     798   14
   151   4.35438   0.76552   5.66682     841   15
   152   2.22779   1.00043   5.45274    1531   17
   153   3.43464   2.05457   5.78173     645    9
   154   1.15325   2.24874   0.62848     886   14
   155   3.44434   2.04344   2.56528    1114   15
   156   2.22820   1.08566   3.97698    1307   13
   157   0.42748   1.00165   0.52158    1397   18
   158   4.35508   0.88334   5.71806    1429   11
   159   3.31601   2.26276   0.89221     798   12
   160   0.37662   0.84846   5.31859     876   13
   161   2.33485   1.12646   3.88601    1781   15
   162   5.39478   2.01868   0.71216    1427   16
   163   2.25763   1.19829   4.16706    1411   16
   164   5.52054   2.03078   5.41676     748   12
   165   0.28929   0.93726   2.19896    1533   15
   166   5.31916   2.03141   0.63391    1853   18
   167   2.14577   1.13497   3.99152    1015   13
   168   2.34123   1.05241   2.28053    1486   13
   169   2.32563   1.13546   5.49829    1354   15
   170   0.48323   1.08074   2.04396     969   13
   171   1.32828   2.27390   2.35732     687   12
   172   3.43797   2.22846   0.97616     898   14
   173   5.40035   2.05120   2.32489    1624   17
   174   5.23505   1.98363   3.82944    1169   14
   175   2.39181   1.04572   5.44117    2112   18
   176   5.51799   1.95700   2.34192     717   13
   177   4.13041   0.77653   2.65912    1354   13
   178   2.18843   1.19101   4.15462    1437   12
   179   2.06070   1.13339   2.64489    1020   17
   180   4.14837   0.85935   5.67060    1106   12
   181   3.43342   2.20994   4.02458    1264   15
   182   2.35045   1.09033   4.01821    1948   19
   183   4.43031   0.91126   4.05840     786   14
   184   4.40078   0.67337   4.07590    1074   14
   185   2.22535   1.14014   0.82928    1280   14
   186   3.59915   2.18463   1.09604     779   12
   187   2.22535   1.14014   0.82928     897   10
   188   2.25271   1.19867   0.92622    1766   14
   189   5.36141   1.93319   0.70808    1683   16
   190   5.25050   1.96543   2.27991    1210   15
   191   2.22820   1.08566   3.97698     833   11
   192   4.37336   0.91143   4.02874    1410   18
   193   4.15247   0.79819   5.71963    1378   16
   194   4.44801   0.75499   5.46883     748   12
   195   4.41457   0.82594   2.42183    1086   14
   196   1.20125   2.21721   2.16904    1423   14
   197   3.45347   2.13471   5.64948    1431   16
   198   4.46508   0.72999   5.47978     904   14
   199   1.15231   2.39370   0.68812    1814   19