     1   0.00000   0.00000   0.00000       0    0
     2   0.46867   0.95984   6.13979    1352   19
     3   1.98497   1.57404   0.81093    3777   20
     4   3.32645   0.70502   4.80364     696    9
     5   4.91124   1.58907   2.30900    1093   14
     6   3.53882   0.63412   3.05741     433    9
     7   3.44772   0.74388   3.15666    1527   17
     8   3.58570   0.68046   3.12489    5049   30
     9   0.51132   2.39785   3.34434    3801   21
    10   0.26234   2.35894   0.06523    4514   24
    11   1.81439   1.49862   2.47114     444   10
    12   3.60549   2.28240   4.75744    1110   11
    13   1.84583   1.40635   2.36247     504   10
    14   3.32841   2.35722   4.61326    2681   21
    15   0.23975   0.82438   3.17594     647   10
    16   3.61951   0.75204   1.45730    1561   17
    17   3.26131   2.36375   2.92530     954   12
    18   0.42003   0.83053   0.04894     528   12
    19   3.55708   0.70063   6.18292    3797   23
    20   0.25766   0.77171   0.10603    1327   17
    21   1.80099   1.51951   5.63356     737   13
    22   3.42414   2.30202   4.55813     669   13
    23   5.04072   1.71174   2.24070     949   12
    24   0.26391   2.51474   6.25273    1077   12
    25   0.39175   0.87730   0.03331    1208   15
    26   3.55076   0.78710   1.56698     380    8
    27   0.28179   2.48183   6.15355    3728   20
    28   1.96174   1.72095   2.41514    1366   15
    29   1.80086   1.57774   3.94826    1943   17
    30   0.50808   2.36344   4.85039     534   11
    31   3.46300   2.27007   1.61033    3177   21
    32   4.94422   1.50764   5.34751     367    9
    33   5.10226   1.47686   0.71914     450    9
    34   5.14604   1.50994   5.49804    3270   23
    35   0.38503   2.49668   4.88333     514   12
    36   3.63895   0.79482   1.44498     792   11
    37   3.36685   2.19106   4.68004    1480   18
    38   3.40821   0.74692   1.51933     394    7
    39   3.53961   0.76321   1.41938     794   10
    40   1.87911   1.66052   2.49293    1501   13
    41   0.25703   0.83659   3.17237    2113   15
    42   3.51064   0.74769   4.79530    4332   21
    43   0.29141   0.82247   0.12288     961   14
    44   3.37175   2.30783   1.57089    1132   14
    45   3.50780   0.77414   0.00467     870   13
    46   3.33748   2.36348   1.39439    1101   15
    47   0.35643   0.96366   4.65563    1292   14
    48   3.54285   0.76988   1.51201     727   11
    49   0.47523   2.42692   0.22651     419   10
    50   5.04407   1.68210   5.38238     976   10
    51   3.54041   2.30643   3.04822     639   11
    52   5.03906   1.45413   5.46377    2061   15
    53   3.59140   2.28224   4.77643    1041   12
    54   1.80023   1.56709   5.50368     798   13
    55   5.12718   1.55462   5.44740     907   11
    56   3.67454   0.65049   4.52948     820   12
    57   3.52987   0.74696   4.73133    1089   12
    58   0.29034   2.50685   3.07738    1513   15
    59   0.35710   2.39572   3.17185    2134   20
    60   0.17578   0.88515   3.27456     892   15
    61   0.21713   0.77897   4.85715    1627   18
    62   3.45444   2.21997   6.22444     633   10
    63   3.37266   0.72324   1.53225    1846   16
    64   3.45936   2.22482   1.50574    1814   18
    65   3.40072   0.77404   1.57255    2194   18
    66   0.46867   0.95984   6.13979     730   15
    67   0.34472   2.38464   6.20593     414   12
    68   1.88021   1.63986   4.00807    2347   18
    69   0.47136   0.81363   3.08808     512   10
    70   0.00000   0.00000   0.00000     507   12
    71   0.28273   0.85838   4.70883    1007   14
    72   3.56696   0.69347   2.99730     819   10
    73   3.46755   0.76086   0.10802     520    8
    74   3.51321   2.32332   4.65233     937   12
    75   3.53882   0.63412   3.05741     610    9
    76   3.64624   0.80429   4.57637    2373   18
    77   0.23412   0.80039   0.09835     651   11
    78   3.52192   2.33641   4.73939    4153   22
    79   0.21884   0.84440   3.19217    1147   14
    80   3.42414   2.30202   4.55813    1003   15
    81   5.04165   1.52306   5.48128     384   10
    82   0.15965   0.87481   3.33614     583   11
    83   1.84110   1.51488   5.51464    3843   24
    84   3.41108   2.26027   4.66028    1541   16
    85   0.31090   2.38232   6.27041    3143   20
    86   0.30250   0.83193   3.19313    2462   18
    87   3.35713   2.24156   4.52141    3818   18
    88   5.02048   1.66095   5.38016    4322   26
    89   3.30867   2.25565   2.93693    2022   20
    90   3.53089   0.77246   1.56033    1043   14
    91   5.08902   1.63833   0.65327    3509   21
    92   0.25766   0.77171   0.10603     418    9
    93   1.80961   1.58051   2.41514    1279   15
    94   3.53882   0.63412   3.05741     607   11
    95   0.47493   2.45100   4.86770    1575   16
    96   3.39852   0.70130   4.85685     626   10
    97   5.12718   1.55462   5.44740     485   11
    98   5.15485   1.55381   5.45352    2842   26
    99   3.56515   0.77614   3.12560     943   15
   100   0.00000   0.00000   0.00000     492   11
   101   0.44068   0.91235   1.45200     661   12
   102   3.45267   0.70674   3.13970     945   11
   103   0.29141   0.82247   0.12288    1031   15
   104   0.35440   0.94261   6.22776     294    7
   105   3.45412   0.72549   4.78010     995   10
   106   2.00760   1.61895   5.54656     434    8
   107   0.30799   2.52296   4.69956     624   12
   108   1.91353   1.62404   5.50119    1097   13
   109   3.42414   2.30202   4.55813    3238   22
   110   0.44138   2.48694   1.59222     541   11
   111   4.99591   1.58064   0.64715     569    8
   112   5.09172   1.69133   0.76771     792   12
   113   0.29613   2.48150   1.57725     810   10
   114   4.94422   1.50764   5.34751    5700   24
   115   4.94422   1.50764   5.34751     300    8
   116   3.62469   0.80073   1.42782     663   11
   117   1.89094   1.57163   0.87496     702    9
   118   3.54262   0.74463   0.03580    2861   16
   119   3.36921   0.66812   3.09820     750   10
   120   0.17370   0.84731   4.89496     760   12
   121   1.92283   1.46900   4.04844    2658   15
   122   3.48682   0.71281   6.26298     468    9
   123   3.36962   0.69913   0.12731    5243   22
   124   5.04029   1.62312   3.92538    2424   17
   125   3.43471   2.23938   3.08300    2851   18
   126   5.02048   1.66095   5.38016    2238   18
   127   0.25318   0.87617   0.16257     559   12
   128   0.23374   2.40887   1.42917     903   15
   129   5.09852   1.50022   2.34952     550   10
   130   1.95088   1.44998   4.04157     937    9
   131   4.93694   1.60572   2.29219     476    8
   132   3.53882   0.63412   3.05741     321    6
   133   3.49252   0.78019   6.16944    1060   11
   134   3.35528   2.29148   3.05532     777   11
   135   3.45936   2.22482   1.50574     854   10
   136   3.37060   2.34431   4.69017    1051   15
   137   3.52197   0.72006   0.00944    4209   25
   138   3.32164   0.62658   4.72901    1353   13
   139   4.92459   1.60353   0.72652     862   13
   140   5.02689   1.59524   5.50935    1680   13
   141   0.53160   2.46229   4.93262    1759   14
   142   3.51377   2.29399   3.25665    1500   16
   143   3.59602   0.75569   2.96893    3095   19
   144   1.80454   1.54072   5.55517    2285   17
   145   3.54016   2.36443   1.53520    1490   14
   146   3.54276   2.31029   6.23541    1404   15
   147   5.05240   1.60193   3.88160    5549   30
   148   0.34949   0.84961   3.13985    1606   11
   149   3.63292   2.27991   1.66823     502    8
   150   0.29752   0.85220   1.65384     332   10
   151   3.37175   2.30783   1.57089    1218   13
   152   3.35489   0.64434   3.29506     369    9
   153   1.90492   1.60914   5.50848     852   11
   154   0.35575   0.89318   6.21978    3341   22
   155   3.56788   2.29499   1.53643    1333   16
   156   3.62475   0.65828   1.30879    1816   15
   157   0.26234   2.35894   0.06523    1741   15
   158   1.82968   1.45305   5.48611    1673   17
   159   1.83372   1.60142   5.66534    1379   15
   160   3.34710   2.36450   1.43311    1545   16
   161   1.90163   1.60667   3.96676    1641   16
   162   3.42414   2.30202   4.55813    1089   14
   163   1.83652   1.66834   0.82899     892   11
   164   0.38701   2.40539   3.14083    1701   12
   165   3.55096   2.26336   0.05050     667   13
   166   3.45936   2.22482   1.50574    1163   15
   167   0.35710   2.39572   3.17185    1986   18
   168   3.55650   0.63686   4.66849    1449   13
   169   1.89599   1.59815   4.05397    2334   19
   170   5.00595   1.71668   5.45370    2442   14
   171   3.32339   2.23032   1.54614     656   12
   172   0.36289   2.36525   1.64353    1691   14
   173   0.30464   0.80663   0.09301     805   13
   174   3.45936   2.22482   1.50574    1079   11
   175   0.48173   0.83743   6.19648     514    9
   176   0.30705   0.77895   4.84524    3282   22