     1   0.00000   0.00000   0.00000       0    0
     2   4.29436   1.09877   2.59339     773   12
     3   4.24358   1.03865   5.75415    1766   18
     4   1.23149   2.03354   0.63462    1042   13
     5   1.10957   2.23415   5.25956     951   12
     6   0.30997   0.65221   3.91497    1245   13
     7   1.28829   2.05606   3.62629     948    9
     8   0.23732   0.70888   2.43344    2196   17
     9   2.51280   1.06660   5.29405    1846   17
    10   5.61702   2.12024   5.68647    1007   13
    11   3.53479   2.31546   2.43025    1464   16
    12   2.51493   1.04084   5.19333    1041   16
    13   2.37234   1.10247   5.29651    1013   14
    14   4.24718   1.06738   5.73260    1228   10
    15   2.36631   1.01082   2.16443    1329   11
    16   1.41476   2.15322   3.84702    1183   16
    17   5.63327   2.11670   5.80722    1845   18
    18   1.24315   2.21061   2.18942    2800   19
    19   3.38119   2.39455   0.67029     966   14
    20   2.58838   1.10113   3.70119    1557   19
    21   0.08380   0.72350   5.61884     911   11
    22   5.54027   2.01925   2.63191    1587   14
    23   1.24734   2.12802   0.53803    1553   16
    24   0.35218   0.86931   3.88039    1245   15
    25   0.13886   0.81067   5.56658     923   13
    26   4.24718   1.06738   5.73260    1644   18
    27   1.24520   2.11817   2.25672    1023   17
    28   2.51010   1.15898   0.53002     950   13
    29   3.43235   2.44278   3.90321    1144   14
    30   5.68770   2.06992   2.53589    1340   15
    31   2.39260   0.96525   5.34023    1507   17
    32   5.65859   2.20904   5.63757     625   10
    33   0.28982   0.66168   3.99051    1668   17
    34   4.35685   1.00418   5.61451     879   10
    35   3.44787   2.41032   2.43648    1665   16
    36   5.67168   1.99703   2.64054    1072   12
    37   0.46925   0.67960   3.86420    1482   17
    38   0.11937   0.78219   4.03800    2025   17
    39   3.48194   2.41126   2.30757    1465   16
    40   3.47598   2.44226   0.87767    1926   20
    41   5.54494   2.04899   3.98947    1065   14
    42   5.78287   2.07576   5.80851    1477   17
    43   3.48863   2.35435   2.51368    1866   17
    44   3.35582   2.46952   2.25385    1328   16
    45   3.51585   2.26989   2.44169    1076   16
    46   4.42056   1.08169   2.54461    1811   18
    47   3.33811   2.51881   5.50871     521    9
    48   2.57600   0.95452   0.55115    1578   16
    49   1.39075   2.16964   3.80586     798   12
    50   1.26087   1.97559   3.70244    1654   16
    51   5.68132   2.05898   2.60910     698   10
    52   4.26166   1.10032   2.49433    1158   13
    53   3.50819   2.31722   0.77700    1542   16
    54   2.45825   1.08620   0.56337    1079   10
    55   2.41304   1.09016   5.32891    2273   19
    56   5.61996   2.06309   5.71582    1294   16
    57   4.32956   1.15705   5.64973    1267   14
    58   2.44028   1.15166   5.24647    1095   13
    59   1.13622   2.09167   5.16463    1137   15
    60   3.27440   2.28787   2.33258    1669   19
    61   3.21795   2.33710   5.32091    2890   23
    62   0.17462   0.76717   5.46552    1636   14
    63   0.22995   0.69418   3.93712    1150   13
    64   5.49752   2.06956   2.40323    1300   16
    65   0.47113   0.80532   2.29380    1327   14
    66   5.50633   2.14836   4.13107     930   11
    67   4.26166   1.10032   2.49433     741   15
    68   3.30716   2.35074   3.88773    1254   15
    69   0.27028   0.77510   0.82295    1354   16
    70   2.46252   1.09525   5.38198    1782   14
    71   3.66314   2.38517   0.95956    1525   17
    72   4.23225   1.01156   4.15057     639   11
    73   5.53723   1.94412   5.62385    1471   16
    74   4.22648   1.13389   2.70423    1034   11
    75   1.32533   2.04294   5.19060    1594   16
    76   4.40504   1.06444   0.93854    1147   14
    77   1.19476   2.21093   5.35674    1182   13
    78   0.13334   0.78559   3.96867     946   10
    79   3.40065   2.42623   3.86551    1584   18
    80   2.45693   0.96554   2.17282    1122   13
    81   0.40331   0.73646   3.85795    2108   19
    82   3.35017   2.46280   5.53588    1190   15
    83   5.69689   2.10093   5.64608    1155   13
    84   5.75035   2.00310   5.68336     731    9
    85   5.75035   2.00310   5.68336     804   12
    86   1.28690   2.07890   0.70703    1744   18
    87   5.70535   2.09576   1.10760    1221   15
    88   3.39258   2.28409   4.00785    1526   17
    89   2.45041   1.02468   5.45655    1208   14
    90   3.33011   2.40733   5.41637     850   14
    91   4.31307   1.02073   4.09836    1166   13
    92   4.26166   1.10032   2.49433     884   12
    93   0.42785   0.76163   3.88768    1372   14
    94   3.42973   2.40055   3.87829    1519   16
    95   3.44377   2.35581   0.76686    1049   14
    96   1.24520   2.11817   2.25672    1259   13
    97   0.25944   0.61764   5.52830     970   13
    98   0.00000   0.00000   0.00000    1565   15
    99   2.42628   1.13615   2.27642    1230   14
   100   0.27310   0.67038   2.25835    1796   16
   101   1.24131   2.19744   2.12172     759   10
   102   4.48766   1.01901   5.75737    1270   13
   103   4.31992   1.09367   4.13643     814   10
   104   3.42818   2.30420   0.92155     898   15
   105   4.35775   1.03661   0.99438    1196   14
   106   4.34605   1.07812   2.53060     875   13
   107   5.62441   2.21296   4.11027     829   12
   108   5.53477   2.10150   1.06161     975   13
   109   0.08380   0.72350   5.61884    1150   16
   110   2.56513   1.00968   0.61890    1186   13
   111   0.26442   0.72742   0.78306    1682   18
   112   1.11908   2.07075   2.16351    1014   14
   113   3.42196   2.44007   0.75153     942   14
   114   3.40065   2.42623   3.86551     611   12
   115   3.43962   2.33353   0.77163    1178   14
   116   4.32978   1.05471   5.66296    1564   16
   117   5.62465   2.01113   2.61492     997   12
   118   0.13050   0.66827   5.57254    1730   17
   119   3.29498   2.27415   0.77607    1519   17
   120   5.63540   1.98998   4.15789     812   12
   121   0.41798   0.68281   3.80154    1300   16
   122   4.35252   1.08539   2.52309     917   12
   123   5.67683   1.99677   5.68682    1190   15
   124   0.30369   0.77580   3.91106    1144   13
   125   1.39075   2.16964   3.80586     905   13
   126   0.34556   0.83816   0.65286    1357   13
   127   0.36621   0.86900   0.75050    1297   15
   128   0.17139   0.84254   3.93305    1190   13
   129   5.55271   2.14110   2.44874    2465   19
   130   0.00000   0.00000   0.00000     707   13
   131   0.19876   0.75789   5.63729    2002   16
   132   0.08380   0.72350   5.61884    3573   22
   133   2.57850   1.09870   2.13072     822   14
   134   0.37504   0.89061   3.90066    1194   11
   135   5.72769   2.11669   4.23756    1253   16
   136   3.59042   2.36543   0.91516     974   13
   137   0.26463   0.66481   3.81620     962   12
   138   0.21710   0.77371   3.96988    1535   16
   139   5.58799   2.05202   0.92725     903   13
   140   4.35579   1.10590   4.00495    1398   16
   141   2.63563   1.05734   3.59844    1844   19
   142   3.40907   2.44652   0.79169    1362   14
   143   5.53303   2.03038   4.07368    1440   15
   144   0.42542   0.66027   2.33316    1345   15
   145   3.29788   2.32445   5.37752    2313   17
   146   2.51489   1.17619   0.59779     954   14
   147   0.23448   0.87688   3.93524    1186   17
   148   2.42267   0.99190   5.33129    1156   14
   149   0.26103   0.83217   0.76297    1348   15
   150   5.59630   2.00790   2.54891    2170   19
   151   4.25895   1.15795   4.26238    2038   21
   152   4.40204   1.06063   5.70531    1169   11
   153   0.42969   0.75646   0.67814    1458   18
   154   5.81518   2.05105   4.29010    1540   19
   155   2.53041   1.16830   0.58136    1774   17
   156   2.36971   1.14722   3.86210    1704   21
   157   5.56980   1.92447   2.53843     869   13
   158   1.29429   2.11563   5.43375    2028   20
   159   4.28416   1.08582   5.84006    1179   13
   160   0.24598   0.83921   5.59226    1029   13
   161   0.46269   0.69186   0.61271    1124   13
   162   1.33993   2.14833   5.42793    1240   16
   163   0.40331   0.70286   5.46794    1757   19
   164   0.19931   0.82595   5.49897    1598   13
   165   3.44866   2.53322   2.32318     899   12
   166   4.26927   1.13844   4.16883    1362   15
   167   2.45935   1.10828   5.31477    1498   12
   168   5.62596   2.12638   1.03026    1536   14
   169   2.40897   1.02950   5.35791    2006   14
   170   2.46493   1.04010   2.08611    1038   14
   171   0.30369   0.77580   3.91106    1299   14
   172   0.30997   0.65221   3.91497     650    9
   173   3.51474   2.40267   3.90212     722   11
   174   1.29775   2.01214   5.25441    1884   21
   175   1.39075   2.16964   3.80586    1062   13
   176   1.20331   2.10372   0.70725     939   14
   177   4.42314   1.15350   2.61120    1383   17
   178   1.11908   2.07075   2.16351    1085   12
   179   5.58799   2.05202   0.92725    1411   18
   180   2.49536   1.11971   3.72945     831   10
   181   5.66250   2.11831   1.03235    2099   18
   182   2.42750   0.99206   5.23662     855   11
   183   3.54126   2.39413   0.79359    1763   18
   184   1.26698   2.00008   5.34979    1754   19
   185   1.23290   2.15524   3.77023    1780   18
   186   2.38207   1.08087   2.32613     973   13
   187   4.41638   0.94225   4.01561    1712   19
   188   4.42226   0.95938   2.45039     510    7
   189   5.66582   2.20553   4.20527    2047   18
   190   2.38380   1.03407   5.30956    1875   23
   191   3.49563   2.33818   5.45730    1130   12
   192   5.62126   2.04670   2.42242    1196   13
   193   0.00000   0.00000   0.00000     880   11
   194   0.18711   0.79080   5.59086    1429   13
   195   2.42345   1.06277   3.80053    1091   13
   196   3.50406   2.44797   4.04112     860   11
   197   2.57589   0.98109   2.06538    1236   16
   198   4.27186   1.10990   2.70142    1486   14
   199   0.36235   0.66089   2.20604    1099   13
   200   4.34418   1.12996   2.59553     875   13