     1   0.00000   0.00000   0.00000       0    0
     2   1.54983   1.87169   3.75621    2687   20
     3   2.82751   0.99075   5.19853    2620   15
     4   5.94847   2.14518   2.71661     671    9
     5   0.29208   0.70481   1.02359    1379   13
     6   1.63036   1.98363   3.93327     777   11
     7   1.50730   2.02115   0.61332    1212   16
     8   0.50476   0.75367   0.84841    3622   28
     9   0.30718   0.62916   4.09313    1524   13
    10   4.73381   1.17504   2.41007    2302   17
    11   4.55541   1.20575   5.67163     588   12
    12   1.51692   2.02584   0.71652    1454   13
    13   1.51502   1.98431   5.36320    1687   14
    14   4.56861   1.08356   2.38603     411    8
    15   5.98214   2.20572   2.73574    1611   18
    16   6.01169   2.21941   2.70653    2814   20
    17   5.80555   2.25241   4.15732     584    9
    18   2.70382   1.05729   3.70314    1053   13
    19   0.33097   0.76568   5.59583    2883   19
    20   1.35833   1.94807   3.79502     527    9
    21   2.84003   0.95178   0.38171    4942   28
    22   5.71640   2.21163   0.96797    2162   18
    23   5.84847   2.29210   1.11387     402    9
    24   4.54727   1.07957   5.73589    4573   28
    25   5.93847   2.27308   1.14316     803   14
    26   4.61361   1.09136   2.45313    1521   14
    27   3.61220   2.47482   0.80682    1460   16
    28   1.35587   1.95828   0.65429     322    7
    29   1.47191   1.91040   2.21686    2023   20
    30   2.81416   0.97662   5.09032    2565   21
    31   3.46552   2.40850   3.70091     435   12
    32   1.44455   2.01975   3.76270     719   10
    33   5.74070   2.10337   2.49069    3333   20
    34   3.46071   2.55308   0.62429     297    7
    35   1.52470   2.00768   3.68446    2714   18
    36   4.66457   1.28312   2.48922    2169   17
    37   3.70915   2.38209   2.24537    1707   15
    38   3.77551   2.40709   0.75322    1515   14
    39   2.68490   0.90445   3.73264     491   10
    40   5.92348   2.02359   0.96736    1845   17
    41   3.55100   2.53063   5.36044    1274   10
    42   1.53010   1.98938   2.12320    2886   21
    43   4.66548   1.19994   2.46311     390    9
    44   6.04697   2.10373   2.79905    1437   13
    45   0.43970   0.77637   5.63608    1021   12
    46   4.66548   1.19994   2.46311     337    9
    47   0.40895   0.76938   0.90770     923   11
    48   2.74147   0.89901   3.63577    1452   13
    49   3.57256   2.46074   0.66773     973   13
    50   5.90668   2.09059   1.18647     323   11
    51   4.59782   1.23545   0.98153    4651   25
    52   1.57791   1.96840   0.64087    1444   14
    53   2.67616   1.11068   0.54181     546   10
    54   3.46071   2.55308   0.62429     596   13
    55   0.32501   0.79271   4.17666    2471   16
    56   2.62971   0.98497   3.69716     856   12
    57   4.66548   1.19994   2.46311     436    9
    58   0.30718   0.62916   4.09313     517   10
    59   6.03944   2.17785   4.25616    1010   11
    60   4.66457   1.28312   2.48922     764   12
    61   1.57260   2.02497   0.71526     919   12
    62   2.70664   1.01459   0.46732    1720   18
    63   3.46071   2.55308   0.62429    1766   14
    64   4.57930   1.22674   4.16107    1837   18
    65   5.92759   2.04080   2.63654     749   12
    66   5.88405   2.23923   4.15311    4529   20
    67   4.69083   1.22977   4.08315    2517   18
    68   3.58512   2.29902   2.14471    5129   22
    69   4.61882   1.09792   1.04938     664   11
    70   2.81673   0.98518   3.59317     524    9
    71   5.92177   2.16635   1.16994    1071   13
    72   4.70438   1.02374   5.58288    1753   21
    73   3.71035   2.45788   5.40190    2923   21
    74   5.89959   2.14130   4.06897    1156   13
    75   5.85881   2.05751   2.51114     572   11
    76   2.78882   1.10641   0.44923    2194   18
    77   3.46071   2.55308   0.62429     828   14
    78   5.92177   2.16635   1.16994     315    5
    79   3.78323   2.40713   2.37076    2993   20
    80   3.54049   2.24067   2.32841    2609   17
    81   5.84801   2.26372   5.68345    4176   26
    82   5.69891   2.21406   2.44310    3030   19
    83   4.73503   1.27619   2.34973    1338   14
    84   5.84847   2.29210   1.11387     906   12
    85   5.78390   2.21575   5.62751    2191   16
    86   5.98637   2.09085   2.72242    2865   16
    87   5.83234   2.15250   5.81051     360    8
    88   1.53492   1.99490   3.67018     880   14
    89   5.88405   2.23923   4.15311     562   12
    90   2.72546   1.02743   2.17553    4289   23
    91   1.52418   2.11738   0.67071    1438   14
    92   5.96905   2.14568   2.60805    1260   17
    93   1.51692   2.02584   0.71652     572   10
    94   4.58126   0.98720   2.38208    1713   19
    95   5.85972   2.27794   4.13649     226    8
    96   5.88405   2.23923   4.15311     868   12
    97   5.82868   2.18227   4.12400    1757   14
    98   0.26518   0.77414   4.20418     838   16
    99   0.47191   0.82766   2.43017    2669   17
   100   4.59782   1.23545   0.98153     568    8
   101   4.72309   1.21487   0.89331    1009   13
   102   2.68855   1.14035   3.69243    1121   14
   103   2.84245   0.95771   3.69421    1237   17
   104   1.49633   2.02139   5.40245     578    9
   105   2.77767   0.94211   1.98060    2951   20
   106   3.42641   2.40942   5.24184    1654   12
   107   1.51692   2.02584   0.71652    1079   14
   108   3.46071   2.55308   0.62429    1275   12
   109   1.49341   1.97310   0.76092     858   12
   110   1.52210   1.94703   2.15722    2240   18
   111   4.50093   1.13789   5.75736    4292   26
   112   5.98318   2.15042   4.32019    1970   16
   113   2.79930   0.95652   0.64908     845   12
   114   5.97896   2.19075   1.17668     546   12
   115   4.55470   1.23348   5.64235    1900   16
   116   1.49777   2.03222   2.32538    2599   18
   117   2.81552   0.99924   3.56244    1733   14
   118   5.92263   2.27476   1.03308    1243   15
   119   0.41932   0.70476   2.51372    2248   14
   120   3.46071   2.55308   0.62429     418    9
   121   2.79189   1.02943   2.03867     957   12
   122   2.81100   0.99751   5.10380     552    8
   123   5.84847   2.29210   1.11387     347    7
   124   4.61484   1.08313   0.86985     762   11
   125   3.54174   2.35588   5.46520    4094   26
   126   1.48349   2.04712   0.55144     419    7
   127   5.96981   2.07839   4.30471     775   12
   128   0.31937   0.72908   5.69284     686   13
   129   1.63976   2.08475   2.23393     762   10
   130   5.97896   2.19075   1.17668     881   12
   131   4.53533   1.20822   5.75637    1685   15
   132   1.56402   2.02999   5.35855     462   10
   133   2.70382   1.05729   3.70314    1566   12
   134   0.33611   0.85181   5.73724     569   10
   135   0.26415   0.82842   2.63367    3476   19
   136   4.60516   1.10722   4.18989     866   14
   137   3.63969   2.47850   3.79264     737   10
   138   1.47204   1.96698   5.27989    1417   12
   139   0.42473   0.77760   1.01920    1092   13
   140   3.54968   2.34230   5.30637     791   11
   141   2.70033   0.97036   5.25840     960   12
   142   0.30718   0.62916   4.09313     956   13
   143   3.44555   2.47135   3.69792    2823   18
   144   3.39124   2.45076   3.70724     824    9
   145   0.52685   0.72030   3.98742    3580   21
   146   1.37399   1.97367   0.54464     503   11
   147   4.72322   1.06808   5.61155    1095   13
   148   3.52250   2.46178   3.87387     701    9
   149   5.85972   2.27794   4.13649     380    9
   150   2.69916   0.87620   2.17038     617   14
   151   3.64141   2.28371   3.86758    3285   22
   152   2.84413   0.90349   0.48284     362    8
   153   1.49633   2.02139   5.40245     928   16
   154   0.33619   0.71674   2.46920     480    8
   155   3.64361   2.48324   0.65643    1243   14
   156   2.76163   0.97467   5.23166    4075   22
   157   5.86457   2.13516   2.48847     625   13
   158   2.87905   0.97306   0.45024    1593   15
   159   5.80500   2.12899   2.45934    1721   20
   160   1.47191   1.91040   2.21686    1577   13
   161   1.36693   2.02809   3.74733     946   14
   162   1.56855   2.00307   2.15090    1191   12
   163   2.67616   1.11068   0.54181     400    9
   164   0.37545   0.74789   0.88034    1142   15
   165   2.92439   0.97308   5.05639     710   11
   166   2.69795   1.11080   0.50049     329   10
   167   3.54968   2.34230   5.30637    1861   18
   168   1.41973   1.97895   0.56880    1691   14
   169   2.80527   1.02993   5.20602    3005   17
   170   2.67616   1.11068   0.54181    1136   13
   171   5.98378   2.20028   5.75355    4154   18
   172   4.69174   1.14343   2.50136     754   13
   173   3.48974   2.32594   3.85144    1820   17