     1   0.00000   0.00000   0.00000       0    0
     2   0.67240   1.00013   0.57231    1044   16
     3   5.71273   2.04385   2.38286    1144   17
     4   3.78060   2.37615   5.67803     423    9
     5   4.57458   0.89297   2.51254    3267   22
     6   3.78254   2.25704   0.88247     945   14
     7   3.76480   2.17250   4.04229     716   12
     8   4.61847   0.96441   4.00784    2919   22
     9   1.60884   2.35385   5.33688    1095   12
    10   4.69985   0.82951   0.79591    1038   15
    11   2.62583   1.08821   2.28848    2134   19
    12   1.54428   2.26839   2.27515     431   11
    13   3.66735   2.26750   0.79510     487   10
    14   1.36927   2.21882   2.09971     702   13
    15   1.47098   2.33288   2.26779     993   16
    16   3.79357   2.34400   5.68831    1328   17
    17   5.81457   2.05422   5.39372     517   10
    18   1.42868   2.16774   5.33154     581   12
    19   2.55050   0.97111   0.78434    1141   17
    20   0.49647   0.93507   2.19266    1841   22
    21   1.58382   2.12646   2.27058     678   15
    22   0.68118   0.87857   2.18229    1529   17
    23   3.78254   2.25704   0.88247     430    9
    24   3.66857   2.22948   5.56931     905   12
    25   2.50571   1.05499   0.82756    1261   14
    26   3.66735   2.26750   0.79510    1123   13
    27   2.55961   1.08810   5.44002    3141   23
    28   5.55083   2.08009   0.65684     263   10
    29   1.43891   2.26352   0.64732     802   14
    30   4.79853   0.88263   0.79925     657   12
    31   5.70507   2.08886   0.81647     822   16
    32   2.62161   1.08129   0.89847     664   11
    33   0.50199   0.91341   5.46336    2236   18
    34   1.41739   2.29217   3.67112     910   12
    35   0.60539   0.89176   5.27557     751   13
    36   0.66713   1.01940   5.26595    1499   14
    37   2.70369   1.08487   5.52107     943   10
    38   1.54154   2.32632   2.18267    1279   16
    39   0.68233   0.85625   3.56530    1324   13
    40   5.79757   2.05576   2.41158     599   12
    41   3.83077   2.13443   5.81225     906   13
    42   3.75809   2.33648   2.47336     584    9
    43   5.70507   2.08886   0.81647     636   13
    44   1.62033   2.23025   0.78231    1564   15
    45   3.71886   2.22096   5.52613     751   14
    46   5.73954   2.00100   2.22814     854   12
    47   5.91092   1.99439   5.49286     994   16
    48   4.60274   0.93966   1.05976     649   11
    49   5.70515   1.94977   0.71118     728   11
    50   4.62379   0.95824   0.84708     875   16
    51   5.61946   2.14587   2.28590     912   13
    52   1.58382   2.12646   2.27058     555   13
    53   5.70052   2.09431   3.76218     665    9
    54   2.72953   1.17581   0.87213    1104   15
    55   3.82534   2.17996   2.63597     563   10
    56   4.82407   0.87743   3.88007    1030   13
    57   3.79357   2.34400   5.68831     687   12
    58   2.55921   0.95536   5.46583    1700   19
    59   2.51520   1.06586   3.93714     954   13
    60   2.59712   1.01573   5.48664    1494   15
    61   4.67497   0.86075   0.89033     588   14
    62   1.56993   2.34438   5.50579     949   14
    63   2.47055   1.12112   0.86723     695   16
    64   2.55903   1.02819   5.63894    2009   18
    65   4.65980   0.89178   5.70229    1336   13
    66   0.80402   0.92610   2.01633    2206   19
    67   5.76880   1.99570   5.43698     728   12
    68   4.65178   0.72636   0.84530     676   13
    69   3.74128   2.22745   2.45612    2090   14
    70   5.62668   2.12275   5.31520     410   11
    71   5.69632   2.08913   2.32423    1530   16
    72   2.58711   1.12850   3.96173     986   14
    73   4.72826   0.93752   4.03528    1070   14
    74   5.85392   1.98792   5.57321    1457   14
    75   0.56176   0.86278   2.11981    1734   16
    76   2.47542   1.05302   5.52907     560   12
    77   0.61445   0.78555   2.29314     749   12
    78   4.49573   0.86718   1.05111    3085   20
    79   3.76480   2.17250   4.04229     417    8
    80   0.48780   0.99879   0.62530    1637   19
    81   1.32656   2.25003   2.03953     708   14
    82   2.58863   1.02057   2.40072    2477   17
    83   5.69964   2.03579   0.72927    1484   14
    84   3.73877   2.04847   0.92815     751   15
    85   3.76251   2.13153   2.50230     740   13
    86   3.76480   2.17250   4.04229     381    9
    87   0.45891   0.92828   2.27652    1619   16
    88   3.77540   2.29232   2.59395     775   13
    89   5.67463   2.08473   5.42158     861   13
    90   0.59835   0.84241   0.73832    4132   23
    91   3.79357   2.34400   5.68831     824   10
    92   2.64594   1.10414   2.41303    1817   17
    93   4.61287   0.79163   5.62079     722   13
    94   4.56256   0.69490   0.87709     541   11
    95   2.58015   0.95170   0.86522    1304   16
    96   1.43432   2.34158   2.13175    1136   17
    97   3.66735   2.26750   0.79510     888   13
    98   4.65030   0.88967   2.47133    1453   20
    99   0.63245   0.93446   0.54008    1485   16
   100   1.39652   2.24697   2.07497     307    8
   101   3.91212   2.18482   5.82739     602    9
   102   3.78254   2.25704   0.88247     381    8
   103   0.60878   0.77361   3.78576    1359   15
   104   5.67241   1.90859   0.65166    1360   15
   105   5.79899   2.05220   0.74958    1367   17
   106   5.70507   2.08886   0.81647     690   15
   107   3.69686   2.30822   3.95895     863   15
   108   5.60320   2.05019   2.31523    1126   17
   109   4.66440   0.91847   0.96718    1887   19
   110   4.61928   0.83312   2.43403    2055   19
   111   1.36704   2.37149   0.62644    1037   12
   112   5.86830   2.04994   3.96709     532    8
   113   5.72145   2.03253   0.78541    1050   17
   114   1.46877   2.22039   0.71228     543   12
   115   5.69775   2.04886   2.24310    1431   17
   116   1.41739   2.29217   3.67112     477   10
   117   3.76480   2.17250   4.04229     453   12
   118   3.69618   2.31264   4.13346     906   12
   119   3.76480   2.20901   2.48290     706   12
   120   3.71277   2.15862   1.04720    1070   14
   121   5.77699   2.19568   5.39426    1864   19
   122   3.82818   2.16800   2.57095     770   11
   123   5.74391   2.02182   0.61870    1509   18
   124   3.83757   2.22713   4.24055    1482   14
   125   1.58382   2.12646   2.27058     759   11
   126   3.66922   2.19102   5.68754     854   13
   127   2.56652   1.00246   2.35050    1161   17
   128   0.61284   0.84244   3.88819    3114   21
   129   1.52040   2.22565   5.36023     876   11
   130   4.69340   0.99208   2.36841     969   14
   131   4.58830   0.99296   0.97693     438    9
   132   4.74237   0.88342   2.54154     385    9
   133   1.54503   2.29404   3.95174     703   14
   134   4.65695   0.74133   0.86511     673   12
   135   3.71747   2.07560   4.16289    1358   16
   136   1.63907   2.20726   3.98215    1170   17
   137   3.78060   2.37615   5.67803     652   12
   138   4.63425   0.93236   0.98553     825   13
   139   5.68909   2.00577   0.70239     739   12
   140   0.59056   1.03082   3.71265     975   14
   141   4.63739   0.87273   0.85998    1270   13
   142   1.44014   2.34922   5.31128     805   11
   143   0.70132   0.96664   0.66827     795   12
   144   1.66484   2.34098   3.91526     606   11
   145   0.68623   0.86011   5.26028    1004   14
   146   0.50892   0.92813   0.86540    1430   19
   147   5.84834   2.04062   5.57820    1054   15
   148   4.68756   0.84410   0.75240    2740   23
   149   4.65349   0.84725   2.50666     569   11
   150   0.65490   0.94961   3.80655     753   13
   151   2.73939   1.09705   3.93596     659   12
   152   5.69552   2.06318   5.50846     709   12
   153   1.52673   2.31984   3.89544    1048   16
   154   0.70195   1.03530   0.59449     695   11
   155   3.71114   2.23336   0.87520     935   13
   156   1.52673   2.31984   3.89544     386   10
   157   5.65530   2.06477   3.88516     647   11
   158   3.69252   2.19411   5.62556    2957   23
   159   1.52673   2.31984   3.89544    1473   18
   160   5.79440   2.02410   4.01932     759   12
   161   0.58659   0.91896   3.78548     998    9
   162   4.52390   0.83867   5.67001     738   14
   163   1.45465   2.25957   5.38212    1136   11
   164   0.54483   0.95252   5.41160     684   11
   165   3.63644   2.26126   3.97913     729   13
   166   2.56124   1.00086   0.97063    1661   18
   167   0.59990   0.97831   0.64430    1200   12
   168   3.74528   2.35040   2.61920     960   15
   169   5.82782   2.01119   3.84510     552   13
   170   1.42622   2.20705   0.64039     912   14
   171   0.64903   0.94982   2.16539     438    9
   172   3.75008   2.11038   5.56601    1733   17
   173   3.67059   2.25785   0.97955    1478   19
   174   0.64360   0.96521   0.45573    1199   12
   175   3.61373   2.26653   3.97928     547   10
   176   1.36927   2.21882   2.09971    2276   20
   177   1.55038   2.17113   5.37037     622   13
   178   4.74209   0.76161   0.79872    1798   17
   179   2.56124   1.00086   0.97063    1391   17
   180   0.66713   1.01940   5.26595     540   12
   181   2.49628   1.03122   0.92721     754   11
   182   2.63623   1.12121   3.80937    1629   16
   183   1.44442   2.28248   3.65716     648   11
   184   1.59985   2.23172   0.71879    2431   21
   185   1.39652   2.24697   2.07497     931   12
   186   3.79357   2.34400   5.68831    2454   21
   187   5.60586   2.00936   5.29041    1431   15
   188   4.56256   0.69490   0.87709     781   12
   189   1.51228   2.16245   3.83079    1316   15
   190   1.37731   2.39142   0.47688     796   13
   191   1.54285   2.26609   5.36515     855   11
   192   4.71768   0.91530   2.50302    1061   14
   193   0.52403   1.04061   3.77656     967   19
   194   5.69552   2.06318   5.50846    1478   17
   195   0.73055   1.02833   0.59856    1106   16
   196   0.61953   0.90457   3.90172    1348   17
   197   2.74321   1.15326   3.85895    2006   18
   198   0.63288   0.95088   5.37129    1165   14
   199   5.83058   2.10905   2.30875     793   10
   200   2.42875   1.08688   4.04377     968   15
   201   4.72460   0.98643   0.85132    2502   22
   202   2.54873   1.23299   3.98749     902   14
   203   4.53478   0.86152   4.22782     411   11
   204   5.77752   2.02158   0.74205    1418   17
   205   0.60052   0.90654   3.78962     346   11
   206   3.66775   2.24843   5.53109    1263   19
   207   2.49628   1.03122   0.92721    1405   16
   208   5.67595   2.18337   0.79969    1026   14
   209   5.89979   2.02468   4.06510    2126   17
   210   5.69099   2.09898   2.38029    2191   22
   211   5.81197   2.11615   0.76138    1983   19
   212   1.34746   2.26624   2.17964     827   10
   213   1.37860   2.26640   5.37570     635   13
   214   0.41110   0.91397   3.83018    1189   16
   215   3.78125   2.34280   4.21175    1011   14
   216   0.67571   0.81129   0.53956     353   12
   217   0.53133   0.91409   3.74601    1913   18
   218   3.73228   2.34229   5.66126    1166   16
   219   2.63899   0.97630   5.64304    1938   20
   220   5.69552   2.06318   5.50846    1283   17
   221   4.54861   0.80919   4.08507     636   14
   222   3.67338   2.18601   3.98504     436   10
   223   2.54258   1.06882   5.63927     612   15
   224   2.45447   1.15831   5.63463    2252   19
   225   5.71977   2.09941   2.37635     982   15
   226   2.60037   1.07345   0.88682    1407   16
   227   2.62176   1.16321   0.85350     740   11
   228   4.44844   0.92365   5.80201     554   11
   229   0.67008   0.87422   2.05719    1012   14
   230   0.61321   1.06757   5.29973    4453   25
   231   3.68392   2.30390   5.65413    2113   21