     1   0.00000   0.00000   0.00000       0    0
     2   2.92800   1.16127   2.35427    1453   14
     3   1.17923   1.59770   2.84541    1736   16
     4   3.88480   1.66133   1.56435     958   13
     5   5.60923   1.17150   0.40733    1349   15
     6   2.23298   1.03555   0.74671    1434   15
     7   3.02646   1.53239   2.97104     960   14
     8   5.35638   1.10845   1.55549    1777   16
     9   5.23816   0.90287   1.30206    1956   17
    10   3.94383   0.24234   2.53699     611   10
    11   3.77849   2.67057   3.58293     884   13
    12   1.69741   1.37813   5.92173    1001   16
    13   2.48935   0.58650   1.55631     823   12
    14   3.82835   2.30695   2.19533    1169   12
    15   1.57083   1.08112   2.27929    1539   16
    16   5.27366   0.78476   0.40524    1995   18
    17   6.20874   2.04190   2.16575    1232   16
    18   5.58643   0.80953   2.34304    1182   16
    19   4.50809   2.53378   4.45153    1055   14
    20   2.22959   2.12674   4.65953     675   11
    21   5.26328   1.66969   4.61132    1968   17
    22   0.77665   1.16068   5.49663    2128   20
    23   3.90317   0.82979   2.88353    1008   13
    24   0.95258   1.43022   0.47896    1541   16
    25   2.90789   1.42461   2.34216    1153   13
    26   4.22322   1.04546   5.36143    1881   17
    27   2.59189   1.73778   3.05760    1176   12
    28   4.48106   2.56168   3.49442    1095   14
    29   5.56532   2.05739   5.57554    1138   14
    30   5.10554   0.38708   5.04332    1452   17
    31   5.34853   1.96001   2.31939    1009   13
    32   2.84203   2.12807   1.54566     949   10
    33   5.57937   0.75692   1.56348    1722   15
    34   0.88702   1.47306   3.08874    1302   13
    35   3.76909   1.84303   5.68876     725   12
    36   0.17055   1.86027   0.25474    1010   11
    37   3.85481   0.73639   5.96789    1338   16
    38   2.42359   0.96553   5.13795     567    9
    39   2.19291   2.35833   5.93767    1523   14
    40   5.33714   0.53222   5.60961     699    9
    41   3.31543   1.26705   4.23737    1785   15
    42   0.31633   2.28615   5.34123    1400   14
    43   5.47476   1.64797   5.44876    2890   20
    44   2.22549   0.16372   4.81341     655   12
    45   5.66950   2.41373   5.74723    1412   18
    46   5.41072   1.85772   4.25342     857   10
    47   1.45534   1.63406   4.41127    1215   15
    48   3.49331   1.47282   0.76801    1133   12
    49   5.94646   1.81219   5.67130    2100   18
    50   5.04817   2.20133   1.85978    1286   14
    51   0.64270   0.42197   4.40568    1408   15
    52   0.07025   2.68645   3.81482    2613   20
    53   0.15806   1.82878   0.94567    1401   15
    54   5.20101   1.10499   0.43791    1239   17
    55   1.67511   1.96520   2.73827    1057   12
    56   3.35022   0.80278   4.89870    1143   13
    57   2.50144   1.38525   3.58990    1137   17
    58   5.18097   1.05881   2.69090    1389   16
    59   5.75432   1.78377   5.36119     822   11
    60   1.66428   1.59797   0.31368    1047   13
    61   4.27153   1.08346   5.39929    1212   12
    62   2.35585   1.20792   0.86010    1099   13
    63   3.45132   2.60949   4.80241     991   12
    64   1.90251   2.19117   0.66862    1204   14
    65   4.03793   1.28286   6.20628    1622   18
    66   4.68750   0.83847   4.59806    1066   14
    67   1.51845   1.02991   2.35182    1936   14
    68   0.08648   1.89125   3.94521    1937   19
    69   5.86384   1.96842   0.66149    1120   12
    70   5.49884   1.81569   3.45266    1648   17
    71   0.98686   1.30797   3.59863    1712   15
    72   3.87372   0.87797   4.71947    1305   18
    73   5.78725   1.18890   5.05537    1167   14
    74   0.33749   0.94983   3.21329     895   12
    75   5.72612   1.17940   2.86382    1134   12
    76   5.07649   1.62466   4.86059    1413   13
    77   4.06351   1.23139   4.35973    1342   12
    78   5.87811   2.10436   2.53056    1380   18
    79   4.11816   0.90741   2.75613    1195   17
    80   6.24738   1.99227   2.28031     865   12
    81   4.72417   1.23973   3.85796     922   13
    82   3.95687   1.71039   0.52090    1542   16
    83   2.01499   1.32957   1.04011     902   15
    84   2.06262   2.30447   2.07530    1234   15
    85   5.94307   1.17231   5.72014    1407   14
    86   5.49432   1.30616   2.73400    1108   16
    87   1.66047   0.62222   1.91035    1263   11
    88   2.72366   2.66112   6.17301    1907   14
    89   4.87379   2.28996   1.97126    1717   15
    90   2.88940   1.96684   4.14385    1268   13
    91   0.12845   1.08034   2.75153    1661   17
    92   2.17752   1.57631   5.28142    1557   17
    93   3.64797   1.75636   1.15099    1247   15
    94   0.53582   1.46689   5.08332     937   15
    95   3.41207   2.39165   4.20580    1002   12
    96   3.61451   1.33719   5.27869    1656   14
    97   3.74863   1.59442   1.81369    1521   16
    98   5.58168   1.54765   1.18214    1900   14
    99   4.34243   2.51260   3.38592    1469   15
   100   4.19975   1.59537   0.83963    1396   17
   101   3.84900   1.55101   2.56809    1195   12
   102   6.23967   1.17011   0.12578    1012   12
   103   0.82635   1.97665   2.53008    1602   15
   104   0.21193   2.70543   3.12992     937   13
   105   4.28561   1.44125   2.24380    1873   17
   106   0.75331   1.00153   0.78134    1401   17
   107   1.14107   2.66516   4.34719     847   12
   108   2.51827   2.37937   1.55443    2128   17
   109   0.95543   2.82711   4.67433    1383   15
   110   1.69336   1.05988   0.84331    1389   15
   111   4.87902   1.06078   2.65808    1361   14
   112   4.11012   2.58976   6.04022    1088   12
   113   6.21775   1.54358   5.66200     887   12
   114   3.26505   2.26693   0.58085    1303   15
   115   3.90932   1.48556   0.38285     805   12
   116   1.87428   2.72938   3.65646    1443   18
   117   1.39750   1.41084   2.20407    1233   15
   118   1.23909   1.76593   6.24943    1651   15
   119   4.41873   2.76332   5.38752    1775   19
   120   1.19174   1.12928   4.06190    1253   15
   121   3.94808   2.12739   3.03569    1758   18
   122   3.53462   1.50488   2.52110    1605   17
   123   2.80817   0.75760   1.08784     818   10
   124   4.82036   1.76379   6.14557     725   11
   125   1.46166   2.07198   6.26948    1417   14
   126   5.62758   0.51839   0.56931     767   10
   127   1.01385   1.17751   5.52317    1005   15
   128   0.24224   0.88332   0.49522    1380   14
   129   1.61562   1.92893   0.07479     796   12
   130   6.22470   1.36212   6.21455    1887   17
   131   5.76950   0.18989   2.42852    1229   17
   132   0.87578   1.51608   2.74722    1299   16
   133   5.76153   1.18775   6.02164    1938   20
   134   5.16329   1.69029   4.17341    1609   17
   135   1.05755   2.16523   2.22734    1158   13
   136   1.44295   0.51162   4.02432    1406   16
   137   5.82493   1.17710   3.04166    1216   13
   138   0.60930   1.90056   1.46859    1312   16
   139   2.66411   2.45304   3.46184    2403   19
   140   1.07997   0.12133   5.88811    1271   18
   141   2.87296   1.29046   5.89507    1093   15
   142   3.08234   1.64347   4.23170     964   12
   143   0.89649   2.05002   2.21704    1352   15
   144   3.34597   1.24657   5.21446    1016   13
   145   1.88198   1.98361   0.81589    1685   15
   146   5.25090   0.86551   4.02017    1715   14
   147   0.85651   2.64353   5.02955    1375   16
   148   5.70883   1.78070   0.40678    2281   19
   149   2.05906   2.20378   5.93974    1032   15
   150   3.96223   2.21076   5.12280    1109   14
   151   0.88125   0.80334   3.50559     988   13
   152   5.54688   1.23685   2.53355     732   12
   153   0.12199   1.97302   5.11183    1268   15
   154   0.41222   1.54514   5.89846    1869   19
   155   0.39280   2.42852   2.18779    1650   16
   156   3.21242   1.49620   5.24763    1860   16
   157   4.75862   2.38668   3.66681    1101   16
   158   2.00190   0.14075   6.19471    1837   17
   159   2.62813   0.55407   2.86001    1818   18
   160   2.05580   0.51563   1.52843    1763   16
   161   5.06123   0.81376   5.63499    1123   13
   162   2.88358   2.13921   1.48498    1002   14
   163   0.53897   0.92713   4.06524     994   12
   164   3.88903   0.74027   6.27273    1442   13
   165   3.73531   1.49693   1.25515    1054   13
   166   2.92555   1.81822   5.81905    1634   15
   167   5.86023   2.87880   1.79263    1744   21
   168   5.34964   0.59391   1.45524    1019   13
   169   4.64024   1.77995   3.91044     690   10
   170   4.33722   1.20198   0.06171    1430   15
   171   1.89481   1.05269   4.39761    2508   19
   172   0.70534   1.57293   3.51893    1725   15
   173   1.48436   2.51321   1.11209    1186   18
   174   2.86913   1.45091   2.95821    1039   16
   175   4.35868   0.82560   5.80049    1107   11
   176   5.15912   2.18430   3.96856    1749   18
   177   2.20053   2.38182   1.45888    1943   17
   178   5.96101   2.32349   0.34154    1022   14
   179   5.51172   2.05814   5.21114     822   12
   180   0.46692   1.15047   4.79477    1602   17
   181   1.94807   2.87613   3.52076    1426   14
   182   0.43354   1.44106   0.53473    1420   15
   183   5.41582   2.51696   0.28783    1439   13
   184   1.74956   2.23760   4.08575    2011   16
   185   4.62406   2.01779   4.71028    1258   13
   186   6.01144   2.56780   3.10705    1589   17
   187   3.41809   2.17905   1.03296    1149   15
   188   3.42851   1.74513   1.60600    1616   17
   189   5.12922   2.23673   5.50544    1456   15
   190   5.47561   1.29990   5.63858    2237   21
   191   3.82046   2.08497   2.36297    1349   13
   192   5.54352   2.34518   0.96854    1384   13
   193   2.06975   2.85809   3.41440    1084   14
   194   3.62064   2.73093   4.16593     971   11
   195   1.69749   0.75728   2.08657    1826   18