     1   0.00000   0.00000   0.00000       0    0
     2   2.12547   1.16339   0.80791    4608   17
     3   2.10441   1.24592   4.04389    2611   14
     4   0.18484   1.00680   5.06904    4244   15
     5   3.27229   2.27466   0.99771    3496   15
     6   0.99574   2.33131   0.53993    3496   15
     7   0.81231   2.25746   2.04578    3613   18
     8   2.09669   1.33666   2.37071    4110   18
     9   0.84920   2.28585   2.05265    4375   15
    10   5.33319   1.87812   0.67591    5136   16
    11   1.97894   1.22983   4.04692    4269   14
    12   4.07953   0.91513   1.06014    3853   15
    13   4.06884   0.80583   2.69367    1936   10
    14   3.81076   0.70100   4.33160    3431   15
    15   0.87453   2.38322   2.07717    3563   15
    16   3.93950   0.90809   2.62890    5475   16
    17   5.32758   1.82544   3.96691    5145   14
    18   3.31544   2.15823   1.17848    3692   17
    19   2.10018   1.34748   3.84223    5358   18
    20   0.24025   0.81109   0.50110    4141   15
    21   5.34644   1.86369   2.28613    2857   17
    22   2.05794   1.32488   2.37792    3740   15
    23   2.04807   1.19460   5.47731    3801   15
    24   0.46303   0.81374   3.33525    5435   17
    25   3.91093   0.64201   4.24430    2739   12
    26   0.96762   2.37195   0.47386    4658   20
    27   3.38228   2.21745   1.03729    5744   20
    28   3.87430   0.74841   6.00569    2528   13
    29   0.23463   0.80622   3.50584    4255   16
    30   4.08251   0.83527   5.80552    3546   17
    31   0.65230   2.27630   5.07227    3955   19
    32   5.23699   1.84887   2.21540    3279   11
    33   2.02995   1.26663   3.95623    5617   17
    34   0.13817   0.91627   3.65296    3388   17
    35   5.26713   1.85028   2.44679    5736   15
    36   3.44539   2.30821   5.92976    2927   12
    37   3.93032   0.74456   4.47040    5188   15
    38   3.53670   2.33829   4.31952    2811   13
    39   5.18734   1.90439   0.72452    3492   14
    40   0.88662   2.28781   3.50274    6085   14
    41   2.19005   1.29194   5.45987    4239   16
    42   4.05054   0.85069   2.71128    3329   13
    43   3.23511   2.27760   2.63313    5504   18
    44   0.34262   0.85383   0.41018    2800   12
    45   5.26581   1.94879   0.72228    3201   15
    46   2.05495   1.23680   4.02142    5181   16
    47   0.34611   0.79104   3.38963    3487   15
    48   2.17547   1.17227   2.30357    2722   14
    49   4.01525   0.87103   4.34940    5670   18
    50   0.96584   2.36124   2.14561    5681   17
    51   0.69123   2.32296   0.32953    2189   10
    52   3.88029   0.89621   4.35926    3414   15
    53   0.15821   0.85532   0.47299    3472   12
    54   2.04462   1.22305   4.04197    6208   24
    55   0.34749   0.78222   0.24072    2061   12
    56   0.83995   2.31558   0.36279    3844   12
    57   5.18744   1.79442   3.75916    4138   14
    58   2.08531   1.17629   5.46547    3334   12
    59   0.13817   0.91627   3.65296    4144   15
    60   0.28742   0.84872   5.11210    4074   17
    61   5.26419   1.79330   0.86440    2871   14
    62   0.15235   0.91967   0.48850    4455   18
    63   5.27276   1.74844   5.40310    4759   17
    64   0.17242   0.83712   3.62720    3868   13
    65   4.06884   0.80583   2.69367    2863   14
    66   2.17547   1.17227   2.30357    1979   16
    67   3.98006   0.90283   2.84623    4324   16