     1   0.00000   0.00000   0.00000       0    0
     2   2.55964   1.06333   2.20176    2586   18
     3   3.67072   2.28268   0.88608    1443   12
     4   5.59083   2.09385   2.31167    4240   24
     5   4.47341   1.09646   2.61356    5366   30
     6   3.49570   2.33111   2.22067    2291   19
     7   1.43254   2.03520   5.36883    4054   21
     8   5.74961   2.09018   0.83894     451   11
     9   2.55047   1.03529   2.14551     768   11
    10   5.76895   2.06473   5.65623     758   12
    11   1.29799   2.07154   2.09747    1491   17
    12   5.79373   2.01311   1.07886     418    8
    13   5.64692   2.19487   4.05096    2580   16
    14   3.55557   2.41948   3.95216    1083   13
    15   2.62445   1.03022   3.77510    4083   22
    16   1.26064   2.21362   3.83576     398    9
    17   2.57119   1.07373   0.66754    3607   22
    18   0.47839   0.86881   0.70215     332    9
    19   5.70282   2.02607   0.93415    1232   11
    20   5.65850   2.07523   4.08036     756   12
    21   2.48806   1.17127   3.77231     568    8
    22   1.35641   2.10263   5.28310     333    8
    23   3.57042   2.37599   4.10484    1785   15
    24   1.26064   2.21362   3.83576     460   10
    25   4.39354   1.10013   4.12252     752   12
    26   1.27420   2.06920   3.74158     538   12
    27   5.63511   2.05900   0.94686     589   10
    28   4.49875   1.11838   2.39367    1099   12
    29   5.62648   2.18338   4.01449     684   12
    30   4.47978   1.06627   5.55262     957   14
    31   3.63092   2.32702   0.92975    3465   22
    32   3.50106   2.38691   5.40836    3334   19
    33   2.49625   1.07973   2.14633     771   12
    34   3.61465   2.24210   4.08885     523   10
    35   2.59031   1.09687   5.44974    1973   17
    36   0.44548   0.73195   3.75041    1964   17
    37   5.53379   2.01444   2.31342    2008   18
    38   1.27585   2.27501   3.66318     792   12
    39   0.39347   0.80090   3.81558     923   12
    40   5.64064   2.02810   0.99524    3357   19
    41   1.26064   2.21362   3.83576    3281   25
    42   1.27006   2.14317   0.64262     519   11
    43   4.39354   1.10013   4.12252     511   11
    44   1.35821   2.10790   0.63989    1103   11
    45   1.35768   2.13214   5.37083    3290   17
    46   5.71097   2.15970   0.85068    2665   19
    47   5.64133   2.16476   4.03145    1396   14
    48   1.42906   2.15464   2.24162     568   10
    49   5.68960   1.96060   5.54583     389   10
    50   4.39354   1.10013   4.12252    1469   13
    51   5.53379   2.01444   2.31342     562    9
    52   5.85446   2.02041   2.52642     561   11
    53   5.69839   1.99639   0.86818     352    8
    54   0.42353   0.78763   2.38113    2118   15
    55   5.82363   2.10234   2.61876    1793   18
    56   2.55068   1.05389   5.27728    1255   12
    57   1.23008   2.03179   5.27696    1292   12
    58   0.41330   0.68407   5.45145    3000   20
    59   4.58055   1.05586   2.60267    3785   24
    60   4.44085   0.97668   1.03699     476    8
    61   2.68362   1.15495   2.20131     628   13
    62   3.42533   2.28956   2.30343    2267   21
    63   2.51469   1.05709   3.78174    1082   13
    64   3.73017   2.33407   2.45883    3508   20
    65   3.52726   2.45907   2.25383     631    9
    66   4.35043   1.03787   5.64281     918   12
    67   2.42570   1.03088   5.34245     647   11
    68   5.71513   2.06499   5.67143    1635   14
    69   0.31707   0.80387   5.50957    4258   21
    70   3.57042   2.37599   4.10484    1826   18
    71   3.74420   2.36281   2.48216     560   10
    72   3.49817   2.38740   5.45870    2726   18
    73   1.18750   2.16489   5.17104     850   12
    74   5.69839   1.99639   0.86818    2474   16
    75   4.44619   1.04083   2.43906    4652   21
    76   3.48709   2.33481   5.61218     946   12
    77   5.53379   2.01444   2.31342     429   11
    78   3.53888   2.38236   5.55601     956   16
    79   2.43424   1.05870   5.40335    2255   17
    80   3.74154   2.33095   5.76663    1888   15
    81   5.65895   2.06172   4.06916    1398   15
    82   5.76895   2.06473   5.65623    5184   22
    83   5.74961   2.09018   0.83894     765   13
    84   5.79750   2.04907   2.38533    1406   14
    85   0.34760   0.79703   0.88903    2303   18
    86   5.70115   1.94319   4.07909     438    9
    87   0.46110   0.87906   5.29779    2512   19
    88   5.67786   1.96028   2.52890     688   10
    89   2.48806   1.17127   3.77231     894   11
    90   4.44502   1.07183   0.94740     554    8
    91   1.36626   2.21752   3.73949    1439   15
    92   4.60334   1.06080   5.61946     783   10
    93   2.69447   1.01765   0.57804     778   12
    94   5.76895   2.06473   5.65623     563    7
    95   4.43833   1.10584   5.80880    1922   12
    96   2.70933   1.11358   2.14363    2802   20
    97   3.58712   2.26158   0.89770    3969   20
    98   4.38266   0.94479   2.44680    1142   14
    99   4.46861   0.92861   5.72818     436    9
   100   2.48806   1.17127   3.77231     484   12
   101   1.36633   2.15441   0.52047    1135   17
   102   0.56521   0.78514   0.59883     390    9
   103   5.70191   2.16028   5.64006    1862   12
   104   2.62211   1.18369   0.65582    1853   11
   105   4.50577   1.08296   4.09389    1797   17
   106   5.62387   2.14574   0.84932     670   12
   107   5.68249   2.00299   4.01850    1965   16
   108   4.51632   1.14997   5.69433    1155   14
   109   0.50094   0.75582   0.57233     893   13
   110   3.61465   2.24210   4.08885     370    8
   111   4.49543   1.08004   4.08632    1852   15
   112   1.25967   2.17406   5.19376     512   10
   113   1.25922   2.03273   2.14628     754   12
   114   5.66214   2.03963   4.00778     523   11
   115   5.69839   1.99639   0.86818     467    9
   116   5.54128   2.09585   3.95973     619   13
   117   1.40497   2.04862   2.19437    1935   19
   118   4.46839   1.04843   4.20859    2960   20
   119   4.33053   0.98583   1.02515    2791   17
   120   0.43475   0.96312   3.82572     853   10
   121   2.68362   1.15495   2.20131     734   11
   122   4.46995   1.07841   2.54424    1826   18
   123   3.47481   2.26185   2.42298    1530   17
   124   5.69839   1.99639   0.86818     743   10
   125   0.38497   0.68098   5.49496    1626   14
   126   1.35301   2.08752   0.74087     325    8
   127   4.40357   1.10541   2.62429    1666   19
   128   3.69841   2.40238   0.85497     316    9
   129   3.50642   2.35774   5.50899    2773   19
   130   1.26595   2.05587   2.17945     838   11
   131   2.55231   1.04034   3.76233     776   14
   132   2.65330   0.99327   3.81518     766   11
   133   5.82176   2.13639   5.77747    1141   17
   134   5.69839   1.99639   0.86818     874   12
   135   2.52748   1.06196   0.68246    1022   10
   136   0.43096   0.89798   5.36657    1085   12
   137   4.46861   0.92861   5.72818    1183   15
   138   2.45167   1.03732   0.59897    1462   16
   139   3.73017   2.33407   2.45883     336    9
   140   4.50577   1.08296   4.09389     383   10
   141   3.66119   2.37408   4.17844     762   11
   142   3.60311   2.28842   3.89930    1124   12
   143   5.59499   2.06974   0.89775    1459   15
   144   0.37074   0.78220   3.80689     401   10
   145   2.68362   1.15495   2.20131     726   12
   146   2.37373   1.01330   2.27964    3664   21
   147   0.25261   0.86448   5.54245     353    9
   148   0.36029   0.88336   5.55577     852   11
   149   3.61465   2.24210   4.08885    5453   23
   150   2.68362   1.15495   2.20131    2847   23
   151   2.55964   1.06333   2.20176     458   13
   152   2.35752   1.04165   0.88486    1063   13
   153   1.27622   2.18464   3.64953     665   12
   154   4.40446   0.91359   4.19846    1423   15
   155   5.67150   2.15734   5.66600     333    8
   156   4.60333   1.00542   2.47479     403    8
   157   2.63163   1.01937   0.66251    1129   11
   158   5.71508   2.14220   2.52819     849   11
   159   1.41182   2.16949   3.84941     479   12
   160   4.35304   0.99125   5.73099    5641   27
   161   3.73017   2.33407   2.45883     585   10
   162   1.39185   2.20928   0.65477     764   15
   163   3.73017   2.33407   2.45883     361    9
   164   1.35779   2.16996   2.12966    1854   14
   165   3.56337   2.31517   2.50643    1174   13
   166   4.58648   1.04990   0.90953    1417   16
   167   5.59865   2.04324   5.46610     944   12
   168   1.34685   2.13823   3.84180    4214   24
   169   2.65073   1.12889   3.80828     614   11
   170   0.34784   0.80031   0.78236     792   15
   171   5.68833   2.11439   4.09542     322    9
   172   0.35547   0.78077   5.64601    2979   19
   173   5.66384   2.00363   2.40257    3349   19
   174   3.46490   2.36080   0.68392    1867   15
   175   1.36036   2.04443   3.76378    3270   19