     1   0.00000   0.00000   0.00000       0    0
     2   0.00000   0.00000   0.00000     943   12
     3   3.50820   2.36601   5.45846    1490   13
     4   2.76160   0.91034   5.20852    1541   16
     5   0.27913   0.79870   0.91187    1533   15
     6   5.72385   2.18538   2.48605    1235   12
     7   5.83647   2.11733   2.65455    1561   16
     8   4.45274   1.03642   2.43520    1497   17
     9   3.36978   2.39054   0.62387    1265   14
    10   4.56594   0.99845   0.86491    1118   12
    11   2.52942   1.02486   3.86200     625   13
    12   0.21952   0.77126   0.99489    1126   16
    13   1.44478   2.04277   0.77116    1319   15
    14   2.50030   0.97071   3.87873    1099   12
    15   1.27306   1.98181   3.83778    1143   12
    16   2.73346   0.94446   0.52319    1137   14
    17   2.51629   1.03309   2.16153    1665   16
    18   4.48452   1.20323   2.52195    1236   17
    19   3.36978   2.39054   0.62387     909   14
    20   5.70249   2.21786   2.55956    1504   17
    21   1.39349   2.02039   3.89136    1350   16
    22   2.59127   0.99373   3.85533    1407   15
    23   2.77808   0.97885   0.52324    1284   16
    24   4.46379   1.12057   4.03248     684   10
    25   0.45897   0.85584   5.51992    1437   15
    26   4.42766   1.13576   5.56334    1740   17
    27   4.47313   1.09333   0.87864    1248   14
    28   2.68762   0.92627   5.25282    1188   11
    29   1.48663   2.10832   2.33787     970   13
    30   4.50670   1.18625   3.97840    1387   13
    31   0.42301   0.82019   4.05562     732    9
    32   0.23213   0.82882   4.14603    1894   16
    33   4.54346   1.17077   2.45698    1517   17
    34   1.49332   1.89597   3.80673     939   14
    35   4.46885   1.07631   0.85179    1072   13
    36   1.40579   2.00603   3.85022    1154   13
    37   2.64169   0.92063   2.16204     919   13
    38   2.67191   0.92791   2.02853    1139   15
    39   3.44726   2.32940   5.46674    1542   15
    40   3.56516   2.29151   2.28466    1846   17
    41   4.51983   1.11000   5.59776     963   14
    42   3.59140   2.30627   2.22540    1443   14
    43   0.41371   0.89057   4.05092    1208   15
    44   5.90325   2.22480   1.10454    1760   16
    45   5.89977   2.23908   5.77187     983   14
    46   3.71377   2.31065   5.47813    1270   14
    47   3.53990   2.40755   2.31901    1401   15
    48   0.36365   0.70908   4.04430    1338   13
    49   1.34124   2.02725   3.78490     982   11
    50   3.44567   2.24787   3.88075    2083   18
    51   0.00000   0.00000   0.00000    1409   13
    52   3.50087   2.21004   5.51534    1798   17
    53   0.37699   0.82272   0.98244    1384   16
    54   2.48059   1.02359   2.27064    1043   14
    55   4.40306   1.16736   4.05408    1054   13
    56   4.40196   1.16522   5.58535    1474   14
    57   1.45243   1.97643   3.91190    1385   16
    58   4.53218   1.11685   5.52105     947   13
    59   4.55643   1.20806   0.86859    1710   13
    60   3.64395   2.26009   2.26595     981    9
    61   3.58721   2.35497   0.89477    1317   18
    62   1.47618   2.15393   2.35647    2487   16
    63   0.23033   0.80531   2.59098    1501   17
    64   4.58162   1.22783   4.04747    1542   17
    65   2.59387   0.89892   2.10771    1114   13
    66   1.27936   1.94726   3.77606     710   12
    67   5.78350   2.13824   2.57568    1218   16
    68   4.47655   1.05704   4.03884    1180   12
    69   0.29901   0.84584   0.92865     957   12
    70   1.36790   1.99660   3.73174    2741   23
    71   0.36003   0.85761   5.61076    1278   15
    72   2.68324   1.03129   3.56254    1284   12
    73   4.67160   1.05490   0.86721    1018   13
    74   1.48374   1.99578   0.65246    1590   17
    75   4.42766   1.13576   5.56334    1056   14
    76   2.75561   0.90088   5.15048    2552   20
    77   2.59760   0.93012   0.49770     991   14
    78   1.33480   2.05209   3.88048     897   12
    79   3.43401   2.37517   3.78437    1467   17
    80   3.46820   2.38003   3.84477    2138   16
    81   2.80578   0.96661   3.58930    1490   14
    82   3.34485   2.37793   3.64338    1066   12
    83   5.68550   2.18874   2.64442    1279   14
    84   3.44048   2.30339   5.31383    1490   19
    85   4.53225   1.18013   2.46281     633    9
    86   0.44555   0.81001   0.75796    1897   15
    87   4.47570   1.10614   3.96954    1099   16
    88   3.36293   2.30179   5.38164    1492   16
    89   5.90325   2.22480   1.10454    1465   16
    90   0.30246   0.73726   4.05389    1375   13
    91   2.80670   1.01776   0.51510    1744   18
    92   4.58927   1.03588   4.08335     766   12
    93   4.62473   1.10560   4.00123    1300   17
    94   2.61521   0.99936   0.70195    1273   15
    95   4.58187   1.13418   2.41589    1787   15
    96   2.69897   1.04814   2.17159    1693   15
    97   1.35071   1.93144   3.81432    1160   16
    98   0.24376   0.74412   5.72445    1429   16
    99   5.87491   2.21905   2.57230    1445   15
   100   3.44567   2.24787   3.88075    1503   14
   101   0.46948   0.80137   2.30293     939   13
   102   0.31827   0.80495   5.60355    1470   16
   103   1.31058   2.11881   2.23938    1078   12
   104   1.50943   1.92211   2.35155    1601   20
   105   2.52621   0.91127   2.15440     711   11
   106   5.92536   2.15834   1.12160    1880   14
   107   5.78736   2.13586   4.18917    1495   16
   108   3.42576   2.29781   0.67254    1694   17
   109   2.63363   1.03739   5.29018    1548   16
   110   4.53630   1.16400   5.58836    1447   16
   111   1.46092   2.09355   3.90268    1159   13
   112   4.53666   1.09357   5.58374    1887   14
   113   5.76349   2.17543   4.05087    2312   22
   114   1.39987   2.04332   3.77407    1918   16
   115   2.65161   1.02877   3.71245    1085   12
   116   5.80458   2.23130   4.15307    1414   16
   117   1.35235   2.05441   3.83141    1534   15
   118   3.44321   2.37060   2.26377     826   11
   119   1.41835   2.02371   5.43622    1389   15
   120   4.51707   1.01784   0.97406    2296   20
   121   1.44601   2.11771   3.91726    1478   15
   122   2.69274   0.86151   5.22309    1440   13
   123   0.30321   0.79778   2.57739     956   11
   124   3.44322   2.24837   0.71784    1187   14
   125   3.55496   2.26368   2.28882    1372   17
   126   3.41141   2.36332   2.04408     955   11
   127   5.75121   2.18674   5.77711     949   13
   128   0.28683   0.76939   4.23098    1639   13
   129   1.54213   2.03045   0.69715    1420   14
   130   0.34941   0.73207   0.77031    1187   12
   131   4.66873   1.12751   0.95771    1040   12
   132   4.47573   1.10301   5.61068    1438   15
   133   2.54282   0.95653   3.77269     632   11
   134   2.76116   0.91067   2.10155    2222   16
   135   5.83078   2.11234   4.24128    1840   18
   136   5.93025   2.23797   5.84571    1154   15
   137   1.36811   2.12798   0.71432     793   10
   138   0.42330   0.74493   0.83512    1456   14
   139   1.42024   2.10244   2.22438    2393   22
   140   4.55643   1.20806   0.86859    2586   20
   141   1.42617   1.97728   0.73983    1080   10
   142   1.26266   2.04334   5.27164    2908   18
   143   5.76513   2.11430   4.15038     944   11
   144   2.47824   1.01543   0.72291    2975   20
   145   2.67228   1.00141   5.25407    1380   15
   146   0.39002   0.75959   2.39492    1228   11
   147   5.84004   2.17231   5.79111     860   11
   148   3.34483   2.31500   0.66207     723   12
   149   3.43963   2.33719   3.86467    1361   16
   150   0.38681   0.79311   0.96886    1513   17
   151   3.49764   2.24611   5.47087    1750   15
   152   4.60396   1.23067   3.97133    1122   14
   153   2.68861   0.99617   0.44695    1369   15
   154   4.60324   1.23539   2.43310    1611   17
   155   2.57586   1.07796   3.69941    1791   17
   156   0.40345   0.77742   0.98064    1433   15
   157   4.51216   1.13630   2.49539     834   13
   158   1.43218   1.99235   3.85972     950   12
   159   3.56821   2.23699   3.77354    1812   15
   160   3.52427   2.38962   0.75930    1289   17
   161   4.43375   1.06709   2.49866    1636   16
   162   0.35460   0.81707   2.59548    1134   14
   163   3.55248   2.27156   2.30454    1759   20
   164   4.64424   1.22018   3.93292    1173   15
   165   0.21425   0.76950   2.61188    1272   11
   166   4.64539   1.16718   4.04011    1599   18
   167   1.40689   2.08758   3.89750    1892   17
   168   0.17183   0.78932   0.94254    1617   14
   169   5.83729   2.10080   1.06100     939   11
   170   0.26129   0.75765   0.97703    1377   17
   171   0.33267   0.70866   0.93489    1242   14
   172   5.90852   2.13398   4.17703    1407   14
   173   5.69265   2.19126   5.52980     837   14
   174   3.65968   2.32275   0.82902    1207   16
   175   2.53993   0.95067   5.44626    1466   16
   176   5.90852   2.13398   4.17703    1525   18
   177   3.65654   2.24726   3.85100    1121   14
   178   0.37823   0.86571   5.71149    1233   13
   179   1.47830   1.98026   3.74827     712   10
   180   5.79002   2.17031   1.10482    1904   15
   181   4.58630   1.01515   0.90807    1729   17
   182   5.88263   2.17761   5.84409    1136   15
   183   0.41778   0.87879   2.40666     834   13
   184   1.42617   1.97728   0.73983     822   13
   185   3.55077   2.37877   2.42024    1235   15
   186   2.66613   1.03960   0.50451    1482   16
   187   0.31333   0.88714   2.45758    1333   19
   188   3.40529   2.31976   0.69562     773   12
   189   2.61521   0.99936   0.70195     917   14
   190   0.37237   0.90085   2.44236    1299   13
   191   3.54721   2.37228   2.30119    1226   15
   192   4.44415   0.98247   2.58199    1670   20
   193   5.84382   2.13364   4.21711    1448   13