     1   0.00000   0.00000   0.00000       0    0
     2   2.43513   2.30527   4.48890    3291   12
     3   6.23793   1.81261   1.20675    6179   13
     4   4.46319   1.22128   3.80586    5023   14
     5   5.73669   1.68214   0.91663    4729   16
     6   3.94582   2.11593   3.56516    2840   14
     7   5.41729   1.32195   4.10735    4873   14
     8   3.07545   1.90760   4.05904    3854   13
     9   5.12253   2.78229   2.27479    3806   15
    10   4.42372   2.16736   6.24675    4708   15
    11   5.68363   1.30395   4.93324    2963   12
    12   0.41059   1.81662   6.00464    5757   19
    13   5.04308   1.10523   6.23143    7309   18
    14   1.93263   2.04522   1.77439    7974   18
    15   1.54887   1.01017   1.65991    4275   14
    16   3.35058   2.27223   2.88805    4296   15
    17   5.71210   1.80583   5.36521    2066   10
    18   2.04041   1.62077   5.57137    4330   15
    19   5.86511   2.06675   2.23249    5904   15
    20   0.88205   2.29144   5.41354    3739   14
    21   3.41236   0.86889   2.94486    7620   20
    22   4.04978   1.13071   3.03843    5780   14
    23   4.27254   0.99171   3.61252    3685   12
    24   4.01648   2.07569   1.82769    3590   12
    25   4.96916   0.85974   5.29426    2696   12
    26   5.59643   2.07528   0.38658    3376   13
    27   1.16105   0.57187   3.75461    4805   16
    28   2.46709   1.06796   5.54802    2327   11
    29   1.20908   2.00771   6.16997    7032   18
    30   4.76352   0.38297   0.11911    4239   13
    31   4.18950   1.58479   3.36751    6451   17
    32   2.55401   1.47183   5.70806    2334   12
    33   2.84736   1.81350   4.49784    3941   13
    34   0.23894   1.79987   4.25502    6810   16
    35   3.66578   1.99301   3.15438    6417   16
    36   0.88032   1.80994   2.39770    5451   16
    37   0.13735   2.34216   2.37806    3576   14
    38   1.37250   0.21900   4.40014   10968   22
    39   1.72970   1.65405   4.46374    4213   13
    40   5.72063   2.78095   4.84963    2426   13
    41   1.45766   2.99476   4.84844    5062   14
    42   5.21121   0.82138   4.87437    2267   11
    43   1.32547   0.74053   6.13914   10310   21
    44   4.52933   2.27206   2.30188    1753   11
    45   6.19222   0.38768   5.35855    2652   11
    46   0.77304   2.14136   1.78099    2578   11
    47   1.09039   2.11266   3.70354    3600   13
    48   5.29138   1.77339   3.35984    5569   14
    49   3.74347   0.39695   4.52293    2321   12
    50   3.55024   1.92971   1.14565    4388   13
    51   3.43427   1.27891   5.32495    2392   12
    52   4.12796   2.80075   1.73165    3256   13
    53   3.19513   1.56102   5.46338    4460   14
    54   2.02186   1.63491   0.53684    6050   15
    55   3.89823   0.66448   1.68455    5440   15
    56   0.38083   0.88870   2.09825    8630   20
    57   0.55291   1.66705   1.08001    5763   13