     1   0.00000   0.00000   0.00000       0    0
     2   4.29548   1.84583   1.85686     886   13
     3   0.32375   1.70946   3.60558    1263   16
     4   2.63876   1.96933   0.63159    1206   20
     5   0.09729   2.42748   1.92775    1327   16
     6   5.07274   1.97772   4.19704    1260   16
     7   3.13960   1.24695   0.22811     984   14
     8   2.84011   1.98072   5.16067     888   14
     9   4.03192   2.22915   2.52264    1182   15
    10   1.03994   1.58280   0.55302     790   12
    11   0.04773   2.35550   4.14310    1032   15
    12   2.35747   0.69871   4.33652     952   17
    13   2.34545   1.68097   5.58492     601   11
    14   3.90888   2.50559   3.55699     655   14
    15   3.82181   1.03255   0.84940    1692   18
    16   5.31009   1.20196   0.08916    1153   15
    17   5.31240   2.66713   4.18687     925   15
    18   5.21082   2.70890   2.40546     929   17
    19   5.02905   1.01475   2.35883     901   13
    20   2.02399   0.66897   3.48280     503   12
    21   1.95856   2.19579   2.29669     973   16
    22   2.79317   1.53495   0.33293    1395   18
    23   5.71190   2.54765   5.50007     995   15
    24   4.79700   0.68803   1.70321    1012   16
    25   0.51246   2.27534   1.95257     836   18
    26   5.96902   0.19469   1.91423    1583   19
    27   0.53209   2.06370   0.07975     650   13
    28   3.03587   2.08453   4.53662     967   17
    29   0.59082   2.44095   0.72105     607   12
    30   3.07762   1.09304   5.46059    1050   13
    31   5.26922   2.10971   0.73718     709   13
    32   0.24923   2.96721   4.00521     620   12
    33   4.95047   1.60287   5.72626     839   12
    34   1.00350   2.32445   0.78257     997   17
    35   3.21786   0.97433   5.96630     776   14
    36   5.14438   1.17121   2.48402    1869   20
    37   2.18594   1.50044   2.30801    1316   17
    38   1.61469   0.20832   2.68460    1917   16
    39   2.79881   1.28145   0.89339    1042   15
    40   5.69476   1.61200   1.52413    1542   16
    41   1.86878   2.05922   2.54166     741   13
    42   0.83757   1.65397   5.12725    1106   13
    43   4.26415   2.03197   3.58072     945   12
    44   0.08231   0.73698   5.45118     874   17
    45   0.94580   0.08551   1.54868     826   13
    46   1.02640   0.96596   0.53640     645   12
    47   0.86148   2.49568   6.16314    1392   16
    48   4.25335   0.98990   0.51434    1372   17
    49   4.55672   1.48614   2.57440    1068   15
    50   0.31710   0.77742   3.43112     960   15
    51   0.02741   0.93691   2.28893     978   16
    52   5.10431   1.18760   4.13422     663   11
    53   5.92503   2.43547   4.03720     624   12
    54   4.14265   1.34499   3.09874    1028   15
    55   4.41281   2.93183   1.98467     593   11
    56   2.87726   1.03337   3.91073     659   13
    57   1.32806   1.21325   0.63701     900   13
    58   1.38788   2.79625   0.52444     937   16
    59   3.29043   1.41852   0.93775     654   12
    60   0.60082   1.48243   0.57494    1100   17
    61   2.52661   0.77635   3.38965     608   13
    62   2.98581   1.48239   3.60833    1342   19
    63   4.60764   2.17428   4.44793    1254   17
    64   4.25773   2.21404   4.46665    1230   15
    65   4.37802   1.55487   1.89923     834   15
    66   0.87610   1.49324   0.33333     714   11
    67   3.76377   0.65125   3.50669     770   12
    68   1.57598   2.57234   2.55967    1030   15
    69   0.97966   2.07385   0.62474     701   14
    70   0.06365   1.10358   1.54792     900   13
    71   2.02558   2.78059   3.86963     781   15
    72   0.19771   0.51129   5.28490     758   12
    73   2.49407   1.94682   2.80406     638   11
    74   3.24998   0.82398   0.72175    1427   24
    75   0.42349   1.23212   3.33114     683   14
    76   1.25771   2.18824   5.34995    1548   17
    77   5.18852   1.18321   6.02730     449   10
    78   5.84815   1.54088   5.93541    1560   18
    79   5.27734   2.12385   3.98693    1396   18
    80   6.11700   2.68784   3.89664    1093   18
    81   3.95552   2.61524   4.84862     298   10
    82   1.31967   1.11608   4.98611    1447   19
    83   2.40212   2.19621   4.99361     804   14
    84   0.75080   1.65726   5.80643    1072   14
    85   2.99151   3.05710   3.70271    1231   17
    86   0.31826   1.42371   2.33112     867   14
    87   0.33964   2.47894   5.58369     744   14
    88   3.42423   2.06519   2.56297     528   11
    89   3.95413   0.83745   4.51902    1186   16
    90   5.35528   0.72950   4.29965     869   15
    91   0.16081   2.59038   2.50800     771   15
    92   3.76426   1.86167   0.59527     440   11
    93   5.24130   1.74626   0.25877     463    8
    94   0.91281   2.12264   3.58106     574   13
    95   1.03389   0.79069   6.07868     822   15
    96   5.44503   2.44545   3.83944    1434   18
    97   2.55373   0.70542   2.98780     657   12
    98   0.61190   2.00606   5.50074     766   15
    99   2.77283   2.81052   0.66949    1142   18
   100   5.60678   1.80381   4.10827     902   14
   101   4.08631   1.61476   0.24852     730   13
   102   3.19946   0.87966   4.58122     762   17
   103   4.66631   2.53199   3.54992    2166   19
   104   5.64209   0.97022   1.43910    1277   16
   105   0.87516   0.94654   3.63828     878   14
   106   2.45154   2.04616   2.19652     927   18
   107   3.82106   0.46447   5.56411     712   12
   108   4.08990   1.72516   0.76678    1335   15
   109   0.45673   1.74038   3.43683     749   12
   110   5.48387   1.45381   4.86202    1079   15
   111   6.00026   1.81308   2.59454    1421   18
   112   2.89764   1.91683   4.36315     870   16
   113   4.33457   0.53054   1.84315    1496   19
   114   0.49800   2.99646   4.89644     857   17
   115   3.93242   1.93427   2.72128    1349   16
   116   5.26958   1.28373   3.08515    1113   17
   117   4.04329   0.59343   1.63454     789   14
   118   5.17401   2.13025   5.85974    1469   18
   119   3.37138   1.72139   0.36539     737   15
   120   1.50106   1.76824   2.42527    1472   19
   121   5.25911   1.05419   4.33520    1020   16
   122   3.28643   2.63450   3.21753     777   14
   123   4.58738   2.72954   0.07411     604   13
   124   1.97404   2.29466   2.93099     905   14
   125   2.50387   1.98595   5.07300     972   13
   126   0.04771   0.57614   3.18128     756   15
   127   3.21852   1.98604   4.73163     960   14
   128   3.04665   2.38055   0.69907     647   12
   129   2.53876   1.83118   5.05101     579   13
   130   0.68168   1.24698   5.21001     661   12
   131   0.16829   1.75966   2.27824     815   12
   132   5.26628   2.21447   2.69117    1062   18
   133   4.99808   1.93656   0.86512     926   17
   134   5.98648   2.54896   1.19669     743   16
   135   6.14967   1.82542   4.55428    1177   19
   136   0.68849   1.17595   2.19052     642   13
   137   0.63255   2.04518   3.90474    1073   22
   138   0.95139   2.14712   3.86571    1517   16
   139   5.50481   1.14705   0.05473    1007   14
   140   6.13052   1.91231   2.49557     846   12
   141   5.61871   2.02192   3.87292    1537   16
   142   2.92006   0.30337   0.67867    1745   20
   143   0.53509   0.46514   5.28333     413   10
   144   5.70089   1.97869   0.15070     891   13
   145   5.61453   1.05587   5.59161    1073   14
   146   2.63920   2.12909   2.23596    1453   20
   147   2.50140   0.82199   1.78660     750   13
   148   1.53004   0.35305   0.64356     842   12
   149   5.35364   2.09382   5.71497    1803   21
   150   4.03097   1.21913   0.82180     618   12
   151   1.00948   1.17886   1.84140     696   13
   152   4.32000   2.65291   3.98467     772   13
   153   3.96911   2.82889   2.61842     749   15
   154   3.62360   1.86078   3.82006     862   13
   155   4.48472   2.63051   0.56765     897   13
   156   2.76210   1.00904   2.27423     883   10
   157   5.32440   0.67751   4.89826    1391   18
   158   5.61741   2.12447   2.26157     870   14
   159   1.84604   1.97448   5.30124     775   12
   160   0.97150   2.30321   3.27649     886   14
   161   2.90432   0.91561   2.32425     862   14
   162   2.95648   1.97014   2.10994    1031   16
   163   4.13225   1.22836   5.61494    1172   17
   164   2.22329   0.84841   1.47622    1156   17
   165   0.66017   1.45174   1.30834     903   14
   166   0.56555   1.19841   5.69678     544   10
   167   3.64835   0.45186   1.61822     552   10
   168   0.34935   2.10424   3.32370     908   15
   169   5.60053   1.12549   0.91305    1191   15
   170   2.72058   2.66311   4.60531     557   12
   171   4.21116   1.62743   5.65466     755   12
   172   1.10228   1.11794   4.25616     826   13
   173   1.49840   0.81424   3.08329     976   14
   174   0.83747   1.00635   1.02477     626   13
   175   4.69930   0.34699   0.73951     789   14
   176   6.15945   2.03958   3.48523    1513   18
   177   0.34519   1.10818   5.86748     866   14
   178   2.77079   0.82878   4.02976     896   13
   179   6.10282   2.15888   5.02055    1838   21
   180   2.31366   1.91285   3.93885    1094   18
   181   2.52732   0.84346   6.04275     634   13
   182   0.24497   0.18183   5.35790     906   14
   183   4.56891   2.13239   4.71078    1037   13
   184   4.15267   0.73403   3.81654    1064   15
   185   0.68142   2.09456   0.87701     635   12
   186   2.49664   2.18558   2.04768     906   15
   187   5.52023   1.08576   1.02317     581   12
   188   5.46259   1.36792   1.53667     776   14
   189   2.63584   0.67777   2.17755     792   12
   190   0.18679   1.48562   1.15670     926   16
   191   0.31639   2.96178   5.08325     617   12
   192   1.25455   0.30055   1.52004    1124   17
   193   1.53077   2.44767   5.90114     933   16
   194   2.92948   1.64451   0.03293     877   17
   195   0.40966   2.97516   4.84613    1159   14
   196   5.16583   1.67324   2.56150     925   13
   197   2.78977   1.49448   2.83978     900   14
   198   0.60769   0.48135   0.21789    1182   16
   199   0.16369   1.66179   6.09474    1045   15
   200   5.78513   1.64468   1.91800     800   13
   201   1.38379   1.99035   2.32097    1320   17
   202   2.28971   2.36779   4.77849     526   12
   203   2.51047   2.40042   5.34106    1237   18
   204   4.70217   1.94214   0.97080     764   12
   205   1.99686   1.35675   5.58784    1228   17
   206   5.14542   2.30265   1.02217    1345   16
   207   1.11054   0.65466   4.94008     809   12
   208   3.91843   2.37236   3.17053    1725   18
   209   4.70959   1.89877   2.36160     915   14
   210   4.10987   1.90311   4.07009    1480   18
   211   3.38368   0.98095   0.35967     871   17
   212   4.89698   1.84652   2.98295    1711   23
   213   5.53237   1.77880   3.71570    1168   17
   214   2.64705   2.48483   1.22146    1008   18
   215   1.42944   1.15403   3.21357     860   13
   216   4.05524   1.70710   5.44001     974   14
   217   0.92638   1.88841   6.23474     703   11
   218   4.83142   1.38327   1.70853    1235   15
   219   1.91744   0.73109   1.27862     665   11
   220   4.25341   2.34129   2.89746     705   12
   221   6.02273   0.88285   5.84376    1347   15
   222   2.47318   1.05293   4.15740    1354   16
   223   5.52771   1.99336   3.45178    1200   17
   224   3.13240   1.08374   5.76807    1114   16
   225   2.34769   2.99128   1.90684     910   13
   226   4.75068   1.30741   2.07492    1308   17
   227   0.37929   2.75892   4.51189     875   12
   228   0.69871   2.45145   3.75405    1074   15
   229   1.18510   0.95823   1.05991     898   19
   230   2.16930   2.06825   0.64705     445   11
   231   2.16360   2.73174   2.28800    1047   16
   232   2.86139   0.86595   2.64283    1059   16
   233   2.63462   2.28237   2.18889     733   14
   234   5.16303   0.67650   5.01211     863   13
   235   2.10465   1.39059   4.95034    1016   15
   236   3.09540   2.90540   0.27065    1114   19
   237   3.78037   2.16962   0.63298     834   12
   238   3.68544   1.04445   4.71264     738   14
   239   3.59645   1.25117   3.87638     745   12
   240   0.58087   1.97810   4.89390    1264   17
   241   0.88279   1.95379   2.17190    1293   18
   242   5.22284   1.43286   5.91710    1100   12
   243   0.18215   1.10004   0.51447    1242   15
   244   3.74072   1.50652   3.84077    1758   19
   245   5.63621   1.75113   4.10313     899   13
   246   3.42520   2.31866   4.41030    1008   15
   247   3.29898   1.03099   3.20424     984   14
   248   0.10076   1.24770   3.05112     685   10
   249   5.19237   1.59490   1.78948     975   14
   250   2.18419   1.23259   0.72961    1040   14
   251   0.68256   0.96300   2.55073    1312   14
   252   2.92315   1.18941   1.85629     997   15
   253   3.40454   1.75500   1.18108     829   13
   254   0.55817   0.60185   1.75079     798   13
   255   1.86200   1.06188   5.17903    1501   17
   256   2.30131   0.16133   5.76663     978   15
   257   0.31440   1.15610   1.36750    1704   19
   258   5.91517   1.15686   1.73810     938   15
   259   2.98138   1.62727   3.88616     755   14
   260   4.29471   1.42314   3.36803    1226   16
   261   5.10091   0.92913   1.50585    1335   15
   262   3.45352   1.01499   4.23149     581   10
   263   1.60001   0.90615   5.14288    1466   15
   264   0.85512   1.21271   5.41540     948   15
   265   2.97606   2.48670   5.11758     804   17
   266   2.91899   0.71867   4.58557     642   15
   267   0.50252   1.82896   2.48789     880   13