     1   0.00000   0.00000   0.00000       0    0
     2   0.01718   1.52797   0.05324     642   11
     3   3.31118   1.61748   4.74503    1565   15
     4   1.02768   0.11796   5.42393    1346   17
     5   4.92132   1.49494   4.68746    1225   15
     6   1.60945   1.52998   3.21162     845   15
     7   5.88485   0.02795   5.34674    1481   15
     8   3.29434   1.62072   4.72092    1856   17
     9   0.15816   1.56081   1.63475    1751   15
    10   3.19350   1.56893   1.58337    1744   18
    11   3.24230   1.39746   0.13229    1732   18
    12   5.70328   3.07102   2.46879     845   12
    13   0.16207   1.63555   1.41950     907   12
    14   3.38246   1.55444   3.24771     775   10
    15   3.20331   1.64878   0.11377    1476   16
    16   0.65392   0.06179   2.74684    1180   15
    17   0.50576   3.10506   2.07040     935   14
    18   5.48102   3.04154   0.52036    1799   17
    19   0.12892   1.49926   1.56102    1411   16
    20   0.84062   0.21416   2.46707     934   11
    21   5.60832   3.06254   3.92005    1166   16
    22   3.28784   1.50174   4.78485    1345   19
    23   0.17421   1.66341   4.74705    1434   13
    24   3.55145   2.97054   5.09485    1212   14
    25   0.42055   3.08045   0.29070     810   11
    26   4.81344   1.44347   1.50007     813   15
    27   4.75431   1.40193   1.40410    1996   16
    28   3.14143   1.55348   1.72476     936   15
    29   5.64517   0.06712   5.50514    1344   16
    30   3.28149   1.55057   1.65447     705   12
    31   4.93608   1.56015   1.51123    1603   19
    32   3.19221   1.43350   4.87145    1337   11
    33   3.24491   1.50980   1.65484     891   11
    34   4.11588   2.96307   0.80375    1126   12
    35   4.91593   1.54085   1.56313    1406   15
    36   3.24453   1.61216   6.26897     967   16
    37   1.66691   1.65824   0.15893    1182   15
    38   4.87559   1.59160   0.06897    1741   15
    39   0.20001   1.63910   4.70521     706   13
    40   0.00870   1.52100   1.50675    1669   15
    41   3.36078   1.50665   1.61021    1219   16
    42   3.15580   1.51065   4.77456    1220   16
    43   0.42055   3.08045   0.29070    1106   14
    44   4.89040   1.56962   1.53810    1790   15
    45   4.49155   0.03242   3.36705     989   11
    46   5.68554   0.06658   2.24639    1039   15
    47   0.15843   1.63143   3.19972    1255   16
    48   3.22285   1.55883   0.08136     943   10
    49   4.90444   1.39771   0.02957     662    9
    50   0.60334   0.17753   1.04277    1543   16
    51   0.61606   0.10367   4.21737    1360   16
    52   4.79387   1.53015   0.08382    1927   20
    53   4.93214   1.60800   4.65075     791   10
    54   0.60783   0.10181   2.57970    1801   18
    55   3.19740   1.48399   3.26652    1186   16
    56   3.32181   1.54835   1.63528    1397   15
    57   1.61387   1.67023   4.71360    1848   17
    58   1.79046   1.59693   4.72766    1658   18
    59   0.67718   0.20480   4.16243     995   16
    60   3.82553   2.94909   2.17259     957   16
    61   0.16975   1.61073   4.65650    1182   13
    62   3.36246   1.40362   1.54895     581   10
    63   0.60783   0.10181   2.57970     689   12
    64   0.04767   1.68856   1.65441    1062   14
    65   0.60783   0.10181   2.57970    1295   16
    66   1.66838   1.59193   6.21014    1132   13
    67   3.27958   2.98170   4.80190    1167   14
    68   1.67118   1.61986   4.79468    1376   15
    69   3.24607   1.52610   4.76828    2394   18
    70   0.23261   1.57924   1.50327    1337   16
    71   0.09430   1.50061   6.13544    1879   16
    72   1.79948   1.71347   3.30640    1739   18
    73   1.72279   1.72490   4.86611    1890   19
    74   4.97232   1.44776   2.96303    1646   17
    75   4.37046   2.96585   4.12717     769   10
    76   3.21642   3.06485   1.40505    1296   17
    77   2.34863   0.11407   2.41674    1172   11
    78   1.61509   1.51166   6.20859    1035   11
    79   2.05306   3.05317   5.09354     816   12
    80   0.03020   1.61919   6.18898    1042   15
    81   4.89160   1.58352   2.98382     657   13
    82   1.79754   1.66407   0.09036     905   12
    83   1.66763   1.59835   3.16115    1414   14
    84   1.75179   3.06625   4.89073    1642   16
    85   3.26670   1.44737   1.70711     614   11
    86   4.87559   1.59160   0.06897     853   14
    87   1.80904   1.68950   0.09730    1465   15
    88   6.00263   3.06760   5.75682    1439   20
    89   4.87756   1.54739   6.11047    1449   17
    90   1.68858   1.69973   0.09453    1623   18
    91   3.01190   3.06439   1.23412    3298   25
    92   1.71317   1.65318   0.06165    1477   17
    93   0.12892   1.49926   1.56102     817   15
    94   2.06995   0.07078   5.90597    1474   15
    95   0.08204   1.60991   1.46424    1554   17
    96   3.20893   1.53019   4.73837    1087   15
    97   2.98680   3.07411   5.98318    1523   17
    98   1.66308   1.72199   4.66432    1062   13
    99   1.76204   1.73119   0.04516    1466   15
   100   0.28912   0.05595   3.00651     829   13
   101   3.66063   2.99599   0.44730     570    8
   102   3.33480   1.41169   1.61453    1357   17
   103   0.15768   1.60269   1.62617    1580   16
   104   4.89160   1.58352   2.98382     938   13
   105   4.82989   3.09811   4.60802    1764   18
   106   3.69225   2.96521   3.59291    1439   16
   107   3.41090   3.07439   4.82648    1539   15
   108   0.60783   0.10181   2.57970     767    9
   109   4.71353   1.56815   3.19516    1860   18
   110   4.78799   1.51881   1.60987    1341   16
   111   3.20564   1.46613   6.21584    2016   19
   112   4.79817   1.55061   3.21886    1151   16
   113   1.65438   1.71059   1.49867    1060   10
   114   1.68288   1.68776   1.58669     990   14
   115   5.40232   3.02999   0.52437    1121   16
   116   4.39629   3.02874   1.21221    1221   13
   117   0.24094   1.59409   3.09920    1997   19
   118   1.43861   0.15814   3.28652     692   10
   119   5.52993   3.08371   3.81568    1179   16
   120   3.98504   3.08714   5.33832    1180   11
   121   3.98504   3.08714   5.33832    1672   16
   122   0.21809   1.73648   4.71704    1525   19
   123   4.87559   1.59160   0.06897     763   11
   124   4.86416   1.41262   4.69932    1202   12
   125   0.09499   1.49283   1.41966    2676   22
   126   5.04432   3.01097   3.40266    1427   17
   127   4.89690   1.54810   6.18021    1415   15
   128   0.17547   1.67027   4.64601    1433   19
   129   4.04189   3.07703   5.58127     960   14
   130   1.60908   1.63088   3.27673     980   14
   131   2.96255   0.05766   3.54522    1081   15
   132   3.58834   3.05887   1.77906    1375   15
   133   0.14077   1.59243   6.17595    1182   13
   134   4.25397   2.99309   4.14691    1645   13
   135   4.72093   1.52016   3.09670     913   12
   136   0.22760   1.68456   3.08445    1217   17
   137   3.36467   1.58051   1.48644     861   13
   138   0.80456   0.19940   2.36523    1607   16
   139   6.14065   3.07147   1.23279    1467   15
   140   0.14245   0.07975   3.00566    1105   12
   141   1.63932   1.56469   1.64789    1172   13
   142   3.21425   1.39821   4.75664     893   12
   143   1.83340   1.63454   1.71462    1569   14
   144   3.19591   1.57175   3.08134    1447   16
   145   3.71887   2.99515   5.07169    1553   14
   146   3.18638   1.55533   3.14133     839   14
   147   0.28660   0.04814   1.30061    1399   15
   148   4.86723   1.47508   3.11904    1785   22
   149   1.66255   1.67414   0.05965    1344   17
   150   0.15482   1.70408   4.78383    2302   17
   151   3.27958   2.98170   4.80190    1196   14
   152   1.58455   1.61777   3.10563    1089   15
   153   3.40149   3.01326   1.64392    1292   14
   154   5.41449   0.06903   5.59017    1633   17
   155   1.70575   1.65108   4.66736    1583   18
   156   3.53431   2.95649   3.48898    1614   14
   157   1.57155   1.53289   3.22137    1594   18
   158   0.24377   1.63763   3.10572    2212   17
   159   5.60832   3.06254   3.92005     915   12
   160   0.23007   0.01321   6.19330    1482   17
   161   2.34494   3.06378   3.85601     810   12
   162   4.67194   3.02589   4.44691    1177   13
   163   1.06405   0.09583   2.21642     916   13
   164   0.12892   1.49926   1.56102    1434   19
   165   4.87579   1.45947   6.22103     965   10
   166   4.90988   1.61541   0.01598    1389   14
   167   0.01052   1.51419   1.40021    1477   13
   168   3.24549   1.46245   3.17895    1475   13
   169   3.28558   1.62502   1.57797    1247   14
   170   0.05097   1.65161   3.05343     788   12
   171   3.24025   1.58492   1.50900    1620   17
   172   1.75471   1.55647   0.08039    2285   16
   173   3.30175   1.54023   4.64036     998   15
   174   1.64169   1.64232   6.20946     912   16
   175   3.82330   3.04040   0.61943    1177   13
   176   0.08349   1.66377   4.54665    1130   17
   177   1.72927   1.54570   6.24039    1619   14
   178   3.32669   0.03421   3.06171    1876   17
   179   0.98506   0.04078   2.37931    1485   15
   180   0.18785   1.68858   6.17592    1675   14
   181   0.06243   1.61828   4.67938    1733   16
   182   3.19945   1.61937   3.28048    1480   17
   183   4.87841   1.47929   2.96495    1078   14
   184   3.29142   1.57774   3.11749    1717   16
   185   4.17827   3.07874   5.63193    1480   18
   186   0.15672   1.56074   1.41391    2301   26
   187   0.11599   1.49497   1.56780     857   11
   188   6.02995   3.09250   5.86456     829   13
   189   4.90444   1.39771   0.02957    1298   15
   190   0.19843   1.72146   3.17051    1225   15
   191   0.15992   1.63609   6.25607    1291   16
   192   4.89160   1.58352   2.98382    1413   14
   193   1.61137   1.72125   1.57736    2137   15
   194   5.54548   3.04446   5.47185    1955   20
   195   3.19547   1.65319   3.25055    2070   19
   196   4.81432   1.52815   2.98453    1785   14
   197   1.59481   1.68466   1.69984    1122   15
   198   4.77457   1.40593   6.18533     925   11
   199   4.95820   1.40203   3.18849    1141   15