     1   0.00000   0.00000   0.00000       0    0
     2   3.13347   1.42081   4.82306    2095   16
     3   1.74353   1.71919   3.18993    1024   14
     4   4.83068   1.46471   1.42945    2184   16
     5   4.93104   1.36094   4.60967    1669   17
     6   1.74854   1.70594   0.03046    2434   19
     7   4.90404   1.40263   1.40178    1566   14
     8   1.74547   1.71490   4.81363    1607   14
     9   0.15170   1.82920   6.14554    1584   15
    10   3.29963   1.51187   0.04047    1560   13
    11   4.53387   3.01106   2.84026    1671   15
    12   4.53387   3.01106   2.84026    1132   12
    13   0.64669   0.17902   4.17745    2835   18
    14   4.92509   1.43604   4.56462    2564   19
    15   1.74353   1.71919   3.18993    1271   11
    16   0.11974   1.59722   4.46584    1925   17
    17   0.14427   1.78346   4.66146    1271   13
    18   4.93214   1.40406   2.87930    1405   13
    19   0.41323   0.20973   4.36424    2178   14
    20   0.88623   0.16567   0.72212    1212   11
    21   1.73852   1.80555   3.25746    2047   20
    22   0.10196   1.65994   3.09906    3316   19
    23   0.09772   1.72744   6.18261    2108   14
    24   0.43830   0.13972   4.37355    2087   17
    25   0.64213   0.28413   4.32585    2494   17
    26   0.13899   1.63550   3.08213    1271   13
    27   0.01392   1.72916   1.55189    1492   13
    28   4.87970   1.48199   6.21526    1884   15
    29   0.26270   1.82633   4.73991    2121   16
    30   0.00228   1.62820   3.02855     877   11
    31   1.62448   1.63025   3.35390    1507   13
    32   1.69345   1.73910   3.28775    1684   16
    33   4.54125   2.89846   2.82325    1606   16
    34   4.86736   1.49688   4.56056    1291   13
    35   0.16873   1.78437   4.53616    2147   17
    36   0.11395   1.80111   3.06441    2724   19
    37   1.32531   0.11784   1.90885    1586   13
    38   4.85221   1.43363   4.44265    1651   13
    39   0.40953   0.14091   4.53566    2244   16
    40   0.79734   0.24894   5.49302    1424   17
    41   0.22066   1.77375   6.04622    1802   13
    42   3.49944   2.95658   1.86531    1652   15
    43   3.89550   2.90007   0.65911    1657   13
    44   0.69293   0.21611   2.57188     995   10
    45   3.34578   1.55711   1.59252    1863   16
    46   1.74353   1.71919   3.18993    1938   17
    47   0.85249   0.28853   3.97019    3718   19
    48   1.74353   1.71919   3.18993    1353   13
    49   3.33886   1.29864   4.87716    1381   14
    50   3.27407   1.55318   0.00979    1101   12
    51   0.20322   1.81696   6.11033    2523   18
    52   1.35835   0.17772   5.05581    2154   15
    53   0.00250   1.58620   6.17776    1246   13
    54   3.17640   1.42845   3.33992    1329   14
    55   0.16811   1.67011   3.11183    1411   12
    56   3.89902   2.93988   2.20985    1684   14
    57   0.21721   1.58720   6.24586    1378   12
    58   3.70078   2.95231   0.47467    1153   12
    59   3.31686   1.31434   4.86881    2435   15
    60   0.09791   1.69342   1.41965    1754   13
    61   4.94920   1.44507   6.12537    1602   14
    62   3.19625   1.53035   0.14107    3176   18
    63   0.16811   1.67011   3.11183    2201   16
    64   3.23299   1.40137   3.34311    2988   22
    65   4.81671   1.53088   4.63964    1561   14
    66   0.22575   1.73356   3.06218    2191   14
    67   3.14870   1.45461   1.63418    2215   17
    68   4.86618   1.41940   3.02002    1908   18
    69   3.21308   1.35262   0.23505    1742   14
    70   3.26772   1.45857   0.11212    1182   10
    71   3.21780   1.43666   1.74648    2236   17
    72   0.13257   1.75257   1.54480    1432   15
    73   0.13651   1.72884   1.44078    1649   13
    74   0.24610   1.70087   6.23373    2203   16
    75   0.16940   1.67033   6.24211    1122   12
    76   4.18603   2.98760   0.89894    2898   18
    77   4.85364   1.37460   4.68692    1878   15
    78   3.52429   3.00241   4.89105    2305   16
    79   0.98075   0.29879   0.81333     611   10
    80   0.13389   1.58193   3.02731    1185   15
    81   0.40953   0.14091   4.53566    1094   11
    82   0.13099   1.62374   1.44005    1626   13
    83   3.23633   1.50273   4.78213    1575   15
    84   3.86193   2.99035   3.83791    3113   20
    85   4.87970   1.48199   6.21526    1542   13
    86   0.29946   0.16670   4.48148    2194   17
    87   1.75928   1.57725   3.22030    1151   14
    88   4.88862   1.40267   1.29995    2917   18
    89   1.01451   0.22500   0.75060    1707   14
    90   0.50815   0.23890   4.33443    2239   14
    91   1.64725   0.18084   1.68513    2791   20
    92   3.27475   1.37847   4.89900    1190   14
    93   1.83570   1.69473   4.96699    1426   15
    94   1.50213   0.25107   3.43559    2069   17
    95   0.09105   1.63707   3.03723    4129   20
    96   3.31779   1.50463   3.28073    2005   16
    97   4.81978   1.50856   1.43475    2350   18
    98   0.46546   0.17633   1.13159    2283   18
    99   0.78780   0.20342   4.17159    2774   18
   100   0.93967   0.27347   0.64247    1933   15
   101   3.24703   1.38322   4.80662    1591   12
   102   3.29433   1.35018   1.78889    1475   15
   103   3.44541   2.88924   3.26369    1803   13
   104   4.94273   1.55283   6.11754    2053   15
   105   1.66958   1.66326   1.76759    2310   17
   106   4.76942   1.38442   1.43912    1104   11
   107   1.71474   1.74213   0.05176    2161   18
   108   3.23608   1.43724   4.84040    1290   14
   109   1.74353   1.71919   3.18993    1368   14
   110   1.69807   1.76662   1.68226    1316   13
   111   4.74663   1.44451   6.26448    1513   15
   112   1.74353   1.71919   3.18993    1440   13
   113   0.96174   0.21552   3.80740    1175   13
   114   1.52536   0.25396   3.34987    1455   12
   115   0.06339   1.75716   6.08951    1270   12
   116   0.22458   1.73956   4.68663    2313   19
   117   4.77489   1.43510   6.10844    1841   13
   118   4.82936   1.50364   6.25832    1571   13
   119   1.64351   1.59397   3.18187    1912   15
   120   3.17029   1.41730   3.37838    1737   12
   121   0.22932   1.60240   1.40924    1686   14
   122   1.83546   1.78838   1.74889    1896   14
   123   1.78519   1.69965   4.91403    1564   13
   124   0.65246   0.27561   5.64727    1724   11
   125   4.78787   1.53554   2.91090    2722   21
   126   1.74353   1.71919   3.18993    1752   14
   127   6.27636   1.77126   6.09209    1581   14
   128   1.75586   1.71632   4.93582    1693   15
   129   3.32916   3.09193   0.00372    1423   12
   130   3.30364   1.41357   1.80277    1887   13
   131   3.32730   1.39961   0.15775    1136   14
   132   1.77467   1.64344   4.87572    2135   14
   133   4.86986   1.38242   1.36933    1462   12
   134   0.97738   0.26770   5.35080    1550   15
   135   0.64719   0.28272   2.74980    1337   15
   136   4.67301   2.88732   3.03686    1209   10
   137   0.44499   0.24208   1.18486    2640   17
   138   1.74353   1.71919   3.18993    1754   11
   139   0.67755   0.29189   2.58832     890   10
   140   3.94746   3.08214   2.26095    1432   16
   141   4.02455   2.96347   0.76749    1944   13
   142   0.08670   1.70819   4.71088    1648   14
   143   1.79966   1.58360   1.78573    1954   16
   144   0.20523   0.24947   1.38386    1257   12
   145   1.70602   1.71397   4.80885    1449   12
   146   4.83738   1.54785   1.43396    2053   18