     1   0.00000   0.00000   0.00000       0    0
     2   4.94009   1.51495   4.51018     921   11
     3   1.76216   1.61712   1.84358    1309   16
     4   6.16207   0.43338   3.31321    1344   14
     5   1.71211   1.59418   3.38648    2161   18
     6   0.60094   0.25342   2.61325     862   11
     7   0.17467   1.89345   1.55638    1240   15
     8   0.22019   1.93590   1.44069    1289   11
     9   4.93424   1.60842   1.25068    2225   19
    10   3.37293   2.83256   0.15606    1044   16
    11   3.27008   1.26987   3.17394    1666   19
    12   3.65370   2.82862   5.19070    1241   12
    13   3.38711   1.15220   3.18189    1421   19
    14   6.28133   1.91212   2.97425    1095   12
    15   0.53670   0.32122   4.34221    1288   14
    16   4.88351   1.52177   1.21728     985   14
    17   0.48616   0.33429   1.25361    1498   20
    18   1.67763   1.60159   1.81258    1282   14
    19   4.75251   1.49843   4.43649    1576   18
    20   1.79829   1.59655   5.12282    1089   16
    21   3.08591   2.82199   1.42670    1123   13
    22   1.72644   1.65753   1.92374    1439   16
    23   3.20981   1.21988   1.72380    2934   20
    24   4.84236   1.67293   1.20514    1096   10
    25   0.13389   0.40859   4.73098    1844   19
    26   4.88525   1.64330   5.98972    1581   15
    27   0.25987   0.19264   1.56112    1384   14
    28   0.38797   0.35566   2.94375    1026   14
    29   0.33006   0.34530   1.35545    1139   14
    30   1.72199   1.55915   5.12484     608    9
    31   6.09569   0.29267   5.05767    1088   17
    32   0.48616   0.33429   1.25361    1531   17
    33   4.84643   1.48676   1.21870     972   11
    34   6.28122   0.18443   1.78486    1426   15
    35   3.36088   1.25606   4.62557    1110   12
    36   3.30861   2.80917   4.75952    1646   17
    37   4.72998   1.51060   5.93420    1003   14
    38   3.22694   1.26925   3.17584     955   14
    39   3.14817   2.77490   3.13856     790   12
    40   3.17949   1.36116   0.14901    2500   20
    41   1.71943   1.68769   0.21376     825   12
    42   1.76233   1.50055   1.92756    1007   12
    43   0.18392   1.88933   3.24486    1417   15
    44   0.14342   1.86339   3.16080    1026   10
    45   6.19769   0.32388   3.39615    1697   17
    46   3.19424   2.84363   4.68416    1803   16
    47   4.85132   1.54877   1.13828    1384   15
    48   4.86071   1.66627   6.09814    1368   15
    49   1.61976   1.55250   5.02038    1580   17
    50   4.80601   1.50519   2.78154    1284   18
    51   1.79144   1.60127   4.91287    1868   21
    52   1.58150   1.51796   0.32893    1368   14
    53   1.71846   1.67358   4.93513    2151   19
    54   4.83178   1.45373   4.27861    1819   16
    55   3.27727   1.25871   1.65008    1876   18
    56   3.41566   2.83292   0.18292    1310   15
    57   3.38257   2.85279   3.25461     802   13
    58   0.09968   1.76628   4.65048     852   12
    59   6.22918   0.40841   1.80072    1277   15
    60   0.16041   1.99612   4.81155    2119   21
    61   1.71943   1.68769   0.21376     704   12
    62   4.96352   1.57307   1.16244    2117   15
    63   3.28274   1.27311   3.07089     826   13
    64   0.22019   1.93590   1.44069    1108   12
    65   3.23474   1.37552   3.08709     827   12
    66   0.06835   1.81947   1.62626     774   12
    67   0.01404   1.99663   4.56768     844   12
    68   4.80635   1.54952   4.37889    1463   16
    69   4.79071   1.66219   1.17364     711   12
    70   3.63540   2.78985   1.92330    1656   16
    71   0.06583   1.83817   4.55842    1027   13
    72   0.23584   1.77498   4.75064    1439   15
    73   3.09079   2.85113   6.09350    2776   20
    74   3.12702   2.75727   6.24555    1044   13
    75   3.43568   2.75929   4.97444    1699   16
    76   3.22102   1.23366   4.70962    1097   11
    77   1.60160   1.62612   4.93351    1183   15
    78   3.38532   2.87426   4.94038    1681   16
    79   4.91705   1.44366   5.83685    1041   13
    80   3.14498   1.25579   4.71258    1454   16
    81   0.13322   1.81109   3.18588    1287   14
    82   1.71130   1.46136   0.38976    1746   16
    83   1.71450   1.69208   3.40606    1580   19
    84   3.25321   1.21517   0.09643    1017   15
    85   0.59267   0.28962   2.63849    1093   12
    86   3.28900   2.91881   1.65993    1791   17
    87   1.67553   1.63021   3.52755    1219   14
    88   4.82149   1.64738   1.15897    1600   18
    89   1.71943   1.68769   0.21376    1526   14
    90   1.57805   1.59403   3.46294    1043   12
    91   3.39138   1.22274   3.08413    1553   14
    92   0.13625   1.83515   3.23467     992   16
    93   0.15302   1.89153   0.03566    1059   13
    94   4.81615   1.58116   1.32165    1395   13
    95   4.84415   1.50607   6.07891    1146   12
    96   4.92605   1.65671   2.91026     950   11
    97   0.16903   1.90924   4.78997    1054   13
    98   1.78737   1.57112   1.83264    1368   17
    99   0.24957   0.32272   4.47111     978   13
   100   0.20744   1.82203   4.58327     799   10
   101   3.27378   1.38576   6.28272     899   13
   102   0.33006   0.34530   1.35545    1356   14
   103   0.24762   0.20287   1.46783    1476   18
   104   3.26816   1.20750   6.19681     793   11
   105   1.69349   1.47361   5.13767    1229   12
   106   3.64829   2.93407   4.99831    1609   16
   107   4.93335   1.55501   1.17259    1206   14
   108   6.11964   0.37230   5.00965    1204   15
   109   1.75326   1.53322   4.99067    1392   14
   110   4.90105   1.54089   1.20791     994   11
   111   0.10995   1.87193   6.22772    1082   14
   112   3.52025   2.70870   3.41742    1189   13
   113   0.22814   0.32033   1.43998    1135   14
   114   5.91310   0.19320   0.45700     987   12
   115   3.62755   2.84742   5.17811    1184   15
   116   0.48616   0.33429   1.25361    1473   15
   117   1.72703   1.51813   0.37179     978   13
   118   3.37269   2.80804   3.16849    1402   11
   119   3.43813   2.81098   1.80093    1510   16
   120   3.32018   2.76463   1.61839     949   15
   121   6.03316   0.23461   0.48707    1181   14
   122   4.86119   1.44787   5.87430    1764   16
   123   0.50983   0.36373   1.15907    1398   13
   124   3.76699   2.83887   0.48971     775   14
   125   3.91699   2.89413   5.38227    1289   15
   126   0.34402   0.28848   2.85642    1363   18
   127   1.62130   1.60319   5.04221    1650   16
   128   3.25541   1.15523   3.22687    1266   16
   129   3.30144   1.19650   4.75278    1217   14
   130   0.33006   0.34530   1.35545    1305   12
   131   0.58342   0.34084   1.12540     703   11
   132   3.26816   1.20750   6.19681     859   12
   133   3.54980   2.89244   4.93742    1823   16
   134   0.23584   1.77498   4.75064    1529   17
   135   0.22019   1.93590   1.44069    2540   20
   136   6.23704   0.30625   0.07270     983   13
   137   0.22019   1.93590   1.44069    1910   18
   138   4.95000   1.53640   1.20001    1110   13
   139   0.25498   0.41727   1.46718    2068   16
   140   4.97239   1.51712   5.88960    1126   14
   141   0.37286   0.45025   4.50870     633    8
   142   4.70805   1.60262   1.22613    1211   16
   143   3.46917   2.80398   1.74410    1829   17
   144   1.80012   1.65385   4.90335    1278   14
   145   0.00000   0.00000   0.00000    1544   15
   146   5.88515   0.20176   1.99187    2186   18
   147   2.99444   2.90313   2.92566    1406   14
   148   3.25880   2.84518   0.03721     696   11
   149   3.14544   1.39323   1.54030     648   12
   150   1.60987   1.60270   0.26837     982   11
   151   0.02442   1.93518   6.25319    1177   14
   152   3.38378   2.84161   4.82197    1522   16
   153   3.37660   1.23222   3.11250    1730   16
   154   0.25987   0.19264   1.56112     722   12
   155   0.25580   0.21930   4.53891    1413   19
   156   3.20202   2.82690   0.02665    1368   15
   157   3.17498   2.87095   3.07220    1381   14
   158   6.12368   0.33685   5.05485    1785   21
   159   3.25210   1.16634   4.60604    1512   14
   160   0.03905   1.85115   1.58755    1291   14
   161   0.32767   0.26845   1.42424    1659   17
   162   4.95570   1.61280   2.79093     660    8
   163   3.18576   2.85199   4.71706    2133   18
   164   0.51808   0.29335   5.99398    1082   16
   165   4.91235   1.51314   4.50162    1832   16
   166   1.82123   1.46977   1.73622    1836   16
   167   3.37419   2.95992   4.77234    2168   18
   168   3.24968   1.16267   1.66930    2011   21
   169   3.30256   2.80683   4.67240    1739   14
   170   3.61337   2.85761   5.07163    1360   14
   171   1.78574   1.63634   5.08341     936   11
   172   0.25077   1.81876   6.21649    2052   17
   173   1.68956   1.67648   3.47199    1629   15
   174   0.00000   0.00000   0.00000     724   10
   175   0.07723   1.84880   4.74498    1049   14
   176   0.07571   1.85033   1.60784    1676   15
   177   6.27590   0.25374   0.15803    2000   16
   178   0.52788   0.27641   5.76590    1069   11
   179   1.57736   1.57336   1.84112    1376   16
   180   1.57876   1.53844   5.10271    1499   14
   181   0.06604   1.91161   6.20569     893   14
   182   4.82879   1.44598   1.25169     690    8
   183   4.77854   1.65643   6.07695     941   14
   184   0.14370   1.85973   1.65630    1760   17
   185   3.50596   2.88156   0.24562    1349   15
   186   3.26609   1.25442   4.72819     936   11
   187   3.27392   1.24293   4.64433    1471   13
   188   4.94009   1.51495   4.51018     988   13
   189   4.73942   1.41632   2.83668    1083   14
   190   0.15302   1.89153   0.03566    1151   14
   191   0.10803   1.91489   4.57047     709   11
   192   1.60003   1.56740   4.98641     877   10
   193   0.12368   1.86718   1.56425    1372   15
   194   1.79577   1.62174   1.96390    1268   15
   195   3.52615   2.77903   0.31455    1488   14
   196   1.75853   1.59047   1.85356    1564   17
   197   3.29742   1.16372   3.10314    1431   18
   198   0.05257   1.83716   0.00521    1232   15