     1   0.00000   0.00000   0.00000       0    0
     2   4.99174   1.68714   4.30838    1887   16
     3   5.05361   1.59946   2.75013     636   11
     4   1.92653   1.65123   2.09300    1377   13
     5   3.54384   2.74330   0.04052     593    9
     6   3.52847   1.12591   4.79950    1205   14
     7   0.19380   1.96859   4.67894     757   13
     8   3.51530   1.19690   4.71865    1235   16
     9   3.46008   1.29863   3.19931    3702   22
    10   3.51668   2.80702   4.83209    1595   13
    11   3.44226   1.16583   4.77999    1314   15
    12   3.35258   1.29047   4.63654     849   14
    13   3.33091   2.68858   3.00996    1718   15
    14   3.24862   2.71669   4.50629    2116   19
    15   3.33433   2.75726   4.61617     634    9
    16   3.72359   2.68123   1.71417     845   12
    17   3.50095   1.11899   1.41993    2792   23
    18   1.83398   1.45040   3.41722     807   11
    19   0.40882   2.00157   3.17468     566   10
    20   1.77659   1.46107   1.94289    1275   14
    21   2.00009   1.61989   3.57738    3751   20
    22   0.06117   0.46088   1.85317     738   10
    23   3.53606   1.21206   6.23451     772   10
    24   5.11005   1.71027   2.88862    2181   21
    25   3.29139   2.70905   2.95375     436    9
    26   0.32092   1.89630   6.26420     556    9
    27   3.71011   2.75183   5.06254     730   13
    28   6.17405   0.26984   5.17292     592   11
    29   0.19380   1.96859   4.67894     423   10
    30   1.81792   1.44852   5.02538    1750   15
    31   0.44046   0.51696   4.51992    1916   13
    32   4.99886   1.54746   5.89494    4041   19
    33   0.31066   1.97877   3.24204    5578   26
    34   0.06117   0.46088   1.85317    4298   23
    35   0.30966   1.96699   3.19394     595   10
    36   1.90584   1.48309   0.41329    2218   18
    37   0.06117   0.46088   1.85317     471   12
    38   5.04736   1.60562   1.21080    1228   13
    39   5.00413   1.48269   5.95018     687   13
    40   1.82935   1.52548   2.08062     921   14
    41   0.30705   0.41022   6.25786    1082   15
    42   1.76326   1.61829   4.98440    1781   19
    43   3.57661   1.28596   3.04401    1483   15
    44   3.47611   2.77602   3.04316    1843   16
    45   5.02887   1.57318   1.28983     813   12
    46   0.05832   0.40681   0.23901    4363   28
    47   0.24669   0.47484   1.67055    1330   12
    48   1.90401   1.59408   0.43592    2088   14
    49   3.50005   1.20408   1.49737    1320   13
    50   3.58224   2.81321   4.80499    1902   17
    51   0.17294   1.94524   4.62451     718   11
    52   0.39525   0.29101   1.51602    1290   14
    53   0.30693   1.98645   1.70323     377   12
    54   0.40630   1.97136   3.26298    2824   18
    55   3.57979   1.27242   4.68454     449    7
    56   0.35537   2.03419   0.02097     623   13
    57   3.72359   2.68123   1.71417    1358   15
    58   3.41717   1.15558   4.66604     553   11
    59   3.43140   2.71848   4.59576    2095   18
    60   1.83654   1.65855   5.10905    4336   22
    61   0.33524   2.06266   4.82342     822   12
    62   1.87793   1.61655   5.22507     986   13
    63   1.97024   1.48905   2.03082    1231   16
    64   0.30584   2.05600   3.16761     900   18
    65   0.68959   0.34885   2.86052    1106   14
    66   1.89950   1.58321   3.55344    2105   18
    67   3.07200   2.77711   1.22019    3006   20
    68   3.52809   2.70423   1.71803    5428   23
    69   0.37061   1.88318   1.53684    2235   20
    70   3.25987   2.66069   2.89768     604   11
    71   0.59040   0.33365   2.82438    4444   19
    72   1.80403   1.57315   1.94645     720    8
    73   3.51944   1.29559   6.23784    2130   15
    74   3.43238   1.16678   3.19193    1119   11
    75   6.25950   0.36105   1.83606    4878   24
    76   4.94320   1.69381   4.25867    2071   17
    77   0.43897   1.88390   0.02049     357   11
    78   3.42566   1.19131   4.62895    1464   14
    79   1.91866   1.58426   3.49745    2716   19
    80   3.57868   2.77037   1.64649     693   10
    81   3.39133   1.21587   3.18855    1903   19
    82   0.01246   0.41074   0.27334     455   11
    83   5.05009   1.50576   2.64311    2069   17
    84   3.64362   2.78267   0.11492    1445   15
    85   4.94673   1.58086   5.76381     401    6
    86   1.93504   1.60522   0.40510    3254   19
    87   3.37282   2.72796   1.38758     861   12
    88   3.47697   1.10994   4.67195     576    7
    89   1.93911   1.53141   1.89800     652   12
    90   0.19380   1.96859   4.67894    1935   14
    91   0.28604   0.29514   4.80525     625   10
    92   0.58231   0.29126   5.97181     780   14
    93   3.43705   2.68157   3.01864     826   10
    94   1.83017   1.61180   5.22454     784   11
    95   0.00000   0.00000   0.00000    1019   11
    96   0.34606   2.06005   0.00432     448   10
    97   1.74175   1.45287   0.37046    2354   18
    98   1.99429   1.57006   3.61689     789   11
    99   0.25412   0.43500   3.25921    1067    9
   100   3.43486   1.11344   6.26842    1335   15
   101   3.09554   2.70358   4.36352     681   11
   102   0.26228   0.36555   6.19721     420    9
   103   3.42566   1.19131   4.62895    1497   15
   104   3.44346   1.11413   6.24607     961   10
   105   1.96317   1.47434   0.48865     553   11
   106   4.98840   1.49042   4.27399    1978   20
   107   3.72359   2.68123   1.71417     325    7
   108   3.46184   1.21173   4.65944    4484   20
   109   0.34490   0.37871   3.02397     885   10
   110   0.39280   2.00401   1.58226    4209   24
   111   1.95483   1.45244   1.91285    1754   14
   112   4.98604   1.55081   2.73799     927   13
   113   0.31457   0.47498   3.03191    1195   10
   114   3.25125   2.74274   3.02351    1854   18
   115   4.97650   1.59385   5.96589    2370   14
   116   3.31404   2.65189   1.36072    2452   15
   117   0.19380   1.96859   4.67894     653   12
   118   3.44095   1.22044   1.56347    1750   18
   119   0.43807   1.89650   0.03284    1333   17
   120   3.47419   1.30161   6.25077     499    8
   121   0.25838   0.49497   4.70199     871   13
   122   3.63640   2.73173   4.81700     852   11
   123   0.31457   0.47498   3.03191     443    8
   124   0.13949   0.27083   3.20428     373   10
   125   1.95422   1.59470   5.02141    2814   21
   126   0.23025   2.01536   1.47329    1163   15
   127   6.25112   0.37933   1.82522    1213   15
   128   3.49549   1.30087   1.52947    5821   29
   129   4.99174   1.68714   4.30838     959   14
   130   3.37269   2.81677   3.06726    2667   20
   131   3.37902   1.14065   3.26066     627   11
   132   4.90373   1.58861   5.78605     609   11
   133   6.25112   0.37933   1.82522     466   10
   134   3.34301   1.30095   0.07293     395   11
   135   3.58328   1.16623   6.27694     775   15
   136   4.97865   1.60942   2.87422    1046   11
   137   4.99174   1.68714   4.30838     451   11
   138   5.13968   1.61091   2.78162     962   14
   139   3.51462   2.61007   0.15081     402    7
   140   0.02264   0.39148   4.92320    1303   13
   141   6.24374   0.33358   0.37391    2641   20
   142   1.82384   1.55987   3.56788    3037   21
   143   0.25495   1.92805   0.03968     900   14
   144   4.99174   1.68714   4.30838    2298   20
   145   3.40770   2.74141   1.50800    1624   16
   146   0.19380   1.96859   4.67894     652   10
   147   1.77659   1.46107   1.94289     448    9
   148   0.42215   2.01367   3.21746    2688   19
   149   6.27689   0.38411   0.20000    3363   21
   150   0.22241   0.34357   0.20700    1582   16
   151   1.89830   1.66058   0.46475    3517   23
   152   5.05620   1.66150   2.72152    3195   22
   153   3.45786   2.76033   1.52917     416    8
   154   1.89522   1.55612   0.42574    4248   23
   155   0.29550   2.09155   3.13398     302    9
   156   0.21279   1.94407   1.53560    2117   15
   157   3.57707   1.18171   4.70735     564   12
   158   3.32559   1.10457   3.12184    3854   21
   159   0.06117   0.46088   1.85317     693    9
   160   0.20981   2.04906   1.45865     467    7
   161   3.72359   2.68123   1.71417     280    7
   162   4.95977   1.55082   5.81791    1711   15
   163   0.31457   0.47498   3.03191     426   10
   164   0.68959   0.34885   2.86052     419    8
   165   3.38204   2.79838   4.75662     845   13
   166   4.96654   1.62153   1.22045    1444   13
   167   1.92653   1.65123   2.09300     939   13
   168   0.01755   0.42299   3.46674     391    8
   169   3.19711   2.63374   1.32357    2875   14
   170   1.98694   1.62959   3.59616    1223   13
   171   1.96347   1.44422   5.08058    2987   17