     1   0.00000   0.00000   0.00000       0    0
     2   0.31660   1.99996   4.41365     939   15
     3   2.05083   1.83365   2.08919    1352   12
     4   0.47637   2.07864   1.41857    1360   16
     5   3.70557   1.03740   0.13855    1045   12
     6   1.21411   0.49063   3.96895    1572   15
     7   2.18812   1.64552   5.21573    1013   12
     8   2.14998   1.62134   2.07437    1218   15
     9   0.43747   1.91741   4.41551    1471   14
    10   3.83235   2.74066   3.44336    1131   14
    11   0.36211   2.03480   2.81905     622   10
    12   4.00739   2.67271   0.29107    1321   15
    13   2.05037   1.68995   3.61085    1192   14
    14   4.03427   2.55285   3.42324    1377   14
    15   0.79888   0.47520   1.15978    1448   19
    16   1.26541   0.46981   5.58420    1091   14
    17   5.29405   1.24858   2.72972    1111   13
    18   4.11924   2.66696   3.57224    1445   16
    19   0.44560   1.92712   6.15235    1107   14
    20   3.57864   1.27453   4.83720     911   12
    21   5.33916   1.39165   2.74136    1526   15
    22   2.08125   1.74846   5.22248    1923   18
    23   2.17493   1.76650   3.52914    1137   13
    24   5.22653   1.35880   4.33888     961   12
    25   0.48985   1.92294   6.07995    1500   14
    26   0.78759   0.47213   6.06907    1388   15
    27   3.49220   1.00814   0.34197    1348   17
    28   4.06200   2.72349   2.05072    1690   19
    29   5.31192   1.29797   1.01484    2082   16
    30   2.07385   1.80679   5.18821    1544   16
    31   2.13448   1.84284   0.48574     604   11
    32   5.26686   1.42106   5.80460    1282   15
    33   4.21019   2.68383   0.47048     936   11
    34   5.19738   1.45423   2.77914    1631   17
    35   3.96334   2.54644   1.83908    1060   12
    36   2.03398   1.85850   5.09024    1796   16
    37   2.00658   1.78675   5.08859     921   14
    38   1.03946   0.41990   1.06076    1449   13
    39   2.17480   1.85056   5.25041    1920   16
    40   3.53542   1.03549   4.94671    1456   16
    41   0.86062   0.55805   4.34400    1430   14
    42   0.40226   2.02641   6.06445    2027   20
    43   2.01778   1.71625   2.12471    1583   15
    44   4.01789   2.76045   3.45236    1302   17
    45   2.05906   1.79340   3.47696    1000   13
    46   4.08976   2.63228   2.03570    1075   14
    47   4.00173   2.65980   3.55242    1017   12
    48   3.57154   1.08870   3.22572     852   10
    49   0.39560   2.08887   1.25336    1425   16
    50   2.11392   1.74331   2.09029     723   13
    51   0.98898   0.50069   2.75944     978   11
    52   0.27495   2.04296   4.36559    2081   17
    53   0.33688   2.02900   5.92603    1127   13
    54   3.61343   1.14725   3.45857    1413   17
    55   0.47029   2.01731   6.02740     998   13
    56   2.13448   1.84284   0.48574    1438   16
    57   0.98084   0.43023   4.29077    1196   14
    58   2.05259   1.81112   0.33177    1467   16
    59   3.97199   2.54984   0.42107    1426   14
    60   0.75596   0.42748   2.90201    1502   14
    61   0.39935   1.93203   1.20475     625    8
    62   0.95388   0.56231   5.82609    1025   14
    63   5.35325   1.36854   4.24371    1563   17
    64   0.54472   1.92037   1.37200    1294   15
    65   0.45150   2.08705   6.08888    1117   15
    66   3.55633   1.16239   3.39462    1958   19
    67   3.45565   1.05411   3.45547    1393   15
    68   5.24445   1.46857   1.18571     961   11
    69   0.54978   1.99139   4.39875    2042   19
    70   2.11134   1.77314   3.54724     540    7
    71   2.08885   1.70231   0.35870    1383   17
    72   3.46440   1.11793   4.92812    2149   17
    73   2.10633   1.77666   3.64292    1256   17
    74   0.54472   1.92037   1.37200    1366   16
    75   5.30369   1.41333   2.64884    1191   15
    76   3.52425   1.15922   3.24162    1176   13
    77   3.52434   1.06473   0.18327    1535   19
    78   3.62943   1.18036   1.74394    1003   13
    79   0.36479   1.88653   1.30372    1453   16
    80   3.58113   1.21425   4.97484     931   12
    81   4.12771   2.59119   0.58767    1094   14
    82   2.13604   1.70384   0.50334    1422   16
    83   2.19472   1.65808   0.43111    1220   14
    84   3.58071   1.21087   1.79769    1123   16
    85   3.95791   2.79701   3.50309    1725   14
    86   3.51274   1.24610   1.77558    1311   12
    87   0.79888   0.47520   1.15978    1252   13
    88   0.95078   0.54940   1.01854     886   14
    89   0.96900   0.61406   1.01886     801   11
    90   5.18681   1.39982   5.79439    1452   18
    91   3.86234   2.65805   0.16789    1105   12
    92   0.48112   2.07537   6.22249    2456   23
    93   0.45384   1.95134   2.88577    1449   16
    94   0.79888   0.47520   1.15978    1440   14
    95   4.39293   2.64284   3.88493    1203   12
    96   5.33742   1.35158   4.21883    1452   13
    97   0.50953   1.95821   2.95078    1503   14
    98   5.25569   1.34656   2.79397    1922   13
    99   0.52132   2.03209   6.14825    1081   15
   100   5.13705   1.24564   2.74689     941   13
   101   0.58214   2.01018   6.22482    1777   17
   102   0.49631   2.10328   2.93919    1066   14
   103   4.06088   2.65186   5.10043    1504   18
   104   4.12845   2.64966   2.11889     906   13
   105   5.10108   1.41827   2.84415     847   10
   106   4.09925   2.51959   2.03085     902   14
   107   0.39333   2.05934   6.06152    1368   14
   108   0.70586   0.47287   2.88585    1637   13
   109   3.98086   2.61351   5.13358    2065   21
   110   0.79888   0.47520   1.15978    1099   13
   111   0.32922   1.97762   4.49685    1480   16
   112   2.03894   1.75302   5.15296    2127   20
   113   0.89248   0.52198   1.03655    1135   15
   114   2.13448   1.84284   0.48574    1335   15
   115   5.29758   1.25108   2.72521    1600   19
   116   0.53989   2.02372   6.00093    1310   14
   117   0.78089   0.47480   2.76686    1005   12
   118   3.61753   1.16671   3.37651    1282   14
   119   2.12097   1.78915   0.37986     979   12
   120   5.25772   1.35589   5.80420    2024   17
   121   5.15631   1.35179   5.88221     892   12
   122   2.05579   1.66003   3.66129     884   12
   123   2.19246   1.61144   2.01889    1937   15
   124   4.12845   2.64966   2.11889    1134   16
   125   3.56410   1.22424   3.28390    1324   16
   126   4.07666   2.60208   0.56392    1279   15
   127   2.21775   1.69966   0.49744    1512   16
   128   0.41654   2.09707   4.40533    1060   17
   129   4.21717   2.58454   5.30286    1561   16
   130   2.03814   1.70101   0.48340     977   11
   131   0.59585   2.02828   1.49818    2033   14
   132   0.68880   0.50404   6.17567     797   10
   133   3.59165   1.12391   1.88289    1340   14
   134   3.70557   1.03740   0.13855    1041   16
   135   3.97088   2.66264   3.47462    1860   16
   136   3.88476   2.70320   3.49276    1288   14
   137   4.12845   2.64966   2.11889     862   13
   138   5.22066   1.39641   4.15940     703   10
   139   4.11138   2.58135   5.31882     811   13
   140   0.75595   0.58160   1.31396    1451   17
   141   2.16679   1.63249   3.56922    1037   13
   142   1.02891   0.56213   2.49549    2216   19
   143   0.53837   2.14300   4.56607    1172   13
   144   5.20499   1.29939   1.16046    1479   16
   145   4.14502   2.70402   3.78243    1658   17
   146   3.56774   1.06368   0.30230    1807   17
   147   5.31043   1.27658   5.77831    1532   20
   148   5.22624   1.34739   2.60783    1915   20
   149   4.05273   2.66665   5.19319    1926   18
   150   0.41396   1.92155   6.03865    1031   13
   151   2.07894   1.79569   0.34428     911   11
   152   5.38757   1.31218   2.64954    1117   13
   153   4.08174   2.50748   5.09012    1356   13
   154   3.40540   0.99611   1.91321     804   11
   155   3.70557   1.03740   0.13855     997   12
   156   0.73077   0.49805   4.53333    1293   17
   157   0.66094   0.44357   2.89185     873   16
   158   0.40708   2.13229   5.95880    1288   15
   159   3.46513   1.10044   0.33294     887   12
   160   0.39844   1.95624   5.93556    1461   16
   161   0.57285   2.01038   4.58316    1206   16
   162   5.35809   1.38542   5.72876    2021   19
   163   0.74912   0.48111   4.54433    1147   15
   164   3.44259   1.10862   3.38095     873   12
   165   2.15480   1.67360   1.96134    1878   19
   166   3.54790   1.05854   0.30657    1454   14
   167   3.67778   1.10517   0.16249    1339   14
   168   5.20180   1.48107   1.06474    1867   19
   169   3.72488   1.17985   0.07657     937   13
   170   0.90191   0.53133   2.76370    1008   13
   171   1.05548   0.45050   4.01693    1555   14
   172   0.90191   0.53133   2.76370    1147   15
   173   5.15422   1.43585   4.26232    1129   14
   174   3.61415   1.21609   3.30826    2099   16
   175   0.91416   0.52361   4.18545    1293   17
   176   0.64880   0.48169   6.15999    1690   17
   177   3.46440   1.11793   4.92812    1445   14
   178   2.11404   1.79670   0.48113     907   12
   179   2.13905   1.75556   3.54746    1481   18
   180   3.71350   1.11831   3.30774    1867   19
   181   0.92350   0.61964   5.89931    1339   13
   182   5.31065   1.29113   5.88745     860   12
   183   5.25615   1.42904   4.20673    1679   18
   184   5.25429   1.26935   5.73716    1787   15
   185   3.45173   1.24302   4.97665    1503   20
   186   5.18097   1.28779   5.80486    1888   16
   187   2.15480   1.67360   1.96134    1108   14
   188   0.43525   2.06667   2.86885    1592   17
   189   3.65977   0.99940   0.24499     949   13
   190   5.18634   1.26066   5.79646    1803   16
   191   3.97199   2.54984   0.42107     588   12
   192   0.84049   0.54215   4.26201     573    9
   193   2.12996   1.72211   0.32563     895   13
   194   3.61471   1.13716   5.04797     707    8
   195   4.14049   2.56983   3.78216     879   11
   196   2.16459   1.81243   3.65202    1580   16
   197   3.70388   1.09287   4.92484    1367   16
   198   3.52672   1.16185   0.23451    1751   19
   199   3.59012   1.04873   1.73599    2260   19