     1   0.00000   0.00000   0.00000       0    0
     2   4.21936   2.48007   1.37272     881   13
     3   1.37470   2.24252   4.95638     381    9
     4   4.09406   2.35178   6.09517     783   10
     5   1.16036   2.30856   3.30440    1212   14
     6   5.81610   1.64211   4.13815     862   12
     7   1.15797   2.19165   4.80657     531   12
     8   5.92682   1.64828   3.90788     342   10
     9   3.93370   2.51172   2.74761     588   12
    10   2.62485   1.51236   2.22986     723   14
    11   1.21538   2.22405   3.40652     572   16
    12   2.57479   1.38664   3.88079     844   12
    13   1.24334   2.21568   4.94941     905   11
    14   4.27198   0.88001   1.30062    1020   13
    15   1.26422   2.19538   3.35812     838   14
    16   1.23955   2.32707   1.82726     459   11
    17   4.32950   0.87784   3.01173     685   10
    18   1.04561   2.35832   6.27212    1198   14
    19   5.83881   1.77521   2.36396    1081   12
    20   1.27780   2.36635   1.90377    1957   19
    21   3.94486   2.34554   4.34252    1187   14
    22   1.04135   0.72592   3.22971     572   12
    23   4.22054   2.39258   6.13384     922   12
    24   1.16373   2.14173   3.22196     730   13
    25   2.68249   1.48037   5.42619     662   12
    26   1.09008   0.72889   4.76468    2275   21
    27   2.65167   1.52384   5.32888     638   12
    28   1.23955   2.32707   1.82726    1748   18
    29   1.17119   0.75027   0.07974    1779   17
    30   2.58818   1.48775   2.17844    1812   16
    31   0.85172   0.67391   1.79543    1938   16
    32   2.73821   1.27072   3.86191    1847   18
    33   1.16133   2.25750   4.87718     329   10
    34   2.65889   1.34320   5.39962    1386   17
    35   0.97383   0.66386   1.76963    1754   19
    36   1.34852   2.14581   5.08209     747   12
    37   5.82471   1.74994   0.83593     603   13
    38   5.93390   1.75982   0.97238    1068   16
    39   2.67375   1.39514   3.73467    2168   19
    40   1.17381   2.31216   0.21237     794   11
    41   1.23955   2.32707   1.82726     674   13
    42   2.54267   1.45203   5.49441     695   13
    43   2.74278   1.38285   3.83616     385    9
    44   0.91939   0.60879   4.96818     710   13
    45   5.84859   1.73202   4.01582     647   13
    46   5.75121   1.71711   3.89074     954   13
    47   4.23768   2.42438   4.52862     467    9
    48   4.15721   2.49726   4.63250    1015   13
    49   4.38654   0.83856   4.45936    2540   19
    50   5.81318   1.62239   5.55481     777   10
    51   5.82290   1.77361   5.60195    1227   16
    52   4.31837   0.96043   3.03411    1100   16
    53   2.62485   1.51236   2.22986    1363   17
    54   1.30921   2.13117   1.75137    1579   15
    55   2.73889   1.44595   2.23570    2267   20
    56   2.71257   1.34714   5.35911    2384   20
    57   1.27950   2.20633   4.80350     457   10
    58   4.23801   2.50508   3.02706    1040   12
    59   5.92682   1.64828   3.90788     767   13
    60   1.17543   2.40894   3.34323     514   11
    61   0.86218   0.77271   5.13157     662   15
    62   4.25511   0.95475   4.67342     671   11
    63   5.92682   1.64828   3.90788    1583   17
    64   1.21646   2.36686   3.37830    1130   15
    65   5.87702   1.74813   4.00735     744   14
    66   1.10316   2.23251   3.18008     571   10
    67   5.88799   1.72101   5.56023    1096   12
    68   3.94486   2.34554   4.34252     595   11
    69   4.00147   2.52527   4.51768     991   14
    70   5.81573   1.69971   2.44094     495   10
    71   1.02742   0.78441   1.81943     833   15
    72   4.23388   0.90816   4.61631     410    9
    73   5.73809   1.54553   2.33897     660   12
    74   1.35308   2.21369   1.81083    1139   15
    75   0.77172   0.75875   3.55231    1192   11
    76   0.81633   0.74631   3.61456     466   11
    77   0.81927   0.61149   0.27515    1417   16
    78   3.97084   2.41949   1.27067    1189   17
    79   1.19057   2.26995   4.81390     880   16
    80   1.35208   2.13517   0.21427    1096   12
    81   1.19983   2.25133   0.27125     720   13
    82   2.74506   1.40770   5.45673     735   12
    83   4.49739   1.01125   6.01690    1000   13
    84   1.29474   2.22338   3.39489     712   10
    85   5.73405   1.70133   5.48285     796   15
    86   4.23801   2.50508   3.02706     967   14
    87   5.92682   1.64828   3.90788     584   10
    88   2.66795   1.52410   5.26590     557   12
    89   4.24917   0.82858   6.08804    2128   18
    90   4.47898   0.84854   2.95749    1370   16
    91   5.83157   1.70397   3.90331    2035   18
    92   4.23388   0.90816   4.61631     475   13
    93   0.79649   0.77741   3.53066    1610   18
    94   4.33586   0.86171   1.32731     475   10
    95   5.90901   1.64263   3.96896     688   14
    96   1.02354   0.65657   1.71316    1179   16
    97   5.81116   1.84708   0.83727     989   15
    98   5.84350   1.74316   2.45683    1707   18
    99   1.29706   2.22910   4.85498     494   10
   100   3.96914   2.43555   5.82420    1099   14
   101   5.79826   1.76263   5.66180     605   12
   102   0.87073   0.71223   1.73996    1468   15
   103   3.87607   2.36289   2.83201    1005   16
   104   3.93679   2.39470   1.24798    1121   17
   105   1.15712   2.31508   3.27581    1399   15
   106   1.28758   2.31053   0.24594    2197   21
   107   4.18642   2.44822   3.08071     815   14
   108   4.47362   0.77238   2.94684     355   11
   109   5.92682   1.64828   3.90788     863   12
   110   5.91754   1.62757   0.89104     488   12
   111   5.87795   1.71633   5.65780     850   12
   112   3.92102   2.36970   2.87909    2158   18
   113   0.88676   0.66740   1.83149    3084   23
   114   4.49970   0.90230   2.93337     709   11
   115   0.94633   0.73667   1.82090    3352   24
   116   0.80686   0.71149   1.92541     886   15
   117   4.37908   0.83526   4.64141    1451   15
   118   1.15797   2.19165   4.80657     315    8
   119   2.65889   1.34320   5.39962     536   11
   120   2.62930   1.33372   3.74522    1431   17
   121   5.84201   1.71012   5.55804    1303   17
   122   4.02742   2.46166   2.78836     835   13
   123   5.69856   1.80211   0.88342    1105   14
   124   0.88966   0.79395   3.42953     891   14
   125   1.09269   2.25771   0.01573    2356   17
   126   4.24816   0.85127   3.04079     609   10
   127   4.48768   0.96524   4.41696     702   12
   128   5.84465   1.72868   3.95581     474    9
   129   0.77297   0.78563   1.85359     595   11
   130   1.21678   2.36080   4.93490    1267   18
   131   0.94017   0.75598   1.72976    1242   14
   132   0.80686   0.71149   1.92541     840   15
   133   5.82550   1.67772   2.33748    1102   16
   134   4.29716   0.85705   4.64611     749   13
   135   4.34447   0.79992   1.35007     656   11
   136   4.11122   2.42302   5.96172     404    9
   137   0.80126   0.69018   1.93918     737   11
   138   5.79576   1.72371   0.81048    1714   17
   139   4.43963   0.79075   4.56910     510   11
   140   4.21645   2.42757   6.18620     545   10
   141   2.65671   1.42197   5.40846    2319   21
   142   5.77605   1.79760   2.40075     718   13
   143   4.45274   0.86110   4.44399    2978   22
   144   4.36193   0.96307   6.08827     529   12
   145   1.12099   0.78758   3.18778     874   12
   146   3.92774   2.36176   5.94410     852   12
   147   1.02126   0.81473   0.18053    1196   15
   148   5.90647   1.82740   5.65894    1872   18
   149   4.13336   2.46701   4.42954     663   12
   150   1.22140   2.22511   4.90906    1212   17
   151   5.76281   1.64039   4.07488    1236   16
   152   3.99310   2.35465   5.87194    1243   15
   153   2.64142   1.48853   0.73741    1227   15
   154   5.86889   1.80001   0.94988     719   11
   155   0.88979   0.77286   5.07395    1534   17
   156   1.27040   2.37520   4.90539    1292   12
   157   0.79649   0.77741   3.53066     382    9
   158   2.66789   1.33331   2.29185    1098   15
   159   1.15386   2.30537   1.76299     743   11
   160   1.26109   2.19190   3.34761    1374   16
   161   4.40108   0.74181   6.02346    2076   15
   162   1.02139   0.82415   1.75803    1123   18
   163   1.28543   2.30131   1.84916     832   14
   164   4.37183   0.88911   4.51811     539    9
   165   1.27484   2.23721   3.34585     229    9
   166   5.78876   1.84198   2.43251    1236   15
   167   2.60878   1.43381   2.27899    1085   13
   168   0.90315   0.73294   1.85957    1490   15
   169   4.31776   0.74247   4.44723    2235   27
   170   1.36138   2.31776   1.83486     614   12
   171   1.10023   2.26968   1.71545    1724   18
   172   4.04378   2.33912   1.44399     313    7
   173   4.48768   0.96524   4.41696     769   11
   174   0.92671   0.62604   1.81320     640   12
   175   4.54958   0.80557   4.42331     979   15
   176   0.77606   0.77118   0.39726    1206   17
   177   5.71859   1.71284   3.86309     738   15
   178   5.77605   1.79760   2.40075     499   13
   179   1.06510   2.16245   1.62791     905   15
   180   1.21597   2.15664   1.79519     518   10
   181   2.65889   1.34320   5.39962     634   11
   182   5.81296   1.80467   3.91956    2089   22
   183   4.41859   0.85255   1.34219     605   10
   184   0.91983   0.84610   3.35557    1145   17
   185   4.48508   0.96501   6.01204     724   13
   186   5.87418   1.74174   5.55496     414   12
   187   1.08153   0.64811   3.21200    2137   20
   188   4.39197   0.94974   1.36232    2023   20
   189   5.68324   1.72814   2.36926    2224   21
   190   5.76125   1.56329   0.83882    1893   18
   191   4.09139   2.33554   6.09688    1271   18
   192   1.00544   0.82748   3.30040    1180   16
   193   4.46649   0.80663   4.43296     404   11
   194   5.92682   1.64828   3.90788    1255   17
   195   4.45494   0.99204   6.01821     752   12
   196   5.81316   1.72238   2.51368    1861   17
   197   4.41298   0.78805   4.50727    1379   17
   198   0.77297   0.78563   1.85359     866   14
   199   1.19496   2.33526   0.10173    1501   20
   200   5.81406   1.68550   5.61409    1768   16
   201   5.83150   1.65118   4.11901    2061   21
   202   4.03016   2.29377   2.83455    1934   18
   203   0.77297   0.78563   1.85359     840   13
   204   4.17929   2.38275   4.53256    1006   14
   205   2.63759   1.57428   3.88552    1555   18
   206   4.23388   0.90816   4.61631    1822   19
   207   1.17543   2.40894   3.34323    1251   16
   208   5.92682   1.64828   3.90788     930   15
   209   4.36766   0.82493   4.49115    2372   23
   210   5.87645   1.86291   4.11735    4305   27
   211   4.38694   0.94372   6.11251    1048   14
   212   1.00404   0.77462   3.38564    1483   17
   213   2.64927   1.52446   2.29897     973   13
   214   0.77253   0.67855   1.98928    1588   16
   215   0.83317   0.73376   0.37652     716   12
   216   5.71218   1.69070   0.82156    1485   17
   217   0.93311   0.80423   3.38992    1703   14
   218   0.82087   0.71709   1.85830    2679   22
   219   0.80686   0.71149   1.92541     603   13
   220   1.17947   2.31364   1.72882     811   13
   221   4.04383   2.45188   6.01651     526   10
   222   4.24992   0.96952   3.00585     663   12
   223   5.83355   1.74252   3.96655    1403   16
   224   1.10023   2.26968   1.71545    1050   15
   225   0.91939   0.60879   4.96818    1438   19
   226   4.57232   0.84285   4.32939     869   12
   227   0.81110   0.77045   3.36171    3841   27
   228   1.17669   2.24936   1.81752     763   11
   229   3.98515   2.46926   1.25750     653   13
   230   2.77705   1.34346   0.69517    1024   15
   231   4.34447   0.79992   1.35007    1216   16
   232   4.01618   2.31054   5.98492     513   10
   233   5.70965   1.67740   4.10093     639   11
   234   1.27316   2.23074   3.36406     569   14
   235   2.65642   1.38084   3.96419    1629   15