     1   0.00000   0.00000   0.00000       0    0
     2   0.29732   0.63640   0.77348     872   11
     3   0.51396   0.71154   2.15578    1359   17
     4   1.20021   2.08011   2.25738    1461   16
     5   3.45075   2.41471   2.35085     613   14
     6   1.21972   2.15222   2.14531    1774   17
     7   5.65413   2.20686   5.66571     923   14
     8   2.59679   1.00595   3.68452     969   14
     9   1.42519   2.05973   3.81654    1533   17
    10   3.37687   2.45946   3.70214     814   11
    11   0.14118   0.77597   5.65511    3294   22
    12   1.33582   1.94982   3.83892    1354   14
    13   0.40902   0.90872   2.42211    1833   18
    14   2.51469   0.94602   0.55785    1301   14
    15   2.69377   1.02891   2.00830    2092   18
    16   1.30485   2.05079   0.58911    2085   19
    17   1.14758   2.03256   3.61783    1387   16
    18   4.52856   1.03014   2.45514    1695   17
    19   5.78350   2.10167   4.12822    1035   14
    20   5.66510   2.13054   0.96247     729   15
    21   4.51407   1.10248   2.39758    1846   15
    22   2.47820   1.09783   0.55263     910   13
    23   2.52413   1.04058   0.62654    1647   19
    24   3.28287   2.40090   3.73337     839   11
    25   5.75566   2.08018   4.11683    1004   13
    26   5.75048   2.02255   2.60396    1012   13
    27   2.53398   0.96461   0.68888    1193   15
    28   1.25781   2.03853   2.26687    1206   11
    29   2.62180   1.10084   5.20898    1600   15
    30   2.46527   1.07796   0.70515    1149   14
    31   4.31934   1.12142   5.78012    1795   18
    32   5.71397   2.12526   4.26624    1675   19
    33   5.84683   2.10912   5.76437     561    9
    34   2.63665   1.09617   2.07167    1123   13
    35   1.45392   2.09914   3.81783     660   11
    36   4.51124   1.01278   4.18336    1377   13
    37   1.26504   2.06965   0.58519    1393   16
    38   3.44803   2.40323   2.38117    1032   14
    39   0.36174   0.77806   2.39618    2112   21
    40   4.32894   1.12312   1.00229     812   13
    41   3.28129   2.42526   2.18425    1184   15
    42   0.21848   0.80614   2.55056    1154   14
    43   3.63673   2.34343   4.02305     848   13
    44   5.60906   2.13975   5.75659    1171   14
    45   5.58623   2.08036   2.59106    1464   19
    46   1.33723   2.13373   5.32534    1854   18
    47   5.63738   2.11217   4.09896    2217   20
    48   3.36168   2.44255   0.59777    1650   18
    49   3.56399   2.34694   5.65789    1515   16
    50   5.81119   2.08435   4.16459    1053   13
    51   0.45592   0.71411   2.32480    2064   18
    52   4.57621   1.02136   3.98296    1200   15
    53   1.34765   1.92954   5.34781     883    9
    54   2.46285   1.09243   3.74910    1325   13
    55   5.75566   2.08018   4.11683    1078   15
    56   5.74163   2.16581   4.15333    1541   15
    57   4.35677   1.13326   2.58007    1431   14
    58   2.66019   1.06457   3.71679    1167   13
    59   2.55464   1.01792   3.77055     930   12
    60   4.34950   1.04260   2.54843    1055   12
    61   4.43496   0.99161   2.59734    1712   17
    62   4.28829   1.16924   5.71582     995   12
    63   4.54470   1.06473   0.88030     933   15
    64   0.28456   0.84190   5.71775    1128   15
    65   5.65476   2.13698   0.86147     841   12
    66   4.32407   0.93736   1.07775     984   15
    67   0.25410   0.78354   3.96614    1871   15
    68   2.54148   1.10123   5.34178    1423   13
    69   2.57564   1.07699   2.03325    1597   17
    70   4.45303   1.13170   1.05779    1061   13
    71   5.66265   2.16913   5.57944     918   11
    72   2.54513   1.01265   3.73655    1663   14
    73   1.26088   1.97584   3.62730    1233   16
    74   5.82824   2.13164   1.09557    1390   16
    75   0.00000   0.00000   0.00000     889   13
    76   5.74184   2.11183   4.20223    1432   16
    77   5.69592   1.97289   0.91496    1277   14
    78   4.46383   1.00996   0.88092    2370   19
    79   3.57571   2.37334   2.39434    1023   12
    80   2.64721   1.10487   0.40258     901   10
    81   2.59377   1.06805   5.25073    1433   15
    82   3.36066   2.33189   2.26718     829   12
    83   4.41541   1.13483   0.91312    2170   16
    84   3.48354   2.41456   5.47817     923   14
    85   1.18174   2.13934   2.06931    1593   17
    86   4.49296   1.12650   5.57030    1826   17
    87   2.55775   1.05054   5.34845    1241   13
    88   3.33472   2.40116   5.35835    1232   15
    89   2.50707   1.00924   2.06789     909   13
    90   0.45197   0.68197   3.97326    1126   13
    91   0.20299   0.68046   2.47630    2270   16
    92   2.63451   0.92942   3.75372    1423   14
    93   5.61536   2.16414   0.85675     969   13
    94   1.13841   1.97869   3.66040    1805   18
    95   2.63171   1.14705   3.61878    1408   16
    96   2.44730   1.02034   0.51058    1300   12
    97   1.42559   2.05526   2.18123    1350   15
    98   3.61417   2.41554   0.81458    1042   15
    99   5.73961   1.99320   1.02842     849   12
   100   2.46135   1.10874   5.35199    1471   18
   101   4.53359   1.18786   5.59059    1194   13
   102   1.25209   2.03205   5.17777    1053   13
   103   4.45877   1.16100   0.89978    1551   16
   104   0.29291   0.61613   2.44075    1834   15
   105   1.36118   2.13856   5.28641    1863   15
   106   0.44415   0.79903   3.80398    2123   18
   107   4.56770   1.08109   0.89153    1464   15
   108   2.41342   1.01925   0.64740     882   12
   109   3.44072   2.47649   3.71230    1130   14
   110   3.40603   2.28840   2.13143     663   10
   111   0.18158   0.72248   5.68554     849   11
   112   0.35466   0.78118   0.91549     909   12
   113   1.21972   2.15222   2.14531    1743   16
   114   1.31213   2.00012   0.48899    2249   17
   115   0.00000   0.00000   0.00000    1107   10
   116   2.62180   1.10084   5.20898    1285   16
   117   3.61541   2.34577   5.53868    1106   15
   118   2.49839   0.98765   5.29966     827   11
   119   1.23390   1.95340   5.28841    1007   12
   120   1.33044   1.97387   5.34823     980   11
   121   5.67928   1.99437   5.65054     990   13
   122   4.28829   1.16924   5.71582    1399   15
   123   5.83478   2.11580   4.13534    1435   12
   124   5.73140   1.96893   0.91985     587   10
   125   5.66424   2.17289   5.68691    1060   15
   126   1.37326   2.09671   5.36296    1764   17
   127   4.44467   0.97620   5.73557    1414   17
   128   5.65637   2.09265   4.05584    1063   12
   129   0.43778   0.75539   0.82357     954   11
   130   1.38421   2.05439   3.66326    1488   13
   131   3.34507   2.39076   3.68248     937   12
   132   0.56205   0.71135   2.22366    2315   18
   133   0.23287   0.70217   2.55046    1816   17
   134   0.14668   0.83223   5.61056    1644   14
   135   1.35965   1.93062   0.72003    1370   14
   136   3.53346   2.36762   3.81118     802   13
   137   5.82353   2.21735   2.69822    1228   13
   138   5.74402   2.13089   5.60436    2222   21
   139   1.33917   1.97395   3.67200     942   15
   140   4.42099   1.05791   5.64253    1634   18
   141   0.40714   0.88577   0.77809     926   10
   142   1.29180   1.96243   2.13439    2080   17
   143   4.29232   1.14821   5.77808    1581   15
   144   3.53072   2.44431   5.64635     776   12
   145   3.40307   2.35791   3.72900    1687   16
   146   2.64721   1.10487   0.40258     822   15
   147   1.27987   2.03840   2.20959     903   13
   148   5.76238   2.11001   0.87709    1369   15
   149   2.57195   1.06097   5.19214    1555   16
   150   3.44258   2.48943   3.73033    1291   17
   151   4.28829   1.16924   5.71582    1514   15
   152   0.28210   0.78463   5.54618    1349   14
   153   3.28129   2.42526   2.18425    1444   16
   154   1.19237   2.08890   0.49210     864   15
   155   1.33281   2.11297   0.63565    1466   15
   156   3.72235   2.39626   5.59049    1304   14
   157   3.63673   2.34343   4.02305    1319   16
   158   4.53951   0.99756   5.54580    1930   18
   159   1.30587   2.04106   3.81696    1522   16
   160   0.33107   0.78250   2.34911    1679   18
   161   0.16009   0.79290   2.52740    1057   12
   162   0.40343   0.76520   5.56946    1036   14
   163   3.52112   2.44952   0.69261    1406   14
   164   0.35989   0.75508   3.98623    1519   15
   165   1.21972   2.15222   2.14531    1276   14
   166   5.69631   1.95868   2.47637    1078   12
   167   3.50082   2.51015   0.83740    1048   12
   168   4.50208   1.02425   1.01361    1054   13
   169   0.15965   0.83248   4.14188    1471   15
   170   4.43294   1.10684   2.45934    1405   16
   171   2.64163   1.09017   5.33312    1754   18
   172   4.53518   1.19299   5.78360    1634   17
   173   5.79029   2.24268   1.07190    2259   17
   174   0.54732   0.78243   3.83198    1228   15
   175   4.45285   1.14035   2.66209    1445   15
   176   5.66539   1.99421   1.04601    1196   13
   177   2.57455   0.98910   2.16479    1256   13
   178   1.25234   1.94297   3.74640    1606   19
   179   2.61441   1.07509   0.50112    1068   14
   180   1.36800   2.08030   3.74336    1308   15
   181   2.66981   1.11795   5.36389     989   15
   182   5.70964   2.03537   2.52520    1059   11
   183   5.82823   2.10700   1.05369    1351   16
   184   2.56311   1.03880   0.66958    1300   13
   185   2.61441   1.07509   0.50112    1079   14
   186   1.33859   1.99599   3.65581     865   10
   187   0.30318   0.69669   5.47862    1980   19
   188   0.12251   0.73919   5.61029    1003   14
   189   5.78536   2.03587   5.75759     902   12
   190   5.73961   1.99320   1.02842    1082   12
   191   1.15370   2.05178   0.46999    1352   15
   192   3.65282   2.32232   2.43728    1284   13
   193   0.34552   0.75218   5.46598    1557   17
   194   4.50676   1.23340   2.58244     937   13
   195   3.59012   2.42952   2.40634    1130   15
   196   2.51935   1.10226   3.73035    1483   14
   197   3.40360   2.50386   0.65693    1336   15
   198   5.65513   2.02566   1.09506    2424   19