     1   0.00000   0.00000   0.00000       0    0
     2   5.23314   2.09992   0.89325     412   10
     3   5.08128   2.03070   5.44945    3561   22
     4   0.77917   2.26202   1.94751     737   13
     5   3.92997   0.81055   5.86986    3850   23
     6   3.15255   2.36330   0.89056     343    8
     7   2.16998   1.19119   5.42782    2477   20
     8   5.23485   1.84181   4.01721    3546   22
     9   0.87517   2.14107   2.14011    1366   14
    10   3.20101   2.34370   4.00204    1491   12
    11   2.00577   1.06106   3.84667     510   10
    12   3.93834   0.96183   4.24867     944   14
    13   2.01134   1.17405   2.30526     406    9
    14   0.76213   2.18604   0.46700     472   10
    15   0.78655   2.31850   5.24966     765   14
    16   3.98726   0.87643   4.15169     583    8
    17   0.23963   0.73586   2.07964     746   11
    18   2.01134   1.17405   2.30526     984   13
    19   3.09044   2.33993   4.10822     907   12
    20   0.09122   0.76354   2.11551     339    7
    21   0.80392   2.32501   3.55544    4027   21
    22   3.82496   0.88813   5.88182     842   16
    23   0.11997   0.80668   0.45456    2009   16
    24   0.92513   2.26715   2.20455     658   11
    25   3.19510   2.31188   2.63852     796   12
    26   3.84530   0.83027   4.29060    1647   17
    27   2.00577   1.06106   3.84667    2800   18
    28   0.00588   0.74591   5.41710    1636   18
    29   3.96100   0.79292   5.79477     727   10
    30   0.02745   0.77591   2.25087    1976   15
    31   2.00577   1.06106   3.84667     984    9
    32   1.99735   1.16000   3.97235    2968   19
    33   2.10532   1.08902   0.71695     795   10
    34   0.77591   2.24158   1.94647    1950   15
    35   0.84627   2.30969   1.98149    2843   18
    36   6.26576   0.76299   5.30745    4705   22
    37   6.19480   0.80817   5.39556    2056   17
    38   5.05583   1.90553   3.90340     427    8
    39   5.23485   1.84181   4.01721     684    9
    40   0.79377   2.17815   0.55663     509    9
    41   0.07061   0.76509   5.40559    3250   20
    42   1.98713   1.24526   3.88999    3796   23
    43   0.16596   0.75990   3.67395    1830   16
    44   5.24445   1.87660   5.53271    1166   12
    45   4.05357   0.96331   2.55521    2178   16
    46   2.01134   1.17405   2.30526     978   14
    47   3.32655   2.28377   2.67721    3063   16
    48   0.93770   2.30840   2.10111     685    9
    49   3.87228   0.86221   1.07638    4244   24
    50   3.16901   2.38713   5.62463     554   11
    51   0.10351   0.74623   5.26879    1019   14
    52   3.30855   2.33650   4.08994    1076   15
    53   0.18937   0.78805   3.70594     447    9
    54   5.15395   2.03088   3.90691     853   13
    55   0.71518   2.23271   5.20753    4770   26
    56   5.22595   2.10018   2.46053    1957   12
    57   3.18899   2.27152   4.21395    2589   17
    58   3.24308   2.31127   5.78627     975   12
    59   0.10911   0.86446   5.18905    1648   14
    60   3.97077   0.91395   5.74661    5490   28
    61   0.14905   0.76562   5.23124     691   10
    62   3.93117   0.85894   1.09178     463   10
    63   0.15282   0.89888   2.11869    1300   16
    64   2.03288   1.20324   0.73551     771    9
    65   3.99322   0.87113   2.66106     811   11
    66   5.33897   1.99833   5.59249     672   12
    67   0.14611   0.85506   0.51870    2743   17
    68   5.17920   1.89291   5.44668    1614   16
    69   0.79247   2.21298   0.59539     802   12
    70   3.20922   2.27298   2.54997     565   10
    71   3.32655   2.28377   2.67721    1328   16
    72   3.11774   2.31679   5.69054     325    8
    73   0.06242   0.79791   5.40794     476    8
    74   2.09265   1.14169   3.90943     748   14
    75   5.27407   1.99060   0.93525    2096   14
    76   6.26384   0.82564   3.70948    4319   24
    77   5.05583   1.90553   3.90340     347    9
    78   0.08694   0.77562   0.54854     207    7
    79   4.04062   0.96030   0.94213     905   11
    80   3.20922   2.27298   2.54997    1977   15
    81   3.16586   2.36125   4.13778    1935   15
    82   6.25898   0.75720   5.46505     711   11
    83   3.29478   2.30227   1.10949    1822   19
    84   0.09962   0.90282   2.19393     643   12
    85   2.06259   1.03302   0.68392     804   11
    86   3.35737   2.38217   4.22464    2074   17
    87   0.04387   0.76504   3.82808     742   10
    88   3.22010   2.27985   4.17606     396   10
    89   2.15990   1.09223   0.77822     793   12
    90   3.93862   0.89433   2.54081    1539   15
    91   5.09833   1.99871   5.52966    1593   14
    92   0.08690   0.80554   5.20303    1991   17
    93   3.97792   0.82325   2.66784     423    8
    94   4.00945   0.83490   2.64338    1419   17
    95   2.26264   1.17516   5.31159     391   10
    96   3.95076   0.88403   4.36533     458   10
    97   0.77386   2.26451   0.41464    4429   23
    98   0.11997   0.80668   0.45456    4821   26
    99   0.18407   0.75736   5.26267     701   10
   100   5.05583   1.90553   3.90340     509   11
   101   0.07544   0.88714   2.13657    2309   17
   102   3.99564   0.79498   1.16550     412   10
   103   3.96317   0.82760   2.64104     685   10
   104   1.94744   1.21646   0.84230     365   10
   105   2.03970   1.07355   3.91793     752   11
   106   0.02121   0.87953   5.35349     414    9
   107   2.23705   1.11355   3.89889     213    8
   108   3.94059   0.92599   1.11750     263    7
   109   0.07673   0.91185   2.16271    1422   16
   110   1.01307   2.24603   5.30693     593   12
   111   5.18376   1.87149   3.95403    4541   23
   112   0.78730   2.18656   2.08414    2265   16
   113   5.33166   2.04989   2.42075    5120   26
   114   0.87180   2.28151   3.76320     645    8
   115   5.25115   2.01925   4.04910     608   13
   116   3.94117   0.98204   2.64880    1956   14
   117   0.02992   0.78595   0.67246    2165   14
   118   0.06814   0.73079   0.70892    1221   13
   119   3.33090   2.36946   4.31486    3038   20
   120   3.87025   0.89954   4.30668    1128   14
   121   3.92357   0.85123   2.67814     662   12
   122   5.24445   1.87660   5.53271    2019   17
   123   0.70249   2.25309   3.57323    2440   19
   124   3.92997   0.81055   5.86986    1271   15
   125   6.19850   0.78475   5.40449    2448   18
   126   5.14162   1.88035   0.78844     627   11
   127   5.29243   1.96743   2.48606    1139   14
   128   0.05506   0.91586   0.63575     872   16
   129   3.16100   2.31732   0.97732     507   11
   130   3.33368   2.32240   5.87388    2099   15
   131   3.20922   2.27298   2.54997     674   10
   132   5.17792   1.92987   2.39468    3389   20
   133   0.11997   0.80668   0.45456    1427   13
   134   1.94744   1.21646   0.84230    1347   17
   135   3.92997   0.81055   5.86986     366    7
   136   5.39468   1.98395   4.08452     452   11
   137   2.01134   1.17405   2.30526    1527   12
   138   3.99562   0.90404   1.13662    2971   23
   139   3.31602   2.36069   5.80873     657   10
   140   3.33426   2.32237   2.68650     478   10
   141   0.77443   2.29739   0.41400    1309   16
   142   2.04969   1.26306   2.26106    3628   22
   143   5.25953   2.07642   3.93916    1951   14
   144   3.24447   2.37097   0.94969     566   14
   145   4.07889   0.93312   2.55206    3102   18
   146   3.15255   2.36330   0.89056    1177   13
   147   4.04557   0.95856   5.74120    1285   13
   148   0.23676   0.75391   3.51056    1132   12
   149   3.07890   2.27343   2.44527    1040   13
   150   5.23485   1.84181   4.01721    1062   14
   151   5.13236   2.01606   5.44512     649   11
   152   3.92997   0.81055   5.86986     405    9
   153   2.01368   1.16075   3.86609     639    9
   154   5.24620   1.93620   2.40948    1493   13
   155   1.99810   1.26680   0.69774    1284   15
   156   4.00939   0.97436   5.87329    1015   10
   157   3.24308   2.31127   5.78627     420    9
   158   4.01595   0.90132   2.61274     709   11
   159   3.24107   2.35792   4.25232    1250   13
   160   2.00577   1.06106   3.84667     496    9
   161   2.14723   1.17692   5.49027    1945   17
   162   0.23676   0.75391   3.51056    1171   14
   163   5.16315   1.87797   2.43496    3869   23
   164   6.23350   0.87133   3.78112     828   11
   165   1.01307   2.24603   5.30693     412   11
   166   3.87228   0.86221   1.07638     782   10
   167   0.12114   0.79017   5.19372    3252   22
   168   4.06454   0.99977   5.80709     569    8
   169   3.97318   0.95850   5.69845    1599   12
   170   2.16458   1.18804   0.70400    2363   15
   171   0.22747   0.77895   5.25122    1170   13
   172   4.01737   0.85933   0.90367    5589   32
   173   3.27613   2.25963   1.05085    3096   24