     1   0.00000   0.00000   0.00000       0    0
     2   0.70904   1.54527   0.07210    1165   15
     3   3.79197   1.69465   0.01716    1053   14
     4   3.75484   1.52182   4.68162    2138   18
     5   4.62011   3.05244   3.96723    1274   12
     6   1.34267   3.00488   2.18823    1817   18
     7   3.31263   0.08587   0.57926    1133   12
     8   2.42767   3.01768   3.43614    1792   17
     9   2.22099   1.51541   3.17762    1364   14
    10   3.85560   1.56509   4.57937    1272   18
    11   0.64343   1.49111   0.05136    1009   13
    12   1.69227   3.00931   2.55308    1649   13
    13   5.44293   1.60082   6.26607    1206   13
    14   0.55908   1.41975   6.25003    1085   12
    15   5.38016   1.56723   4.87626    1357   15
    16   2.32146   1.43883   3.05467     697   12
    17   3.89659   1.67032   3.12917    1002   13
    18   2.20780   1.63561   4.64237    1664   16
    19   4.26343   3.09862   0.55165    1688   16
    20   0.70542   1.47569   3.16264    1048   14
    21   0.59282   3.03780   6.14002     944   17
    22   3.73932   1.57350   4.65942     975   14
    23   0.32795   3.03396   5.93387     858   11
    24   5.28164   1.57599   0.06400     985   13
    25   2.82325   0.12331   5.58245    1312   14
    26   3.82668   1.67779   1.67999    1702   16
    27   0.52630   1.51530   1.56418    1175   15
    28   4.08946   0.15044   4.28720    1655   17
    29   2.32146   1.43883   3.05467    1556   16
    30   5.36388   1.59324   4.73170    2133   17
    31   0.60921   1.56503   4.73166    1567   17
    32   4.62109   0.09944   3.86212     975   11
    33   3.68300   1.66096   4.81080    2402   20
    34   0.56902   1.63549   4.71950    1291   13
    35   5.36617   1.68483   4.87885    1422   14
    36   5.31583   3.09445   4.56394    1182   13
    37   1.22409   2.93521   5.37125     867   12
    38   1.69227   3.00931   2.55308     833   11
    39   2.09847   1.63578   1.60508    1095   12
    40   4.15833   0.17534   1.26716    1775   16
    41   0.57654   1.50383   4.81211     774   12
    42   5.26972   1.53942   4.79631    1680   18
    43   0.71524   1.62412   4.75601     739   11
    44   5.37423   0.13315   1.56071     851   11
    45   0.55110   1.50586   4.76028    1896   16
    46   2.26545   1.50812   4.61663    1535   15
    47   2.17986   1.52552   4.61939     963   13
    48   1.45366   2.96317   0.85420    1143   16
    49   5.27089   1.74512   3.11184     970   13
    50   3.88245   1.61391   3.23549    1364   17
    51   3.42170   3.07344   1.08632     898   13
    52   3.75125   1.56017   4.79811    1068   12
    53   3.11114   0.04792   3.86666    1630   18
    54   3.64684   3.08512   3.09626    1700   14
    55   3.19431   0.16907   5.22767    1563   15
    56   3.77694   1.55316   1.41029    2277   18
    57   0.75270   1.57861   4.82754    1091   15
    58   5.35080   1.50625   4.67276    1188   13
    59   0.64962   1.54765   6.24100    1884   17
    60   3.72950   1.55000   4.56474    1429   17
    61   3.38487   3.11922   1.23996    1648   15
    62   2.22370   1.49424   1.38312    1467   15
    63   3.90076   1.67715   4.69157    1507   14
    64   4.85912   0.06091   2.20628    1412   13
    65   2.88433   0.15919   5.56824    1045   17
    66   4.20587   0.21003   1.16984    1225   13
    67   0.63799   1.52500   4.67096     705   10
    68   5.48111   1.62824   1.64773    1240   16
    69   2.32146   1.43883   3.05467     939   14
    70   2.22781   1.58016   4.64106     948   11
    71   2.13920   1.58789   3.04141    1232   18
    72   2.20226   1.44660   6.13047    2120   16
    73   5.34476   1.63187   0.05840    1113   12
    74   5.05253   0.14659   2.01204    1329   15
    75   5.18735   0.05872   1.68075    1293   16
    76   2.30982   1.51038   0.04648    1219   13
    77   1.29427   2.93282   0.60757    1212   13
    78   2.32583   1.56304   4.60696    1832   19
    79   2.10501   1.41371   6.22448    1110   13
    80   3.74925   1.64672   3.15275    1329   16
    81   2.33592   1.57283   4.56755    1052   15
    82   0.62743   1.58838   4.83244     701   11
    83   0.55894   2.97954   6.23433     913   13
    84   5.37319   1.60534   1.57658    1331   14
    85   3.09392   3.07684   5.66756    1207   14
    86   0.53816   1.46281   3.09920    1936   17
    87   0.68980   1.48993   0.00881     822   12
    88   5.40860   1.50166   3.26188    1447   16
    89   4.20587   0.21003   1.16984     875   12
    90   3.88584   1.55046   4.53507     826   14
    91   5.38215   1.62307   4.74729    1030   13
    92   3.86659   1.57550   1.53105    1606   18
    93   0.58103   1.53909   4.72154     863   16
    94   2.22486   1.45263   1.60542     553    9
    95   2.75309   0.10260   4.22699    1361   16
    96   0.37374   0.03489   3.40474    1441   17
    97   3.90404   0.08020   6.08075    1384   16
    98   3.66653   0.11216   1.57422     781   12
    99   0.72575   3.04640   4.79674    1477   14
   100   4.35549   0.06910   5.67685    1249   15
   101   3.76326   1.62194   6.18715    1417   16
   102   0.59680   1.60736   4.82253     970   16
   103   0.55831   1.60776   1.59582    2320   17
   104   3.89393   1.54277   6.18718    1437   17
   105   0.70904   1.54527   0.07210    1680   16
   106   4.04431   0.12236   2.79273    1150   14
   107   2.10947   1.54522   4.55288    1446   15
   108   4.69691   0.11334   0.59306    1416   17
   109   5.39963   1.70971   0.05244    1356   15
   110   3.52553   0.16813   3.35827    1370   14
   111   5.38144   1.71252   4.72194    1394   15
   112   2.20513   1.43006   3.10218    1537   14
   113   2.27188   1.48318   6.10630    1639   17
   114   2.37968   3.00446   1.74357    1753   19
   115   3.75792   1.50651   4.76799    1035   11
   116   2.09926   1.42599   1.56084    1476   14
   117   3.76452   1.74376   6.21934     872   15
   118   0.74800   1.58022   1.72167    1513   17
   119   5.68107   0.02698   2.91354    1563   13
   120   3.90611   0.06902   3.02960    1301   13
   121   1.34814   0.04886   0.96533    1087   16
   122   2.16391   1.55079   3.08829    1329   14
   123   5.47815   1.49559   3.13725    1690   14
   124   2.14985   1.50103   1.40486    1691   16
   125   3.76268   1.64955   4.69316    2087   17
   126   3.79898   1.55589   1.57844    1344   15
   127   5.95871   3.12869   0.60101    1169   14
   128   6.05664   3.06799   2.13172    1180   13
   129   5.39382   1.62289   3.13066    1658   18
   130   2.15127   1.61206   1.41344    2279   20
   131   0.58103   1.53909   4.72154     584    9
   132   1.69295   3.07901   2.65551    1877   17
   133   2.26135   1.57244   1.65217    1193   14
   134   0.07923   3.08325   2.55624    1977   18
   135   0.24353   2.99529   5.76926     666    9
   136   2.92737   0.06474   3.98904    1150   14
   137   0.75845   1.53494   4.73554    1053   16
   138   3.73176   1.70945   4.77919    1776   18
   139   3.70975   1.72708   3.11278    1613   18
   140   2.21961   1.58072   3.01371    1269   13
   141   5.35102   1.60120   4.73405    1660   15
   142   3.87690   1.57479   1.48899    1521   16
   143   0.58504   1.60824   0.06803    1298   16
   144   3.79197   1.69465   0.01716     848   11
   145   5.33565   1.52812   0.15462     851   12
   146   6.18381   3.00827   4.03981    1912   18
   147   3.79841   1.60029   0.07766    2250   17
   148   2.09926   1.42599   1.56084     687   10
   149   5.35363   1.50925   1.64085    1047   12
   150   0.73481   1.53510   3.19243    1418   13
   151   5.34875   1.59887   1.53195    1040   14
   152   3.79664   1.71892   3.06354    1260   11
   153   1.89799   3.00934   2.73702    1216   14
   154   3.95089   0.19408   6.10252     774   14
   155   0.78866   1.43608   4.62244    1730   17
   156   5.10298   3.05833   2.75497     799   11
   157   3.85831   1.65138   4.78945    1340   15
   158   3.47896   0.12455   0.19271    1282   16
   159   0.74182   1.56559   3.08823     731   12
   160   0.77570   1.61966   1.62118     779   13
   161   3.30413   3.05473   2.59242    1517   15
   162   3.90404   0.08020   6.08075    1153   13
   163   5.34570   1.61257   3.09031    1400   19
   164   0.70904   1.54527   0.07210    1284   12
   165   5.24128   1.61049   3.28302    2240   20
   166   2.09847   1.63578   1.60508     944   12
   167   2.32146   1.43883   3.05467    1551   14
   168   0.80890   3.10443   0.07415     946   14
   169   5.48539   1.59840   0.07462    1713   18
   170   2.10500   1.62363   3.02515    1206   16
   171   0.62929   1.49102   0.14755    1965   17
   172   2.17437   1.54826   1.38489    1260   14
   173   3.68863   1.58052   4.57805    1906   15
   174   1.74609   2.98582   5.83645    1498   16
   175   5.24293   1.72802   0.06464    1155   14
   176   5.44760   1.65010   3.27592     748   10
   177   0.66596   1.46948   1.44627    1215   16
   178   3.83188   1.67166   3.12136    1648   18
   179   2.18868   1.49177   1.53629    1167   12
   180   3.69179   1.74516   1.45023    1303   17
   181   3.79438   1.49654   6.25106    1135   15
   182   2.26209   1.61428   6.22056    1372   15
   183   1.88067   0.01300   5.14201    1091   14
   184   2.83375   3.08108   3.83066     817   13
   185   0.64962   1.54765   6.24100     847   11
   186   0.62929   1.49102   0.14755     568   11
   187   0.64020   1.63933   3.18148    1397   16
   188   5.31041   1.56813   3.18429    1592   17
   189   5.35312   1.54066   1.67286     870   14
   190   5.32601   1.49323   1.62166    1205   12
   191   0.74182   1.56559   3.08823    1361   14
   192   2.14625   1.56140   4.62457    1760   17
   193   0.74265   1.63417   3.17214     969   11
   194   2.44194   0.09192   1.31935    1576   15
   195   6.05579   3.03067   3.77687     944   13
   196   3.86588   0.04697   6.26759    2585   18
   197   3.67200   1.64260   1.66408     907   10
   198   4.20587   0.21003   1.16984    1303   14
   199   2.12528   1.45972   3.15108     651   10
   200   0.51743   3.03017   1.50641     844   11
   201   5.25710   0.17121   4.74645    1231   13