     1   0.00000   0.00000   0.00000       0    0
     2   0.11782   0.56749   2.36764    2432   17
     3   2.53119   1.21105   1.74595    2291   19
     4   4.07531   1.30144   2.70746    3472   25
     5   3.09070   2.77657   0.59010    1849   14
     6   2.46951   1.18272   1.90549    1802   14
     7   4.21189   1.32845   2.62893    1486   14
     8   2.42971   1.24038   0.12514    1669   13
     9   4.14219   1.25610   4.17050    1452   15
    10   2.51946   1.17904   3.44244    1111   15
    11   0.19901   0.42913   2.26513    2578   16
    12   2.30228   1.14483   1.82104    2326   18
    13   4.12115   1.34341   1.22312    1470   14
    14   5.57780   1.94996   4.46275    1642   14
    15   5.91771   0.42284   2.76230    1071   11
    16   4.12115   1.34341   1.22312    1806   13
    17   0.91732   1.78485   0.30497    2062   15
    18   3.19165   2.69415   3.83033    2553   17
    19   2.39863   1.09259   5.01732    2010   15
    20   5.58961   1.89432   4.32211    1566   11
    21   4.16586   1.41338   2.74319    1448   14
    22   0.91732   1.78485   0.30497     988   11
    23   0.95983   1.71563   5.15415    1149   15
    24   2.41820   1.27147   1.88709    1719   13
    25   0.83238   1.87358   3.47254    2858   18
    26   6.03612   0.38629   4.30420    1336   13
    27   2.38211   1.17742   5.03680    2561   18
    28   5.63568   1.95398   4.43108    1418   16
    29   3.00455   2.64585   5.32388    1529   12
    30   6.01702   0.48711   5.84622    1725   14
    31   3.11220   2.62939   5.35798    1513   16
    32   3.98689   1.25815   5.99616    2636   15
    33   4.06122   1.26039   1.13403    1925   14
    34   3.20764   2.67451   5.46590    1686   14
    35   0.11207   0.45102   3.86175    1961   15
    36   2.31533   1.32003   5.08241    3116   17
    37   1.00418   1.74892   0.50798    3711   19
    38   6.27085   0.46230   5.60602    1856   13
    39   0.90232   1.89902   5.13083    2280   15
    40   2.51984   1.09883   3.42990    2278   16
    41   5.97161   0.50468   2.81228    2479   19
    42   5.71067   1.97617   4.53429    1385   16
    43   4.18895   1.37960   4.24399    2334   17
    44   0.92946   1.89557   1.83116    1952   15
    45   0.97111   1.93100   3.46133     990   12
    46   2.39309   1.14095   4.88819    3009   18
    47   0.10449   0.51414   2.49641    1312   12
    48   5.49242   1.92665   6.05104    2533   19
    49   3.09352   2.73553   3.81623    1890   17
    50   0.09452   0.51606   3.93537    1246   14
    51   5.56882   1.89480   4.46831    2177   17
    52   2.44257   1.15751   3.49830    1965   15
    53   5.48192   1.89056   6.02233     931   11
    54   2.49672   1.07242   0.39254    1512   12
    55   1.04038   1.83349   0.42635    1263   16
    56   2.34518   1.16753   3.57239    2456   19
    57   5.50570   1.94483   5.89211    1865   14
    58   0.01630   0.45102   2.48306    2089   15
    59   2.53113   1.21487   3.38188    1294   11
    60   6.01488   0.53751   2.70956    1997   16
    61   0.14819   0.38832   3.96495    1661   15
    62   5.50136   2.02058   5.99373    1785   16
    63   5.45698   1.99342   5.87850    1578   14
    64   0.04251   0.48762   0.93665    2076   13
    65   4.04302   1.32076   5.74742    1904   14
    66   2.48874   1.25199   0.32988    1306   13
    67   4.01640   1.37845   1.13079    1091   12
    68   0.86595   1.91295   3.65544    2022   16
    69   5.45729   1.99269   6.00236    1789   12
    70   0.90750   1.94004   3.43052    1269   14
    71   5.61893   1.99931   2.96733    2270   16
    72   5.70706   2.01315   4.55304    1826   15
    73   2.30917   1.21996   1.86845    2145   17
    74   3.09707   2.63285   3.85464    1081   12
    75   6.01488   0.53751   2.70956    1818   13
    76   6.27555   0.58937   5.62232    2627   20
    77   5.58725   1.96149   4.37170    1350   13
    78   2.48549   1.26186   3.36200    1996   16
    79   5.63568   1.95398   4.43108    2272   18
    80   6.19118   0.58649   0.98751    1588   14
    81   6.26154   0.61641   4.03077    1247   10
    82   0.17035   0.42117   3.89844    1578   16
    83   6.25664   0.46136   2.56114    1859   16
    84   6.26154   0.61641   4.03077     849   11
    85   2.85916   2.76180   5.07473    1635   14
    86   0.91732   1.78485   0.30497    1219   13
    87   2.49614   1.26631   4.93147    1995   19
    88   5.44178   1.92157   5.96282    1569   15
    89   2.48874   1.25199   0.32988    1435   13
    90   0.87876   1.94746   0.35471    1637   14
    91   6.26154   0.61641   4.03077    1434   10
    92   2.57499   1.25431   4.86825    1330   16
    93   2.31357   1.19084   4.92573    1307   13
    94   2.42567   1.20769   1.77690    2004   15
    95   0.99445   1.80903   2.09892    1715   13
    96   3.20549   2.68462   5.37790    2168   15
    97   6.23180   0.47894   0.98831    1370   10
    98   3.02908   2.68848   5.31513    1610   14
    99   2.43442   1.22906   1.84027    1956   15
   100   4.04750   1.31413   5.97934    1155   13
   101   2.39074   1.15219   0.40089    1801   16
   102   0.25878   0.41689   2.21076    1551   12
   103   0.91732   1.78485   0.30497    3088   15
   104   6.01744   0.45445   4.21325    2140   15
   105   3.32660   2.62893   3.93389    1450   16
   106   5.59895   2.05548   4.41748     926   10
   107   3.22740   2.76419   0.66263    2309   15
   108   5.57426   1.97076   6.00600    1725   16
   109   2.47881   1.24668   3.28737    1768   16
   110   5.62112   1.95233   4.54857    1613   15
   111   4.17879   1.40546   4.31297    2175   17
   112   0.96161   1.85530   2.07885    2538   16
   113   5.65923   1.99419   2.85797    1431   14
   114   0.06163   0.48716   5.51005    1669   15
   115   0.00328   0.52524   5.67625    1368   13
   116   6.10006   0.59128   5.75663    1470   15
   117   2.34362   1.25180   3.54845    2247   17
   118   2.38686   1.19284   1.72226    1910   17
   119   5.40010   2.02265   2.72298    1435   14
   120   0.05127   0.45376   2.54338    1502   13
   121   5.47273   2.04486   2.76883    2093   17
   122   4.04926   1.18578   2.73587    1473   16
   123   2.29351   1.08920   3.52201    1326   14
   124   5.63568   1.95398   4.43108    1396   13
   125   5.61400   1.99940   6.09221    1644   16
   126   2.54221   1.17523   1.77670    2634   19
   127   3.98689   1.25815   5.99616    2701   19
   128   2.46288   1.19401   0.15041    2836   16
   129   5.56275   1.98634   4.37694    1719   14
   130   0.05071   0.52049   4.03298    1522   13
   131   4.05562   1.18454   2.67411    1034   10
   132   5.69418   1.97153   1.34698    2674   20
   133   2.47750   1.26767   3.45438    1381   15
   134   3.04142   2.67585   3.80489    1120   12
   135   5.53795   2.01556   6.03016    1263   15
   136   2.36976   1.15043   1.87882    1891   14
   137   2.85826   2.75394   3.64551    1465   13
   138   0.91732   1.78485   0.30497    1255   13
   139   3.13184   2.71819   5.41471    2329   15
   140   2.45065   1.21822   0.22442    2249   14
   141   5.65815   1.85807   1.22656    1442   14
   142   6.15594   0.55757   5.75246    1625   18
   143   5.56499   1.99390   1.34218    1402   14
   144   0.96194   1.90879   0.31364    2596   16
   145   0.92146   1.82264   2.01208    1764   16
   146   6.26154   0.61641   4.03077    1648   12