     1   0.00000   0.00000   0.00000       0    0
     2   3.85149   0.82166   3.80937    1755   17
     3   1.75762   1.92483   3.40938    1559   18
     4   4.36297   1.22658   5.22290    1323   14
     5   4.20925   0.97424   5.92780    1282   15
     6   2.90150   0.24073   3.84842     858   12
     7   4.81599   3.01917   0.01326    1870   18
     8   1.01093   0.74502   0.06333    1282   13
     9   5.15514   1.43906   3.97982     886   12
    10   3.33228   2.22038   3.50298     969   13
    11   0.17213   1.91646   3.06096    1277   13
    12   5.65179   1.58547   2.22254    1118   11
    13   3.81241   2.68288   4.11627    1405   19
    14   0.03921   1.19751   1.70647     788   11
    15   1.14864   1.34124   5.19229    1188   15
    16   0.26459   1.91965   1.82273    1088   13
    17   4.34353   1.91692   4.76957    1473   17
    18   0.20084   0.66123   1.35080    1637   15
    19   3.74999   1.19448   2.12806    1134   13
    20   4.17891   1.73715   2.18853     952   14
    21   2.92126   1.69697   4.78088    1436   16
    22   4.02804   2.67034   2.74897    1288   15
    23   2.76377   2.05380   1.70005    1801   17
    24   3.25802   2.45664   3.31144    1952   14
    25   4.75260   2.17328   5.94301     693   12
    26   4.18884   0.88554   3.85572    1185   12
    27   1.10480   2.00061   3.81322     611    8
    28   5.27383   2.41250   4.20257    1493   16
    29   3.91704   0.70318   2.78453    1184   14
    30   4.60954   0.39457   5.39614    1402   16
    31   0.01823   1.35614   1.09258    1355   16
    32   2.01490   2.18717   2.33996    1230   14
    33   4.48349   2.33762   5.83853    1466   13
    34   5.45935   2.05672   2.15571    1451   16
    35   2.23448   1.10038   3.06209    1802   16
    36   5.26092   2.20003   5.46088     924   10
    37   1.59867   2.47386   3.39683    1438   15
    38   2.89502   0.31625   5.57327    1378   15
    39   4.09539   0.76608   5.09566    1289   15
    40   1.11793   1.66886   0.58812    1283   18
    41   3.25888   0.78139   4.97084    1506   14
    42   3.20592   1.12233   1.49753     869   11
    43   2.95587   1.00936   5.30824    1650   18
    44   1.81647   2.39357   1.93011    1115   13
    45   6.12496   0.94454   0.73918    1330   12
    46   0.09376   2.35122   3.99664    1591   17
    47   1.56661   1.42361   1.14687    1630   14
    48   4.82294   1.78778   5.33592    1198   16
    49   4.93444   1.38211   3.13320     795   12
    50   0.37140   0.90980   0.63092    1475   12
    51   1.20953   0.09564   3.45292    1595   15
    52   1.85210   0.46581   4.68806    1344   14
    53   5.56415   1.97810   2.40693    1048   12
    54   5.52724   0.80743   1.56287    2103   18
    55   1.45275   0.88932   1.34474    1336   17
    56   1.04880   2.36184   4.25331    1545   16
    57   0.44218   1.43389   5.11305    1352   16
    58   4.68754   0.75592   3.51192    1407   17
    59   0.39811   0.74506   5.92527     913   14
    60   2.29852   1.88080   1.18277    1320   11
    61   3.43789   2.96462   1.77009    1056   13
    62   1.47885   1.06224   3.33056     755   13
    63   6.12995   1.79504   3.91085    1643   13
    64   1.02574   0.81095   3.15117    1316   17
    65   6.22142   1.80825   4.03337    1539   15
    66   5.52022   0.80296   4.72491     811   13
    67   5.02352   1.22859   4.77297    2535   19
    68   1.33541   1.67722   0.49596    1512   17
    69   6.06403   0.61114   3.52157    1380   17
    70   0.15426   2.75021   1.68201    1137   13
    71   1.88280   1.98423   1.34225     989   12
    72   5.41480   1.57680   5.52595    1390   15
    73   5.11151   1.01796   2.10954    1403   16
    74   1.00537   0.50206   4.93746     645   12
    75   2.60336   0.29300   1.86418     890   13
    76   4.24533   2.74900   0.68479    1032   13
    77   5.05975   0.89238   2.38213    1072   15
    78   0.79128   1.67680   3.65258    1390   15
    79   5.57557   1.03625   4.35667     970   15
    80   1.67359   0.78389   5.67332    1505   19
    81   2.09644   2.34983   0.81210     913   13
    82   0.58017   0.99379   0.28012    1149   14
    83   5.23367   2.44392   1.36756     491    9
    84   1.36576   1.91430   5.60268     998   12
    85   1.01353   1.34533   5.53050    1406   14
    86   4.73220   2.56911   5.10582     756   11
    87   5.76969   2.58368   1.91038    1444   16
    88   4.78069   1.36492   6.15369    1469   15
    89   5.39050   0.70054   5.07786     771   13
    90   3.51466   1.68078   2.98906     734   10
    91   1.91211   1.95889   4.08933    1289   14
    92   5.51775   1.12925   4.39066    1230   16
    93   5.05111   0.92467   1.89515    1125   14
    94   1.76320   1.43407   1.19992     976   15
    95   2.71297   1.04592   3.58192     827   15
    96   5.11322   1.62507   2.62767    1122   16
    97   0.26210   1.89833   5.96724    1184   17
    98   2.05518   1.40033   2.01812     916   12
    99   0.81000   1.46008   0.64278    1250   15
   100   0.45971   1.83831   5.06961    1214   14
   101   3.19225   1.20590   1.70402    1842   19
   102   0.29625   1.08108   0.43544     965   10
   103   3.79439   1.50289   1.11247    1427   19
   104   5.51909   2.80836   0.35782    1785   20
   105   5.99675   1.84178   4.27974    1337   14
   106   5.48474   2.04718   2.47746    1095   13
   107   4.13461   1.74313   3.88350    1305   13
   108   1.02649   0.09419   0.17980    1599   15
   109   0.98711   0.78035   4.63390     902   10
   110   0.00439   1.56936   3.36244    1072   11
   111   3.55798   1.10191   5.98059     670   11
   112   4.66675   1.39752   4.17264    1449   14
   113   2.57321   2.47479   5.12011    1646   18
   114   5.61571   2.25526   5.12637    1346   15
   115   4.20295   2.12304   0.17102    1644   18
   116   0.41966   2.65769   2.00883    2290   19
   117   5.53552   1.38555   3.34342     987   14
   118   5.53915   1.40380   4.10254    1550   17
   119   0.61740   1.97946   2.50396    1600   18
   120   3.04029   0.85176   1.07863    1712   19
   121   5.54640   1.04542   1.49669    2456   19
   122   0.13886   0.74318   0.70642    1568   13
   123   2.44902   2.81739   6.02669    1714   16
   124   4.71126   1.08953   4.00008    1514   18
   125   5.12342   1.10355   4.84607    1572   16
   126   4.81961   1.21158   0.68717    1712   14
   127   5.20228   2.44310   3.42059    1696   16
   128   2.30382   2.12093   4.95802    1256   17
   129   4.06316   0.71085   2.03037    1829   17
   130   2.60537   2.08022   3.41386    1038   13
   131   1.03393   1.48629   5.65284    1626   20
   132   3.19076   1.22154   3.21084    1304   17
   133   5.70201   1.80967   2.00213     995   16
   134   4.64195   0.65917   0.02450    1267   18
   135   0.06175   2.30683   2.76525    1090   14
   136   2.33054   1.67977   5.92447    1387   15
   137   0.63225   2.67071   1.66034     711   11
   138   5.48491   1.11361   3.78254    1913   16
   139   2.91441   1.53346   5.11604     974   12
   140   0.04976   0.76429   2.51689     708   12
   141   5.92302   2.41473   2.33846    1715   16
   142   4.79462   1.09259   0.38325    1489   17
   143   0.29438   1.81050   2.31629    1283   16
   144   3.11836   1.70682   3.07917    1378   14
   145   4.73111   2.39039   3.91202    1389   15
   146   1.28448   2.29291   6.03769    1624   15
   147   2.40350   2.33964   2.30429     804   13
   148   2.31320   0.78630   0.27542    1554   18
   149   4.61943   1.36368   0.83378    1195   15
   150   5.00994   1.73732   5.38675    1972   17
   151   2.94823   2.61899   1.11562    1605   16
   152   1.37143   0.90797   0.87298    1129   13
   153   0.20613   1.41352   2.08953    2426   18
   154   0.88307   1.69522   3.51346    1180   18
   155   5.20669   2.16995   0.04915    2237   16
   156   0.59239   1.03981   5.04403    1433   14
   157   5.31745   0.90640   0.22709     784   12
   158   1.21643   2.65050   4.59563    1419   16
   159   4.26815   0.41196   5.58164     923   12
   160   1.35059   0.95683   3.06562    1005   13
   161   2.40786   1.64745   5.55338    1295   15
   162   2.83293   1.07656   0.16210     573   10
   163   3.78511   1.04733   3.59095    1724   17
   164   4.18658   0.94742   4.22788    1830   17
   165   1.43837   0.37850   1.09412    1348   14
   166   2.76483   2.02703   6.11795     833   14
   167   1.59821   1.21619   4.28183    2910   20
   168   0.25994   0.54520   5.52421    1228   13
   169   4.01921   0.95338   5.37975    1436   12
   170   1.23330   2.03576   1.39251     726   11
   171   2.85174   0.68095   5.15330     670   10
   172   5.31745   0.90640   0.22709     824   11
   173   3.62207   0.92915   2.28623    2248   21
   174   5.96316   1.95410   5.05037    1735   18
   175   0.33536   1.67242   0.99340     818   12
   176   5.97583   1.08545   5.12602    1208   13
   177   3.06714   2.10446   1.58407    2189   19
   178   1.01683   1.75214   5.10194    1444   16
   179   6.25063   2.61682   2.16309    1211   10
   180   2.65218   2.27968   3.75174     969   14
   181   0.73372   2.16043   5.99559    1147   14
   182   3.67247   2.20017   0.75789    1269   14
   183   3.67581   1.49729   3.89290    1221   15
   184   4.18580   1.75438   1.79742    1046   14
   185   2.62327   1.59755   2.99567    1227   13
   186   5.39195   1.85238   2.41953    1349   15
   187   0.01903   2.99036   6.27847    2877   19
   188   6.26392   1.72137   4.81256     843   15
   189   5.72485   2.79525   3.93320    1275   13
   190   0.11121   1.14073   6.04006    1105   15
   191   3.12870   1.66648   3.12038    1406   16
   192   5.03341   2.24637   2.55340    1657   17
   193   4.41616   0.91265   2.69854    1705   15
   194   1.90286   1.99632   5.98200    2198   18
   195   3.81799   1.68129   0.49366     970   11
   196   5.72193   1.42634   2.86014    1102   16
   197   6.00468   1.34327   5.66285    1542   16
   198   0.61419   1.84785   5.49172    2028   16