     1   0.00000   0.00000   0.00000       0    0
     2   2.64187   1.09363   5.23430    1515   17
     3   5.96497   2.03720   5.72889    1158   15
     4   4.28024   1.69579   0.75262    1455   17
     5   3.81750   1.95506   5.45996     944   11
     6   5.63719   1.56774   1.45287    1655   18
     7   3.98891   0.61671   0.43007    1560   18
     8   3.26963   0.20520   3.09668    1276   13
     9   0.66592   1.83696   6.01133    1425   15
    10   3.21396   0.84537   5.33941     865   13
    11   4.01833   1.64463   5.40143    1302   14
    12   1.57290   0.75314   4.36301     883   15
    13   5.30391   0.70285   2.10354    1452   15
    14   2.02928   1.88508   3.86396    1200   14
    15   4.27368   1.89194   4.89924    1951   20
    16   4.73627   1.42201   0.46155    1611   17
    17   5.93419   2.24844   4.07114    1474   18
    18   4.34223   2.58982   4.13334    1121   14
    19   2.84332   1.60027   1.43787     773   12
    20   2.17452   2.24856   5.83766    1016   13
    21   2.55484   1.33002   1.91244    1545   16
    22   2.69684   1.12690   5.00682    2082   19
    23   3.96715   1.51541   4.23681    1225   13
    24   4.21376   0.94975   3.16365     993   14
    25   3.93181   1.58650   1.74619    1745   15
    26   5.64742   2.01521   6.18500    1592   17
    27   4.03985   0.46211   4.07853    2295   21
    28   1.80911   1.44636   3.58651    1358   13
    29   0.17609   2.60216   5.33315    1503   19
    30   1.95716   0.86845   2.82578    1325   16
    31   0.64679   2.60787   1.45650     979   14
    32   4.52472   2.55066   3.48908    1238   11
    33   2.92259   1.70107   0.87076    1189   16
    34   5.50127   2.04869   0.74811    2132   19
    35   3.92134   2.15245   1.21047    1031   12
    36   3.85379   1.39398   2.12128     926   14
    37   2.95458   2.86161   1.45456    1131   16
    38   0.37398   1.73641   3.78957    1218   15
    39   1.68270   1.78094   5.69718    1151   16
    40   4.36567   0.54792   1.13081     787   12
    41   3.16851   1.61832   5.33531     886   12
    42   4.37004   1.56687   6.18827    1329   16
    43   4.16587   1.46236   1.58134     848   11
    44   2.58272   0.71669   4.43934    1923   17
    45   6.16370   2.05400   4.00656    1029   13
    46   5.81577   2.39462   3.16369    1178   14
    47   1.65971   0.12590   5.32694     880   13
    48   4.84582   0.91286   2.98469    1106   14
    49   2.85622   1.42354   5.64620    1193   14
    50   2.72032   0.31283   5.77175     848   14
    51   4.43962   2.61507   2.36878     737   11
    52   4.29756   2.20854   2.93184    3029   20
    53   4.58098   2.27948   1.22127    1046   12
    54   5.37602   1.91238   2.09789     735   10
    55   3.99341   2.10343   3.38596    1360   19
    56   5.65223   1.24449   0.71282    1628   17
    57   2.52720   1.06423   4.13893     682   12
    58   3.57871   0.95752   4.01191    1183   15
    59   0.60127   1.53733   2.25572    1144   14
    60   2.98919   1.06690   5.01793    1668   14
    61   1.79831   0.94239   0.08092    1099   11
    62   1.35817   0.30938   3.36032     597   10
    63   2.63271   1.46356   1.14474     631    9
    64   0.39501   0.07584   0.86133     903   14
    65   3.45438   1.77743   4.62179     699   12
    66   0.38362   0.98022   6.20863    1030   14
    67   3.32795   2.29360   4.13096    1044   12
    68   4.55754   1.33740   3.66801    1379   14
    69   1.61261   0.67917   4.89444     705   10
    70   0.65421   1.47123   5.07789     835   13
    71   0.98105   2.05227   4.81326    1182   17
    72   2.06604   2.25727   2.51165    1652   17
    73   1.16918   2.03495   5.08547    1318   16
    74   2.80336   1.17413   5.68782    1906   17
    75   2.11197   2.18254   4.57888     924   14
    76   3.96337   1.97736   5.97259    1353   14
    77   4.05427   0.72147   1.40569    1217   16
    78   2.75543   2.35772   0.15181    1169   13
    79   4.71067   1.43786   5.55210    2166   18
    80   1.14595   1.09684   6.08173    1124   10
    81   5.99102   2.13237   4.16137    2252   20
    82   0.75520   2.08633   2.16945    1555   19
    83   3.95236   1.36832   6.24665     776   13
    84   3.23497   0.91717   5.85263    1050   13
    85   4.30423   0.97603   0.92720    1736   15
    86   1.81308   1.54676   0.82324     680   11
    87   2.44949   2.20531   0.54074    1692   16
    88   1.40068   2.31017   2.05251    1058   11
    89   4.59440   1.69450   2.64919    2056   19
    90   5.45318   1.54118   4.45375    1370   16
    91   1.56915   1.33269   1.89577    1666   15
    92   0.13817   2.32826   5.32149    1570   18
    93   1.43910   1.10145   0.13937    2140   16
    94   0.09487   2.57163   1.08774    1421   14
    95   1.97977   1.12432   0.92760    1684   17
    96   4.48446   1.64818   5.61784    1462   16
    97   3.94533   2.66092   4.73279    1180   14
    98   3.81815   0.93255   5.67486    1894   15
    99   5.40494   1.55450   1.44776    1411   17
   100   5.49793   2.70375   5.09397    1539   13
   101   3.54677   0.61686   1.67920    2211   22
   102   5.75443   1.74483   0.04083    1416   15
   103   1.06556   2.02372   5.15853    1461   16
   104   3.76225   1.13481   0.40076    1704   17
   105   5.87773   2.11265   5.86253    1235   15
   106   1.22533   1.44899   6.19749     711    9
   107   2.74362   1.59393   2.74193    2782   20
   108   2.36427   1.01897   2.92744    1692   14
   109   1.01723   1.46386   6.01616    1130   15
   110   4.56190   0.81538   6.20635     795   11
   111   1.09825   1.00938   4.52867    1758   17
   112   2.90238   1.93084   2.79341    1961   15
   113   6.15899   0.91761   6.25424    1688   13
   114   1.78306   0.41745   6.18969    1218   15
   115   6.05484   1.33727   5.51615    1449   15
   116   1.35935   1.49508   0.22402    1676   19
   117   3.15282   1.75870   0.42540    2028   13
   118   2.06362   2.15247   5.70346     933   12
   119   0.66226   0.54437   2.89862    1187   14
   120   5.31351   1.12585   0.89713    1003   11
   121   0.67676   1.23294   0.33042    1476   17
   122   1.76248   1.15604   5.52382     718   10
   123   5.09827   1.35506   4.35739     789   12
   124   5.58106   2.14690   5.31939    1139   13
   125   5.57641   2.05377   0.39307    1899   17
   126   3.29921   2.09504   5.55527    1158   16
   127   5.56928   1.97243   4.89569    1070   14
   128   0.83798   1.90635   0.52262    1267   15
   129   1.19843   1.19145   0.29259     999   12
   130   0.09496   2.72126   3.25570     734   10
   131   3.37810   0.87949   2.17101    2100   19
   132   3.11346   2.43480   3.87622    1113   14
   133   5.55536   2.55124   3.01909    1634   14
   134   0.61918   1.11974   2.57289    1294   17
   135   0.84402   1.30973   3.80990    1034   14
   136   0.01810   1.18287   2.76035    1481   14
   137   5.21059   2.36497   1.82096    1392   16
   138   2.83515   2.12919   6.01840    1395   12
   139   1.11860   1.07384   0.57509    1605   17
   140   1.16527   1.39439   0.12183    1118   14
   141   4.71542   1.04908   3.54755     872   13
   142   3.43630   0.44450   0.48777    1196   15
   143   1.45203   1.41419   1.83014    1445   16
   144   0.60212   1.50206   5.18409    1222   14
   145   2.59070   1.15366   0.12898    1543   16
   146   4.92541   1.16185   5.33667     719   10
   147   1.69108   1.71652   1.55233    1083   14
   148   2.76775   0.93375   6.01050    1438   13
   149   3.37706   1.78005   6.24402    1501   15
   150   0.19116   1.10034   3.99945     618   11
   151   6.25792   1.63710   4.99834    1336   14
   152   4.64407   2.56998   2.48490     841   13
   153   3.71349   0.99415   0.53899    1540   17
   154   2.76736   2.65420   6.22458    1394   14
   155   1.06276   2.43225   1.91971    1666   14
   156   0.03287   1.42911   1.48597    1186   13
   157   4.70093   0.77482   0.70083    1237   14
   158   1.69798   1.72369   3.23344    1652   20
   159   4.43553   0.61818   1.35212    1873   21
   160   1.13765   1.29584   1.49980    1353   16
   161   3.83545   1.42335   1.12929    1036   10
   162   4.58025   1.93954   5.01386    1148   14
   163   6.22374   1.72906   4.04089    1949   20
   164   0.44438   1.75958   5.68792    1895   17
   165   5.58910   1.48148   0.87692    1288   16
   166   5.84185   0.67488   1.36043    1377   16
   167   3.78752   2.09551   6.25979    1158   13
   168   4.54071   0.98132   2.62157    1168   15
   169   0.75472   1.54244   0.74878    1292   15
   170   6.02224   1.03667   5.60045    1464   15
   171   5.40989   1.38013   4.20655     624   11
   172   5.90079   1.48770   5.26510    1069   13
   173   2.81766   0.83872   2.49561    1694   16
   174   6.22022   1.95171   5.48638    1453   20
   175   2.72057   1.80665   4.58678    1471   17
   176   5.22292   2.69866   1.07268    1012   12
   177   5.05605   1.40817   4.32105    1679   14
   178   3.96508   1.33362   4.81321    1077   15
   179   1.21261   1.41987   3.00415    1167   14
   180   1.61813   1.38820   4.15264    1039   12
   181   0.92270   0.55268   0.43875    1256   17
   182   2.15002   1.36769   6.08900    2117   18
   183   1.18196   2.78554   0.27569    1798   18
   184   5.79323   0.46625   4.17609     906   11
   185   3.86369   0.45341   1.00618    1404   14
   186   4.89268   0.70239   3.33582    1026   12
   187   1.69211   1.99836   5.49372    1350   10
   188   5.15511   0.93290   3.97018    1108   13
   189   4.28931   1.35563   3.45343    1363   14
   190   0.41281   1.52754   0.42148    1254   15
   191   4.39645   1.43703   4.71830    1801   17
   192   0.25074   1.76468   2.37968    1923   15
   193   1.82827   2.57644   2.18459    1484   16
   194   2.70220   2.17170   4.01964    1448   15
   195   4.29084   1.05953   6.00497    1160   16
   196   3.44078   1.13835   4.83553    1287   18
   197   1.49554   0.95317   4.39500    1448   17
   198   5.52617   1.65983   1.68998    1145   15