     1   0.00000   0.00000   0.00000       0    0
     2   4.45687   1.19491   5.03071    1311   15
     3   3.35292   1.74948   2.11595     819   14
     4   2.54685   2.49315   6.09810     898   13
     5   2.13557   2.09092   4.85460    1583   17
     6   4.10902   0.92273   1.58834    1348   15
     7   0.48899   1.23239   1.01990    1367   16
     8   0.82950   0.72591   3.21302    1738   17
     9   2.36489   1.17780   0.49743    1107   13
    10   3.09753   2.56904   1.51294    1937   19
    11   5.24190   0.31331   0.33863    1729   16
    12   3.09489   1.73544   2.39096    1607   18
    13   3.28589   1.03554   6.02697     782   12
    14   0.77124   0.78312   5.90357    1003   13
    15   1.90300   2.94359   1.38124     898   11
    16   4.14533   2.92933   2.51231    1511   16
    17   1.25220   1.25555   0.64994    1357   16
    18   4.47615   1.31619   5.88220    1219   17
    19   0.38224   2.52299   4.64647    1113   13
    20   3.14996   2.08950   3.17133    1228   17
    21   1.41467   1.51135   4.21867     896   11
    22   5.73280   1.68734   1.65000    1218   13
    23   0.61611   1.25798   1.14746     974   13
    24   0.71823   2.35066   1.13905    1827   21
    25   3.43860   2.40102   5.38802    1442   16
    26   0.79721   1.55368   3.52133    2165   19
    27   3.60389   1.64002   0.03903     996   13
    28   5.61425   3.06295   1.61426    1652   16
    29   3.93821   1.54300   2.68867    1179   15
    30   1.60773   0.81139   1.17525    1551   16
    31   5.30450   1.47215   0.65343    1531   16
    32   4.22611   1.86479   6.17342    1431   15
    33   5.75549   2.00927   4.14150    1069   11
    34   5.99946   0.22975   3.32059    2893   21
    35   2.46366   0.99530   3.15549     857   14
    36   5.75078   1.67348   4.90643    1155   14
    37   2.45527   2.44681   2.43743    1215   16
    38   5.27261   2.52827   3.10889    1252   16
    39   5.66137   0.79201   5.93753    1203   15
    40   3.37300   1.08258   4.24505    1132   13
    41   1.80149   1.98963   5.48696    1209   14
    42   3.83394   0.39291   1.28589     963   13
    43   5.11369   0.89616   0.88549     588   10
    44   3.46709   2.04407   1.93148    1249   14
    45   3.48591   2.41780   2.68527    1297   15
    46   5.12728   1.50070   3.35035    1226   14
    47   1.94548   0.75334   4.95809     951   13
    48   3.47155   0.60359   4.85385    1277   15
    49   0.79703   2.79260   6.21633    1895   19
    50   1.18391   1.13116   1.65046    1327   16
    51   0.84042   1.10843   3.81586    1667   16
    52   3.16744   2.79021   2.38823    1420   16
    53   2.88702   0.99472   5.46208    1377   16
    54   2.98305   2.38327   5.16149    1426   18
    55   4.59672   1.52822   4.38829    1884   19
    56   5.85306   2.21189   2.93347    1481   15
    57   3.92294   2.09519   4.47600    1704   16
    58   2.91170   1.27943   0.73673    1177   15
    59   5.20037   2.84301   1.32976    1788   19
    60   3.53499   1.12908   1.19789    1257   14
    61   1.50160   1.74738   5.13335    1220   17
    62   4.28657   0.78474   2.96858     914   13
    63   2.05081   0.87124   1.09574    1067   13
    64   0.36465   1.37692   0.09000    1301   13
    65   1.65092   1.46956   1.96797    1128   15
    66   1.57542   1.53488   4.16736    1176   13
    67   1.92639   2.06214   5.23940    1341   15
    68   4.26416   1.40451   5.40098    1628   15
    69   1.10798   1.29283   3.30343     820   10
    70   3.58284   2.12571   1.53305    1082   13
    71   0.65865   1.40182   3.42319    1420   18
    72   4.74171   1.93976   3.50849    1315   15
    73   3.80516   1.35292   5.97770    1483   17
    74   2.65247   1.24100   1.06865    1050   12
    75   4.18541   2.39814   0.78704    1210   13
    76   1.39200   2.48655   0.76284    1331   12
    77   2.82504   2.29522   0.16008     691   13
    78   0.36499   1.37186   5.83894    1416   15
    79   1.06746   1.29466   1.59679     906   11
    80   4.14610   2.32710   1.98377    1066   13
    81   0.40441   0.80771   2.38933     971   13
    82   5.83800   1.16361   4.16455    1188   15
    83   0.19517   0.67191   6.01579    1796   14
    84   5.51316   2.20888   4.79399    1489   14
    85   5.62380   1.54592   1.32666    2717   18
    86   1.50117   1.57260   5.85633     920   14
    87   3.92964   2.22809   5.20510    1087   14
    88   3.92205   1.85048   2.30861    2152   19
    89   0.26942   2.24312   1.36990    1319   16
    90   4.32381   1.19630   0.99411    1082   15
    91   2.10962   1.19749   0.60609    1804   18
    92   2.55171   0.62947   4.49914     817    9
    93   5.24197   1.09962   3.82572    1317   14
    94   2.06462   2.68085   5.80634    1361   14
    95   3.28860   0.41353   1.66359     935   11
    96   2.74316   1.44186   4.36453     740   12
    97   6.13980   1.82367   1.31673    1183   15
    98   0.30607   2.41747   4.45817     841   10
    99   1.60094   1.77747   2.92987    1692   17
   100   2.27595   0.72272   0.63192    1574   13
   101   0.07803   1.65280   3.56708    1863   21
   102   3.32769   2.31431   4.69822    1289   13
   103   0.78182   1.20594   0.16479    1469   18
   104   6.00716   2.03286   5.74207     834   13
   105   0.10499   2.33361   2.45365    1840   18
   106   0.87269   2.19871   1.56652    2054   16
   107   2.31687   1.91358   5.43227    1078   15
   108   0.24115   1.00942   3.81876    1937   18
   109   5.07978   2.37001   6.24243    1289   16
   110   3.22092   2.44852   3.04263    1057   14
   111   5.79051   0.91981   5.85250     926   13
   112   0.30778   1.26753   5.68667     868   11
   113   4.74597   1.44632   5.25845    1295   14
   114   0.74598   2.88815   2.41217    1328   14
   115   0.25309   1.87572   4.70571    1363   15
   116   3.98320   1.07279   2.48197    1421   17
   117   2.03370   1.78359   6.16902    1697   16
   118   3.23646   1.06500   2.21287    1625   14
   119   2.48522   2.22808   0.20984     978    9
   120   4.41022   2.74612   3.73798    1215   14
   121   2.52735   2.04535   3.08677    1351   16
   122   5.04944   1.08165   4.79853    1365   14
   123   3.87426   0.69904   3.36160    1251   12
   124   3.20775   2.38788   2.30512     862    9
   125   4.80238   0.67186   0.08168    1377   14
   126   4.29059   1.35865   4.10189    1407   16
   127   0.90978   2.13251   5.13146    1406   13
   128   4.08215   2.17785   4.13017     818   11
   129   5.53694   0.78348   0.70715    1185   11
   130   5.64569   1.40684   3.98011    1129   15
   131   1.60823   2.26281   3.17622    1333   16
   132   1.84299   1.64180   5.70857    1896   17
   133   1.08322   0.86075   4.99729    1739   15
   134   1.14888   2.02890   5.68806    1206   15
   135   3.50240   0.76614   3.70907    1194   14
   136   5.40250   1.32025   1.78577    1195   13
   137   5.54950   2.33651   4.75245     900   12
   138   4.78151   0.82752   2.11903    2023   14
   139   4.27494   1.00023   4.19062    1441   16
   140   4.09030   1.04509   2.15608    1467   14
   141   3.20070   1.43778   3.44487    1236   17
   142   5.93466   1.08214   5.08372    1705   17
   143   2.12552   0.69196   4.62733    2071   17
   144   4.66464   0.92532   4.77998    1391   14
   145   5.56965   1.48606   0.32116    1212   14
   146   1.91211   2.13387   1.50520    1381   15
   147   1.64365   1.20588   3.55252    1268   15
   148   4.17470   1.80748   6.14328    1658   16
   149   1.77872   2.09859   0.33345    1595   19
   150   0.07236   0.90527   0.86221    1003   15
   151   3.46787   0.66867   0.60269    1467   16
   152   4.71294   0.69070   5.72110     900   17
   153   3.74917   0.66521   4.03073    1040   13
   154   1.17601   1.48346   3.78900    1689   16
   155   5.59259   0.85313   0.82526     945   12
   156   3.95220   2.30038   0.28834    1156   15
   157   4.74441   2.42840   1.27831    1065   13
   158   0.06210   1.61148   5.47425     634   11
   159   5.26316   1.39761   4.64987     873   11
   160   1.22505   1.20536   5.05301     935   12
   161   5.74729   1.59619   0.63199    1029   13
   162   4.02148   0.16367   2.27177     702   13
   163   5.34991   2.31139   2.43328    1323   14
   164   0.62115   1.82799   3.41045    2117   15
   165   4.61284   2.88248   5.85246    2119   19
   166   0.00490   0.93980   3.37024    1072   12
   167   0.86228   1.40083   0.05169    1665   20
   168   3.30206   0.20778   4.17887     899   14
   169   5.59976   2.30641   0.19169    1254   15
   170   3.96848   1.42593   0.86761     876   12
   171   3.74503   2.31588   0.68611    1029   13
   172   0.36314   1.59203   5.48316    1409   15
   173   0.57784   1.20904   0.93773     813   11
   174   5.46492   2.14412   2.63436     953   11
   175   6.04783   2.37625   1.20795     913   12
   176   2.05108   2.24985   5.59009    1414   18
   177   4.82662   1.24319   5.00662    1168   13
   178   3.46348   0.32277   4.08078    1288   13
   179   4.20679   2.07570   0.66808    2074   18
   180   0.05538   1.56198   5.55601    1997   19
   181   5.48797   0.37830   1.36172    1332   15
   182   5.51022   1.36863   5.37375     612   11
   183   0.39043   2.17954   1.65647    1023   13
   184   6.23849   1.01022   2.37973    1863   17
   185   0.96315   0.17131   4.19787    1652   17
   186   2.65569   0.63348   1.46202    1618   16
   187   1.32140   1.50372   6.01518     843   13
   188   2.41060   1.71561   4.12156    1202   15
   189   6.25512   2.24542   4.76894    2114   19
   190   4.25855   0.54642   0.72475     989   12
   191   6.17542   1.83587   3.64783    1232   15
   192   1.93105   1.59710   2.91047    1787   18
   193   1.45959   1.14988   1.81648    2125   14
   194   2.40461   0.97468   3.83896     813   11
   195   0.64235   1.04441   2.27965     708   12
   196   1.47142   1.74036   0.38983    1271   14
   197   2.00392   1.40811   3.90988    1649   15
   198   2.70834   1.03730   3.87642    1227   15
   199   1.19574   0.75834   1.76005    1852   17
   200   5.37954   2.45858   5.04054    1017   12