     1   0.00000   0.00000   0.00000       0    0
     2   5.98526   1.87966   0.75447     822    8
     3   4.91205   0.83501   0.98218    1894   19
     4   1.68850   2.26454   0.43802    4601   19
     5   1.10495   0.83378   5.20921    2369   14
     6   0.91704   0.70693   5.20824    1021    9
     7   1.76324   2.18563   0.38717    1377   11
     8   4.10708   2.33122   2.58604    2705   15
     9   0.91704   0.70693   5.20824    1617   15
    10   3.96768   2.41214   2.52081    2554   15
    11   2.93113   1.11213   2.24792    1314   11
    12   1.50363   2.28821   1.82151    1675   14
    13   1.70095   2.14851   5.20115    3191   18
    14   4.24912   2.28088   1.02971    1952   14
    15   6.20729   1.91431   2.55625     612    8
    16   1.71212   2.18409   3.61992    3208   19
    17   1.76686   2.33105   0.60952    4083   20
    18   6.19198   1.93630   5.67506    2073   14
    19   1.10495   0.83378   5.20921    1116   13
    20   6.18269   1.85349   0.81042    4079   18
    21   1.61852   2.28843   3.55102    1704   17
    22   6.04615   1.85765   0.91649    1460   12
    23   1.59143   2.27662   2.02665    2390   18
    24   6.10632   1.99341   5.63459    5539   21
    25   1.10495   0.83378   5.20921    2446   14
    26   6.13396   1.83003   0.92331    1462   13
    27   0.97877   0.69047   2.13975    5810   24
    28   1.73883   2.19126   3.59042    1821   11
    29   3.10076   1.30459   2.16942    1525   13
    30   4.15350   2.53231   1.09821    2052   14
    31   4.25133   2.38777   5.83809    1992   14
    32   1.20595   0.67763   0.42738    1533   14
    33   1.73883   2.19126   3.59042    1355   10
    34   4.63954   0.90252   4.40057    1065   10
    35   4.19185   2.39071   2.54494    3828   17
    36   0.98513   0.66042   3.75916    2224   15
    37   5.93426   1.97201   3.94185    4120   19
    38   1.73883   2.19126   3.59042    2395   13
    39   4.04196   2.35395   1.06707     731   10
    40   6.14860   1.90539   4.09301    2035   18
    41   4.74578   0.90178   5.97464    1173   11
    42   3.92831   2.40552   3.98472     806    8
    43   3.05629   1.29685   3.86673    1713   11
    44   4.70321   0.79714   2.72652    3258   21
    45   3.06942   1.17450   5.35129    4641   21
    46   4.78661   1.00513   4.22624    2870   16
    47   1.71019   2.16495   1.94822    1297   13
    48   4.18489   2.39353   5.84647    2260   13
    49   1.00218   0.78721   5.26124    3204   16
    50   0.91704   0.70693   5.20824     753    8
    51   6.05805   1.96306   2.49835    1474   11
    52   4.75047   0.80367   1.26523    3411   15
    53   3.00561   1.25464   5.29047    5915   23
    54   4.90621   0.90714   4.10097    5864   23
    55   1.13340   0.85951   3.62203    2383   15
    56   1.66437   2.25076   3.63673    1371   11
    57   2.87610   1.17173   2.40410    3578   18
    58   6.13072   1.88478   2.53806    2982   17
    59   3.03055   1.11418   3.78535    4431   21
    60   6.13232   1.92527   0.81837    4319   19
    61   3.03800   1.08607   5.31593    1652   14
    62   1.60388   2.33265   0.48546    1200   10
    63   2.96370   1.14989   0.58362    4293   20
    64   0.91704   0.70693   5.20824    1255    9
    65   4.91996   0.98409   1.08527    3116   17
    66   6.13043   1.80816   4.12231    1614   15
    67   1.73947   2.09001   2.04997    1639   15
    68   3.03521   1.28127   0.67013    4343   19
    69   0.94653   0.75407   5.21422    3890   19
    70   6.15949   1.83609   4.03798    1321   12
    71   4.85422   0.92633   5.77050    1114   11
    72   4.85422   0.92633   5.77050    1004   12
    73   3.07205   1.23285   3.68527     782   10
    74   6.20729   1.91431   2.55625    1385   10
    75   1.05098   0.68293   0.59854    2269   15
    76   1.77697   2.22482   3.64296    3544   18
    77   5.97723   1.98931   2.53321    3943   19
    78   4.69863   0.96817   5.83511    4142   17
    79   4.08305   2.33149   0.95864    4531   18
    80   4.80320   0.95512   4.18780     736   11
    81   0.80077   0.76098   2.28777    5759   22
    82   3.05955   1.15507   0.55853    3149   15
    83   4.86376   0.87657   4.21266    2093   13
    84   1.00102   0.76716   2.17635    2859   17
    85   4.83666   0.89385   2.79086    2577   16
    86   4.11389   2.37786   5.79597    3052   17
    87   3.02205   1.17540   0.68113    2107   18
    88   2.98125   1.25493   2.35069    3246   18
    89   0.91704   0.70693   5.20824    2020   13
    90   6.08624   1.98905   5.50417    2383   14
    91   2.87164   1.15119   3.96604    2237   16
    92   4.71976   0.79475   2.84234    1623   13
    93   1.63837   2.09140   0.43343    2321   12
    94   0.91704   0.70693   5.20824     833   10
    95   2.88090   1.24896   5.29463    2491   19
    96   6.02413   2.00640   0.76478    4227   17
    97   3.03463   1.12744   5.39022    2701   18
    98   1.05372   0.85914   3.62922    2762   12
    99   4.73459   1.02665   2.72312    3429   18
   100   4.74578   0.90178   5.97464    2685   16
   101   2.87869   1.26605   0.64392    2127   14
   102   2.93026   1.19056   2.28770    1285   11
   103   1.10495   0.83378   5.20921     925   12
   104   1.05098   0.68293   0.59854     590    7
   105   6.24453   1.94556   2.52463    2385   19
   106   1.77134   2.13012   2.15352    1691   13
   107   4.32825   2.31173   2.81878    3361   17