     1   0.00000   0.00000   0.00000       0    0
     2   0.57420   2.01780   3.29598    1668   17
     3   3.79687   1.18986   3.02407     977   11
     4   0.59517   0.37338   4.89118     839   14
     5   2.23959   1.26355   3.58406    1667   14
     6   0.30972   0.39925   5.17259    1681   19
     7   0.85103   1.94192   5.00477    1539   14
     8   5.37712   1.72197   4.23178     621   12
     9   0.10519   0.48515   3.75235    1129   13
    10   2.13783   1.43394   5.16743    1682   16
    11   3.18407   2.52928   1.04474    1115   13
    12   2.20591   1.43876   1.95448    1054   11
    13   0.71372   2.14015   4.85563    1831   17
    14   0.18472   0.42937   5.10953    1609   16
    15   3.98759   1.14960   4.46948    1163   14
    16   0.08660   0.46987   0.65000    1202   13
    17   2.19905   1.36673   3.64904    1468   14
    18   3.58388   2.62518   6.06109    1094   14
    19   0.79854   1.98012   0.22272    1143   15
    20   0.26874   0.50935   2.10344    1129   15
    21   6.21931   0.39386   3.85356    1116   16
    22   2.20065   1.26241   1.98398     957   12
    23   3.86096   1.24327   1.44060    1711   15
    24   0.70895   2.08959   4.97039    1164   13
    25   0.59634   1.99986   1.65330    2200   17
    26   2.08537   1.43860   5.04462    1318   16
    27   3.09374   2.69809   2.48311    1946   16
    28   5.24120   1.78872   1.18012    1438   14
    29   3.94197   1.14147   2.88878    1868   19
    30   3.86368   1.16885   1.29177     802   11
    31   0.36441   0.47157   4.91650    1078   14
    32   3.69685   1.17291   4.64363     988   16
    33   5.43335   1.83260   5.96696    1265   14
    34   0.48350   0.44025   0.17528    2162   20
    35   2.18207   1.39197   1.99523     853   11
    36   5.22393   1.74810   5.70308    1374   17
    37   0.18509   0.55709   5.18489    1210   15
    38   2.25059   1.38609   0.43645    1110   14
    39   2.33527   1.46959   3.61580    1616   15
    40   3.32958   2.71296   2.78084    1479   15
    41   5.38944   1.88958   1.14864    1857   18
    42   3.83444   1.20213   2.85891    1166   13
    43   0.00269   0.38346   3.72706    1576   15
    44   0.31667   0.49714   5.06559    1409   17
    45   3.55017   2.58551   5.95931    1519   14
    46   5.24201   1.81401   5.83854    1229   13
    47   5.21737   1.80832   1.15446    1299   15
    48   2.22765   1.24981   0.44323     977   13
    49   3.19911   2.73919   1.08808     980    9
    50   3.42398   2.76963   1.15413    1244   16
    51   0.00269   0.38346   3.72706    1293   14
    52   0.34897   0.55984   5.07691    1794   13
    53   0.46663   0.43506   1.86284    1482   18
    54   3.85121   1.21726   5.98540    1804   18
    55   0.37654   0.40030   0.31240    1060   13
    56   3.61718   2.55363   6.01432    1732   15
    57   2.22706   1.27298   0.46792    1292   11
    58   5.25122   1.58818   1.21194    2066   18
    59   0.34699   0.53818   0.37480    1725   16
    60   0.31626   0.51069   5.03009    1033   13
    61   5.40344   1.83124   5.96996     739   10
    62   5.23272   1.75202   5.74411    2427   16
    63   5.26765   1.64278   4.16384    1482   16
    64   0.00269   0.38346   3.72706    1428   16
    65   2.23180   1.28975   1.91339    1065   14
    66   0.26384   0.40074   3.56149    2588   20
    67   3.76108   1.08858   6.04935    1444   15
    68   3.28440   2.53795   2.60175    1486   16
    69   0.26384   0.40074   3.56149     929   11
    70   5.38208   1.74501   2.70884     944   12
    71   0.24529   0.59526   0.34778     911   12
    72   0.37654   0.40030   0.31240    1621   14
    73   2.16941   1.43589   3.53255     562    9
    74   0.17754   0.50878   5.18938    1287   15
    75   0.31285   0.42325   5.03650    1275   15
    76   0.24565   0.41095   1.99748    1262   13
    77   3.55221   2.67303   6.11816     810   10
    78   2.30828   1.39451   5.22912    1011   14
    79   3.75360   1.07698   6.06873     729   10
    80   2.18678   1.39721   0.42579    1095   12
    81   3.28440   2.53795   2.60175    1251   14
    82   2.17971   1.53978   1.93662    1223   14
    83   2.13783   1.43394   5.16743    1035   14
    84   2.28087   1.32593   5.09693    1177   15
    85   5.32654   1.75987   4.17912    1275   14
    86   2.13783   1.43394   5.16743     738   13
    87   3.50228   2.64719   4.31572     764   10
    88   5.40697   1.83042   4.22316    1686   15
    89   0.14198   0.51469   5.10730    2144   18
    90   5.33175   1.80279   4.25455    1297   15
    91   6.24732   0.39603   2.23602    1368   14
    92   0.79383   2.00880   3.27703    1513   16
    93   3.81973   1.21894   6.06885     851   14
    94   3.70334   1.23898   1.38672    1563   18
    95   0.32141   0.46462   1.82182     912   12
    96   5.36746   1.68295   2.72893     916    9
    97   3.11717   2.77281   2.56864     851   11
    98   2.08891   1.41732   0.58050    1194   14
    99   5.29679   1.86814   5.86935    1925   18
   100   3.91691   1.08348   4.58794    1933   16
   101   5.36041   1.63457   4.29647     857   11
   102   3.72807   1.04607   6.12220    1612   17
   103   3.28641   2.63902   5.75275    1356   12
   104   5.35476   1.65264   1.07635    1572   13
   105   3.74930   1.15981   2.94240    2453   20
   106   3.29049   2.64578   1.11777    1122   10
   107   3.23964   2.72746   1.01276    1191   16
   108   0.20904   0.51063   3.59012     712   12
   109   0.79845   1.98695   1.83159    1579   16
   110   5.30921   1.79330   5.73425    1064   13
   111   3.85928   1.20572   2.97942     821    9
   112   3.71175   1.22140   6.18326    1632   16
   113   2.09616   1.38707   0.39307     793   13
   114   3.93230   1.21305   4.62112    1266   17
   115   0.27338   0.39961   1.85118    1157   14
   116   2.22321   1.49055   2.00682    1086   13
   117   3.83036   1.14096   1.32428     834   15
   118   2.22950   1.47950   0.50863    1066   15
   119   2.09730   1.37776   2.01489    1322   16
   120   0.59265   2.01695   0.20717    1821   21
   121   5.31019   1.61278   2.76643    1433   19
   122   3.73158   1.16564   4.59692    2390   21
   123   0.64600   2.03176   1.64144    1114   14
   124   3.92526   1.08573   1.19558     906   11
   125   3.24753   2.77336   1.02168    1230   15
   126   2.21149   1.34836   1.99285    1556   14
   127   0.72235   2.09979   3.34745    1045   12
   128   0.75109   2.11935   3.28965     776   12
   129   2.17919   1.31228   3.63062     859   13
   130   0.76737   1.95077   1.88554     822   13
   131   5.46123   1.77786   2.75213    2291   26
   132   3.99402   1.07376   6.01280     693   12
   133   0.52734   0.36798   0.14901     813   14
   134   3.30388   2.54791   4.15405    1714   19
   135   3.77473   1.25099   2.91331     885   13
   136   3.34994   2.62285   2.55209    2145   19
   137   2.22167   1.41880   5.10973     917   13
   138   0.68016   1.95896   1.74631    1380   13
   139   3.38071   2.65963   1.10264    1170   15
   140   0.08203   0.49464   2.12265    1191   16
   141   0.39571   0.43167   0.30745     923   13
   142   3.28440   2.53795   2.60175    1623   16
   143   2.22260   1.42563   3.62394    2276   19
   144   2.17137   1.39707   0.44558    1678   16
   145   2.19852   1.40115   5.17040    1568   19
   146   3.76356   1.20321   1.49937    1638   14
   147   3.16879   2.73273   5.68308    1740   15
   148   3.77378   1.03887   4.57417    1340   18
   149   3.93365   1.19045   2.96673    1073   12
   150   0.82576   1.99029   3.37125    2446   22
   151   3.43428   2.54462   2.81108    2529   21
   152   2.32131   1.32382   1.98023    1761   15
   153   5.31024   1.84660   2.82542    1836   14
   154   2.21464   1.48855   1.94639    1339   15
   155   0.17414   0.37855   2.09766    1628   15
   156   3.23828   2.67632   2.58251    1208   15
   157   5.36736   1.66458   2.73403    1412   15
   158   3.65017   2.64340   4.45153    1616   14
   159   2.09049   1.37599   5.13350    1807   19
   160   3.14355   2.67086   5.61290    1411   15
   161   5.39142   1.70627   4.35912    1471   15
   162   2.07308   1.33286   0.48142     963   13
   163   0.48800   0.52826   1.74115    1274   14
   164   3.81260   1.15565   1.31037    2202   18
   165   0.67286   1.90048   3.29569    1404   15
   166   3.85738   1.15515   4.52522    2003   16
   167   0.65773   2.06190   1.73748    1274   17
   168   3.73055   1.22513   4.47494    1119   16
   169   2.13783   1.43394   5.16743    1296   15
   170   2.20316   1.38486   3.53774    1358   17
   171   0.26225   0.47302   5.06803     797   12
   172   3.99311   1.14252   1.34967     990   13
   173   0.65613   2.12179   0.11956    1275   15
   174   3.21596   2.58250   2.52133    1307   14
   175   3.34304   2.67985   0.99860    1367   15
   176   0.64600   2.03176   1.64144    1965   20
   177   3.49862   2.66554   1.36128    1474   16
   178   2.22706   1.27298   0.46792     694   12
   179   5.45430   1.76196   4.31739    1635   14
   180   0.76959   2.03812   4.93407     847   13
   181   5.35096   1.77932   5.97622    1474   15
   182   0.00269   0.38346   3.72706     773   11
   183   0.07418   0.51791   5.39170    1068   13
   184   5.24091   1.68134   5.94396    1128   16
   185   2.32131   1.32382   1.98023    1460   17
   186   2.26635   1.38462   5.16956    1607   18
   187   5.33700   1.70554   4.37222    1285   14
   188   3.22469   2.60463   2.58657    1867   15
   189   3.73280   1.23342   2.96354    1167   15
   190   0.45783   0.46751   3.28612    1044   12
   191   5.44585   1.69682   4.26833    1376   17
   192   2.26809   1.39606   3.58063    1286   13
   193   3.30030   2.76177   1.16939    1438   15
   194   2.09826   1.46415   3.59957    1598   17
   195   2.21514   1.31824   5.21824    1192   15
   196   3.65760   2.77652   1.44994     654   10