     1   0.00000   0.00000   0.00000       0    0
     2   2.27497   1.19526   0.58169     938   13
     3   3.93996   1.17220   4.43593    2027   17
     4   0.14490   0.53563   5.27917    4293   22
     5   2.96525   2.52462   3.72263    1086   13
     6   5.26989   1.94107   2.65621     687   12
     7   0.73334   1.93048   0.39511    1374   16
     8   5.38668   1.85270   5.75912    1731   14
     9   2.09948   1.13592   5.26187    5316   28
    10   3.29070   2.45387   4.04512     545    8
    11   4.03071   1.08178   1.19259    4164   25
    12   3.94256   1.15418   1.24789     886   11
    13   5.36615   2.10367   4.22767    2304   17
    14   6.24098   0.58116   3.81844     583   11
    15   0.10523   0.67161   3.82034     539    9
    16   0.92049   1.97902   5.21258     876   12
    17   5.31818   1.97484   5.80535     357   10
    18   6.25353   0.48228   5.41699    1004   11
    19   5.33135   1.94542   5.74648     864   14
    20   6.03602   0.59659   4.11500     991   12
    21   4.04630   1.04594   2.68985    1308   15
    22   5.41001   1.98911   1.11085     539   11
    23   4.11579   1.09906   5.69260    1493   14
    24   0.78528   2.02591   5.04644     736   10
    25   3.98646   1.08984   4.38949     500   11
    26   3.29323   2.59167   0.99348    3037   21
    27   5.40449   1.97443   2.60090     628   12
    28   3.85859   1.23872   4.33888     313    9
    29   3.86933   1.19343   4.24618     384   10
    30   4.03046   1.08396   2.64392     532   12
    31   3.00068   2.64205   0.65937    2089   16
    32   0.72127   1.95273   1.97500    1740   19
    33   0.15091   0.49512   2.10542    1054   14
    34   5.42587   1.92389   5.93800     896   13
    35   0.91953   1.97842   0.53958     384    9
    36   0.87477   2.06927   5.16292     665   12
    37   0.83164   1.89444   2.00060    4976   27
    38   3.94500   1.12771   2.84825    1117   13
    39   0.76709   2.03233   5.10461    2028   18
    40   2.28017   1.13937   0.36497     473    9
    41   0.85473   1.91891   2.09436     352   10
    42   6.03017   0.59108   0.95036    2585   17
    43   0.79702   1.95681   0.42242    2637   18
    44   5.42082   1.92546   5.69814    4818   23
    45   3.03517   2.53446   0.78099     438   10
    46   2.20278   1.20946   1.95679    1687   19
    47   0.85335   1.96019   2.01677    1681   16
    48   4.02269   0.99165   1.17047    3219   23
    49   3.14648   2.41085   5.48725    1444   17
    50   5.41728   2.02626   1.08810     712   10
    51   3.28237   2.54126   5.67248    1245   15
    52   0.84340   2.01668   2.02276    1200   12
    53   3.00301   2.54657   0.63731    2279   16
    54   5.37760   1.92336   1.11278     506   12
    55   5.29796   2.03932   4.21982     672   10
    56   4.05026   1.07106   1.07129    2844   22
    57   5.42205   1.84430   2.66247    1493   15
    58   6.03602   0.59659   4.11500     722   12
    59   0.80401   1.98033   1.94007    1635   14
    60   0.86667   1.86324   5.18351    1950   15
    61   0.74837   1.94137   3.43632    4530   25
    62   0.91520   2.05604   5.25783     647   11
    63   2.22550   1.21239   1.97295    1364   15
    64   0.16842   0.64699   5.32652     801   11
    65   5.36008   1.86973   1.09024     342    9
    66   0.20210   0.58482   0.53999    2806   20
    67   2.93884   2.57686   3.78460     845   11
    68   2.10049   1.11890   2.05564     976   13
    69   0.15091   0.49512   2.10542     481   12
    70   5.36690   2.00435   2.64965     793   13
    71   3.98074   1.14719   2.67849     987    9
    72   3.17206   2.42207   0.90139     621   13
    73   2.17620   1.08075   2.14902     973   15
    74   0.80401   1.98033   1.94007     284    6
    75   0.83831   2.00831   5.12062    1325   13
    76   3.98974   1.10941   2.65608     428   10
    77   3.93876   1.10727   2.61291     363    7
    78   5.29469   1.91560   5.91762    4285   27
    79   3.22321   2.57798   4.11284    1561   11
    80   0.83044   1.90763   0.38071     794   12
    81   0.16620   0.53669   5.28242    1897   15
    82   2.11762   1.18455   5.14467     449   11
    83   2.16134   1.16644   5.22934     422    8
    84   3.26096   2.51817   5.61435    2732   20
    85   0.10894   0.57120   0.64753     724   12
    86   3.02698   2.48926   0.69653    1469   14
    87   3.11394   2.55245   3.97475    1010   11
    88   5.35172   2.10808   2.58328     577   11
    89   3.95778   1.11323   1.27481    1070   14
    90   3.17206   2.42207   0.90139    1707   14
    91   3.98974   1.10941   2.65608    1003   13
    92   6.03602   0.59659   4.11500     417    8
    93   5.27651   1.92852   4.20993     686   10
    94   3.12833   2.49983   2.44517     634    8
    95   2.11762   1.18455   5.14467     470   11
    96   3.18561   2.54335   4.04830    1198   15
    97   2.28500   1.22844   5.09011    5606   28
    98   2.19184   1.18205   1.97779    1834   19
    99   5.31818   1.97484   5.80535     330    7
   100   3.93741   1.04202   5.74525     628   10
   101   2.17620   1.08075   2.14902    1538   15
   102   3.11436   2.47393   3.94660     348    6
   103   0.73830   1.94261   3.53897     818   13
   104   2.28453   1.25869   0.48042    5325   26
   105   5.35423   1.90063   1.13959    1688   16
   106   2.11211   1.24677   5.30637    1877   15
   107   0.01342   0.63009   5.42200     406    9
   108   0.85447   2.10933   5.23200    4359   22
   109   0.81690   2.07055   5.13407     684   10
   110   5.42082   1.92546   5.69814     966   15
   111   5.40112   2.01915   2.57156    1310   16
   112   5.38154   1.96991   1.05148    1021   12
   113   2.10049   1.11890   2.05564    1398   17
   114   2.24528   1.14054   3.60491     879   13
   115   3.34377   2.67289   4.13995    1878   13
   116   2.15197   1.11442   3.56082     555   10
   117   5.33501   1.93697   4.36207     564   12
   118   2.94259   2.55308   2.21444     823   12
   119   3.94506   1.19344   1.17348    1444   15
   120   5.27992   1.99009   2.63404     700   10
   121   5.38815   1.86111   1.05684    4963   24
   122   5.31818   1.97484   5.80535     740   10
   123   5.28314   1.97807   4.31315     674   12
   124   6.26000   0.49689   3.85794     870   11
   125   0.73334   1.93048   0.39511     742   10
   126   5.41290   1.92443   4.20731    1770   19
   127   3.86242   1.17751   1.19910    1882   16
   128   3.23465   2.51518   4.04323     524   12
   129   5.31818   1.97484   5.80535     823   13
   130   2.15197   1.11442   3.56082     675   11
   131   0.95446   2.02765   0.61187    2920   18
   132   5.41770   2.05607   2.67985     559   11
   133   5.35434   1.99486   4.21871    2854   20
   134   0.80875   2.00000   3.62726     522   11
   135   3.90515   1.06963   5.84875     831   12
   136   6.23744   0.50226   2.39353     632   11
   137   0.87735   2.06165   5.24277     824   11
   138   5.29540   1.90370   5.81268    1577   15
   139   5.32101   1.89602   5.76818     537    9
   140   5.30272   2.07054   4.24153    2421   19
   141   5.39218   1.88546   5.70049     489   10
   142   0.80401   1.98033   1.94007    1742   15
   143   2.21124   1.14726   5.21019    4671   22
   144   2.19138   1.11060   3.64840     777   13
   145   6.21409   0.55385   3.98741    1309   11
   146   3.03229   2.57240   3.97133    2490   19
   147   3.04660   2.66024   5.45094    1270   14
   148   0.15091   0.49512   2.10542    1568   13
   149   6.03602   0.59659   4.11500     447   11
   150   5.33317   1.91827   2.69867    1121   12
   151   5.26930   2.03900   5.83994    1173   16
   152   5.39255   1.95912   2.54690    1049   12
   153   5.31818   1.97484   5.80535     417   10
   154   0.85276   1.94174   0.36772    1917   15
   155   0.13392   0.53630   2.06578    3791   21
   156   2.16369   1.24486   3.63254    1462   15
   157   0.10894   0.57120   0.64753    3051   18
   158   5.33313   2.05547   4.14805    3590   20
   159   5.41052   1.92891   4.31725     865   11
   160   2.19128   1.27675   3.75279    1365   13
   161   5.97723   0.53538   2.54435     591    8
   162   6.16203   0.49116   2.43590    1434   16
   163   2.28568   1.18006   3.54224    3204   17
   164   5.31818   1.97484   5.80535    2186   19
   165   6.13796   0.67709   0.91124    2870   18
   166   6.19052   0.63441   3.96795    3169   18
   167   3.26788   2.50468   2.53621    2774   17
   168   3.10004   2.60003   3.95057    1392   13
   169   3.16192   2.51362   3.92580    3697   26
   170   0.89212   2.06081   0.42935    2588   16
   171   6.25844   0.59066   2.35178    2578   19
   172   3.18394   2.56230   0.82077     400   10
   173   3.95708   1.16828   4.23511    3127   24
   174   2.93003   2.52981   0.59450    2004   16