     1   0.00000   0.00000   0.00000       0    0
     2   0.66634   2.29309   1.76837     572   14
     3   4.54552   0.47317   4.53302    1104   15
     4   0.03800   2.46977   1.75240    2686   21
     5   0.54454   2.38458   1.40130     834   12
     6   5.81775   0.94167   3.65859     209    9
     7   0.43080   0.43451   3.36262     798   11
     8   5.90322   1.88064   0.70861    2374   21
     9   0.73836   0.98093   4.60585    1787   17
    10   0.85369   2.02486   1.90517     760   13
    11   3.37255   0.75612   0.05815     741   12
    12   1.73957   1.88178   2.85872    1211   20
    13   0.33474   0.78659   5.61715    2358   27
    14   5.88311   1.74714   2.05227    1283   17
    15   2.23923   1.21292   3.71837     675   13
    16   3.51386   1.71464   1.89145    1830   18
    17   1.10372   1.04847   4.27498     512   10
    18   1.72502   2.45243   5.45731     347   10
    19   2.55637   2.37013   1.67958    1463   15
    20   4.33351   1.74097   2.24880    1138   14
    21   0.23583   0.58286   1.37497    1901   23
    22   0.95861   0.86188   0.52486     160    6
    23   4.25799   2.12254   4.43215     758   16
    24   0.79162   1.00722   0.29822     954   14
    25   4.59717   2.38153   5.62542    3279   24
    26   0.51669   2.48514   4.18120    1489   16
    27   5.52798   1.74539   2.35082     686   13
    28   1.30112   0.95457   4.11431    1647   18
    29   2.75535   1.98621   0.59210     645   12
    30   5.58658   0.91904   2.86491    1232   17
    31   1.69642   1.92542   1.26210    1105   13
    32   2.59945   0.43367   0.84532     439    9
    33   4.95055   1.51971   1.08081     642   11
    34   4.14665   1.60180   4.45798    1331   13
    35   3.69595   1.37617   4.64173     503   12
    36   2.81657   1.33472   5.74738     411   11
    37   4.09080   2.09833   3.78953    1061   15
    38   3.89097   0.95570   1.06118     323    9
    39   1.10585   2.21518   2.52406     299    8
    40   3.90312   1.87127   3.90116     340   12
    41   4.76001   1.77306   5.93374     741   16
    42   4.93673   1.55411   2.42284     499   12
    43   2.68856   1.70367   3.28432     419   12
    44   6.11839   2.62068   4.86118     881   12
    45   3.50228   1.04308   4.38408     304   10
    46   5.48071   1.69904   4.76944     222    9
    47   1.88139   1.76568   6.08424     296   10
    48   0.37224   1.17672   3.89323    1364   18
    49   2.75535   1.98621   0.59210     275    7
    50   6.09816   2.09734   4.28807     750   13
    51   2.48093   1.25510   6.06361    1027   16
    52   2.46863   1.43853   4.72730     310    8
    53   2.37204   0.45838   4.03731     395   11
    54   5.24312   1.71952   1.77068     422   11
    55   2.22384   1.56894   5.39487    2359   23
    56   0.28559   1.76412   3.68677     459   13
    57   3.42216   2.07146   0.32352     979   11
    58   2.19603   1.81705   5.18328    2477   21
    59   4.74842   2.57536   3.52299     744   11
    60   5.91674   0.60720   0.27356     576   13
    61   4.59471   1.55543   4.24180    1241   19
    62   1.50245   1.71237   3.29793     386    9
    63   0.11803   0.81417   4.13966    1680   18
    64   0.74530   0.89750   0.36641    1637   16
    65   4.75358   1.50870   4.48421     947   13
    66   2.88534   1.60348   2.63920     498   14
    67   0.04498   2.62640   5.09271     479   10
    68   1.23014   0.69266   3.84301     455   14
    69   4.51134   1.12186   2.28182    1222   15
    70   0.90043   2.17862   0.50751     337   11
    71   4.14905   1.50281   4.79644     345    8
    72   5.32569   0.68837   2.66888    1333   21
    73   4.74224   1.60253   5.49007     827   12
    74   2.18340   0.51832   1.76038    1034   13
    75   2.84252   1.61299   2.15712     218    8
    76   1.39367   1.86852   6.02969    1449   16
    77   4.44328   1.87577   3.82932    2026   20
    78   5.50426   1.08359   0.01579     739   14
    79   4.29560   2.07955   1.56454     820   17
    80   0.90671   0.16045   0.87615    3706   22
    81   3.00328   0.67623   5.16634    1299   14
    82   2.60907   2.12420   4.26475     478   12
    83   0.89319   2.70302   5.49799     964   15
    84   0.49833   0.91590   4.77512    1783   22
    85   4.75824   1.58812   3.59153    1311   15
    86   5.07876   0.37990   0.03630    1872   20
    87   6.11268   1.38362   1.75363     509   11
    88   3.88456   1.11651   2.83302     357   10
    89   0.85757   0.28414   4.48158    1520   19
    90   4.02119   2.65773   1.19814     709   10
    91   1.54234   2.29654   5.57212     367   10
    92   0.99809   1.04180   2.46160     978   16
    93   4.69951   2.40042   0.75880    1199   15
    94   0.73649   0.92776   1.90290     326   10
    95   5.74984   2.33748   6.17935     988   16
    96   4.14905   1.50281   4.79644    1285   18
    97   3.91093   1.52678   0.92680     799   11
    98   2.57139   0.33404   0.76289     679   11
    99   2.89068   1.39160   0.15160     263   10
   100   1.57932   2.04605   4.49144     594   13
   101   3.23226   2.37550   3.96012     432   10
   102   6.06144   2.75052   0.33689     535   13
   103   2.85486   2.16451   2.42395     384   10
   104   4.53316   1.35130   3.91073     778   12
   105   0.60991   1.53217   2.62203     496    8
   106   4.83595   2.49812   0.98512     376   10
   107   2.08734   1.00770   4.16598    2558   23
   108   3.34879   1.92824   1.98117     595   12
   109   4.23165   2.30039   3.88115     768   15
   110   3.90768   1.47014   5.37214    2691   21
   111   0.53862   2.16577   0.08369    1224   15
   112   2.74955   0.61359   0.96903    1841   23
   113   0.77559   1.86713   5.44018     788   15
   114   3.84105   0.56245   5.79454     285    8
   115   3.93070   0.95046   0.34859     234   11
   116   5.64237   1.72161   3.44082     598   13
   117   2.33571   2.92006   5.16377    1250   16
   118   1.88367   1.73637   2.15777     772   13
   119   2.57938   2.03465   1.22037     586   11
   120   0.78504   1.70342   2.25612     147    7
   121   0.38298   0.83860   1.67481    3682   29
   122   2.70606   0.50187   5.05574     691   13
   123   4.70420   1.55710   4.83622     182    8
   124   3.24665   0.58715   5.19743     716   16
   125   4.03454   1.11561   5.39738     710   11
   126   0.54713   2.05412   0.47135     498    9
   127   4.83110   2.31816   0.93513    3102   21
   128   0.23286   1.46381   0.85439     550   13
   129   4.56459   2.56072   1.29132     272   10
   130   3.50341   0.71741   5.54405    3876   27
   131   5.08160   1.00199   1.70106     527   11
   132   2.21614   0.68326   2.80359     195    7
   133   2.22548   1.95286   2.59112     881   13
   134   5.91211   0.94782   2.37660     580   14
   135   0.79569   0.90586   1.37480     463   11
   136   0.43813   1.51517   3.36081     330   11
   137   4.18385   2.77916   3.52364     342   10
   138   0.59207   2.19819   6.14513     370   12
   139   6.08713   1.52949   3.93124     537   11
   140   5.83117   0.21187   4.24514    2938   22
   141   0.69733   2.79435   2.32147     638   11
   142   1.30197   1.73189   3.07598     661   11
   143   4.13554   1.45110   4.65617    2567   23
   144   3.02936   0.59865   4.83495     368   11
   145   1.73381   2.15266   2.30620     261    8
   146   3.00147   0.50770   3.46494     276    9
   147   1.81989   0.74912   2.12610     352   12
   148   0.48722   2.29912   1.07662     447    8
   149   0.37133   2.87952   4.05198     487   13
   150   2.74910   1.44883   5.93806    2686   24
   151   3.46558   2.91221   4.44142     229    8
   152   0.10252   1.07389   5.63643    1529   19
   153   5.25897   1.02515   5.22386     499   14
   154   2.47207   1.52355   3.15737     759   11
   155   1.73111   1.68143   4.55169     267   10
   156   3.76924   1.39910   1.78425     305    9
   157   5.79311   1.38560   1.99838     585   11
   158   4.39044   2.30411   1.23610     458    9
   159   0.84993   1.48808   5.07063     991   10
   160   2.41000   0.62821   0.14049     586   14
   161   0.99590   0.79034   0.03085     588   13
   162   1.05849   2.79922   4.43580     856   13
   163   4.85847   2.43092   4.08411    1398   14
   164   0.23268   2.22975   2.44949     660   11
   165   1.18291   0.32094   4.35338    2557   19
   166   4.96185   2.49415   2.52691     971   15
   167   0.44287   1.98957   0.72248     617   14
   168   4.88191   1.76810   5.21844     474   12
   169   0.85115   0.64535   2.15135    1509   18
   170   5.60843   0.46291   3.79812     960    8
   171   3.76454   0.33330   0.52592     920   17
   172   5.47964   0.64052   1.38742     305    9
   173   4.10303   0.95118   0.99073     839   14
   174   4.04922   1.68297   2.39776    1722   22
   175   1.99622   0.81151   4.00834     139    8
   176   5.49554   1.85661   0.48811     246    8
   177   5.96516   0.21780   5.85893     173    6
   178   0.25508   0.83488   0.62549    1133   17
   179   1.78748   1.41764   2.88629     515   13
   180   2.57997   0.74172   3.80262     100    6
   181   4.60113   0.58402   2.26110     337   10
   182   5.02702   0.56283   2.02727    1915   19
   183   1.86238   2.13452   3.77567     805   11
   184   5.05226   1.38477   5.26073     552   10
   185   3.25348   0.89223   0.61459    1626   19
   186   1.52893   1.11535   5.28180    1888   21
   187   2.71695   2.33020   1.16590     225   10
   188   4.36140   1.06671   3.46113     603   14
   189   2.11252   1.03457   2.24927     344   10
   190   3.17609   2.97683   5.03119     631   13
   191   0.72102   1.96395   4.08016     332    8
   192   5.90721   1.07284   1.89408     355    9
   193   1.41265   1.05284   0.45108     521   13
   194   3.93441   0.87202   2.40642     213    8
   195   5.49634   1.04758   2.01041     322   11
   196   0.49294   2.04357   6.02482     354    9
   197   0.33038   2.55160   3.34656     895   16
   198   5.79917   2.55075   0.34069     612   13
   199   4.34042   0.85860   3.79242     232    8
   200   3.52592   1.37337   0.53446    1062   17
   201   4.88810   1.02769   0.56976     799   14
   202   4.30842   1.45348   0.45863    1194   16
   203   4.13517   2.34431   4.72464     959   15
   204   5.62293   2.77427   3.45737     601   13
   205   3.34828   0.98222   5.64288     768   12
   206   1.15253   2.14484   3.92351     624   14
   207   3.48895   1.55757   0.55750     744   16
   208   3.78920   1.51607   1.75223    6152   32
   209   1.65503   1.68187   1.75509    2546   23
   210   0.58431   2.12684   0.00996    1518   19
   211   4.98712   2.56409   0.56229     340    9
   212   0.30541   2.09986   4.11263    4368   29
   213   0.31802   0.48832   3.10741     103    4
   214   1.73111   1.68143   4.55169     676   13
   215   0.29774   2.51673   3.15613    2304   19
   216   5.75850   2.06127   3.68441     903   14
   217   4.35763   2.65055   6.05866     891   14
   218   3.79285   2.87163   4.82283    1029   16
   219   2.85566   2.11149   6.22172     646   15
   220   4.33351   1.74097   2.24880     220    8
   221   2.95426   2.12050   1.89153     814   14
   222   5.17961   2.65511   5.65297    1015   14
   223   2.48277   1.92211   0.72765    1423   20
   224   4.71617   2.51127   0.37284     798   13
   225   4.69248   1.67445   3.50171    1462   16
   226   2.57997   0.74172   3.80262     300   10
   227   6.16044   1.81205   5.76218    1024   12
   228   3.54918   1.46419   3.88308    1074   13
   229   4.74347   1.45998   4.72356    3510   32
   230   1.27229   0.79282   2.04988    4755   33
   231   6.00839   2.87257   2.43474    2780   23
   232   4.10767   1.12811   5.98325     176    7
   233   1.97717   3.00978   4.76893    6079   37
   234   4.23264   2.53727   0.39601    1995   21
   235   0.39654   0.64133   3.57985     677   13
   236   2.72706   2.37313   5.25058    3652   25
   237   5.27114   2.31667   1.59414    1036   17
   238   0.34021   2.40924   2.79170     270   10
   239   1.24346   0.36104   0.21723     807   14
   240   0.66373   1.44480   1.53939     292   12
   241   6.08777   0.66320   2.21476     600   11
   242   1.73454   2.90992   1.49860    1192   19
   243   4.93617   1.84884   3.43036    1025   15
   244   1.88530   1.61012   5.67944     913   15
   245   0.57347   1.35247   4.39973     710   13
   246   1.86237   0.41237   0.23417     717   16
   247   4.27961   2.42839   2.08802     751   13
   248   0.89762   2.04320   3.81362    2146   20
   249   0.95861   0.86188   0.52486     699   12
   250   4.09981   2.26502   3.07360     154    8
   251   0.16915   1.30378   1.71398     828   17
   252   5.05215   1.19854   1.01838     235    8
   253   4.07474   1.22413   2.94576     765   11
   254   5.20258   2.26346   3.47392    1278   16
   255   0.47788   2.21745   3.90829     647   13
   256   6.13578   1.92678   2.56529    1580   18
   257   2.27587   2.26207   5.22632     465   12
   258   6.07943   0.58400   5.93735     240    8
   259   1.54818   2.56371   2.77153     527   10
   260   4.54552   0.47317   4.53302     127    7
   261   3.97501   1.54564   5.55969    1542   16
   262   5.88991   1.02905   0.87330     819   17
   263   4.90272   2.29582   5.34135     204    7
   264   1.62474   0.81475   1.39160    1374   15