     1   0.00000   0.00000   0.00000       0    0
     2   1.16847   2.07875   5.28040    4345   26
     3   2.50953   1.01846   3.64253     349   12
     4   2.35749   1.10420   3.68666    1671   13
     5   0.03847   0.61276   3.99044     806   10
     6   0.03847   0.61276   3.99044     355    8
     7   3.47315   2.51145   0.99630    1904   18
     8   3.29877   2.48478   0.82971    3290   22
     9   4.34121   1.05163   5.66619    1219   16
    10   4.13173   1.09999   4.28061    2525   21
    11   0.16134   0.52546   4.09428     409   11
    12   3.30033   2.50447   3.83304    2659   19
    13   1.09075   2.12086   2.03098    1012    8
    14   3.17458   2.42158   0.76337     403   11
    15   4.38216   1.05513   4.18460    2466   17
    16   1.11429   2.08228   3.74766    1463   16
    17   1.14251   2.11323   0.48396     199    8
    18   3.20260   2.55040   0.70673     470   10
    19   0.26935   0.56040   3.95715     904   10
    20   3.29751   2.38498   0.78628    1331   15
    21   0.94172   1.95678   1.90391    1373   16
    22   2.33764   1.02029   5.21070    1085   11
    23   3.20177   2.60342   0.60141     715   13
    24   2.50953   1.01846   3.64253     440    9
    25   5.65849   1.98947   2.66650     913   12
    26   2.48126   1.14672   5.23354    1553   18
    27   1.05625   1.94339   3.72394    1314   13
    28   4.27241   1.12531   5.76416     526   11
    29   3.45639   2.54887   4.06376    4925   24
    30   5.45383   2.01390   5.62549    4868   25
    31   4.29385   1.03509   4.25548    1523   14
    32   3.33616   2.63439   0.75820     952   14
    33   2.44035   1.06791   0.53436    2059   19
    34   3.47316   2.46383   1.02909     634   12
    35   0.17512   0.50380   2.40284     798   13
    36   2.24485   1.11789   0.69175     651    9
    37   2.42488   1.15707   2.14488    1819   17
    38   3.47316   2.46383   1.02909    1365   16
    39   4.30609   1.22102   5.80461    2565   19
    40   2.50953   1.01846   3.64253    1147   13
    41   2.54354   1.06715   3.59263    1922   17
    42   3.43627   2.47410   0.78739     784   14
    43   2.58839   1.25205   3.63582     488   10
    44   5.58508   1.97772   2.57453    1243   14
    45   1.04898   2.01351   3.63245    2214   21
    46   1.06099   1.97555   3.49515     332   11
    47   2.46514   1.17989   5.13073     962   14
    48   5.64554   1.93984   5.86713     559    9
    49   5.45716   1.94897   1.03142    2121   17
    50   1.06998   2.05532   3.62439    3277   27
    51   0.13628   0.68651   5.50896     443   11
    52   3.45115   2.42523   5.60870     675   14
    53   0.32269   0.55158   5.29963     654   11
    54   1.10857   1.97765   2.02293     811   11
    55   4.23794   1.06846   5.69636    1231   13
    56   4.38216   1.05513   4.18460     355    9
    57   0.93961   2.01363   3.48461     548   12
    58   4.31384   1.07391   0.96935     467   11
    59   5.64407   2.03612   4.20528    3674   25
    60   0.10375   0.69396   2.41577    1061   12
    61   5.67187   2.03358   4.20603     536   10
    62   3.18781   2.52701   2.22997    1181   12
    63   1.17290   1.93153   0.46129     725   12
    64   5.51033   2.02380   1.12243     283    7
    65   4.32480   1.08004   2.69603    1789   16
    66   0.03847   0.61276   3.99044     423   11
    67   5.56104   1.95926   4.35366    1340   16
    68   2.49663   1.02998   5.10688     548   12
    69   1.02685   1.96607   1.94297    2459   19
    70   0.20510   0.76167   0.86564    3880   24
    71   0.20827   0.60638   2.42680    4558   26
    72   1.06788   1.96354   0.46908    2761   21
    73   4.21701   1.05019   2.63647     486   11
    74   3.20416   2.64671   0.66911     767   10
    75   0.32821   0.62415   5.38366    1097   12
    76   5.64061   2.05645   2.77914     870   13
    77   3.48408   2.56263   3.98342     423    8
    78   4.34088   1.16788   1.15380    1631   14
    79   1.02685   1.96607   1.94297     493   11
    80   4.18473   1.25420   4.22489     236    7
    81   5.51757   1.94588   5.78349     569   11
    82   0.94199   2.07355   3.47090     609   11
    83   3.47316   2.46383   1.02909    1201   15
    84   4.38216   1.05513   4.18460     548   11
    85   3.17211   2.60556   0.71909    1197   15
    86   2.42444   1.14267   5.24723     701   12
    87   5.58793   2.07769   4.09172     531   11
    88   4.22619   1.11112   2.65128    1248   15
    89   3.50623   2.49216   2.41392     462    8
    90   1.05111   2.05413   0.50246    3920   22
    91   3.35906   2.44481   2.32488     279    9
    92   5.51786   2.09924   4.20500     736   14
    93   4.18911   1.18086   2.79042    1092   13
    94   4.36356   1.13592   1.06649     517   12
    95   5.58375   2.12199   1.03331    4234   25
    96   0.42413   0.61514   5.26743     975   12
    97   4.26024   1.19144   2.69676     435    8
    98   2.50953   1.01846   3.64253     864   10
    99   2.29794   1.05414   0.54815    1045   15
   100   2.42251   1.29715   5.26455     437   12
   101   1.02750   1.97848   5.16582     568   12
   102   1.24976   2.10741   3.74786    1455   14
   103   3.25035   2.63113   5.37918     543   11
   104   4.28293   1.22608   5.78863    3446   22
   105   1.02685   1.96607   1.94297     433    9
   106   4.38216   1.05513   4.18460     585   13
   107   2.52612   1.08941   2.09595     291    9
   108   2.37063   1.05019   2.03487    3476   23
   109   0.35421   0.66960   3.74140    2660   18
   110   4.22619   1.11112   2.65128     494   10
   111   3.32067   2.64611   3.91222     670   10
   112   0.06819   0.70063   2.39990    2014   16
   113   1.10118   2.02953   3.69090     662    9
   114   4.23197   1.05491   5.80148    3221   21
   115   5.64554   1.93984   5.86713    2695   18
   116   2.33556   1.07025   2.21082    2031   16
   117   0.06969   0.62946   2.41617     720   13
   118   0.06181   0.65211   0.92514     350    8
   119   2.42569   1.16439   3.64807     704   11
   120   0.20730   0.63792   5.58881    4494   27
   121   0.27540   0.58734   0.79979    2096   20
   122   0.22410   0.52195   2.26201     392    9
   123   2.51816   1.10905   0.55832    1199   15
   124   2.50540   1.09914   0.55288     984   11
   125   4.31644   1.08911   5.77302    4237   25
   126   0.38767   0.67304   3.71822    1959   14
   127   5.66627   2.05131   5.88154    1786   16
   128   4.26024   1.19144   2.69676     774   11
   129   1.02035   2.07954   0.46836    2534   19
   130   4.33508   1.21596   5.88543     948   11
   131   4.14694   1.24059   5.85856    4613   26
   132   5.64242   2.10132   1.10607     485    8
   133   5.51786   2.09924   4.20500    1250   16
   134   0.27378   0.75133   2.31315    1002   11
   135   1.00745   2.01170   5.28405    2074   17
   136   5.51033   2.02380   1.12243     609   10
   137   2.42251   1.29715   5.26455     788    9
   138   1.06441   2.14895   3.69195     308    9
   139   3.39057   2.49032   0.86927    1177   15
   140   4.28367   1.03133   2.59238    2207   17
   141   3.22187   2.56978   5.43150    1423   16
   142   4.15802   1.13212   2.78524     690   10
   143   5.45383   2.01390   5.62549     643    9
   144   2.44304   1.04860   2.08481    2027   16
   145   2.44300   1.05727   2.19989    1648   16
   146   2.38324   1.08570   5.24498    1454   13
   147   1.23788   2.00605   0.53726    1234   15
   148   5.45383   2.01390   5.62549    1054   17
   149   5.53574   1.88100   1.11315    3341   17
   150   2.45514   1.17406   2.16081    1246   13
   151   3.19696   2.42418   2.27964    1901   18
   152   4.22483   1.19118   0.96959    1083   13
   153   4.24347   1.02253   2.54811    3619   22
   154   3.33332   2.50076   5.41027    1510   17
   155   3.28052   2.40053   0.72574     695   12
   156   2.34341   1.17051   2.00765     905   12
   157   6.25598   0.70119   5.74707    1599   16
   158   0.26802   0.68278   3.89622     745   11
   159   4.12118   1.04220   2.72195     534   12
   160   4.12632   1.17035   5.92394     678   12
   161   4.38216   1.05513   4.18460     645    9
   162   5.44543   2.07796   0.96356     913   14
   163   2.39596   1.05148   3.75391     673   12
   164   0.98496   2.11180   0.42788    1813   17
   165   3.25035   2.63113   5.37918    2907   16
   166   3.28725   2.42946   2.34938     625   12
   167   5.57636   1.94848   2.56275    3801   22
   168   0.05904   0.60538   3.94339     445   11
   169   4.12328   1.16244   5.82243     816   10
   170   0.18613   0.54829   2.25821    1701   12
   171   5.51033   2.02380   1.12243     690    9
   172   0.96868   2.05237   2.02929    2303   20
   173   5.51786   2.09924   4.20500    1337   15
   174   1.06441   2.14895   3.69195     785   12
   175   3.27823   2.51422   3.93031    2909   20
   176   4.07179   1.20156   4.35624    2006   19
   177   3.24865   2.42109   0.79880    1642   18
   178   3.52881   2.51692   2.54889    5269   25
   179   4.23496   1.13109   5.79433     602   13
   180   5.54973   2.00044   2.67058     912    9
   181   5.45383   2.01390   5.62549     467    9
   182   3.39716   2.52315   2.41768    2381   17
   183   4.21227   1.23352   5.82781    4627   22