     1   0.00000   0.00000   0.00000       0    0
     2   2.78029   1.31243   1.83070    1205   12
     3   5.83856   1.65549   4.26353    1146   13
     4   5.93782   1.80827   4.25885     724    8
     5   4.24155   1.38171   3.94748    1955   18
     6   4.62153   1.51968   3.25491    1592   15
     7   5.01941   0.84697   2.43179     929   14
     8   5.17459   1.45034   3.81134    2163   17
     9   0.57016   1.16931   1.52462    1039   13
    10   0.51504   0.42739   3.86359     956   16
    11   2.72564   1.26562   1.36359     994   12
    12   5.73805   1.69193   4.38603     870   13
    13   5.99047   1.73352   5.99122    1329   15
    14   0.56840   2.03874   3.82863    1041   15
    15   2.69173   1.25077   1.95919    1591   13
    16   5.81455   1.92718   2.76491     892   13
    17   4.29958   2.73380   1.18823    1565   13
    18   4.34938   1.14947   2.89026    1554   15
    19   1.76502   2.35221   3.25566    1731   15
    20   3.80553   0.57868   6.28043    1494   16
    21   2.78343   1.32223   1.87118    1175   16
    22   5.58860   1.45817   2.67019    1425   17
    23   6.03990   2.36469   5.70796    1161   16
    24   0.65406   2.19888   4.76741    1740   16
    25   0.67275   0.52930   3.57136    1075   13
    26   4.51199   1.27540   4.86851    1712   18
    27   0.50565   0.49872   2.27797    1435   18
    28   0.50222   2.05444   5.43833    1321   15
    29   0.25992   0.66783   1.00028    1097   15
    30   4.35702   1.28644   1.27225    1528   17
    31   4.58663   1.45443   1.76530     786   10
    32   2.78258   1.28514   0.38690    1362   15
    33   1.22061   1.80300   0.26649    1011   13
    34   1.18887   1.80167   1.79442    1560   18
    35   1.09774   2.32562   6.11458    1746   18
    36   2.08449   1.67270   4.18597    1632   18
    37   2.75939   1.44700   3.55425     554   10
    38   3.95253   1.17642   6.28258     710   10
    39   2.54961   1.85802   2.38998     956   11
    40   5.87373   1.81326   4.76343    1334   16
    41   2.72037   1.27077   4.97964    1477   16
    42   3.80990   2.60951   5.76731    1214   13
    43   2.75939   1.44700   3.55425    1047   11
    44   0.21055   2.47334   0.85313    2252   19
    45   5.52745   1.81657   0.88789    1906   18
    46   4.22391   1.31702   2.97246     704   12
    47   2.96740   1.40430   0.03795    1088   13
    48   3.89948   2.80985   5.85585     817   15
    49   2.72163   2.36552   4.60813    1474   17
    50   4.58663   1.45443   1.76530    1028   13
    51   2.32099   2.94661   2.15791    1189   13
    52   0.42026   0.39895   0.77905    1257   13
    53   5.82501   1.79655   4.39819    1549   18
    54   5.08733   0.97785   2.86428    1282   16
    55   0.54805   0.51186   3.74982    1453   17
    56   3.67505   2.73048   2.58051    2002   19
    57   0.11607   2.08253   1.07728     898   14
    58   1.31230   1.90044   3.34769    1415   15
    59   5.78483   1.78269   1.33383    1472   17
    60   0.48534   0.77283   4.45760    1029   11
    61   1.33926   1.12502   5.01742    1761   14
    62   5.91696   1.69483   1.24621    1567   17
    63   5.76202   1.88277   4.42163     938   14
    64   3.89387   2.12831   4.36744     603    9
    65   3.93973   1.10413   2.85691    2297   20
    66   4.93415   1.48350   4.57094    1168   16
    67   4.73334   1.77904   4.46878    1511   16
    68   0.51482   0.40126   3.80199     767   11
    69   3.90516   2.72933   2.74421    1653   20
    70   5.74814   1.88655   4.36907    1645   15
    71   5.85395   1.82884   1.22324    2020   18
    72   0.51871   1.04755   6.27809    1316   15
    73   3.56139   0.39898   5.27296    1780   16
    74   4.93415   1.48350   4.57094    2415   22
    75   0.54150   2.23483   2.89312     891   14
    76   4.34522   1.20169   4.43512    1045   15
    77   0.49770   0.42401   3.74552     909   10
    78   1.25500   2.04180   1.85240     939   12
    79   1.27088   1.89071   0.23082    1776   18
    80   3.87782   1.43547   1.34548    1211   12
    81   3.68294   2.59914   0.81371    1223   13
    82   3.97678   2.73784   1.25505    1039   14
    83   1.13082   1.93068   3.38973    1480   14
    84   3.65087   2.62858   5.71158    1200   12
    85   0.50565   0.49872   2.27797     975   15
    86   0.69220   1.64407   4.42400    1013   12
    87   4.79721   1.91331   3.29256    1882   18
    88   5.89656   1.67921   2.71299    1360   13
    89   2.12914   1.61294   2.67041    1153   15
    90   3.24929   2.00633   4.73588     769    9
    91   0.63377   0.42213   3.65950     783   12
    92   0.51871   1.04755   6.27809    1522   16
    93   4.38378   1.30936   6.11778    1054   14
    94   1.32774   1.88496   3.46683     673   10
    95   0.09806   1.41623   3.02492    1465   16
    96   3.94870   0.80009   3.16427    1320   17
    97   5.88958   1.90524   1.22607    1395   16
    98   6.01862   1.05122   3.69168    1118   13
    99   1.21446   1.86750   3.38298    1286   15
   100   0.44128   2.31072   3.11600    1265   15
   101   5.40437   2.07752   1.35943    1185   15
   102   2.82596   1.65630   1.91262    1429   14
   103   0.62550   0.20786   4.61300    1894   17
   104   6.05268   2.27982   0.42720    1455   17
   105   2.47251   0.83996   6.16570    1165   13
   106   4.04205   0.35737   5.37929    1509   17
   107   5.30333   1.72707   2.02995    1243   15
   108   2.45080   2.68293   1.11863    1683   18
   109   3.26173   1.23490   6.26024     766   12
   110   2.97547   2.53906   5.68020     852   12
   111   1.23063   1.87781   3.36552    1286   12
   112   2.12914   1.61294   2.67041    1125   14
   113   5.97564   2.06506   3.86138    1733   19
   114   2.27343   2.27386   0.22452    1294   15
   115   2.78029   1.31243   1.83070    1252   14
   116   1.33376   1.87793   3.43203    1362   14
   117   1.10481   1.93315   0.26939    1070   13
   118   5.89556   1.89595   2.86359    1523   17
   119   1.81453   1.34161   2.73825     959   12
   120   0.80692   0.94692   5.29855    2358   18
   121   1.27621   2.28450   1.72164    2039   22
   122   5.73805   1.69193   4.38603    1856   21
   123   2.23785   1.77700   1.48083     856   12
   124   0.42448   0.84742   5.48662     949   12
   125   4.40939   0.85097   0.75172    1296   16
   126   5.27548   0.50209   5.94314    2265   18
   127   4.05777   1.17522   2.52901     943   13
   128   5.95005   1.83234   1.13872    1523   13
   129   5.80576   1.63932   4.12820     933   13
   130   5.83457   1.81921   2.84859    1929   19
   131   0.98820   1.56426   2.89191    2078   20
   132   3.07412   1.41453   2.24702    1003   15
   133   5.40880   1.70953   2.41100    1422   13
   134   4.30421   1.18503   5.96915    1254   13
   135   1.14713   0.78192   2.30182    1088   13
   136   0.31692   0.35374   3.97052    1284   16
   137   4.48848   0.81978   4.09205    1886   18
   138   3.02633   1.52427   4.74086    1136   14
   139   5.79293   1.88437   2.80895    1304   16
   140   1.01290   1.72386   3.18118    1208   14
   141   1.94448   0.69412   2.75571     614   11
   142   2.94840   1.99189   5.52981    1216   12
   143   0.50565   0.49872   2.27797     895   12
   144   0.51871   1.04755   6.27809    1194   12
   145   2.30072   2.21445   2.99102    1151   14
   146   4.47766   0.75020   2.36807    1264   13
   147   0.31925   1.44942   2.13732    1206   18
   148   4.76770   1.54852   0.68693    2228   18
   149   5.00416   0.42867   2.85562    1838   17
   150   2.75939   1.44700   3.55425    1239   15
   151   4.03041   0.87231   3.16911    1141   15
   152   3.79152   2.63153   1.02220    1537   15
   153   0.84447   0.40138   3.59814    1102   12
   154   1.85188   1.09784   5.21272    1756   15
   155   0.92095   1.82588   5.58146     912   13
   156   1.32466   1.96775   0.25604     972   13
   157   3.54894   2.63627   5.48321    1015   13
   158   0.50565   0.49872   2.27797     853    9
   159   1.20997   1.97189   5.03479    1634   15
   160   5.47387   1.65306   2.43793    1964   18
   161   1.22810   1.80338   3.45762    2073   17
   162   4.16486   1.91943   0.31813     993   13
   163   5.79853   1.86027   1.16106    1274   14
   164   5.95184   1.72788   5.91683    3159   22
   165   1.22741   1.90223   3.36763    1147   15
   166   1.13386   1.43943   1.71253     990   14
   167   1.72105   1.16490   0.21999    1689   17
   168   0.35505   0.45346   4.73922    1077   13
   169   3.32712   1.93754   3.20339    1289   14
   170   1.33375   1.89341   1.94818    1217   14
   171   1.30982   1.92275   0.24813    2374   21
   172   0.86910   0.47791   4.91896    1370   14
   173   4.29479   1.31777   6.14366    1506   18
   174   0.21967   2.76437   4.71814    1334   12
   175   2.45851   1.71825   1.06944     500    8
   176   3.73653   2.67486   1.02716    1386   16
   177   5.79293   1.88437   2.80895    1057   15
   178   1.24729   1.70516   0.09490    1421   15
   179   4.69917   1.27679   5.97777    1070   13
   180   5.01941   0.84697   2.43179     690    8
   181   1.21294   1.98892   1.75503    1346   14
   182   1.94043   1.68190   0.71783    1219   12
   183   1.68796   1.20191   3.08263    1410   16
   184   5.83281   2.83607   6.20569    1123   15
   185   4.55514   0.42289   4.59766    1194   16
   186   1.13567   1.01666   5.12569    1058   13
   187   0.45585   1.83628   2.47258    1010   12
   188   0.71729   2.43231   4.55809    1929   20
   189   5.40437   2.07752   1.35943    1304   15
   190   1.17735   1.82990   0.21799    2346   22
   191   3.05610   1.60485   5.01932    1276   14
   192   1.28117   1.99506   5.07026    1287   16
   193   5.61688   2.58558   2.41079     935   12
   194   3.42076   2.30074   3.80075    1164   12
   195   4.43567   1.20197   2.96799    1202   17
   196   4.35743   1.17658   2.82424    1431   16
   197   0.50565   0.49872   2.27797     872   11
   198   0.69741   0.49909   5.28262    1210   12
   199   2.41585   2.56922   1.35903    1256   16