     1   0.00000   0.00000   0.00000       0    0
     2   1.97976   2.43223   4.06184    1026   14
     3   3.75101   1.21535   0.28633     740   14
     4   0.44401   2.01566   4.79428    1306   17
     5   3.72545   1.30445   0.26778    1616   17
     6   5.35286   0.97202   3.99190    2290   19
     7   3.39274   1.06908   0.22855     817   11
     8   5.19264   2.08333   0.31585    1692   17
     9   6.15164   2.45426   3.81072    1167   17
    10   5.33505   1.26647   2.35625    1954   17
    11   3.10823   1.46594   3.48155    1215   13
    12   2.10536   1.12751   4.51468    1102   14
    13   0.21648   2.59828   2.87358    1655   18
    14   4.14801   1.56157   4.63564     735   12
    15   1.12183   1.86272   1.15716    1733   20
    16   1.12072   2.49211   4.30284    1117   12
    17   3.20782   2.27720   0.59013    1104   17
    18   2.36220   1.55713   2.63067    1580   16
    19   4.19548   1.04680   5.27628    1232   13
    20   1.77885   1.43952   4.65138     784   13
    21   1.66541   2.11662   2.39397     687   11
    22   2.19415   0.09097   6.06472    1228   16
    23   5.29785   1.79287   1.55962    1288   14
    24   1.93235   1.67558   4.08891    1755   18
    25   3.79228   2.40041   3.71419    1712   15
    26   1.80681   2.20011   4.18152    1206   15
    27   4.61515   1.04674   4.80002    1419   14
    28   0.68689   1.30640   0.75896     749   13
    29   1.40617   2.99222   3.08447    1339   15
    30   5.44979   2.01615   5.32557    1157   16
    31   3.10664   1.54100   5.18915    1131   14
    32   1.08242   1.91229   1.71873    1005   16
    33   0.13392   0.67110   3.10735    1220   15
    34   6.26727   1.78366   3.60026    1115   15
    35   3.21477   0.44540   1.84818     745   14
    36   1.42256   1.42183   1.53016    2567   21
    37   0.13855   2.20418   0.76016    1308   17
    38   3.85840   2.26323   0.82147    1213   14
    39   1.21272   2.09453   5.89973    1402   16
    40   3.83022   2.44048   2.85753    1735   18
    41   1.67757   0.81091   0.65860    1001   13
    42   0.09636   2.71671   3.10278    1885   16
    43   5.03945   1.56802   4.04975    1962   18
    44   1.59337   0.08805   4.72554    1344   13
    45   2.67078   1.62498   3.72413     927   10
    46   5.63482   1.01940   5.39515     801   13
    47   2.12303   2.24885   5.86129    1774   14
    48   0.93697   2.01051   3.75820     941   15
    49   4.41444   1.91165   0.17787     969   14
    50   5.92612   2.00293   0.90772    1405   16
    51   2.44748   1.72588   3.10309    1312   14
    52   3.24804   2.17385   4.58355    1363   14
    53   5.19242   0.71652   5.17971    2005   18
    54   1.37514   0.40548   4.91666    1387   14
    55   5.55172   1.67857   4.11386    1265   18
    56   1.29414   2.76965   1.63963    1075   17
    57   0.79296   2.23206   3.59065     990   13
    58   6.08490   2.60233   4.57449     920   14
    59   5.86391   2.48462   5.05263    1673   15
    60   5.87884   2.66525   5.55853    1180   15
    61   1.05492   1.92926   3.71720    1181   18
    62   0.79009   2.06385   5.42010    1090   12
    63   5.44924   2.56961   0.46995    1065   11
    64   1.67757   0.81091   0.65860     754   11
    65   3.47838   0.73177   2.08699    1250   13
    66   0.85073   0.80954   4.52633    1966   19
    67   4.53554   0.77243   4.45100    1737   17
    68   2.58795   0.63175   3.13396     610   10
    69   2.86583   1.41249   0.66085    1834   16
    70   4.57734   1.12583   0.83954    1255   14
    71   5.21774   2.01045   6.06258    1100   14
    72   3.68005   1.81818   3.32189    1999   18
    73   5.75850   1.64289   2.92887    1544   17
    74   3.76695   2.24905   0.39915    1378   16
    75   5.20568   1.14404   2.23252    1512   18
    76   0.62812   1.70607   0.39122    1562   15
    77   3.97530   0.84269   0.14833     954   12
    78   1.49863   1.06108   5.52478    1351   15
    79   1.74097   1.19724   0.30769     838   12
    80   4.00068   1.79032   0.66659    2083   18
    81   0.34755   0.39066   4.73224    1540   18
    82   2.75254   1.18555   6.02289    1265   15
    83   5.13718   2.94373   3.30345     999   13
    84   1.68835   0.78041   3.52946    1630   17
    85   1.77114   1.88595   5.16190    1184   16
    86   3.33407   0.32196   5.82781    1831   19
    87   3.96092   1.68190   0.28534    1821   17
    88   4.39471   0.63415   6.16173    1271   17
    89   3.08451   2.07592   4.94585     908   12
    90   1.14493   1.42808   4.94976     978   11
    91   2.01413   2.26779   3.73066    1067   11
    92   6.24997   2.37579   2.29016    1310   15
    93   2.48263   1.07336   0.92385     823   12
    94   5.41631   1.42091   1.92324    1402   15
    95   1.37335   2.79432   0.12090    1659   15
    96   5.90905   2.41716   3.00586    1549   15
    97   2.91152   0.78902   2.19059    1266   13
    98   2.77586   1.06440   4.54518     911   10
    99   0.08695   1.99034   4.15258    1311   15
   100   0.81024   1.63935   0.82619     750   13
   101   2.69319   1.06451   3.12376    1981   17
   102   5.50887   1.81611   1.42692    1296   15
   103   2.69116   1.63858   6.04705    1230   12
   104   3.51578   1.46052   4.44165    1093   13
   105   3.81982   0.88738   3.66572    1655   19
   106   0.85568   2.38932   2.39288    1287   14
   107   3.73756   1.19913   0.96171    2371   22
   108   1.37327   0.28048   0.83681    2184   18
   109   3.69168   0.44634   1.29058    1153   14
   110   0.76629   2.41128   1.51916    1364   13
   111   2.22190   0.78299   3.29303    1838   16
   112   5.56493   1.25123   2.29359    1207   13
   113   2.36058   2.67628   6.12517    1803   20
   114   3.04770   2.82250   2.08104    1542   17
   115   3.58945   1.58484   4.09960    1113   16
   116   0.50844   1.43566   0.63039    1617   12
   117   3.85488   1.85740   1.13332     923   14
   118   4.10023   2.20329   2.16828     816   13
   119   0.66572   0.85628   3.75198    1574   15
   120   4.87393   0.73867   0.64800    2070   19
   121   2.01064   1.63794   1.26583    1875   17
   122   2.35550   0.99333   1.75370    1652   17
   123   0.59171   0.52060   5.83104     452    8
   124   0.90305   1.80223   0.92006    2294   18
   125   1.51693   0.47839   1.06814    1030   12
   126   6.20379   2.76061   2.41098    1292   14
   127   3.37692   1.77942   4.23947    1350   16
   128   2.15552   2.27016   1.63675    1862   17
   129   4.04096   1.02770   4.24204    1759   16
   130   5.83386   0.95703   0.99417     535   10
   131   5.54675   1.68346   2.65282     592   11
   132   1.58651   0.60294   5.20303     944   10
   133   3.35553   1.41721   4.98319     668   11
   134   4.16593   1.13308   2.64063    1584   16
   135   2.92232   1.70452   1.05022     703    9
   136   5.63647   2.19635   4.41048    1269   12
   137   2.18214   2.76127   0.06258    1529   17
   138   4.06986   0.70593   5.80830    1539   17
   139   2.34670   1.42039   0.55366    1277   15
   140   5.49635   1.55500   0.88526    1418   14
   141   3.15464   1.65253   0.21529    1915   15
   142   4.73645   1.63838   3.08635    1322   16
   143   4.63093   1.92447   2.52613    1823   18
   144   2.33664   2.64606   1.76661    2126   16
   145   2.70015   1.95640   4.31527    1520   16
   146   1.01974   2.61775   2.48279    1121   13
   147   3.74580   2.07480   0.14889    1374   17
   148   5.86039   1.82757   1.98297    1800   19
   149   0.91690   1.90697   2.26363    1007   13
   150   4.37440   0.84669   4.25396     936   12
   151   0.26211   2.25131   5.36878    1622   16
   152   5.60094   1.31466   0.24749    1020   14
   153   1.79245   1.85788   4.59890     901   12
   154   0.78540   1.55020   2.65977    1396   19
   155   4.30487   2.78794   3.28557    1501   15
   156   5.55963   1.03524   2.13030     858   13
   157   4.23520   2.47834   0.93227     918   14
   158   4.28049   0.98279   0.57163     770   12
   159   3.25323   2.85333   5.29271    1040   17
   160   0.45372   1.00826   1.82726    1110   15
   161   5.30037   0.73799   4.26300    1852   18
   162   3.60005   2.12509   3.07678    1132   12
   163   1.50991   1.99855   4.46788    1046   14
   164   2.51026   2.01977   1.78261    2056   17
   165   2.91778   1.01458   1.06802    1281   14
   166   4.97506   1.88355   5.48059    1194   17
   167   3.14424   1.95844   0.88038    1473   16
   168   4.67749   2.34685   3.52919    1081   15
   169   1.43896   1.61313   2.44161    1535   15
   170   5.03399   0.70774   3.70718    1312   15
   171   0.40821   1.33810   1.15413    1096   14
   172   4.59185   1.01853   4.63506    1741   18
   173   2.94104   1.89413   3.53292     648   11
   174   5.64955   1.96720   3.75625    1283   14
   175   0.43067   1.11838   1.24026    1373   15
   176   4.62210   2.21550   0.50954    1525   16
   177   1.58796   1.76269   2.64728     930   15
   178   0.53173   0.63107   2.46760    1642   16
   179   5.75406   2.56081   1.23009     798   11
   180   4.56220   1.01919   2.14303    2706   21
   181   1.53339   1.49702   0.77072    1412   13
   182   2.54607   1.64457   3.67887     904   12
   183   3.99632   1.60978   3.57938    1057   14
   184   2.75014   2.33118   5.95207     992   14
   185   5.98734   1.71508   5.20954    1552   16
   186   1.55134   0.52103   3.84200     565   11
   187   5.12902   1.88607   1.41888    1637   15
   188   5.81500   0.35957   5.03103     983   12
   189   3.30530   1.47390   5.64588    1081   12
   190   3.99340   2.21874   4.48744    1211   14
   191   1.43340   2.06628   3.34107    1116   16
   192   6.01733   0.87487   2.60987     947   13
   193   5.55177   1.24532   5.54381    1066   14
   194   3.31539   1.45112   0.60751    1391   16
   195   0.68264   1.83099   1.46792    1562   12
   196   3.59472   2.73841   1.88159     940    9
   197   5.45990   2.00218   4.62099    1081   13
   198   1.94128   1.66862   3.93131    1828   18
   199   1.23342   0.26348   0.63157    1731   18