     1   0.00000   0.00000   0.00000       0    0
     2   3.31356   2.64835   0.69360    1219   14
     3   5.72842   1.89120   1.08364     572   10
     4   4.29229   1.27600   4.21044     331   10
     5   4.31622   1.23765   1.13199    1185   15
     6   4.31379   1.12606   5.89378    1585   16
     7   3.57595   2.51326   0.80842    2190   19
     8   5.62490   2.01979   5.72433     275    6
     9   5.67809   1.87716   2.62452     637   10
    10   3.47217   2.51050   5.53869    1158   14
    11   1.12422   1.96224   5.15056     497    8
    12   0.57080   0.58132   3.70807     436   10
    13   2.58442   1.12279   0.36484    3563   23
    14   5.58104   1.91791   5.81584     548    9
    15   3.44762   2.53447   2.45239     516   10
    16   1.08634   2.09981   5.16059    3460   20
    17   2.48490   1.22875   5.21963     440    9
    18   1.21347   1.92996   0.41358    1272   17
    19   1.12422   1.96224   5.15056     429    8
    20   1.21773   1.97838   1.87508     674   12
    21   2.67489   1.11340   0.38430     411   10
    22   2.57701   1.21396   0.48863    2429   19
    23   3.64552   2.68098   4.04546     588   12
    24   3.46941   2.60140   3.97042     628   11
    25   1.08076   2.01397   0.39794     300    8
    26   4.27045   1.09170   1.20917     715   10
    27   2.46540   1.15254   5.22306     835   11
    28   3.36777   2.50553   5.50812     805   12
    29   4.24851   1.06594   5.97701    1100   12
    30   2.52320   1.29401   0.47223     577   11
    31   0.46564   0.69993   3.84804     945   14
    32   1.14655   1.88653   3.44784     342    8
    33   4.36027   1.30500   4.26070     631   11
    34   3.47217   2.51050   5.53869    1198   19
    35   4.37969   1.25025   5.77532    1112   14
    36   5.57200   1.97651   4.19140     701   15
    37   0.05043   0.52169   2.50991    1450   16
    38   3.49376   2.70653   0.86011     371    9
    39   0.35910   0.56265   3.93252     494   10
    40   3.60720   2.59914   4.08269    5430   28
    41   2.57225   1.17246   5.04964     705    9
    42   5.72615   1.89982   2.60311     832   13
    43   1.12422   1.96224   5.15056     411    8
    44   1.15794   1.94435   1.97481     782   13
    45   2.56046   1.23241   3.56399     495   10
    46   4.23192   1.10430   4.37664    1383   15
    47   3.41558   2.52529   4.01531    2475   21
    48   1.24798   1.95566   1.99901     298   10
    49   3.31356   2.64835   0.69360     433    9
    50   1.12669   1.90103   0.38700     554   10
    51   2.53851   1.23413   0.47150    1793   14
    52   1.19189   2.01378   1.98616    3742   30
    53   1.07609   2.06078   1.94322    2534   17
    54   5.80567   2.03509   5.92021    1471   17
    55   0.34880   0.62048   0.82090    1737   16
    56   5.66367   1.89064   2.59797     611   11
    57   4.39649   1.20573   5.87023    1104   13
    58   1.03481   1.98021   3.55040    3049   21
    59   4.29229   1.27600   4.21044     222    7
    60   4.27045   1.09170   1.20917     475   12
    61   0.25309   0.51701   3.96843     928   15
    62   2.52413   1.20535   0.32386     642   10
    63   2.45407   1.11463   3.64346     671   13
    64   2.61980   1.23261   5.05568    1915   20
    65   0.43936   0.59053   0.68826    4041   24
    66   4.25637   1.08709   5.99547     268    9
    67   1.12422   1.96224   5.15056    2131   16
    68   3.39596   2.55735   0.80227     446    9
    69   5.72579   1.83685   4.22861    1113   19
    70   5.78832   1.90496   1.29878     452   10
    71   5.74108   1.83414   2.69439    4490   23
    72   5.73316   1.92901   4.19129     524   13
    73   4.27045   1.09170   1.20917    2458   21
    74   5.80274   2.05300   5.95844     425   12
    75   2.49537   1.15202   5.19348    2717   20
    76   5.73347   2.06878   1.07428    1917   17
    77   4.38312   1.10174   1.11358    1792   17
    78   1.21773   1.97838   1.87508     898   12
    79   3.29592   2.59063   2.24417     605   15
    80   0.17090   0.41526   0.88243     407   10
    81   1.15643   1.87137   2.07658     816   13
    82   5.72325   1.95396   2.57863    3718   22
    83   4.20143   1.17249   1.19853    1253   13
    84   3.27440   2.53068   2.07538     965   14
    85   3.35763   2.66567   3.75134     740   12
    86   3.34777   2.51684   5.41003    1255   16
    87   2.56319   1.19539   5.25523     418   11
    88   3.55570   2.56405   4.03387     716   14
    89   3.68082   2.53441   0.98702    1098   13
    90   3.48035   2.58674   2.39549     673   13
    91   4.27045   1.09170   1.20917    2041   20
    92   3.49765   2.51171   2.45644    1855   14
    93   2.63292   1.14457   3.58809    2975   18
    94   0.27927   0.42417   0.83646    1230   17
    95   4.41569   1.23612   2.77059    1719   16
    96   3.31356   2.64835   0.69360     365    8
    97   2.58442   1.12279   0.36484     453   10
    98   3.68082   2.53441   0.98702    1063   18
    99   2.51514   1.17140   0.56117     457    6
   100   3.47217   2.51050   5.53869     667   12
   101   0.28702   0.59161   0.74127    1323   14
   102   5.71176   1.93913   1.06194    4688   25
   103   4.14976   1.28385   2.84762    4346   26
   104   1.03952   1.91168   1.91114    1748   16
   105   4.19200   1.05005   4.32241    1463   16
   106   3.53996   2.60474   5.58427    1495   13
   107   0.25067   0.45987   4.03233    1666   18
   108   5.61256   1.91459   5.91067    1189   15
   109   1.15737   1.94605   5.04860    3204   16
   110   3.37820   2.51781   0.84988    3396   22
   111   2.51404   1.25145   2.12872    1300   18
   112   2.50715   1.11078   5.24730    1813   17
   113   3.52065   2.50164   4.05947     375    7
   114   4.25432   1.28583   4.34899    3227   22
   115   0.35896   0.52963   5.40243     433    8
   116   4.25142   1.20609   5.78600    1880   20
   117   5.62385   1.95303   1.03974    1113   11
   118   2.60078   1.14663   1.89983     591   12
   119   0.19800   0.64104   2.42502     545    8
   120   0.53038   0.60154   2.17692     833   12
   121   0.57141   0.51249   3.69033    4329   25
   122   4.25327   1.21964   1.17622     747   10
   123   4.27045   1.09170   1.20917    3362   20
   124   4.35040   1.21265   1.09451    2332   15
   125   1.15095   1.95200   0.44184    5326   23
   126   2.50530   1.26912   0.43260     797   14
   127   2.65934   1.10390   3.48615    3810   23
   128   1.21773   1.97838   1.87508     950   12
   129   0.19624   0.65230   0.81470     972   15
   130   2.44723   1.12907   5.22244    2451   16
   131   2.56738   1.17897   0.32116     914   10
   132   2.47503   1.18455   5.10880     532   11
   133   3.53007   2.52718   2.41076     772   12
   134   3.31356   2.64835   0.69360     879   13
   135   0.35896   0.52963   5.40243     316    8
   136   0.51180   0.49270   2.17461     910   16
   137   0.33793   0.55509   5.49291     549   14
   138   3.39544   2.51583   5.33043     606    8
   139   0.29910   0.54018   5.41648     603   12
   140   4.39238   1.27234   1.20370    2110   18
   141   1.08634   2.00880   5.11313     942   11
   142   1.12422   1.96224   5.15056     808   11
   143   4.40135   1.16804   2.65670    2313   18
   144   5.81183   2.01189   2.76286    1301   16
   145   3.46941   2.60140   3.97042     313    9
   146   4.32938   1.08594   2.78818     444   10
   147   2.60078   1.14663   1.89983     509    8
   148   2.53554   1.12949   0.49528    2273   17
   149   5.66367   1.89064   2.59797    2100   14
   150   5.82508   1.87824   1.05280    4347   26
   151   0.27773   0.58220   2.37688     645   12
   152   5.61256   1.91459   5.91067    3276   22
   153   5.65989   2.02110   1.05161     665   10
   154   5.75979   1.98023   4.16502     933   14
   155   5.81072   1.96696   4.38250     849   15
   156   4.37906   1.27075   5.94698    1545   14
   157   3.55952   2.66652   2.41116    2090   21
   158   4.29229   1.27600   4.21044    1305   16
   159   4.41569   1.23612   2.77059     945   11
   160   0.44597   0.63723   2.31520    2923   16
   161   5.62542   2.00740   2.57475    2350   17
   162   3.47260   2.63195   0.88625     821    8
   163   0.21764   0.43545   2.32409    1938   17
   164   0.41852   0.51102   2.35998     824   10
   165   1.29803   1.97389   3.57167    3105   19
   166   2.53771   1.23949   3.67507    2855   20
   167   2.53406   1.09022   2.03877    3018   21
   168   4.21263   1.19030   2.87810    2117   19
   169   5.78285   2.06659   1.13303    2099   18
   170   2.51853   1.20543   3.54114    1303   14
   171   3.44560   2.48161   5.38357    1517   12
   172   0.43900   0.48963   2.23191    2003   17
   173   2.60219   1.21239   0.30168    1508   18
   174   3.43221   2.57489   3.92451     714   14
   175   1.06233   1.92097   1.86181    4817   31
   176   2.51076   1.20489   5.11670    1451   13
   177   4.29229   1.27600   4.21044    1608   18
   178   2.52927   1.20150   0.49252    2721   18
   179   1.15244   1.91817   5.21494     860   13
   180   5.76470   1.92347   1.06052     354    9
   181   0.16043   0.63822   2.49379    1315   12
   182   3.42112   2.61244   2.27515    1953   17