     1   0.00000   0.00000   0.00000       0    0
     2   0.90114   0.87672   4.41246    1775   15
     3   3.93890   2.10308   4.67819     708   12
     4   5.28991   1.62338   2.17910     757   13
     5   3.01634   0.32904   2.16209     883   13
     6   5.30278   1.49989   3.64080    1558   14
     7   4.67179   0.67547   6.28095     728    9
     8   5.17436   2.05234   2.31666     405    7
     9   5.45593   1.64146   5.47635    1205   12
    10   3.66170   2.09839   6.04383     674   12
    11   0.61257   2.52212   3.09873    1148   15
    12   6.14085   1.33090   6.03776     676    8
    13   1.05782   1.14761   0.59893    2269   16
    14   5.47667   1.74195   5.35621    1956   18
    15   3.66213   2.16260   1.44672     517   13
    16   3.68236   2.19276   2.97548    1256   17
    17   0.59158   0.97753   3.20931    3102   24
    18   2.24843   2.49253   5.94424     652    9
    19   2.72442   0.88889   1.52566    2231   16
    20   2.27831   1.48326   0.86332    1842   20
    21   0.88177   2.51427   0.09293    1969   18
    22   5.51924   1.70645   5.24929    1902   19
    23   3.69749   0.70467   4.72655     527   11
    24   2.30847   1.45385   4.17463    1694   17
    25   2.18924   1.43240   5.76694     984   12
    26   1.05528   2.52421   0.32271    1394   14
    27   3.54035   1.41624   3.97957     316   10
    28   3.63637   2.07353   4.52524    2373   17
    29   2.30286   1.49354   4.16188    4190   19
    30   2.64991   2.14801   2.22334     471   10
    31   4.85378   1.85714   5.65045    1213   13
    32   3.71909   0.69889   6.26445     759   10
    33   2.22519   1.37755   2.37810     811   12
    34   3.91155   2.14282   1.52603     922   12
    35   3.71049   2.10121   1.32719    1243   14
    36   0.89978   2.50649   3.45024    1280   15
    37   2.26887   1.44167   5.55072     542   12
    38   4.48819   1.44116   0.08073    1198   12
    39   4.07245   0.53375   4.45028     466   10
    40   4.05880   0.54082   1.32083    1978   18
    41   0.86885   2.51525   1.78252     998   12
    42   4.38026   2.37083   1.03204    2155   19
    43   6.05284   1.66779   4.96045    1400   18
    44   5.47667   1.74195   5.35621    1061   13
    45   0.44940   0.79774   0.50120    1086   16
    46   2.43724   2.32240   0.01706    2229   19
    47   3.85100   0.71058   0.03786     997   13
    48   0.22250   2.08755   5.07903    2466   19
    49   0.72720   0.86706   3.34045    2125   14
    50   0.87503   2.36963   1.72725    1327   11
    51   0.89978   2.50649   3.45024     641    9
    52   3.87649   2.30708   4.69804    1263   15
    53   4.07790   0.66700   6.06533     621   11
    54   2.83115   1.11603   3.19012    1706   14
    55   5.29665   2.12783   0.68676     484    9
    56   4.03359   0.58709   1.39061     407    9
    57   0.68792   2.70999   0.24385     344    9
    58   0.45946   0.89792   3.41743     390    8
    59   3.85328   2.19965   4.75686    1853   19
    60   0.12959   1.21215   4.93479     550    9
    61   2.28213   1.36797   1.02729     437    9
    62   5.17436   2.05234   2.31666     466    8
    63   4.97345   0.67146   2.06979     709   11
    64   4.97609   0.54961   2.87412     515   11
    65   5.41039   1.60075   0.52872    1847   18
    66   2.19953   1.41555   0.82224    4272   22
    67   0.66128   0.86121   6.26557    1464   14
    68   5.54723   0.77344   2.02589    2860   19
    69   3.28322   0.65141   3.13797    3597   21
    70   3.15071   2.81591   4.32461     583    9
    71   5.46350   2.48509   5.34970    4508   22
    72   5.38854   1.63226   5.37460    4217   20
    73   3.76696   0.67078   3.24457    1537   15
    74   5.49279   1.65566   3.82491    1062   12
    75   0.92214   1.05787   2.42174     337   10
    76   4.44202   1.13141   0.84004     439   10
    77   5.49279   1.65566   3.82491    2121   16
    78   0.62250   0.97391   0.04854    2271   17
    79   2.44562   1.68096   6.04422    5413   29
    80   3.40413   1.77050   4.25974     542   11
    81   6.00243   2.31135   1.74674    1135   13
    82   4.15973   2.30279   2.35419    2379   19
    83   4.22252   0.73379   2.95901     343    9
    84   3.77313   2.22069   6.11414    1189   12
    85   0.69173   0.96651   3.20657     605   16
    86   3.92474   0.73479   4.67807     993   11
    87   2.28060   1.39138   4.00301    2081   20
    88   3.89019   2.22582   1.62483    2445   21
    89   0.31374   1.55371   2.79966     942   11
    90   3.80749   2.19396   1.58535     893   11
    91   0.58413   0.92282   3.25592    2944   19
    92   5.24950   1.37958   3.60370    4451   22
    93   3.66213   2.16260   1.44672     764    9
    94   5.47928   1.68065   2.25548     449    9
    95   3.69242   2.18483   4.52280    2245   19
    96   2.75789   1.57319   5.23833    1942   20
    97   3.65959   0.35072   0.27091    1817   15
    98   5.97730   2.35644   0.05377     523    7
    99   3.63490   2.64764   3.21909     558    8
   100   2.30164   1.38773   5.58548     558   12
   101   4.67179   0.67547   6.28095     365   10
   102   0.50695   0.88703   1.74923     577    7
   103   3.63490   2.64764   3.21909     942   10
   104   0.54118   2.45685   0.22026     379    9
   105   5.68295   0.59809   4.75346    1080   13
   106   0.50695   0.88703   1.74923    1566   13
   107   3.26220   0.74506   2.41520     913   11
   108   3.88613   2.08606   6.19776     830   11
   109   0.61629   0.93930   1.70710    3194   22
   110   1.62966   0.67520   0.32692     796   10
   111   1.01263   2.57896   4.92206    1836   17
   112   3.71909   0.69889   6.26445     439    8
   113   3.71455   2.22124   4.51432    1664   17
   114   3.64440   2.33679   2.88475    1272   16
   115   2.30166   1.50465   2.57914     382    9
   116   4.01321   1.37210   0.69954    5006   25
   117   3.90358   2.19740   6.21288     460   12
   118   0.33676   1.41703   3.52787    1994   17
   119   2.23151   1.51807   5.56543    2397   21
   120   2.19953   1.41555   0.82224     239    8
   121   3.66213   2.16260   1.44672     776    9
   122   2.28118   1.48456   3.95887    2512   14
   123   0.89978   2.50649   3.45024     356    8
   124   2.32820   0.58971   0.49570    2448   18
   125   0.94612   2.55753   0.17792    1159   16
   126   5.37571   1.72820   5.24876     699   13
   127   4.09430   0.55172   6.09990     984   10
   128   2.16059   1.48143   5.70620     747    9
   129   1.01150   2.56419   4.96111     342   10
   130   0.95547   0.95961   3.46314     798   13
   131   0.84810   2.59730   0.14709    2193   15
   132   3.86201   0.58337   6.10436     912   15
   133   2.86644   0.66636   3.57102     844   13
   134   5.19215   2.18369   1.12164    2726   22
   135   3.71909   0.69889   6.26445     288    8
   136   4.07549   0.70446   1.20966    1666   16
   137   5.50044   1.53996   5.41702     615   10
   138   0.55287   0.90561   3.38174    2323   19
   139   5.38715   1.61250   5.37446     517    9
   140   4.44572   2.92291   2.20779     968   10
   141   3.16015   1.44121   4.07309    4852   24
   142   5.81738   2.80022   1.27160     499   10
   143   3.82749   2.24523   1.47041    5706   27
   144   2.27831   1.48326   0.86332     989   14
   145   2.53478   1.25159   3.43050    1054   12
   146   2.92930   2.57427   5.87345    3269   19
   147   6.22864   1.44320   1.98351    3952   20
   148   0.45946   0.89792   3.41743     495   10
   149   2.18202   1.39908   1.00189     493    9
   150   5.54723   0.77344   2.02589     564    7
   151   2.30090   0.75213   1.64837    1228   13
   152   0.67616   0.94264   3.25158    2898   19
   153   3.67331   0.96324   0.04122    2657   19
   154   4.11049   0.70380   1.26980     562   13
   155   5.34764   1.66080   3.76520     779   14
   156   5.33325   1.55558   2.18949    2925   21
   157   1.05230   2.51000   0.32585     548    7
   158   6.10839   2.76377   3.03532     521   12
   159   3.96140   0.55553   3.08986    1445   15
   160   2.37111   1.46409   0.99808     773   10
   161   4.03956   1.89036   2.60376    3607   23
   162   1.35278   0.45244   5.71407    4743   21
   163   0.95028   2.56415   1.80526     838   14
   164   0.87497   2.41776   4.76859    1139    9
   165   2.38975   1.45785   5.62582    3549   19
   166   4.40566   2.48729   0.68472    3008   20
   167   3.40413   1.77050   4.25974     574    9
   168   2.17978   1.53601   4.09689     582    9
   169   3.65043   2.69443   1.45606     379   12
   170   3.87408   2.15432   4.57447    1105   15
   171   0.59410   0.84808   3.18607     414   10
   172   0.68788   2.54367   0.02428    1426   12
   173   4.67179   0.67547   6.28095     743   11
   174   0.77038   1.02934   4.69009    2644   20
   175   4.04398   0.59252   4.53470    3592   19
   176   6.11838   1.76050   4.06495    4258   24