     1   0.00000   0.00000   0.00000       0    0
     2   2.81166   1.61589   1.49884     577   12
     3   3.92458   3.04757   5.82817    2185   14
     4   0.76175   0.08362   3.73571     679    8
     5   2.92295   1.56033   1.57646     635   11
     6   2.79217   1.49232   4.78638     520    8
     7   4.38141   1.56728   4.58282     298    8
     8   5.92038   1.60206   1.46095    2889   20
     9   2.81166   1.61589   1.49884     349    5
    10   5.88490   1.72709   3.14061    3572   23
    11   4.94930   3.11932   3.70343    1135   12
    12   4.25247   3.07794   1.46186    2924   19
    13   1.22958   1.67630   0.01627    3850   27
    14   6.02554   1.72180   3.19775     771   13
    15   4.38882   1.44043   4.80415    2578   18
    16   2.85023   1.45792   0.15797     480   10
    17   2.40596   2.98279   1.25799     969   13
    18   4.38816   1.50459   1.50169     879   14
    19   1.39521   1.64157   1.58992     778   11
    20   4.53176   1.63693   3.07359     405   10
    21   4.42605   1.53773   3.05985    1436   15
    22   5.90378   1.61077   4.79090     602   10
    23   0.06319   0.14961   1.20731    2639   20
    24   2.92424   1.51169   1.56663     673   12
    25   6.10874   1.53906   4.63228    3678   19
    26   2.79217   1.49232   4.78638    1438   16
    27   3.56613   3.03748   2.41352    1458   11
    28   4.44648   1.47202   1.57166     496   10
    29   5.19374   3.10813   3.85795    2016   16
    30   4.49845   1.48985   3.10305    2613   22
    31   1.29313   1.58162   1.48618    1768   16
    32   0.39294   0.10985   2.40754    4337   24
    33   2.84296   1.59949   4.77983    2532   17
    34   2.88130   1.52097   3.18345    1207   15
    35   4.37643   1.55734   6.22942    1077    9
    36   2.71039   1.60499   3.29833     575   10
    37   2.85732   1.44437   0.03407    1644   17
    38   5.92037   1.69155   0.05284    2622   21
    39   6.06417   1.66088   4.57698     925   14
    40   4.30435   1.55999   3.13826    1591   14
    41   0.05915   0.08685   2.82108    2056   17
    42   4.49845   1.48985   3.10305    2351   13
    43   6.22917   0.02329   6.04440    1427   15
    44   0.64760   0.20088   3.74719     321    8
    45   5.96902   1.55892   3.17940    1829   17
    46   2.79217   1.49232   4.78638    3698   21
    47   0.17683   0.16167   1.08832     296    8
    48   4.94930   3.11932   3.70343     669   10
    49   1.16948   1.53791   3.17454    1569   14
    50   2.81166   1.61589   1.49884     781   12
    51   2.85732   1.44437   0.03407     855   10
    52   1.19640   1.67059   4.83162     932   14
    53   2.80727   1.39776   1.52687    1041   11
    54   5.65698   3.09086   6.02382    1383   12
    55   5.90378   1.61077   4.79090     533   12
    56   2.79217   1.49232   4.78638    1514   17
    57   6.02212   1.71788   1.42185    1306   12
    58   1.13738   1.51403   0.12972     792   12
    59   1.71402   0.08068   2.67634     637    8
    60   1.47439   3.11725   0.33435     989   10
    61   3.08759   2.99833   3.51249     350   11
    62   4.34736   1.44841   1.56036     701   12
    63   2.77483   1.48270   1.69410     548   13
    64   5.87271   1.55549   4.62822     612   14
    65   0.98656   0.17884   4.86939     397   10
    66   2.70780   1.52397   3.23312    1688   16
    67   5.94031   1.64942   1.44791     771   10
    68   4.46017   1.49582   1.53956    4180   26
    69   0.81657   3.04030   1.12691    1050   11
    70   0.53317   0.08892   2.35432     698   14
    71   1.17283   1.52627   0.07392     595    9
    72   4.40311   1.44756   4.69555     770   13
    73   3.31008   3.12177   0.59201    2916   20
    74   4.33227   1.58658   1.50765    1772   14
    75   2.74033   1.47625   4.70294    1123   13
    76   2.80727   1.39776   1.52687     878   13
    77   2.75127   1.54428   6.25896    1763   15
    78   0.23234   0.18226   1.11607     800   10
    79   5.94836   1.51314   3.08466    1004   15
    80   2.77107   1.59365   1.48296    3774   26
    81   2.88608   1.63431   3.30546     475    9
    82   1.34460   1.67491   1.57993    3883   25
    83   2.44618   3.10558   1.16521     284    9
    84   1.25573   0.03891   1.52946     952   10
    85   2.89803   1.53612   1.50133    4806   23
    86   2.80441   1.61587   3.18577    3175   23
    87   4.37359   2.99460   0.07567     850   13
    88   1.39521   1.64157   1.58992    1068   10
    89   1.28166   1.74696   3.18488    3208   17
    90   3.53239   3.02455   5.30602     409   10
    91   4.35864   1.64055   3.13171    2827   19
    92   1.05839   0.11529   1.67032    1557   16
    93   5.86034   1.71360   3.18043    3128   19
    94   1.19120   1.61895   3.12811    1181   13
    95   6.09531   1.59052   1.56066     335    8
    96   4.41773   1.44494   1.52317    1586   18
    97   4.32635   3.02781   2.96224     380   10
    98   2.80727   1.39776   1.52687     499    9
    99   0.44648   0.05441   2.41938     897   13
   100   2.81262   1.42921   1.56946     827   12
   101   4.44071   1.62809   4.61272     581   14
   102   1.39521   1.64157   1.58992    1136   12
   103   2.79217   1.49232   4.78638    1484   13
   104   0.40534   0.17515   2.55053     636   12
   105   1.37976   1.68191   4.70733    2796   24
   106   1.15416   1.63847   0.04340     246    8
   107   4.29598   1.52032   4.72749     463    9
   108   2.72846   1.43664   1.65981    2810   15
   109   6.08608   1.72388   4.61805    2510   17
   110   2.72624   1.56810   0.03788    1637   18
   111   5.95951   1.64632   1.60739     543   10
   112   1.23192   0.09074   3.19319    1391   15
   113   2.72225   2.99015   4.63765     485   11
   114   6.03303   1.62247   4.59684    4247   27
   115   4.35893   1.60948   2.99208    2605   19
   116   2.98982   3.05870   4.88443     535    9
   117   3.10768   2.99061   1.85200     644   10
   118   1.26123   1.56527   0.05859    1306   17
   119   0.04248   0.08790   6.05221    1002   14
   120   1.22875   1.65637   1.72159    2375   17
   121   1.01229   3.08653   1.32633     992   12
   122   2.81648   1.58391   6.21394     993   12
   123   4.38816   1.50459   1.50169    1916   15
   124   0.53317   0.08892   2.35432    1050   13
   125   2.81166   1.61589   1.49884     726   11
   126   1.13738   1.51403   0.12972    1405   13
   127   0.10265   0.14388   5.86118    1135   14
   128   2.79217   1.49232   4.78638     711   10
   129   3.81612   2.98869   2.61205    5083   26
   130   6.09531   1.59052   1.56066    1714   18
   131   2.82848   1.55091   4.83568    2002   21
   132   6.06738   1.47479   3.02524     762   11
   133   4.43851   1.56685   4.68714     422   11
   134   1.36302   1.70053   1.70746    1287   17
   135   1.28242   1.68551   1.54897     424   10
   136   1.22553   1.55614   0.12225    5719   25
   137   2.81960   1.46190   4.69182    4870   23
   138   1.11921   3.10395   1.45145     444   10
   139   2.71620   1.58302   4.77214     472   10
   140   4.38816   1.50459   1.50169     735   11
   141   1.30858   1.74452   1.71117    1810   15
   142   0.53317   0.08892   2.35432     469   10
   143   4.28716   1.50025   1.41368    1260   11
   144   2.93603   1.54404   4.74475    2057   13
   145   0.76175   0.08362   3.73571     750   11
   146   5.90507   1.67300   4.72632    1165   12
   147   5.90378   1.61077   4.79090    1360   15
   148   2.52423   2.98594   1.23735     804   13
   149   4.38816   1.50459   1.50169     265    6
   150   1.39521   1.64157   1.58992     453   12
   151   0.76175   0.08362   3.73571    1203   10
   152   4.49845   1.48985   3.10305     458    9
   153   5.99086   1.64988   4.76711     743   11
   154   0.59547   0.13631   3.81430     601   13
   155   2.77483   1.48270   1.69410    2064   17
   156   2.91073   1.41552   4.75624     429    8
   157   1.33096   1.53166   1.61493     536   11
   158   1.39521   1.64157   1.58992     342    6
   159   4.50375   1.57857   0.01970    2104   20
   160   4.36650   1.41331   3.16928     969   10
   161   1.33694   1.64201   4.85588     740   15
   162   2.75952   1.53870   4.78078    2630   21
   163   2.82205   1.65380   4.83810     368   12
   164   1.03642   0.14866   0.18959    4244   22
   165   0.86568   0.07724   0.37913    1604   20
   166   0.04147   3.11656   0.27822    1139   14
   167   5.17203   0.08980   4.05439     977   12
   168   2.86551   1.60945   6.25472     634   13
   169   4.43268   1.61586   3.21148     894   15
   170   1.15994   1.75554   0.08150     777   11
   171   4.49845   1.48985   3.10305     349   11
   172   4.51030   1.53878   1.45005    1904   13
   173   2.94350   1.59298   4.75792    5570   25
   174   5.98512   1.66164   4.61765    4923   22
   175   4.38816   1.50459   1.50169     685   10
   176   3.65992   2.94986   0.80039    4745   26
   177   4.50375   1.57857   0.01970     971   12
   178   1.29885   0.11178   4.63423    1358   15