     1   0.00000   0.00000   0.00000       0    0
     2   5.67837   1.72694   2.56714    2506   20
     3   4.09318   1.02884   1.44116     473   10
     4   3.81598   2.39140   2.92634     874   12
     5   0.39157   0.69281   3.62655    3413   19
     6   3.79865   2.49095   1.27087    2367   14
     7   0.78678   0.75530   0.18417    2361   20
     8   0.65844   0.70103   3.48377     463    8
     9   2.43193   1.42236   2.34114    2977   16
    10   0.64736   0.80499   0.29399    2119   16
    11   0.63997   0.69383   0.45673     439    8
    12   3.93207   2.37259   2.84442    1095   11
    13   4.18196   0.89749   6.18980    3041   20
    14   4.14870   0.81944   3.02074    2396   17
    15   3.76187   2.43534   1.24628     468    9
    16   5.69458   1.90412   2.54438    2436   20
    17   5.65130   1.77166   0.91130     802   13
    18   2.53542   1.31115   0.68943    1729   15
    19   3.82611   2.45024   1.28101     974   14
    20   0.52672   0.68721   0.58022     445   11
    21   0.76730   0.71912   1.71759    1165   15
    22   4.20270   0.85891   4.37874    1659   13
    23   4.13966   0.99470   1.43641    1696   14
    24   2.53065   1.25464   0.56340    2757   16
    25   5.61565   1.75897   4.13916    1215   12
    26   0.76967   0.53061   4.98340     379    9
    27   4.07124   0.91737   1.38261     522   10
    28   0.84291   0.63272   4.86825     967   15
    29   2.37168   1.33872   2.14161    4090   20
    30   2.55501   1.37492   3.81861    1197   14
    31   4.20270   0.85891   4.37874     398   10
    32   0.00000   0.00000   0.00000     644   12
    33   3.86205   2.47858   2.75935    2131   17
    34   5.53730   1.74664   2.40689    1323   14
    35   3.90352   2.38570   1.44516     873    9
    36   3.97822   2.49553   4.54789     819   12
    37   4.20270   0.85891   4.37874     482   10
    38   2.53972   1.33960   3.83232     885   11
    39   1.05976   2.32545   1.76742     653   11
    40   2.37656   1.33848   5.29444    1050   13
    41   5.60737   1.73758   2.53048    1233   13
    42   4.06582   2.40180   2.96473    1495   13
    43   0.59895   0.78823   3.55733    1119   16
    44   4.24434   0.94549   4.55558    2973   24
    45   0.58743   0.74146   1.90001     464   11
    46   3.82101   2.35231   1.33224    2323   15
    47   2.42557   1.40141   5.34162     538    9
    48   0.90468   2.34606   3.31001     712   11
    49   1.05000   2.27862   4.86606     728   10
    50   0.67136   0.57403   3.42304    1753   17
    51   5.63185   1.70510   2.59284    1280   14
    52   3.70135   2.48174   2.83688     536   10
    53   4.16873   1.00342   4.57300     477   12
    54   1.02773   2.21192   3.36080     818   13
    55   3.66061   2.55080   2.70642     872   14
    56   1.09828   2.06288   0.16165    1112   11
    57   3.81275   2.45094   6.04276    1260   13
    58   4.15137   0.98038   4.55814    1181   11
    59   3.63621   2.52932   1.14890    1166   13
    60   0.71394   0.71666   4.87754    1542   12
    61   3.76187   2.43534   1.24628     973   12
    62   1.11437   2.29647   0.35231     345    8
    63   0.96088   2.28395   3.19149     724   10
    64   0.65844   0.70103   3.48377     835   14
    65   2.58638   1.45891   2.15423     618   12
    66   5.61532   1.75169   4.11126    1526   14
    67   5.64603   1.79451   2.46725    5146   26
    68   4.20048   0.96846   1.39314    2625   19
    69   4.14554   0.84025   1.22831     267    9
    70   5.53105   1.68296   2.39289     688   10
    71   0.70433   0.79000   0.16726     435    8
    72   0.61580   0.70531   0.37581     659   13
    73   2.42557   1.40141   5.34162    1739   15
    74   5.67837   1.72694   2.56714     579   13
    75   1.12844   2.16661   3.51216    2608   19
    76   3.73927   2.47975   2.78363     378    9
    77   5.55955   1.80507   2.42330     621   11
    78   1.08142   2.36850   0.32516     940   13
    79   0.99268   2.10466   4.90705     356   10
    80   0.61616   0.69309   0.32452    1672   17
    81   5.59770   1.74872   5.49979     471   12
    82   5.64389   1.76475   5.53788    2523   18
    83   0.63524   0.74021   3.48412    4322   25
    84   3.74533   2.40482   2.81763     491   11
    85   0.58062   0.73230   0.25943    3468   22
    86   4.27171   0.81029   5.93613     554   11
    87   5.69293   1.65427   2.50871    1856   11
    88   5.59509   1.86068   2.56641    3780   20
    89   5.65210   1.85186   0.88215     731   13
    90   1.00741   2.25135   1.90021     292   10
    91   4.18430   0.97990   3.00654    5041   28
    92   3.81438   2.52061   6.02473    1041   13
    93   5.52088   1.71993   2.46694    2219   16
    94   1.11378   2.27811   4.87932     459   11
    95   4.08830   0.99915   6.10419    2933   16
    96   4.21363   0.88177   1.31602     938   14
    97   0.48901   0.65495   3.66764     295    9
    98   2.55144   1.35719   0.77529     554    8
    99   3.78848   2.55247   4.45752    1123   11
   100   3.81598   2.39140   2.92634     833   13
   101   1.06320   2.28304   1.87614    4097   24
   102   0.65844   0.70103   3.48377    2383   20
   103   2.62068   1.36380   5.24970    1449   13
   104   2.42557   1.40141   5.34162    1170   13
   105   0.00000   0.00000   0.00000     510   11
   106   4.10656   0.83939   6.02350    2240   17
   107   2.38631   1.39463   3.77918     794   15
   108   1.16176   2.26108   1.94719    1326   12
   109   4.17765   0.99115   6.07111    3254   19
   110   1.00986   2.21197   1.68010    1319   15
   111   0.75494   0.57535   0.16370    2198   19
   112   3.76857   2.34646   2.92349    1998   16
   113   0.46059   0.65214   1.97426     457   11
   114   2.38141   1.40226   5.24878    1016   12
   115   0.63683   0.69341   0.33192     503   10
   116   4.32021   1.00234   1.31352     496   12
   117   1.03179   2.23422   1.84766    2491   18
   118   3.81558   2.44045   2.81322    1759   16
   119   0.65844   0.70103   3.48377     299    7
   120   1.01733   2.13775   1.83893     337    9
   121   0.90375   0.65223   3.35119    1060   11
   122   2.46222   1.40955   5.24639     836   12
   123   5.61532   1.75169   4.11126    1326   17
   124   5.66089   1.71202   5.57777     575    9
   125   0.61580   0.70531   0.37581     918   12
   126   0.71707   0.66150   0.25475    4631   23
   127   3.74101   2.40231   4.38966    3629   19
   128   0.67292   0.68559   3.42694    2656   23
   129   3.80315   2.46168   2.92338    3319   19
   130   2.36708   1.32419   3.80376    4121   23
   131   0.72538   0.62267   0.31334     902   14
   132   0.67292   0.68559   3.42694     752   13
   133   2.40075   1.50040   2.25493     830    9
   134   5.61532   1.75169   4.11126     940   13
   135   5.57128   1.71927   5.65331     987   12
   136   4.26622   0.95199   5.90907    5064   20
   137   5.72160   1.77327   2.46282     962   16
   138   2.54324   1.25814   2.19745    2651   20
   139   4.27095   0.97013   4.50981     641    9
   140   4.20270   0.85891   4.37874    1457   16
   141   4.18672   0.79849   2.90533     680   14
   142   1.05976   2.32545   1.76742     501   11
   143   2.40234   1.43276   2.15337    1137   13
   144   2.52638   1.39595   5.25346     405    9
   145   0.88832   2.19575   3.26167     528   10
   146   5.59154   1.77901   4.15703    4553   24
   147   2.56915   1.30701   0.75176     631   12
   148   4.00737   2.45239   1.41827    1758   15
   149   1.11437   2.29647   0.35231     404    9
   150   5.76773   1.74689   4.08840    3369   20
   151   4.28776   0.79016   2.77223     776   12
   152   2.43710   1.30286   5.47822     855   12
   153   2.40403   1.45315   3.86961    1810   14
   154   5.68304   1.89618   0.99569    1157   14
   155   3.94582   2.50323   3.03663    2380   19
   156   3.76318   2.44370   1.21365    1923   20
   157   3.59998   2.45657   5.86212    1377   12
   158   0.77068   0.53109   1.91090     623   11
   159   1.00095   2.24283   1.91892    1809   18
   160   0.73359   0.78440   1.90282    1258   11
   161   0.60734   0.75540   5.09095     952   12
   162   2.40388   1.24209   2.18359    1166   12
   163   0.57111   0.73465   1.94297    1754   16
   164   0.84179   0.63931   4.88257    1376   16
   165   2.55418   1.26110   3.78520     621   11
   166   5.73476   1.70275   0.94758     522   10
   167   0.99631   2.32915   4.87134    2245   15
   168   1.04254   2.31594   1.79551    2908   20
   169   1.07327   2.23477   3.29248    5133   28
   170   2.42557   1.40141   5.34162    1082   12
   171   5.70427   1.80904   5.69960    1868   14
   172   4.05547   2.44553   6.17633     753   11
   173   4.03603   0.96987   6.13701    2183   19
   174   1.13707   2.21187   0.26506    1524   11
   175   1.19123   2.15651   0.23732    4247   24