     1   0.00000   0.00000   0.00000       0    0
     2   5.42590   2.18550   0.79631    1321   17
     3   3.38309   2.28809   2.26700     812   11
     4   1.18568   2.15016   5.45069    1680   15
     5   4.44477   1.10837   5.42010    1731   14
     6   2.26845   0.97559   3.83202    1772   17
     7   2.42510   0.89532   2.32657     912   12
     8   3.34832   2.18484   5.41987    1283   12
     9   4.22034   0.93125   0.92842    1985   17
    10   2.34630   0.94720   0.85088    1632   17
    11   1.32072   2.11818   3.87292    2102   19
    12   2.53453   0.95208   2.25927    1598   15
    13   0.42717   0.90896   5.34636     743   11
    14   0.02919   0.92364   4.13954    1066   14
    15   5.34254   2.16079   0.78102    1194   15
    16   2.31740   0.87516   3.80054    1704   14
    17   3.41339   2.26479   3.87637    1475   16
    18   0.08132   0.81249   5.63950    1064   12
    19   0.26669   0.84568   5.41653    1034   14
    20   3.35528   2.26608   0.67492    1030   15
    21   5.38649   2.21025   5.53226     884   13
    22   0.35160   0.95345   5.38584    1165   15
    23   0.32798   0.87231   2.21520    1488   16
    24   4.33522   1.01972   5.63470     786   12
    25   0.24448   0.85997   0.78213     897   15
    26   5.43463   2.19561   0.71652    1656   15
    27   0.29325   0.93343   2.32172     796   11
    28   0.32544   0.98315   5.43998    1731   20
    29   4.33066   0.94004   4.00453     636    9
    30   5.46544   2.23301   2.35780     805   14
    31   0.10844   0.89424   0.95751     881   12
    32   0.23825   0.96679   3.95745    1595   16
    33   5.40503   2.19576   3.88265    1148   12
    34   0.19648   0.97507   3.90723    1283   12
    35   2.39766   1.02513   5.38067    1689   16
    36   0.07062   0.86020   0.98839     963   11
    37   5.63000   2.25858   5.62560    1271   16
    38   1.30898   2.06964   3.95341    1800   17
    39   3.37895   2.23448   0.80527    1782   14
    40   0.37472   0.89283   2.35634    1317   15
    41   0.21279   0.86453   5.37704     963   11
    42   5.49259   2.10352   0.93355    1216   13
    43   5.42590   2.18550   0.79631    1326   16
    44   4.36148   0.89999   0.90297    1772   13
    45   0.10783   0.89599   0.88405     778   11
    46   3.27818   2.19083   0.84846    1430   15
    47   2.36612   0.98893   0.77218    1986   21
    48   3.37726   2.24190   5.56211    1386   14
    49   2.41818   1.02620   3.80284    1176   13
    50   0.27275   0.91341   0.75145    1552   18
    51   4.48564   0.93774   3.90078     893   14
    52   3.40352   2.23405   2.30982    1171   11
    53   2.35943   1.09399   5.50347    1095   11
    54   5.50728   2.16727   2.27617    1096   13
    55   3.40477   2.22081   2.31496    1587   16
    56   5.42794   2.13109   0.87532     706   14
    57   4.43874   0.97620   2.32689    2137   20
    58   2.37436   0.89299   2.23771    1593   13
    59   2.34948   0.98578   2.30129    1778   17
    60   3.40028   2.28006   3.88173    1461   16
    61   1.16997   2.10591   5.49307     810   13
    62   4.52016   1.00985   3.96545    1610   14
    63   3.32350   2.22100   0.75309    2217   17
    64   5.58382   2.21347   2.56416    1441   15
    65   5.51295   2.22595   0.77188    1659   15
    66   0.25078   0.88025   0.77995     782   12
    67   4.29267   1.03482   3.94622    1379   15
    68   2.28135   0.92093   5.50161    1665   19
    69   0.11726   0.84426   2.46618    1105   12
    70   0.16856   0.88406   0.83431    1136   14
    71   1.25235   2.21970   0.69399    1419   12
    72   2.34962   0.92320   0.61350    1152   13
    73   3.38728   2.24781   5.49967    1318   16
    74   0.32798   0.87231   2.21520    1466   13
    75   3.28263   2.27821   2.21564    3109   23
    76   1.17041   2.21319   3.81151    1098   13
    77   1.35030   2.21540   2.41666    2090   17
    78   0.07098   0.91485   0.86944    1523   14
    79   1.33262   2.18775   2.26434    1512   17
    80   3.43331   2.23512   2.30952    1886   16
    81   3.19720   2.20258   2.25488     913   14
    82   3.29993   2.19548   3.87729    1155   15
    83   2.40021   1.06020   5.44156    1876   19
    84   0.32798   0.87231   2.21520    1066   11
    85   4.52803   0.92996   2.30700     873   12
    86   5.48750   2.25199   2.42889    1303   12
    87   2.36072   0.90927   5.50247    1073   15
    88   3.40876   2.25373   3.90590     839   10
    89   2.39787   1.06776   5.52893    1732   15
    90   5.37413   2.12175   5.44142    2035   17
    91   5.46078   2.02904   3.97870    1237   14
    92   1.27649   2.07810   5.55366    1570   13
    93   1.22469   2.11385   0.74887    1032   10
    94   5.51873   2.32182   4.02005    2918   21
    95   5.53989   2.18326   5.62112    1226   15
    96   0.36176   0.89230   2.38673    1243   14
    97   4.44216   1.06694   0.82927    1132   15
    98   0.19223   0.86970   2.34368    2252   19
    99   3.43510   2.20918   3.96866     566   10
   100   5.50280   2.18872   2.41670     750   12
   101   2.38403   0.99873   0.80049    1263   16
   102   2.35857   0.98022   2.39561     571   11
   103   4.41951   0.93241   5.58671     776   12
   104   3.43950   2.22522   4.03052    1257   16
   105   4.40177   1.03958   0.85927     578    9
   106   0.18034   0.92646   2.42078    1540   18
   107   4.48106   1.06008   0.76826    1366   12
   108   4.52016   1.00985   3.96545    2030   17
   109   0.24986   0.84406   0.74122    1128   16
   110   3.55823   2.24454   2.48493     955   12
   111   5.45189   2.09087   0.78050    1958   17
   112   4.46017   1.07549   2.36769    1975   15
   113   4.31741   0.90185   0.95487    1454   16
   114   2.35265   1.09657   0.78588    1269   13
   115   1.28603   2.29285   0.63392    1175   16
   116   3.43991   2.22009   0.83279    1379   13
   117   1.07025   2.21014   2.23766    1334   14
   118   3.39804   2.29114   2.28021    1415   17
   119   0.38408   0.90603   5.40777    1909   17
   120   2.41534   0.98997   5.44121    1305   18
   121   0.11772   0.83656   2.40404    1341   17
   122   2.22246   1.00839   3.89932    1538   16
   123   3.40238   2.19747   0.64335    2339   19
   124   2.33897   0.94494   5.34732    1658   17
   125   4.54536   1.04931   2.42072     939   15
   126   4.33880   1.00513   2.46992    1247   14
   127   4.37657   0.87671   4.01227    1313   14
   128   2.36756   0.97166   2.23469    1626   15
   129   3.46545   2.12804   0.90605    2165   20
   130   1.17970   2.08631   0.71876    1584   17
   131   5.51041   2.20860   2.41032    2058   15
   132   4.33221   1.01589   2.45482    1314   14
   133   5.54982   2.29010   3.91181    1776   16
   134   4.54501   1.02372   2.39848    1278   15
   135   0.21162   0.86599   5.52198    1706   14
   136   3.42482   2.30481   3.90655    1479   16
   137   1.12989   2.20938   2.33318    1149   12
   138   0.39411   0.89886   5.45833    1019   16
   139   3.26478   2.26530   0.74660    1073   14
   140   0.33600   0.88223   0.65408    2568   21
   141   3.36615   2.29429   0.85528     644   12
   142   3.48399   2.19606   2.30869    1981   17
   143   5.42590   2.18550   0.79631     972   10
   144   5.66251   2.21408   2.47306    1497   16
   145   3.25908   2.28884   2.33555    1262   14
   146   3.28338   2.26106   4.00208    1215   16
   147   2.29394   0.96963   2.23804     546   12
   148   4.54536   1.04931   2.42072     857   10
   149   5.59136   2.14901   0.93666    1031   12
   150   2.39649   0.93544   3.95196    1405   14
   151   1.22055   1.99069   5.48951    1278   14
   152   3.45455   2.27921   0.81008     587   11
   153   0.18014   0.97930   5.56074    1174   13
   154   4.42568   0.84468   4.00020    1312   15
   155   0.16072   0.90466   3.84656    1324   14
   156   1.08387   2.16321   3.75943    1205   16
   157   3.47919   2.25360   5.51639    1164   15
   158   3.38318   2.25724   5.37776    1087   14
   159   4.28766   0.97814   4.02611    1137   12
   160   1.15289   2.04380   3.81719    1414   16
   161   0.34909   0.94611   3.85740     842   14
   162   5.42590   2.18550   0.79631    1173   15
   163   4.33880   0.97964   2.49373     925   11
   164   5.63500   2.21943   0.96310     883   15
   165   0.14424   0.93529   2.33303    1239   11
   166   5.44206   2.12743   4.03864    1057   15
   167   0.32798   0.87231   2.21520     911   13
   168   1.17671   2.13904   2.32733    1422   14
   169   5.54846   2.22897   2.37984    1786   18
   170   2.41271   0.89443   3.81890     906   13
   171   1.26369   2.14181   0.72379     904   11
   172   5.56327   2.10551   3.99007    1577   16
   173   3.43252   2.25641   5.45690    1714   17
   174   3.35625   2.27443   4.02381    1770   19
   175   2.42339   0.90607   3.80089    1338   17
   176   4.33221   1.01589   2.45482    1288   13
   177   4.51986   0.89575   2.28450    1011   11
   178   3.29238   2.32583   0.71349    1368   13
   179   4.58422   1.01482   5.38082     947   14
   180   2.35097   1.01265   5.33349    1119   15
   181   2.34634   1.00342   2.20305    1606   19
   182   0.35724   0.86475   0.78602    1021   12
   183   0.28863   0.86178   0.70081    1677   15
   184   5.50525   2.11976   2.51932    1745   15
   185   3.37003   2.23803   5.40133    2184   17
   186   4.42494   1.09305   2.31450     891   11
   187   3.39218   2.20634   0.73777     899   10
   188   0.20121   0.88765   3.92589     987   14
   189   3.36940   2.31400   4.00638    1454   14
   190   0.29505   0.90758   2.25854    1965   17
   191   1.28336   2.14628   3.81982     964   14
   192   0.24017   0.89974   3.92360     843   11
   193   0.29936   0.87623   3.90473     761   12
   194   3.33677   2.28245   2.38539    1267   13
   195   3.26661   2.21247   3.75797    1035   14
   196   2.36206   0.96293   3.83167    1448   14
   197   4.33221   1.01589   2.45482    1337   15