     1   0.00000   0.00000   0.00000       0    0
     2   3.93407   0.99869   4.54802    1088   13
     3   5.25550   1.84635   3.05300    1010   11
     4   2.48308   0.71979   4.37497     724   12
     5   6.20998   0.77108   4.55607     859   12
     6   3.38074   1.58012   2.46986    1513   14
     7   3.17317   1.89214   6.17584    1089   13
     8   3.33242   2.06198   5.12992    1152   13
     9   3.11329   1.57311   5.58341    1211   15
    10   2.32200   2.51631   4.69934    1783   16
    11   3.00441   2.15898   2.31183    1457   15
    12   6.12625   0.88947   4.13440    2688   20
    13   5.04267   2.22466   4.86171    1034   14
    14   0.76419   1.43883   1.62407    1019   13
    15   5.06065   1.04176   4.19934    1714   17
    16   2.30429   1.23762   2.35620    2069   18
    17   1.92223   1.85999   3.92836    1151   14
    18   0.65731   2.38083   2.95807    1603   20
    19   4.09428   0.83214   2.05638    1369   15
    20   1.62908   2.34669   4.40412    1353   14
    21   3.83930   1.71807   4.84416     904   14
    22   3.93017   1.88023   3.40060    3300   22
    23   5.47084   2.20021   3.04839    1202   15
    24   5.95360   0.74584   5.35582    1188   14
    25   0.83163   1.21596   3.77629     661   11
    26   5.66935   1.80363   5.77262     711    9
    27   5.41623   1.09630   0.44989    2027   18
    28   3.86977   1.81673   1.69739    1612   17
    29   6.17088   0.25640   4.17667    1468   16
    30   0.68886   0.83226   2.62916    1301   16
    31   4.11383   0.83368   0.68276    1203   15
    32   3.95690   1.07773   5.60347    1225   12
    33   0.97808   1.36195   3.31504    1635   15
    34   2.26905   1.88641   2.43773    1654   15
    35   4.81092   1.58296   4.15826     765   10
    36   5.84882   0.82924   3.92223    2161   16
    37   5.62597   1.33951   2.58291    1045   14
    38   5.11433   1.66115   1.66985     918   12
    39   1.29143   1.15094   0.86281    1408   15
    40   5.68474   0.67263   2.11143     961   13
    41   3.07684   1.14738   1.08537    1835   18
    42   5.49859   1.44029   1.42756    1150   12
    43   3.03246   0.89754   2.44169    1088   11
    44   0.70710   1.28474   0.35322    1712   14
    45   1.88738   0.54922   1.52087     991   10
    46   5.41582   1.94492   0.54282    1302   13
    47   5.96535   1.33622   3.47544    1591   14
    48   4.79245   1.81414   0.55412    1049   13
    49   4.95344   1.81964   1.24241    1044   14
    50   0.48194   0.78220   0.63319     881   13
    51   0.23998   1.75042   3.49348    1246   16
    52   2.03089   0.38490   3.35025    1363   17
    53   4.31254   2.03205   1.18425    1616   17
    54   2.37189   1.44340   0.83155    1260   16
    55   4.13554   1.29000   4.35238    1550   16
    56   3.31961   1.96736   2.37827    2553   21
    57   2.06613   0.59169   4.59801     996    9
    58   4.55023   1.19089   2.95276    1519   16
    59   2.37677   0.91394   1.17228     990   11
    60   5.23616   1.00675   1.92305    2300   22
    61   5.25046   2.00286   1.05057    1557   17
    62   3.00375   0.73163   2.49368     929   14
    63   6.18558   2.41514   6.11910    1726   16
    64   3.07063   0.57212   0.79402    1654   16
    65   0.96291   2.94493   1.62715    1706   17
    66   4.48745   2.01315   4.73683    1688   18
    67   5.16151   1.57154   2.16806    1161   15
    68   3.16875   0.79206   3.35914     967   15
    69   2.43868   2.48613   2.92348     989   14
    70   3.36292   1.83389   2.01938    1375   18
    71   5.48427   1.44760   5.46996     949   13
    72   4.00738   2.01906   4.87367    1548   18
    73   1.15110   0.99007   3.56884    1013   12
    74   5.61787   0.22189   0.57310    1054   14
    75   4.09170   1.20251   2.41710    1406   16
    76   3.05952   0.53867   1.92438    1699   19
    77   1.16472   1.57298   6.28190     988   14
    78   3.89636   1.44885   2.96396    1589   16
    79   4.26183   1.33473   3.28473    1157   13
    80   3.15110   1.77552   3.12830    1820   17
    81   6.03580   2.94595   4.86261    1118   14
    82   0.28033   2.52611   4.75843    1099   14
    83   4.41688   2.14408   6.01070     728   10
    84   0.25653   2.23162   0.70708    1058   16
    85   0.41964   0.81151   1.87073    1022   14
    86   2.01268   1.14587   1.03042    1168   14
    87   3.62004   1.03555   3.32984    1251   16
    88   2.82820   1.71422   2.93296     981   15
    89   1.27720   2.16207   0.11628    1591   16
    90   1.28960   2.46557   3.41525    1729   17
    91   4.68380   2.34489   1.56010    1129   16
    92   3.98922   1.82039   2.75927    1120   13
    93   0.19503   1.30076   1.90757    1509   18
    94   0.99093   0.50053   6.20384    1275   15
    95   1.33521   0.88923   1.01143    1700   17
    96   2.29930   0.91618   0.72285     986   14
    97   1.83777   0.63904   4.75943     858   16
    98   4.21195   2.11406   3.68290    1561   19
    99   0.68992   1.54942   0.60234     834   11
   100   1.31863   0.71993   1.37417    1784   16
   101   3.09623   1.55403   0.33782    1517   16
   102   0.81474   1.60822   2.91426     975   15
   103   4.65670   1.45058   0.52242    1551   14
   104   5.99168   0.51295   1.84585    2031   19
   105   1.66065   0.38597   2.52929     712   11
   106   3.15881   1.63063   0.14682    1182   15
   107   1.67245   2.69577   0.18907    1156   15
   108   5.39221   1.27692   5.48257    1406   13
   109   5.47903   0.78608   2.12806    1481   15
   110   0.74695   1.39094   2.07023    1375   14
   111   5.03061   1.19488   2.88602    1012   12
   112   5.99388   2.59802   4.00572     987   12
   113   3.78371   2.06541   2.47707    1153   14
   114   3.66243   1.25675   1.66196     768   12
   115   0.03352   1.72760   6.10883    1491   19
   116   0.18406   0.55711   4.92500    1540   16
   117   0.20211   1.88411   5.59617    1486   14
   118   3.55834   2.58908   1.50315    2970   21
   119   3.84158   2.03819   1.51066    2849   18
   120   5.34929   0.76359   1.47785     642    9
   121   4.40767   2.17506   4.22015    1937   16
   122   2.35125   1.53907   3.37497    1361   12
   123   1.58585   2.81574   5.54483    1505   15
   124   5.05296   1.32696   1.39943    1367   15
   125   6.15752   1.39384   5.79847    1502   17
   126   1.49082   1.78049   2.38138    1097   14
   127   2.58844   2.29993   1.82974    1477   15
   128   3.16720   1.88428   4.59836    1281   15
   129   3.89200   1.22915   5.50547    1005   14
   130   3.65495   1.83363   1.66018    1059   16
   131   3.06798   1.43802   1.61805    1068   14
   132   3.11408   2.99394   5.50864    1481   18
   133   2.46131   2.58236   1.56190    1301   14
   134   3.36043   0.99112   1.21956     943   10
   135   3.06465   1.04571   3.61068     853   11
   136   4.28480   0.80986   5.71630    2044   20
   137   4.74204   1.61808   3.45041     862   14
   138   4.66671   2.56369   2.89336    2107   20
   139   2.00149   2.44054   0.78486    1964   22
   140   3.97706   0.58985   2.85635     595   11
   141   4.45489   1.30939   0.02348    1674   15
   142   5.64762   0.39830   0.51959     741   11
   143   1.36435   2.16137   2.84640     908   14
   144   0.47926   1.94261   5.94825    1024   14
   145   5.35236   0.69999   0.89411    1513   16
   146   1.06572   1.30044   3.79219    1563   15
   147   3.56956   0.92839   3.33410    2412   20
   148   1.94077   1.32840   1.86588    2120   15
   149   2.09855   1.86997   2.86753     989   10
   150   4.96378   1.81678   2.52627    1483   17
   151   2.24549   1.89410   0.92940    1428   16
   152   4.29421   2.70627   4.51706     945   13
   153   3.30618   0.85301   1.63323    1290   16
   154   1.27649   1.82816   2.21490    1594   17
   155   4.87683   2.29193   3.15457    1838   15
   156   4.44414   1.47600   3.35232    1024   13
   157   5.40981   1.48848   6.15926    1706   15
   158   4.47286   2.17381   3.60823    1308   14
   159   6.05985   2.56826   4.41543    1546   17
   160   2.11038   0.72726   3.67932     853    8
   161   0.13633   0.84157   3.96962     846   16
   162   4.29227   2.36445   4.35263    1115   13
   163   3.55894   2.11509   3.02225    1275   16
   164   0.67597   1.56330   3.58111     917   15
   165   4.22762   1.19079   5.92455    1089   11
   166   1.60202   1.82152   2.37340    1649   17
   167   3.57345   1.84979   2.93761    1185   16
   168   5.28385   1.09319   5.03625    1048   14
   169   4.56478   0.81464   2.25404    1756   18
   170   4.91395   1.02533   2.45342    1028   12
   171   3.40469   2.19783   5.78789    1046   15
   172   2.75368   2.13656   0.09460    1265   13
   173   2.97966   2.37107   0.06600     950   15
   174   3.99405   1.20667   2.55978    1753   16
   175   5.41043   1.15304   0.32647    2417   19
   176   3.93276   2.38322   3.12472    1276   13
   177   2.88792   1.64164   5.59617    1321   16
   178   5.51102   1.62899   0.23893    1731   15
   179   2.60257   0.16784   4.50741    1481   17
   180   1.21025   3.09445   4.14780    1147   15
   181   3.46124   1.78230   0.95811     778   10
   182   3.82858   2.40727   0.89824    1338   16
   183   5.10354   1.02536   3.81360    1195   16
   184   2.16470   1.23425   2.46903    1289   17
   185   3.28750   1.18659   1.15586    1407   17
   186   5.77232   2.48212   3.25109    1006   12
   187   5.27590   2.47785   3.94203    2074   19
   188   0.50436   0.34430   3.20866    1747   17
   189   1.02945   0.40494   1.26921    1377   18
   190   0.85378   0.15629   5.72640     885   11
   191   4.79817   1.24858   6.16192    1595   14
   192   5.33469   1.40852   3.88535    1212   12
   193   0.10274   2.12981   3.61635     846   11
   194   4.34038   0.81037   3.70942    1015   16
   195   2.32774   2.20919   1.95596    1152   13
   196   5.57622   1.45099   5.67565    1134   15