     1   0.00000   0.00000   0.00000       0    0
     2   6.25839   0.68452   3.97222    1651   13
     3   0.94393   2.13847   5.24945    1204   13
     4   5.39787   1.97713   2.62154    3331   21
     5   5.36921   2.08877   2.57303     466    8
     6   2.11510   1.15444   5.39260     636    9
     7   4.03118   0.95839   2.68369    3001   19
     8   0.91619   2.04714   2.08469    1450   16
     9   3.92623   1.10991   5.74744    1609   16
    10   4.10717   1.00224   1.07101    3798   23
    11   0.03256   0.77070   5.40030    1828   13
    12   5.38743   1.90369   0.94433     436    9
    13   6.26623   0.79103   0.77872    2769   25
    14   0.12382   0.75556   3.79301    1826   15
    15   5.33644   2.04720   5.61808     514   10
    16   2.22146   1.16366   3.74545     379   10
    17   6.25839   0.68452   3.97222     955   11
    18   0.93881   2.14580   3.71850     733   13
    19   5.27107   1.93547   5.64625     603   11
    20   0.83309   2.08762   0.53010    1577   14
    21   3.30599   2.42668   0.93270     761   11
    22   3.22077   2.39761   2.42371    1392   15
    23   4.05902   1.07899   5.71554     912   11
    24   5.36921   2.08877   2.57303     842   15
    25   5.32633   1.99864   5.61889    1154   13
    26   0.24018   0.70790   2.12000    1493   14
    27   0.97016   2.07249   3.71878     672   12
    28   0.04595   0.75961   2.33245    1391   15
    29   3.38830   2.39227   2.55922     450   10
    30   3.12533   2.45003   0.85775    4219   26
    31   5.33135   1.96889   5.61430     445   10
    32   0.80077   2.21087   0.38539     338    9
    33   2.25760   1.14913   5.29779    2004   16
    34   5.30942   2.01372   4.11908     789   11
    35   2.12670   1.21019   5.30311    3657   25
    36   5.36921   2.08877   2.57303     465   12
    37   2.18660   1.14950   3.71155    1660   14
    38   2.21646   1.19857   2.27615    1347   15
    39   0.98015   2.09486   3.70316    1061   13
    40   5.36921   2.08877   2.57303     336   10
    41   0.23697   0.70314   2.06981     414    9
    42   2.19601   1.09198   3.77276    1255   14
    43   2.23599   1.01235   3.71252     500   12
    44   3.25559   2.34987   2.45842    2482   15
    45   2.21646   1.19857   2.27615     770   10
    46   5.36904   2.02980   2.62405     508    8
    47   5.21425   2.00994   4.00575    1075   16
    48   0.10104   0.66066   3.81905    3023   21
    49   4.04276   1.04160   5.69220     420   10
    50   3.21890   2.34246   4.07119    2577   18
    51   2.22146   1.16366   3.74545     539   13
    52   3.14690   2.46017   2.45987     467    9
    53   5.24312   2.02468   2.50306    1466   14
    54   5.39339   2.03443   5.72580     533    7
    55   5.24688   1.93365   1.03219     333    8
    56   2.22146   1.16366   3.74545     327    7
    57   3.21890   2.34246   4.07119     391   11
    58   4.07383   0.97242   5.78134    2210   18
    59   3.93508   1.09416   1.06842     789   10
    60   3.09863   2.45064   0.71600    2067   16
    61   5.40678   1.93261   2.47955    3014   18
    62   3.21890   2.34246   4.07119     745   11
    63   2.22146   1.16366   3.74545     553   11
    64   2.20902   1.11954   0.62100    1748   15
    65   0.24741   0.72823   0.56519     549    9
    66   0.92900   2.11106   5.26465     521   12
    67   0.15795   0.62828   3.66507    1470   16
    68   5.35853   1.99408   2.58165    3250   21
    69   2.16903   1.11883   0.68371    3862   26
    70   0.01236   0.81731   5.37497    2447   18
    71   0.22106   0.68714   5.30558     255   10
    72   2.15598   1.08192   3.67038     591   10
    73   6.23507   0.75068   3.86301    2302   17
    74   3.20480   2.50756   5.63105     384    8
    75   5.30320   2.07359   4.15258     769   13
    76   4.10708   1.11771   5.67398    1212   14
    77   3.19362   2.39573   5.57223    1434   18
    78   0.05966   0.78295   5.30163    3037   24
    79   3.27215   2.39130   2.60145    1154   13
    80   0.88474   2.04779   3.63749     934   10
    81   2.10373   1.19483   5.34985     815    8
    82   0.05597   0.63861   2.24746     346   11
    83   0.76980   2.07944   5.19754    1971   17
    84   0.87667   2.01570   5.28341     626   14
    85   0.93881   2.14580   3.71850    1113   14
    86   5.30320   2.07359   4.15258     392   10
    87   3.12793   2.40407   3.93843     914   14
    88   3.95473   1.09991   5.73543     598   11
    89   5.39954   2.06384   2.60199     425    8
    90   4.05475   1.01976   4.17189    2694   19
    91   3.09991   2.35115   2.35921    1162   13
    92   2.09259   1.07282   5.37137    5240   31
    93   6.25839   0.68452   3.97222    1108   14
    94   2.10828   1.12867   0.61817     402    9
    95   6.23497   0.74376   2.43841    2571   19
    96   6.19561   0.80892   0.77078     568   12
    97   0.05597   0.63861   2.24746     591   10
    98   3.14011   2.38334   5.46697     928   14
    99   5.36921   2.08877   2.57303     675   10
   100   0.09360   0.78925   5.28266    1305   12
   101   3.06365   2.41439   5.48937    1022   10
   102   5.39036   1.93712   2.57309    1198   15
   103   3.19437   2.44759   4.02432    2186   19
   104   2.28459   1.18793   0.51249    2123   18
   105   2.22415   1.16784   2.24269    1918   19
   106   0.01881   0.80377   0.72128    2429   18
   107   0.95155   2.16386   5.25072    1146   12
   108   5.26607   2.00183   2.58312    1143   15
   109   0.93512   2.04106   3.68789     474   12
   110   2.22146   1.16366   3.74545    4504   24
   111   0.13868   0.71310   3.67931     902   11
   112   0.93008   2.14275   5.16728    1769   18
   113   0.07379   0.74950   5.42865    1028   13
   114   5.36921   2.08877   2.57303     559   12
   115   0.90682   2.07795   5.16649     884   12
   116   6.25839   0.68452   3.97222     458    9
   117   0.75824   2.09747   1.97030     233    6
   118   2.21646   1.19857   2.27615     559   11
   119   5.36921   2.08877   2.57303    1061   13
   120   0.13868   0.71310   3.67931    2123   18
   121   2.22002   1.01873   0.65467    1427   14
   122   3.94860   1.00199   1.14203    3746   20
   123   5.26840   1.93644   0.93833     404    9
   124   2.12764   1.07632   2.18939    2743   23
   125   0.13744   0.65837   5.28412    1081   13
   126   3.24235   2.44081   2.58915     753   16
   127   3.95109   1.00929   5.82378     905   11
   128   0.93512   2.04106   3.68789    2527   20
   129   1.00808   2.10268   0.62016    5180   30
   130   3.29952   2.37410   4.03964    1316   12
   131   2.22217   1.06418   5.18927    1034   12
   132   6.25839   0.68452   3.97222    1191   12
   133   0.09964   0.78990   3.84050     709   10
   134   4.09696   0.97833   1.11164    2870   19
   135   5.36921   2.08877   2.57303     867   12
   136   3.15669   2.40491   2.35670     625    9
   137   2.22146   1.16366   3.74545     584   11
   138   6.27155   0.65583   0.75747    2287   16
   139   3.39603   2.40398   4.17902    3528   19
   140   3.27981   2.40486   4.05363     453    9
   141   0.88398   2.13425   2.14145     404   10
   142   3.98566   0.92169   4.21946    1464   18
   143   0.13868   0.71310   3.67931     621   12
   144   5.33279   2.03130   1.01154     932   14
   145   3.10561   2.37693   5.43485     768   16
   146   2.22146   1.16366   3.74545     742   11
   147   3.22646   2.37731   0.85187    5599   27
   148   2.16884   1.06523   2.19227    1837   13
   149   2.21646   1.19857   2.27615     361    6
   150   3.08678   2.46766   0.70670     631   10
   151   5.30658   2.05937   4.03192    4563   25
   152   5.36921   2.08877   2.57303     754   12
   153   0.96959   2.17833   3.68671    1265   13
   154   0.87592   2.10673   5.18676     865   13
   155   0.93086   2.03371   5.22344    1026   13
   156   0.89661   2.04176   0.43851     655   12
   157   3.24916   2.37650   2.48422     683    9
   158   2.12390   1.17498   0.67505     833   13
   159   0.88667   2.12256   3.64974     699   13
   160   3.40252   2.38163   1.01592     701   13
   161   5.30942   2.01372   4.11908     645   10
   162   0.90229   2.19674   3.67104     572    8
   163   4.01399   1.10884   2.66383    4460   26
   164   0.90723   2.12556   0.39955    1992   16
   165   4.07643   1.07803   4.23664    2287   15
   166   3.93859   1.03617   1.19609    2128   15
   167   3.13428   2.43395   0.85158    4581   27
   168   2.22146   1.16366   3.74545     540   10
   169   0.94932   2.12269   3.70600    1070   16
   170   2.09201   1.13095   3.81921     898   13
   171   6.22005   0.75196   2.38158    3631   20
   172   3.13560   2.49967   5.62800    5265   25
   173   0.21989   0.72575   0.51548    2779   16
   174   0.94060   2.07640   2.19831    1783   15
   175   3.99134   0.95702   2.66044     612   10
   176   4.09073   1.01683   5.71856    2901   23
   177   5.38149   1.92535   0.92967    1560   14
   178   6.25839   0.68452   3.97222     753   12
   179   3.34033   2.41736   5.83156     535    9
   180   3.10874   2.34609   0.83918    1081   13
   181   2.11103   1.11104   3.79945    3744   22