     1   0.00000   0.00000   0.00000       0    0
     2   2.18332   1.81212   5.22322    1761   16
     3   3.49530   2.12940   1.14347    1736   15
     4   5.61495   1.82245   3.78602    1325   14
     5   1.38130   2.04726   5.66794    1854   19
     6   1.77475   2.63167   5.44771    1744   15
     7   4.40406   0.85107   0.61338     915   12
     8   2.98778   2.07231   5.21741    1221   15
     9   2.90055   1.68709   1.28684    1214   17
    10   4.26991   1.62174   1.29987     794   12
    11   1.49751   2.02230   1.32234    1413   15
    12   6.16154   1.68639   4.03432    1490   17
    13   0.81571   1.56177   2.39819    1302   13
    14   0.57186   1.29028   1.39566    1096   14
    15   5.86913   1.67404   1.82062    1571   16
    16   1.72538   1.69126   0.73003    1632   13
    17   0.10026   2.21964   3.18779    1377   16
    18   4.46079   0.41824   1.91077    1554   18
    19   5.90273   0.78249   1.34040    1719   16
    20   1.31183   1.95512   0.91085    2433   18
    21   3.82891   1.07397   3.75287    1416   17
    22   1.39829   2.36607   0.14317     740   11
    23   3.27429   2.25305   5.72864    1042   15
    24   1.04969   1.62169   3.82412    1503   15
    25   2.61058   0.47496   0.38952    1790   17
    26   5.36762   2.33723   4.40945    1516   16
    27   0.99469   3.02600   4.46886     661   10
    28   4.30963   1.37454   5.47755    1364   17
    29   2.91287   1.21436   5.78830    2087   17
    30   4.38260   0.51210   3.06764    1170   14
    31   0.07124   1.73916   1.12772     985   13
    32   3.50212   0.45875   1.76441    1027   14
    33   1.95186   0.96654   2.93724    1371   16
    34   4.95086   1.17777   1.40331    1317   16
    35   4.41409   2.32684   4.59193    2405   18
    36   4.00332   1.03737   5.48553    1101   11
    37   0.42554   2.82650   5.42279    1760   18
    38   0.89228   2.31019   5.83938    1374   15
    39   6.00353   2.66233   4.98418    2096   18
    40   6.27127   1.81088   1.11006    2689   20
    41   0.83884   1.59673   3.09005     881   13
    42   4.96064   2.29301   1.05026    1144   14
    43   0.32782   0.68631   0.99777    1829   19
    44   2.11820   1.13500   5.49543    1303   14
    45   4.58157   1.06616   5.05806    1292   15
    46   0.70122   1.66725   4.24305    1148   15
    47   5.66462   1.09452   5.67593     993   13
    48   5.51352   1.39521   4.14024     988   11
    49   2.21357   2.31385   0.10799    1251   15
    50   4.90373   2.18947   5.53310    1207   14
    51   1.29009   0.67017   5.05971    1417   15
    52   0.93869   1.51117   5.00226    2034   18
    53   0.29014   2.06400   3.87394    1444   16
    54   0.86448   1.89332   2.27735    1470   17
    55   3.12965   1.89441   0.04965    1759   16
    56   0.12086   2.48916   3.02544    1130   14
    57   4.44172   2.61705   4.40918    1648   16
    58   5.63758   1.56927   4.29747    1441   16
    59   2.73000   2.41863   2.20466    1472   18
    60   4.15270   2.07141   4.30919    1040   14
    61   1.19456   1.64128   6.24317    1198   13
    62   5.31858   2.75499   1.76378    1932   17
    63   4.21174   0.83907   3.18011    1611   15
    64   3.43443   1.90841   3.55566    1535   17
    65   3.45905   2.60786   5.44211     952   14
    66   1.99906   1.64549   1.10283    1854   18
    67   4.92150   0.70536   0.45622    2168   19
    68   1.85207   0.14679   5.87491    1768   17
    69   3.82089   2.31940   1.40510    1331   15
    70   3.48767   2.23188   3.93063     866    9
    71   5.70769   1.66483   3.90751     985   12
    72   2.44573   2.00710   0.64811    2307   16
    73   4.43208   2.30657   2.28221    1199   14
    74   1.11483   2.44666   1.88887    1224   14
    75   3.88742   2.31774   1.53165     903   13
    76   1.68296   1.09223   5.54956    1468   14
    77   3.95257   1.80262   4.23396    1265   16
    78   0.60464   0.93451   5.48239     355    7
    79   5.56625   0.76937   1.71606    1794   16
    80   3.59990   2.26668   2.02382     883   11
    81   0.40941   1.28980   0.67353    1469   13
    82   4.57541   1.11484   3.49340     980   14
    83   0.95728   1.95071   2.24927    1171   13
    84   2.78105   1.14745   3.08308    2852   21
    85   1.39904   2.80854   0.14298    1312   14
    86   0.50601   2.20586   4.04106    1316   17
    87   4.47615   2.38194   0.39174    1883   17
    88   6.16832   2.81593   1.72381    1432   15
    89   1.32338   1.14974   0.51396    1618   18
    90   4.81529   1.70592   5.48784    1333   16
    91   5.50369   1.88159   1.34995    1012   12
    92   0.96740   1.21125   3.64919    1023   11
    93   0.32891   2.30792   0.00772    1645   16
    94   2.39636   0.71881   5.07440    1968   15
    95   3.73070   1.81913   4.05812    1481   18
    96   3.93508   2.12435   0.30468    1424   14
    97   3.33216   1.69737   6.24256    2023   19
    98   0.01120   1.87791   3.53478    1186   12
    99   4.43907   1.13363   5.15925    1246   16
   100   4.04086   2.07109   2.56752    1180   11
   101   0.41139   1.77729   0.94051    1621   17
   102   0.09086   2.48489   4.82594    1184   15
   103   0.94566   1.47914   1.30968    1138   16
   104   2.08825   2.05652   1.55895    1840   18
   105   1.74370   0.52707   5.79646    1970   20
   106   2.20799   2.38853   1.78193    1034   12
   107   0.27332   0.75406   6.10995     830   13
   108   2.20744   2.36427   6.24242    1131   17
   109   1.00385   1.21085   2.46243     952   14
   110   5.90572   2.71521   5.48750     929   12
   111   3.02324   1.96935   2.64111    1054   11
   112   5.45707   2.37655   4.25510    1101   16
   113   1.03529   1.54416   5.39050    1261   13
   114   4.30567   1.65440   2.94153    1481   15
   115   6.14227   2.08668   2.32091    1198   13
   116   4.88737   2.18519   1.77018    1304   14
   117   1.63298   1.69061   1.39396    1692   16
   118   3.72143   1.39875   5.66270     801   12
   119   5.64129   2.72009   5.56146    1687   17
   120   4.72562   1.51308   4.09281    1579   15
   121   0.58042   0.73465   5.40143    1495   14
   122   0.42266   1.57650   3.48346     957   12
   123   1.84551   2.18769   2.56666    1478   17
   124   5.45559   0.80183   3.16157    1131   13
   125   5.02382   1.82564   2.70382    1529   15
   126   0.79494   0.82222   5.18883     682   11
   127   5.93419   1.03329   4.22449    1270   15
   128   0.60950   2.13586   1.03245    1489   15
   129   2.55946   1.64948   0.20840     862   14
   130   3.56943   2.22074   5.91194     865   12
   131   0.94666   1.73116   1.70101     583    9
   132   2.00517   2.53685   2.53923    1239   16
   133   1.11423   2.24599   4.46243    2117   19
   134   2.08353   0.99944   5.69390    1090   13
   135   2.48242   1.98162   5.61103    1157   15
   136   4.97104   1.10643   3.99515    1976   17
   137   2.85695   1.07719   2.42993    1130   14
   138   4.00494   1.80842   3.77417    1276   13
   139   1.03969   0.88278   5.96338    1411   16
   140   0.29621   0.13306   2.43156    1156   15
   141   1.92601   1.50528   4.66422    1828   17
   142   5.82831   1.07697   0.51109     797   14
   143   2.27101   0.62459   0.36917     746   13
   144   5.19996   1.47655   3.94691    2033   18
   145   5.60779   0.80080   6.25003    1337   12
   146   3.28662   2.25206   1.97644    2102   18
   147   3.18515   1.72849   2.51555     867   13
   148   3.84303   1.56736   2.69196    1694   14
   149   1.03166   2.52853   3.27452     854   11
   150   0.29820   0.51899   5.40203    1150   14
   151   5.66014   0.84868   1.81453    1014   13
   152   1.06858   2.08391   2.14467    1093   17
   153   5.45956   0.97169   3.77924    1953   18
   154   5.41337   2.33868   0.50047    1202   14
   155   6.19827   2.04567   1.48814     598   10
   156   3.67716   0.99206   3.55202    1277   14
   157   5.25765   2.47484   1.31299     850   11
   158   4.44807   0.86837   5.03561    1232   15
   159   2.32511   1.34583   2.41546     940   13
   160   4.20110   0.74715   0.49264     971   12
   161   1.34748   0.86522   0.42096    1526   18
   162   6.18178   0.85639   5.96115    1171   12
   163   2.35777   0.53633   5.21744     849   11
   164   4.79244   1.33896   5.72914    1043   12
   165   4.68822   2.43787   1.67290     664    8
   166   1.32886   1.25587   3.84030    1676   15
   167   1.22553   1.25043   6.04094    1754   15
   168   3.68610   2.86376   1.27502    1115   13
   169   0.50958   1.19881   2.04467    1218   14
   170   5.94788   2.01089   0.90334    1057   15
   171   2.01920   1.78704   1.47711     955   10
   172   5.72254   0.80980   2.17555    1716   16
   173   3.13064   2.63288   6.23015    1389   17
   174   2.59994   2.42412   5.19281    1862   17
   175   5.41589   1.80013   0.47189    1287   13
   176   2.39172   0.76565   5.49765    1100   12
   177   3.24980   0.99822   0.73995    1669   18
   178   0.60800   1.44599   0.48652    1570   14
   179   2.53471   1.99173   0.33584    1040    9
   180   5.92974   1.42933   1.62420    1529   16
   181   0.79811   1.81996   5.94719     866   12
   182   2.43808   1.08803   5.08844    1112   14
   183   0.84328   1.48798   5.71325    1120   13
   184   4.35168   2.54133   4.82922    1514   17
   185   4.74190   0.36680   5.21226     554    9
   186   5.98301   2.53770   5.79134    1241   14
   187   6.03685   1.54861   0.01300    1289   16
   188   1.10300   2.38841   4.57513     786   10
   189   1.19276   1.85686   4.33352    1343   18
   190   4.79482   1.03727   0.08431    1103   14
   191   4.42107   1.33422   4.64105    1037   14
   192   2.21597   2.12802   1.56354    1253   14
   193   3.72550   1.34362   5.80889     863   12
   194   1.58592   1.93872   4.97646    1145   14
   195   2.36960   1.57323   2.60595    1148   11
   196   1.16518   1.89699   2.41581    1704   14
   197   5.33734   1.25402   0.63945    1050   14