     1   0.00000   0.00000   0.00000       0    0
     2   5.65146   1.50566   4.73672    4627   23
     3   0.94177   1.60149   0.07947    1682   13
     4   2.09368   3.04522   4.28560    1418   13
     5   2.53820   1.50635   6.25718    2886   21
     6   1.74856   3.09771   2.39597    1160   12
     7   4.08488   1.38799   4.62511    2914   18
     8   4.12154   1.38925   1.52439    1641   17
     9   0.85218   1.66076   4.80487     663   11
    10   0.00000   0.00000   0.00000    1189   16
    11   3.96625   1.48362   6.18322     392    9
    12   5.62356   1.57934   1.52716     312    9
    13   3.59424   3.06226   2.64145     938   12
    14   5.60117   1.50854   0.03057    1101   13
    15   2.12590   0.09187   3.46625    1635   14
    16   0.84801   1.52175   0.10850    1356   15
    17   4.48680   2.98979   3.50875    1264   14
    18   5.57299   1.44222   3.03353     758   10
    19   2.12590   0.09187   3.46625     523   11
    20   5.65796   1.56130   3.03418    1036   12
    21   5.65511   1.68784   1.42038     649   10
    22   5.63144   1.58912   1.57868    3737   21
    23   0.93028   1.62399   6.18913    1023   15
    24   5.60408   0.16920   0.10759    1685   17
    25   2.35637   1.54481   1.59772    3032   21
    26   4.42739   2.99249   3.38807    1118   11
    27   5.72268   1.48994   3.13040     439    9
    28   0.08154   0.15605   4.04075    2367   18
    29   5.72342   1.62059   4.55100    1352   15
    30   3.95100   1.45354   0.07617    3830   18
    31   0.90376   1.59098   1.56511    3816   20
    32   4.17259   1.56219   1.53500     938   13
    33   3.98913   1.49274   1.49374    4329   20
    34   0.82358   1.62354   4.71722    4482   23
    35   5.65146   1.50566   4.73672     707   13
    36   3.36895   2.94711   2.57130    2205   17
    37   5.59023   1.63754   1.59735    1480   11
    38   4.50271   3.06864   3.58604    3240   20
    39   0.84054   1.61950   6.23387     331   10
    40   5.72138   1.54258   1.63670    1792   18
    41   0.35174   0.19145   3.64354    3386   18
    42   5.99689   0.14207   1.15988     778   10
    43   2.40931   1.44208   1.61456    2865   21
    44   3.63127   3.01040   4.18249     781   12
    45   1.10615   0.14891   4.64100     850   10
    46   2.60065   1.68566   0.10385     631    9
    47   5.65146   1.50566   4.73672     579    9
    48   2.53737   1.43966   1.56570    1540   14
    49   5.74557   1.50727   4.65816    2855   20
    50   5.62356   1.57934   1.52716     332   10
    51   5.60994   1.64601   3.19989    4369   24
    52   5.50160   1.64471   1.53448    2406   16
    53   5.57550   1.56358   3.08859     662   11
    54   2.50991   1.62162   3.09743    5198   26
    55   2.61523   0.05786   3.04954    2353   18
    56   5.57550   1.56358   3.08859    1167   11
    57   2.53652   1.55234   0.11560    3003   23
    58   0.79589   1.54389   4.80455    1903   14
    59   0.90575   1.60841   0.00010    2954   18
    60   3.78497   3.04235   1.22713     507    9
    61   5.59612   1.52212   1.45675    2116   15
    62   5.65511   1.68784   1.42038    1178   10
    63   0.86061   1.62475   6.25985     351   12
    64   0.35174   0.19145   3.64354     359   10
    65   5.65146   1.50566   4.73672     729   11
    66   4.18507   1.59024   3.12852    1752   18
    67   5.60475   1.66017   1.52303    1060   15
    68   2.88660   2.99578   3.47140     951   13
    69   0.78974   1.61885   6.27888     832   13
    70   0.88619   1.60473   3.13576    1372   14
    71   5.57550   1.56358   3.08859     483    8
    72   2.77222   3.00197   1.97684    2054   17
    73   2.51109   1.59013   6.27911    1975   15
    74   0.00000   0.00000   0.00000     550    8
    75   0.08154   0.15605   4.04075     399    9
    76   3.03107   3.07028   3.71346     657   10
    77   5.60077   1.64313   4.58123     479   10
    78   2.36119   1.54271   1.66340    4233   24
    79   0.95062   1.66938   4.82076    4742   21
    80   5.62537   1.60681   6.26061     580   11
    81   2.78160   0.01780   5.99358    1304   14
    82   3.96968   1.59826   3.08763     332    8
    83   2.50991   1.62162   3.09743     530   11
    84   2.57002   1.40215   3.12830    4124   24
    85   5.62356   1.57934   1.52716     494   12
    86   2.90672   2.98321   3.44077    1469   17
    87   2.47875   1.53704   1.67500     474    9
    88   0.00000   0.00000   0.00000    1273   14
    89   2.52898   1.62759   0.11932    2807   17
    90   5.71449   1.72126   1.51490    3335   15
    91   3.32269   0.01362   5.40593    1363   13
    92   2.39834   1.55219   4.78766     850   11
    93   4.12528   1.54718   1.55530    1823   13
    94   2.36584   1.63149   4.81645    1102   15
    95   3.97914   1.51352   3.12282    1769   12
    96   5.64042   1.56039   3.01360     954   12
    97   2.48763   1.60354   1.70741     978   10
    98   5.79687   3.06607   3.22804     609   12
    99   0.13417   0.07349   2.23287    5432   22
   100   4.05156   1.48902   3.12006     599   12
   101   4.19490   1.42631   1.46348     292    8
   102   5.57503   1.62393   1.46698    2880   16
   103   0.80265   1.51787   1.59966    2039   16
   104   4.39228   3.09195   4.92494    1321   14
   105   3.95073   1.50125   1.48871    1432   12
   106   3.35002   3.02431   5.58100    1109   10
   107   6.03157   0.02565   5.88454     707   12
   108   0.08154   0.15605   4.04075    1996   15
   109   0.00000   0.00000   0.00000     336    9
   110   5.68642   1.58599   4.78962    5798   24
   111   3.09189   3.05447   0.59033     807   10
   112   2.03904   3.07622   1.01167    1830   16
   113   4.47667   2.97558   1.91195     434    8
   114   5.65511   1.68784   1.42038    1421   16
   115   1.29624   0.05912   2.76003    4477   18
   116   4.01474   0.02191   0.14570     522   14
   117   4.03093   1.53566   3.15323    1775   16
   118   4.10933   1.56813   1.64944     482   10
   119   0.40689   0.13374   3.76807     856   14
   120   4.16220   1.62161   0.02427    1608   16
   121   3.96625   1.48362   6.18322     744    9
   122   4.03758   1.44359   3.26417     863    9
   123   4.14106   1.59015   6.17322     536   10
   124   0.21603   0.07739   2.20717     628   11
   125   5.62356   1.57934   1.52716     666   11
   126   6.24742   0.10346   4.03097     747   12
   127   3.78253   3.03110   2.96031     830   13
   128   6.17376   0.02931   2.62009     547   10
   129   2.59059   1.57427   3.31246    3942   23
   130   5.63342   1.56022   3.06558    2740   21
   131   5.72090   1.47642   4.56724    2147   21
   132   2.43713   1.49360   4.81442     750   13
   133   5.66984   1.65119   4.66282    1115   11
   134   3.83948   2.97683   4.46890    1000   11
   135   4.18507   1.59024   3.12852     853   11
   136   0.78784   0.13213   0.22074     509    7
   137   2.42420   1.46805   1.67035     688   13
   138   2.49547   1.50815   0.04919     573   12
   139   2.51435   1.62102   3.19448    2460   16
   140   0.98705   0.03014   4.64673    1944   16
   141   0.33488   3.05377   0.95806     582    9
   142   5.57299   1.44222   3.03353     781   14
   143   5.58980   1.50231   4.64790    2369   18
   144   2.58955   3.07167   0.16087     495   10
   145   4.91783   2.98763   2.36119    1420   17
   146   3.93390   1.43141   6.20637     805   13
   147   5.61503   0.05501   1.54437    1546   16
   148   4.01474   0.02191   0.14570     717   11
   149   1.04544   1.51084   1.65995    1272   14
   150   4.05497   1.45008   6.23139    2234   18
   151   4.17705   1.50675   4.66361    1118   11
   152   5.66058   1.60121   3.21650    2294   19
   153   1.29772   0.04234   2.78658    2177   16
   154   0.31896   0.02370   2.14150     864   14
   155   1.43267   0.13653   2.64472    2266   20
   156   5.60846   1.52724   1.63610     924   15
   157   5.62356   1.57934   1.52716     608   10
   158   4.02766   2.96544   4.57048    1166   15
   159   3.96625   1.48362   6.18322    1624   14
   160   2.44533   1.44472   0.08203    3367   18
   161   3.42497   0.04313   5.33969     937   12
   162   5.51321   1.61618   3.12124    2820   21
   163   3.68518   2.98087   4.44793    1259   12
   164   5.62356   1.57934   1.52716     624   14
   165   5.53359   1.56950   1.53196     997   11
   166   4.18507   1.59024   3.12852     424   10
   167   3.63127   3.01040   4.18249    2411   17