     1   0.00000   0.00000   0.00000       0    0
     2   5.21703   1.46957   4.96035    1427   13
     3   1.07101   1.07323   0.81589    1981   14
     4   2.03200   2.16365   4.65640    1349   15
     5   0.32008   1.26525   4.83986    1369   15
     6   0.92912   1.11025   0.66415    1773   14
     7   1.73955   2.04931   0.52520    1307   16
     8   4.60404   1.81280   4.99213    1509   18
     9   1.27024   1.16820   2.60518    1144   13
    10   5.62713   2.45499   1.60383    1729   17
    11   5.56671   1.48281   6.07226    1509   12
    12   2.80605   2.21287   1.38814    1076   10
    13   3.58581   0.53389   0.17829    1162   14
    14   1.40985   0.83062   2.34222    1735   16
    15   3.10403   1.97305   2.17018    1356   14
    16   3.51866   2.34117   2.51444    1704   18
    17   2.90508   1.85167   0.86182    1644   18
    18   5.32553   1.86457   2.47084    1349   13
    19   2.91455   1.04829   4.39647    1365   15
    20   6.01116   1.77688   5.30837    1099   13
    21   5.25292   0.56889   0.77328     711   11
    22   1.95967   0.55384   4.78502     839   10
    23   5.53918   1.82212   5.91012    1217   13
    24   2.35629   1.52616   1.68818    1160   13
    25   3.49229   1.95697   1.25312    1763   17
    26   6.05144   0.98686   3.00920    1230   16
    27   2.69039   2.15894   0.69351    1220   14
    28   1.53657   1.80301   0.87984    2343   17
    29   1.81330   1.69829   4.18646    1091   14
    30   0.49466   2.18050   0.97198    1528   14
    31   4.88061   1.32031   2.04073    1098   11
    32   4.73875   0.86513   5.32258    1178   15
    33   4.71623   1.66772   4.57205     782   12
    34   1.24107   1.20249   1.86583    1190   13
    35   2.89827   0.56354   3.78069    1429   13
    36   5.21182   2.29376   2.55466    2046   16
    37   5.97314   1.41128   1.99276    1428   14
    38   4.16776   1.37873   3.42162    3057   21
    39   2.06126   2.15541   1.02651    1850   16
    40   0.92561   1.36053   1.31719    1805   15
    41   1.33270   1.15357   3.60063     792   13
    42   2.49952   1.24338   3.16861    1025   16
    43   1.54136   1.38387   0.84857    1009   12
    44   2.22016   0.60301   3.53761    2252   20
    45   3.85481   1.92194   2.20283    1062   12
    46   1.73139   0.54046   0.22245    1704   16
    47   5.37401   0.56371   2.66772    2344   19
    48   0.85240   1.60231   0.97369    1637   14
    49   4.50842   2.43850   5.94838    1169   14
    50   5.86981   0.77365   4.04976     854   13
    51   3.98440   2.21017   2.42219    2447   17
    52   1.66553   1.35935   3.63045    1630   16
    53   0.08132   2.02951   0.94609     958   11
    54   2.33665   0.83052   2.66290    2147   19
    55   0.44522   1.24524   6.13890    1253   13
    56   3.12309   2.20471   1.79162    2106   18
    57   1.68151   1.10188   0.28283    1774   16
    58   0.20913   2.87422   2.50782     702   10
    59   1.81908   2.11390   0.68829    2148   15
    60   2.62759   2.87339   4.30100    1600   13
    61   1.28355   2.02979   3.74655    1174   14
    62   4.17480   0.89862   1.02032    1518   15
    63   4.05404   1.71872   6.23193    1348   13
    64   5.27974   1.99234   0.95051    1222   13
    65   6.01731   1.86947   5.14187    1269   13
    66   1.06270   2.16944   6.08717    1637   17
    67   1.78829   0.85957   5.55147    1440   14
    68   2.35345   1.30822   0.65018    1471   15
    69   2.26401   2.60931   3.05681    1793   17
    70   1.92992   1.14174   2.21180    1025   11
    71   5.77306   1.80082   0.12263    1306   16
    72   5.73698   2.62985   2.45558    1942   19
    73   2.29778   1.47037   1.97404    1443   16
    74   2.63558   2.17925   4.96717    1901   16
    75   2.06685   1.34987   0.92644    1259   12
    76   4.16154   0.76112   4.34224     809   13
    77   0.48812   1.34390   4.51417    1363   13
    78   4.77795   0.29504   3.95973    1327   14
    79   3.52243   0.83752   5.10719    1337   14
    80   4.41306   2.14517   0.50285    1562   14
    81   3.32184   2.44183   4.02723    1359   15
    82   0.82441   1.58525   2.29435     972   12
    83   1.76555   0.75668   1.10180    1581   16
    84   6.22178   2.39742   0.67886    1202   12
    85   1.12399   1.80024   2.29134    1444   14
    86   5.82254   0.81489   4.39938    1160   14
    87   5.77006   2.36424   2.91968    1647   13
    88   5.51722   1.77372   5.45340    1519   17
    89   4.73344   0.27127   2.81120    1679   16
    90   0.01381   1.35260   5.13286    1633   17
    91   3.12110   1.69016   3.47781    1484   16
    92   1.07086   0.96419   0.84049    1812   18
    93   1.18099   2.16443   5.07650    1766   15
    94   5.39835   1.99516   4.27690    1524   14
    95   5.93167   2.12348   2.95409     755   12
    96   1.62658   1.50628   4.32572    1156   14
    97   3.47765   1.08216   4.69060    1938   17
    98   4.11177   2.20647   3.18555    1382   16
    99   0.67793   1.44957   5.59258    1327   16
   100   3.54733   0.82062   3.63790    1448   15
   101   2.63053   1.84609   0.25388    1172   12
   102   5.95597   1.95828   3.56846    1218   15
   103   0.11008   1.50748   6.27546    1453   13
   104   1.00423   0.03517   6.01138    1777   14
   105   0.22257   1.10379   1.31869    1305   14
   106   6.07571   1.52905   1.34718    1643   17
   107   0.73390   0.39220   5.39462    2224   18
   108   3.24885   1.04985   3.93182    1461   17
   109   0.44882   1.25569   6.27906    1470   17
   110   2.83101   2.29974   0.54925    2041   18
   111   1.77594   2.40692   2.06474    1189   14
   112   6.09922   0.67276   5.94034    1435   14
   113   4.35590   1.62150   2.12213    1339   16
   114   3.82943   2.42805   5.57553    1387   16
   115   0.39422   0.35826   5.95280    1489   10
   116   5.31965   1.84017   2.23488    1027   13
   117   3.68959   1.08055   5.59893    2116   18
   118   3.85352   0.78791   5.91393    1787   17
   119   5.98617   1.50169   3.71510    2206   19
   120   0.02038   2.36716   3.63035    1368   14
   121   1.76786   1.18338   5.93773    1740   16
   122   4.90289   1.83791   2.43709    1783   15
   123   0.02870   1.07881   4.77024    1155   13
   124   2.50134   0.92602   5.73626    1848   15
   125   0.00792   1.86173   1.17765    1657   16
   126   4.23490   0.86926   5.03421    1255   12
   127   1.77583   1.47845   3.93966    1104   12
   128   4.53113   0.54117   5.17366    1477   15
   129   1.16241   1.65538   6.15598    1417   16
   130   1.96972   2.30691   1.46163    1636   14
   131   5.63227   2.49646   4.84839    1119   15
   132   0.43591   1.13635   0.14749    1951   16
   133   4.16776   1.37873   3.42162     667   11
   134   0.82138   2.12822   5.42507     627   11
   135   5.00311   0.54577   3.24690    1456   12
   136   0.79771   2.60837   3.39305    1839   18
   137   2.71298   2.53262   5.48070    1566   11
   138   4.42132   2.55157   1.88022    1456   17
   139   4.67257   1.67431   4.26308    1226   13
   140   3.21157   0.75845   1.03499    1509   14
   141   1.92393   1.09949   6.11177     892   11
   142   0.64898   1.28761   2.25117    1407   17
   143   3.37905   0.68698   3.44443    1181   14
   144   5.87279   0.85312   2.27612    1187   15
   145   2.01284   2.79884   0.32156    1143   14
   146   5.02141   1.46893   1.66636    1570   18
   147   1.97957   0.60370   0.13634    1786   17
   148   3.57539   2.60804   2.92698    1006   11
   149   0.68926   1.19685   5.66582    1524   15
   150   0.39923   1.02283   6.17529    1586   15
   151   2.54811   0.97842   1.33723    1429   13
   152   2.70520   1.89785   0.89336    1018   13
   153   2.81725   1.36824   1.87704    1646   17
   154   0.97189   0.88030   0.49734    1518   15
   155   1.51431   0.63407   0.39571    1383   16
   156   2.17910   2.02797   2.63521    2446   19
   157   4.77964   1.48835   3.31314    1169   13
   158   3.60153   0.83122   5.98874    1225   14
   159   1.36823   0.72587   1.28515    1337   13
   160   2.02875   1.46226   3.62461    1561   15
   161   2.16455   2.24440   2.71447    1406   17
   162   1.27700   2.36925   0.62621    1181   13
   163   1.62094   1.14353   3.79154    1554   19
   164   2.40411   2.55122   2.24266    1638   19
   165   1.15715   1.59610   3.94971    1608   17
   166   4.28123   1.89736   4.01814    1453   20
   167   3.89459   2.45615   6.21405    1348   14
   168   3.53605   1.50578   5.41689    2314   16
   169   3.68124   1.29752   5.45845    1223   13
   170   1.52245   0.76462   2.84020    1621   13
   171   4.14750   2.43110   2.02160    1981   19
   172   3.60457   2.12634   2.18906    1415   14
   173   2.02972   2.25356   1.51999     899   15
   174   4.01361   1.80413   3.66616    1352   14
   175   4.14071   1.58768   0.47478    2352   16
   176   5.39303   0.99494   6.26217    1262   12
   177   4.76118   2.07170   2.36642    1789   19
   178   3.62574   1.25712   0.37456    1315   12
   179   1.13560   0.91771   2.30395    1453   14
   180   6.12744   1.16603   2.77163    1272   15