     1   0.00000   0.00000   0.00000       0    0
     2   4.38289   1.53125   3.04211     407   10
     3   4.44792   1.55717   1.59958    4194   23
     4   3.62381   2.94371   2.45970    1594   15
     5   5.87793   1.48501   3.12837    3111   19
     6   1.20451   0.14983   0.13820     624   10
     7   2.80149   1.44520   0.01973    3257   23
     8   2.86156   1.47005   0.06003     394    9
     9   4.43159   1.56250   1.61581     530   11
    10   2.01942   3.05257   5.41452    1927   15
    11   1.24732   1.53652   0.08458     530   10
    12   1.32439   1.61448   6.19109     837   11
    13   1.23526   1.75881   3.24031     506   10
    14   5.76665   0.18190   1.79212    1411   14
    15   3.27663   2.96574   0.35658    3129   16
    16   4.32402   1.54147   4.80437     826   12
    17   5.39775   3.03105   5.70582     513    9
    18   1.22995   1.57508   6.24281     792   10
    19   2.86398   3.01258   0.10212    3894   19
    20   4.44538   1.47856   1.54331     578   10
    21   6.01695   1.64438   3.13593    1757   16
    22   3.28642   3.00529   2.09401    2968   22
    23   1.23526   1.75881   3.24031     689   12
    24   2.71459   3.07553   3.05793     456    7
    25   1.86400   3.13374   3.81961    4573   23
    26   0.40926   0.12928   5.51983     410   11
    27   1.27570   1.58251   0.11351     544   10
    28   6.00749   1.56114   4.59986    1086   17
    29   4.20730   3.08160   5.97605    2390   18
    30   1.32439   1.61448   6.19109    1738   15
    31   0.27651   0.15472   1.10136    1474   15
    32   1.22995   1.57508   6.24281    2246   16
    33   5.94098   1.54846   4.77212    1334   15
    34   3.81445   3.07513   0.92639    2577   18
    35   5.96880   1.61737   4.62591    1102   12
    36   1.27570   1.58251   0.11351     370    8
    37   4.28342   1.52926   0.08243    1209   15
    38   0.35390   0.17606   4.05743     218    6
    39   5.99158   1.57237   1.64306     696   10
    40   2.71238   1.51696   4.83274     629   12
    41   1.39339   1.64752   3.20158     524    9
    42   2.86744   1.51174   1.63104    1437   15
    43   5.49037   3.08046   2.62221    4325   26
    44   5.88340   1.54746   1.41816     501   15
    45   5.97484   1.70456   6.15692    4852   25
    46   6.08884   1.65322   1.56368    1582   17
    47   2.78518   1.49756   4.64606    1050   13
    48   2.92331   1.58955   1.51098     696    8
    49   2.92687   1.55719   1.60956     752   10
    50   4.39829   3.08461   6.27792     488   10
    51   4.44538   1.47856   1.54331     461   11
    52   4.44033   1.52882   1.51228    1344   19
    53   6.08778   1.56534   1.49802     506    8
    54   2.75124   1.63040   4.80241    2033   18
    55   1.24342   1.62873   1.66445     779   12
    56   4.39720   1.60498   4.64162     398   10
    57   5.93394   1.54660   1.41255     351    8
    58   2.85176   1.63183   1.64295    2830   17
    59   1.23526   1.75881   3.24031     499   11
    60   2.71238   1.51696   4.83274    1007   12
    61   4.31860   1.44941   1.52404     434    9
    62   2.85119   1.64494   4.74680    2290   15
    63   1.22995   1.57508   6.24281     887   11
    64   1.23661   1.71775   1.64068     876   12
    65   2.71238   1.51696   4.83274     281    7
    66   5.94024   1.49302   6.23281    1087   12
    67   6.07402   1.68699   6.20186    3524   24
    68   1.23526   1.75881   3.24031     513   11
    69   1.51916   0.14031   4.47808    3368   19
    70   5.15727   3.01113   0.70540    1448   14
    71   5.35473   3.05656   2.54110    3249   22
    72   1.24506   0.13616   3.23700    2112   16
    73   2.52016   0.09436   3.51474     416   10
    74   4.53356   1.53013   0.07680     545   10
    75   0.40674   0.09482   0.81870    1322   16
    76   2.71623   1.63620   1.63617    3187   19
    77   4.48267   1.47153   1.40891    1081   15
    78   4.49888   1.59952   1.53583    2003   18
    79   1.27035   1.60867   3.28519     586    8
    80   1.23526   1.75881   3.24031     389    9
    81   1.28176   0.10204   1.67960     554   10
    82   6.02169   1.56999   0.00136     864   11
    83   2.94148   1.48140   3.09517    1099   13
    84   4.35412   1.51758   3.13222    1029   16
    85   5.00965   3.01673   0.54146    4148   22
    86   1.09321   0.18201   0.23944    5037   30
    87   0.21120   0.14385   5.71429    1024   14
    88   4.49727   1.51382   4.60399    1070   15
    89   2.13630   0.09011   3.91547    3678   19
    90   1.23526   1.75881   3.24031     574   12
    91   1.14181   1.53592   4.68489     810   15
    92   4.31860   1.44941   1.52404     397    7
    93   0.71334   0.10117   0.58441     700   11
    94   5.72399   0.18304   1.93727     716   12
    95   5.73593   0.14760   4.93599    4360   29
    96   2.86705   1.44908   1.70337    1806   14
    97   0.24255   0.14439   2.66318     557   13
    98   4.44538   1.47856   1.54331     625   12
    99   1.15848   1.60681   0.03458     964   11
   100   4.39362   1.54401   6.18933    4152   26
   101   3.14714   2.99494   3.57120     886   14
   102   1.14181   1.53592   4.68489     962   14
   103   2.77910   1.50483   4.79799     879   11
   104   4.35162   1.44839   1.64704     431   11
   105   1.31002   1.71248   3.12519     456    9
   106   1.21069   1.56531   4.79039     463   11
   107   1.34709   1.59586   6.28252     694   11
   108   1.24232   1.67774   0.03722     320    7
   109   1.23526   1.75881   3.24031    1484   18
   110   4.39447   1.63441   4.67956    2058   16
   111   1.37710   1.68365   0.08988     910   14
   112   4.47401   1.47997   1.52500    1279   17
   113   6.04763   1.72425   6.23206    2009   17
   114   1.33388   1.65347   4.65918    2468   20
   115   4.33774   1.41543   6.23733    2098   18
   116   0.02929   0.06058   4.43492    3298   21
   117   4.39682   1.56294   3.17699     641   10
   118   5.19476   3.08075   2.44323    2503   18
   119   4.38454   1.55269   1.47574    1086   15
   120   2.74328   1.59547   3.15343     428   11
   121   1.36970   1.66922   3.19672    2497   17
   122   5.90980   1.62446   1.44749     910   10
   123   0.71699   0.14463   3.70444    3764   22
   124   5.94486   1.63867   4.74604    3026   23
   125   4.21337   2.98267   4.40155     584   10
   126   4.91651   3.10718   5.13468    1053   10
   127   4.84265   0.03974   4.31396     798   10
   128   6.02599   1.65173   4.73721     566   11
   129   4.31966   1.62483   6.21083     582   11
   130   5.94263   1.70882   1.39752    1358   13
   131   4.22525   0.07014   3.36708    2110   14
   132   6.01695   1.64438   3.13593    1164   12
   133   2.72137   0.08655   4.85565    1311   13
   134   4.47382   3.04426   0.01493    3054   21
   135   1.19147   1.68322   3.07700     646    8
   136   2.75693   2.97741   3.09905    1096   14
   137   2.26853   3.03690   4.12749    2854   21
   138   4.27351   1.40987   3.20762    4889   21
   139   2.87922   1.66330   3.25826    2409   22
   140   5.97286   1.63149   0.07448    1026   14
   141   4.13590   2.96607   4.33126    1735   13
   142   2.03817   0.03120   5.47350    1041   13
   143   1.22099   1.59505   0.12934    1511   17
   144   5.96996   1.59284   1.59463    1972   17
   145   2.94148   1.48140   3.09517     487    9
   146   5.94263   1.70882   1.39752    1140   14
   147   1.17661   1.56074   3.27381     576   13
   148   1.20970   1.52358   0.08364    1152   13
   149   6.05528   1.69200   6.26865    3087   20
   150   1.27570   1.58251   0.11351    1474   14
   151   4.27930   2.98159   1.40420    2624   20
   152   4.31860   1.44941   1.52404     893   13
   153   5.98351   1.66035   3.08503    3150   21
   154   6.00749   1.56114   4.59986     918   13
   155   5.90028   1.63462   0.05909    1098   13
   156   2.74328   1.59547   3.15343    1417   16
   157   1.24630   1.51115   1.53134    1374   15
   158   2.87132   3.03194   3.14913    1321   12
   159   1.35377   1.67182   3.18337    1159   11
   160   1.35377   1.67182   3.18337     401    9
   161   4.49940   1.54309   6.24206    3565   25
   162   4.44538   1.47856   1.54331     585   15
   163   2.74328   1.59547   3.15343     475   10
   164   4.41164   1.58433   3.04925     372    6
   165   0.00000   0.00000   0.00000     687   11
   166   3.97042   3.06532   1.12044    1938   17
   167   1.36348   1.73660   0.06606    2658   17
   168   4.50329   1.39095   3.06582    4799   25
   169   1.38240   1.61077   4.70384     922   12
   170   5.96807   1.57050   1.42528    1636   15
   171   4.17683   3.08423   1.31539    1406   17
   172   1.23526   1.75881   3.24031     811   13
   173   5.85367   1.65912   2.98429    1745   17
   174   4.40312   1.51485   3.16242    3268   19