     1   0.00000   0.00000   0.00000       0    0
     2   0.07292   1.66933   1.53273    1005   13
     3   0.16228   1.60657   3.00264    1383   14
     4   4.63138   1.49054   3.15885    1153   12
     5   6.26535   1.60991   4.70723    1382   14
     6   0.00000   0.00000   0.00000    2741   21
     7   1.88095   0.16256   6.02697     760   14
     8   1.64100   1.71958   6.25622    1736   16
     9   3.36546   3.05099   4.99148    1025   14
    10   1.17574   0.15505   2.03927    2019   17
    11   6.19907   1.64367   6.23763    1380   14
    12   4.78858   1.59119   3.15966    1109   12
    13   1.58274   1.71562   1.68840     765   15
    14   0.00000   0.00000   0.00000     882   14
    15   3.15204   1.64669   4.78574    1009   14
    16   4.79140   1.60262   3.04999     879   10
    17   4.78864   1.55681   6.15187    1306   15
    18   6.21397   1.70425   0.05493    1371   16
    19   3.25517   1.53082   3.12018    1310   16
    20   1.06249   3.10489   0.98349    1668   18
    21   4.75067   1.58443   6.24890    1925   18
    22   5.97453   0.12963   3.36623    1376   13
    23   3.22277   1.53763   1.71354    1193   14
    24   3.22655   1.55232   3.06858    1281   17
    25   3.26478   1.63502   4.84140    2201   18
    26   0.10736   1.69260   4.70014    1277   15
    27   0.02341   1.63266   4.57870    1190   15
    28   1.64141   1.73734   4.75851    1264   12
    29   4.74201   1.53407   3.00090    1124   17
    30   0.68966   3.04126   3.75396    1848   17
    31   4.80863   1.49479   4.69625     780   12
    32   0.15227   1.72901   1.55163    1374   16
    33   4.80713   1.44425   6.19473    1994   20
    34   4.01705   3.02422   0.94445    1884   18
    35   1.67364   1.57867   0.09839    1247   14
    36   0.02067   1.56482   4.77567     792   13
    37   1.60479   3.08052   4.83005    1250   15
    38   0.10042   1.64776   3.04547    1187   11
    39   2.22320   0.05520   5.68948    1067   17
    40   1.30928   0.07404   1.94721    1301   15
    41   4.53877   2.97241   6.09378    1178   16
    42   3.23394   1.60288   1.65295    1630   17
    43   6.27857   1.71410   3.11991     834    9
    44   4.79367   1.44694   6.26177    1036   15
    45   4.84396   1.47277   6.26004    1526   15
    46   4.96321   3.10438   3.32150    1786   17
    47   1.67339   1.61467   4.80055    1363   14
    48   0.09546   1.58158   4.65655     922   11
    49   0.80785   0.12279   0.77821    1250   14
    50   3.31182   1.57173   6.21291    1089   13
    51   0.00000   0.00000   0.00000    1065   14
    52   3.13807   1.56991   3.22877    1103   13
    53   1.62770   1.57480   1.55204    1343   17
    54   4.83429   1.64063   1.43532    1322   14
    55   0.09740   1.51594   4.70596    2099   21
    56   0.22261   0.03601   6.13587    1009   13
    57   0.06034   1.73561   6.19165    1076   12
    58   6.19981   1.52074   1.53143    1276   17
    59   0.03852   1.71957   1.56753    1604   17
    60   3.12276   1.52134   3.12479    1346   14
    61   3.14005   1.42998   1.58358    1026   13
    62   4.81770   1.52312   3.04230    1284   15
    63   0.06892   1.56186   0.02670    1100   14
    64   4.74398   1.51663   1.39806    1036   11
    65   1.66248   1.52993   0.11636    1079   13
    66   4.67158   1.57915   6.22690     956   13
    67   1.67128   1.71341   1.57246     986   12
    68   3.14538   1.59816   1.52983    2444   19
    69   4.07165   2.94570   4.00696     667   10
    70   5.50899   0.09655   0.87174    1585   16
    71   0.17865   0.13004   4.64615    1368   15
    72   6.20817   1.57609   4.75447     677   10
    73   3.07252   1.48630   1.73364    1741   17
    74   3.18090   1.48798   4.72676    1101   14
    75   1.71323   0.16782   1.39761    1903   17
    76   3.09419   1.49980   3.17634     986   14
    77   1.66724   1.48745   4.80171    1004   13
    78   4.73319   3.01492   3.00231     433    9
    79   4.81929   1.57183   1.44757     794   13
    80   0.00000   0.00000   0.00000    1267   11
    81   1.49884   1.56661   1.68842    1526   15
    82   3.13771   1.61079   0.04823    1388   15
    83   1.61624   1.71483   1.50277    1345   15
    84   3.09395   1.57033   0.14271    1189   16
    85   5.08167   3.05951   3.36545    1697   18
    86   1.59991   1.60408   4.87271    1273   14
    87   4.76423   1.42408   1.45183    1196   15
    88   6.20817   1.57609   4.75447     884   13
    89   6.21955   1.59663   3.11146    1039   11
    90   1.54808   1.69786   0.08495    2028   16
    91   1.51556   1.65037   0.08677    1930   16
    92   1.60474   1.60044   4.86147    1912   18
    93   2.70408   3.05412   5.73134     752   10
    94   1.77680   3.12125   4.91361    1806   16
    95   2.59528   3.05936   0.96230     785   13
    96   3.36535   3.07287   3.42402    1234   15
    97   6.25083   1.67053   3.17789    1959   19
    98   1.60559   1.54778   0.03547    1397   14
    99   4.70047   1.47731   3.06339    1040   10
   100   4.66494   1.63502   4.66912    1311   15
   101   4.83232   1.64409   4.60867    1199   14
   102   0.02729   1.57501   4.57364    1569   14
   103   1.67553   1.60779   1.54725    1502   17
   104   1.50178   1.49887   3.07851     942   15
   105   5.36479   3.01616   5.43968    1584   15
   106   0.10042   1.64776   3.04547     751   12
   107   3.32382   2.97562   3.32058    1285   17
   108   6.23418   1.61100   3.03128    2580   19
   109   6.24467   1.50173   4.58978     926   12
   110   3.15316   1.47587   0.12687    1934   19
   111   4.73196   1.49030   3.21406    1873   17
   112   3.23210   1.53621   4.68676    1562   15
   113   0.04512   1.61176   6.23426    1055   17
   114   1.78875   0.12875   5.98232     866   12
   115   0.00000   0.00000   0.00000    1119   12
   116   0.31738   0.17378   1.30344    1062   15
   117   4.69722   1.41092   1.46084    1115   14
   118   1.68308   1.62461   3.21023    1326   15
   119   2.23982   3.04083   3.68798    1071   12
   120   3.55220   3.10323   3.54869    1039   12
   121   3.27255   1.49700   1.56795     894   12
   122   5.60541   0.07007   2.39531     988   15
   123   0.06535   1.50480   3.13208    1266   15
   124   3.14753   1.61604   0.07539    1351   16
   125   3.17186   1.55511   0.03988     847   11
   126   2.86828   3.00685   2.81449    1512   14
   127   1.56233   1.58737   4.63651    1208   14
   128   1.55305   0.16896   1.51742    1320   14
   129   6.26269   1.63021   0.00925    1637   15
   130   4.82109   1.59360   6.12209    2020   16
   131   3.06120   1.54182   3.19900     822   14
   132   1.72889   1.65357   3.07592    1266   14
   133   2.13178   3.06853   0.51761    1516   15
   134   4.26334   2.97973   4.17447     844   12
   135   1.60081   1.48943   6.27473    2376   21
   136   3.06120   1.54182   3.19900     888   11
   137   0.09064   1.63497   3.11926    1413   19
   138   3.99766   0.10845   0.65925    1215   12
   139   0.00950   1.60942   1.41654    1241   14
   140   2.70408   3.05412   5.73134    1185   13
   141   6.19981   1.52074   1.53143     742    9
   142   5.15951   0.06484   2.64398    1128   14
   143   0.10147   1.72375   2.98617    1709   17
   144   3.31613   1.41486   3.11514    1911   18
   145   4.68869   1.39743   4.55319    1121   16
   146   3.18317   1.46767   0.13282    1368   15
   147   3.06120   1.54182   3.19900    1285   15
   148   1.65640   1.65224   0.01645    2706   19
   149   4.35714   0.08574   1.97704    1378   13
   150   3.20030   1.40028   4.65608     998   13
   151   1.70026   1.48796   3.14153    2017   20
   152   6.22232   1.66134   1.51231    1630   16
   153   6.25419   1.74282   1.59038    1706   17
   154   1.72949   1.73757   3.19151    1294   17
   155   4.83438   1.49033   3.21058    1280   12
   156   4.69660   1.55099   1.57392    1974   15
   157   0.07820   1.56470   6.22402    1415   17
   158   3.08679   1.41347   0.02193    1817   19
   159   4.74928   1.54503   4.73210     717   11
   160   6.19917   0.10009   1.62054    1877   16
   161   3.30131   1.64862   6.26413    1565   18
   162   4.02667   3.04580   0.74849    1636   16
   163   0.83920   3.07842   5.51048    1401   15
   164   4.64806   1.60272   4.70714    1697   18
   165   1.35810   0.06625   1.92909    1201   13
   166   3.23957   1.49884   3.24895    1191   13
   167   0.06034   1.73561   6.19165     847   10
   168   5.74601   3.04689   0.89140    1553   19
   169   3.76936   2.94612   5.20255    1551   16
   170   6.27861   1.71693   4.75536    1940   17
   171   3.06120   1.54182   3.19900     742   13
   172   3.14976   1.61063   6.24268    1281   15
   173   3.30407   1.54554   1.62678    1485   18
   174   6.25004   1.52996   6.27712    1338   14
   175   0.37663   0.12082   4.45143    1294   13
   176   0.00000   0.00000   0.00000    1371   12
   177   0.09068   1.52415   0.04815    1699   16
   178   6.20817   1.57609   4.75447    1227   15
   179   3.29322   1.46334   4.81240     958   14
   180   4.72267   1.49669   3.11855    1521   16
   181   3.24502   2.99457   1.72984    2031   20
   182   3.36535   3.07287   3.42402     463   10
   183   1.58097   1.57365   4.75313    1203   12
   184   6.21176   1.61476   4.61378    1294   15
   185   4.78270   1.64287   0.03286    1135   14
   186   1.65205   1.58177   4.84201     960   10
   187   3.22622   1.41943   4.70761     878   12
   188   6.25624   1.48449   1.45899    1355   14
   189   5.21827   2.96183   1.90399    2001   19
   190   0.18766   3.08876   0.15152    1701   19
   191   1.63778   1.65437   3.05864     847   14
   192   3.29612   1.44212   3.28093    1458   18
   193   0.71464   3.05437   0.57600    1187   15
   194   1.65663   1.61411   0.17093    1335   16
   195   1.16544   3.09468   4.27436     998   14
   196   0.01651   1.65131   3.08925    1338   13
   197   3.23989   1.65352   3.19856    1625   14
   198   4.07210   0.06024   3.83180    1172   15