     1   0.00000   0.00000   0.00000       0    0
     2   2.71901   2.39324   2.17825    1368   12
     3   3.16957   2.25612   5.26438    1141   13
     4   2.04804   1.60641   5.96680    3210   21
     5   0.65045   1.86220   2.03401    2193   18
     6   0.26882   0.60627   1.68853    1167   13
     7   2.71473   1.62218   6.17392    1429   12
     8   6.26590   1.71620   5.33243    1757   15
     9   0.95056   2.64957   3.98784    1340   16
    10   0.57227   2.68579   5.21116    1357   13
    11   0.07201   1.87834   5.84127    1453   14
    12   4.22330   0.26984   3.52265    1963   18
    13   3.71661   1.25868   5.24519    1215   13
    14   3.94883   2.77536   4.78436    1811   16
    15   3.67007   0.89277   2.30022    1119   13
    16   4.07741   1.37076   2.99766    1805   16
    17   0.61398   0.95429   5.13559    1042   12
    18   4.46500   2.71211   1.36833    1032   13
    19   3.56989   0.51672   3.51726    1245   17
    20   0.74642   0.58123   5.44440    1439   17
    21   0.28018   2.80110   4.86756    1963   20
    22   2.72468   1.64791   5.84695    1773   15
    23   5.50632   1.59835   4.00194    1530   11
    24   4.58029   1.04110   3.76334    1706   18
    25   0.69999   0.86397   4.83109    1222   15
    26   3.63018   1.79876   2.15044    1531   15
    27   5.63876   0.89494   3.68372     998   13
    28   6.16848   1.38156   1.38622     880   11
    29   5.79402   1.07914   0.74588     548    9
    30   1.15758   0.98318   0.71538     875   12
    31   3.53038   0.67644   0.52502    1414   15
    32   4.89612   2.19263   0.56058     835   11
    33   0.55310   2.13112   3.23540    1316   15
    34   5.25672   2.57725   1.49762    1285   14
    35   0.57375   1.79356   5.57185    1007   13
    36   4.36760   0.90075   0.81259     911   11
    37   4.32150   2.97486   5.77884    1262   13
    38   1.09265   2.27003   3.41114     689   12
    39   4.87138   0.59337   2.82311    1136   17
    40   5.90393   1.66361   1.89132     828   11
    41   4.68353   2.01454   3.00673    1775   18
    42   1.37260   1.96084   1.09510    1309   12
    43   1.80387   2.06879   2.05039    3328   21
    44   0.41682   0.35500   2.01633    1761   16
    45   0.20284   1.02866   2.38946    2579   20
    46   5.46007   0.75860   3.30682    1018   13
    47   0.78617   0.87620   2.80387    1498   12
    48   3.82212   0.97593   0.43632     913   12
    49   5.61798   1.37919   0.45511     860   10
    50   4.53005   1.05152   0.53253    1445   15
    51   1.48741   0.64029   1.33090    1095   14
    52   3.95579   0.25759   3.65799    1377   15
    53   2.11036   1.15251   4.34534    1914   17
    54   0.77855   1.52484   2.75462    1410   14
    55   4.15343   1.75083   4.52340    1745   16
    56   3.67680   1.72693   2.03995    1321   15
    57   2.42348   2.56576   5.33030    1263   12
    58   5.00352   1.50588   0.12448    1751   21
    59   2.72544   0.98295   5.64130     658   11
    60   2.37650   1.80247   4.60874     877   13
    61   2.03326   2.34950   4.63603     921   13
    62   5.84828   1.16088   0.95761    1354   14
    63   0.53594   1.56372   2.92239    1555   16
    64   5.98977   1.69798   1.71636    1440   15
    65   4.13540   2.58474   2.58411     777    9
    66   2.41529   1.67386   3.99323    1129   16
    67   4.78394   2.01524   0.67871    1290   15
    68   0.54310   2.31720   3.25462    1176   14
    69   4.62176   1.64765   2.35382    1265   15
    70   2.72651   0.92522   2.51895    1070   13
    71   5.32217   1.80419   3.76662    1026   13
    72   4.92759   2.05564   0.55855     859   11
    73   2.22495   1.31744   0.65560    1219   14
    74   5.29024   1.17950   6.24767    1579   16
    75   0.74535   2.84666   3.57266    1949   19
    76   3.49785   2.16925   1.26808    1688   18
    77   1.67839   0.65509   0.00870     960   14
    78   3.34870   1.19569   4.02710    1073   11
    79   3.29836   1.45985   1.81243     868   12
    80   2.56248   1.21269   4.73288    1247   15
    81   3.09577   1.38167   5.57517     842   12
    82   3.84537   1.98055   5.44018    1471   14
    83   1.07782   2.71893   3.16751    1237   15
    84   4.32292   2.01336   0.66205    1503   15
    85   4.64531   2.55347   3.60759    1337   15
    86   4.50139   2.37486   0.21156     627   11
    87   1.83397   2.34158   3.69557     797   12
    88   1.11202   2.19512   5.23825    1408   16
    89   4.36912   1.85090   2.97594    1267   15
    90   4.09380   2.77467   5.96012    1430   17
    91   2.65579   0.69185   5.80818     520    9
    92   0.24439   2.33226   1.95353    1874   16
    93   3.70298   0.52381   5.20223    1069   14
    94   3.96291   1.66976   2.72699    1157   14
    95   3.71414   0.59996   3.02429    1087   14
    96   1.20781   2.04711   3.73374    1149   15
    97   1.99615   2.67696   2.16201    1516   16
    98   2.80931   2.13415   5.09408    1221   15
    99   3.76871   0.98643   0.38663    1075   13
   100   1.51009   1.30554   3.65255    1622   18
   101   3.51794   1.58392   0.08908    1265   15
   102   1.37599   1.92934   3.16010    1292   14
   103   3.81636   2.29753   5.48209    1961   17
   104   1.89508   1.15624   3.67409    1456   14
   105   0.92820   1.79158   2.48612     648   11
   106   1.42578   1.68794   1.75857    1879   18
   107   3.27002   1.80418   0.01244    1107   15
   108   2.50336   2.37672   1.87413    1991   17
   109   2.48138   2.76177   3.65432    2157   18
   110   2.59473   1.12813   0.10625    1274   14
   111   0.07508   1.30120   2.37662    1285   13
   112   0.03799   1.66249   2.53475    1036   12
   113   4.10985   2.35591   2.03744    1804   15
   114   2.59947   2.53103   1.79822     683   10
   115   5.32172   1.19553   4.23513    1378   15
   116   1.90862   1.18639   2.87890    1506   16
   117   2.34616   1.41139   4.87375    1410   17
   118   5.69483   1.66716   4.84014    1742   18
   119   3.81943   1.52979   0.38753    1400   15
   120   0.21111   0.68548   0.23561    1350   16
   121   1.16013   2.71814   2.64641    1173   13
   122   2.15557   0.77047   2.05849    1315   16
   123   3.88425   1.31914   0.11086     724   10
   124   2.14189   1.37694   5.18786    1314   14
   125   1.23839   0.46196   3.32851     828   13
   126   3.51100   1.73828   0.82664    1284   15
   127   0.43799   1.59915   4.22973    1359   14
   128   1.99647   1.51886   1.32166    1157   15
   129   4.66154   1.47719   5.33639     795   12
   130   1.68952   1.39124   1.48050     732   11
   131   1.12779   0.80365   4.68777    2009   19
   132   2.54584   0.98062   2.77195    1907   17
   133   0.37700   1.56204   1.94327    1319   14
   134   0.48240   3.13021   3.61404    2072   16
   135   4.17947   2.81607   3.78101     976   14
   136   4.03118   0.43253   1.43692    1726   20
   137   0.88635   0.83934   3.38122    1121   14
   138   4.35573   0.97660   1.16432    1488   14
   139   0.31761   1.29390   6.01161    1505   14
   140   3.20927   0.99211   1.71889    2054   16
   141   4.10714   2.11121   2.24943    1973   18
   142   4.71356   1.44057   2.80559    1388   15
   143   4.58686   2.32065   6.13340    2226   18
   144   0.66224   1.97815   1.65918    1675   16
   145   0.03433   0.57418   3.78697    1200   12
   146   3.12110   2.20790   1.09644    1210   17
   147   5.39097   1.95699   1.14715    1308   13
   148   0.04396   2.40654   4.37227     912   13
   149   2.95416   1.69492   5.33760     544   11
   150   0.52570   0.88565   6.12670     856   11
   151   0.17871   2.65762   4.91210    1450   16
   152   4.65320   0.93753   5.48343    1068   11
   153   6.05174   1.65659   1.35048     704   10
   154   4.84311   0.84464   2.13984    1588   18
   155   2.90295   2.85951   3.31202     714    9
   156   6.26555   1.60990   4.31576     990   13
   157   2.38366   1.19248   3.36137    1201   13
   158   0.83501   0.82815   2.15353    1528   17
   159   4.17195   1.37734   0.47912     971   12
   160   5.12727   1.47403   4.61703    1367   16
   161   0.16801   2.07644   1.93082    2012   17
   162   6.04539   1.38083   4.41465    2669   22
   163   5.63135   0.55232   3.23324     955   12
   164   3.16918   2.31935   1.84663    1321   16
   165   2.14838   0.52107   3.96564    1485   14
   166   3.79200   2.23300   0.45749     948   13
   167   1.14681   0.61685   5.41977    1331   16
   168   1.68047   1.23917   5.69602    2074   20
   169   2.37935   1.41597   1.98451     810   12
   170   2.48176   2.25273   0.43057    1186   13
   171   2.00406   0.95092   5.94730    1581   16
   172   1.70660   2.10678   2.16248    1288   15
   173   5.71630   0.84469   2.84527    1142   12
   174   5.06550   2.12637   4.41544    1255   16
   175   3.97268   2.09644   0.76002    1276   17
   176   4.07128   0.77119   2.69791    1114   15
   177   3.24562   2.13560   4.20999     889   10
   178   0.30935   1.84853   0.03343    1502   16
   179   0.13951   1.51002   3.69249    1511   14
   180   1.35345   2.18706   1.41379    1064   15
   181   1.00664   2.66293   0.57169    1196   11
   182   2.70789   1.86261   4.57656    1294   16
   183   1.91603   2.48879   4.30121    1536   17
   184   0.38152   1.95362   3.64836    1117   15
   185   0.73596   1.16177   5.87301    1351   14
   186   0.37150   0.67394   0.20582    1897   18
   187   0.69620   2.46859   0.80951    1549   14
   188   5.72338   1.75258   0.43739    1470   15
   189   0.65383   1.06004   3.56267    2237   18
   190   3.91979   0.85353   4.57418     986   14
   191   0.71614   1.68332   2.74667    1293   17
   192   5.61531   0.77034   4.38833    1683   18
   193   3.49130   0.66398   2.39778     745   12
   194   0.14338   1.30135   5.84083    1025   12
   195   3.82053   1.53409   6.01430    1393   16
   196   2.68141   0.89387   4.97797     871   12
   197   2.60839   1.82363   0.09156    1387   17