     1   0.00000   0.00000   0.00000       0    0
     2   0.62907   1.03497   5.36606    1496   14
     3   1.17990   3.10433   1.33400    1117   13
     4   0.30715   1.45659   5.08564    2449   22
     5   5.98462   2.95451   0.79433    1448   16
     6   3.39361   1.20773   2.98542    1030   13
     7   2.97824   0.78612   2.66489    1584   14
     8   0.63475   1.24505   4.66252    1051   12
     9   0.23164   2.05524   4.95265    1486   17
    10   3.18064   1.96400   1.76720     937   12
    11   4.20687   0.98559   0.25725    1078   13
    12   0.40577   2.09666   1.00965    1756   16
    13   2.82145   2.55027   2.88437    1850   17
    14   0.48658   1.82708   1.51361    1088   18
    15   0.50248   2.08931   4.23928    1569   15
    16   3.58467   1.73656   3.95976    1158   15
    17   5.21481   1.40898   6.23788    1143   12
    18   2.26257   2.00158   0.90155     706   11
    19   0.66830   0.83889   2.00515    1815   16
    20   1.91202   0.83889   3.32647    2489   19
    21   4.42019   2.25048   0.79641    1531   18
    22   5.84789   1.23713   4.69531    1892   17
    23   5.67446   1.33413   2.38552    1802   16
    24   2.69238   1.69061   2.88270    1149   13
    25   0.24509   2.70996   4.34302    1646   13
    26   2.86736   2.26721   3.02679     873   13
    27   4.24459   2.15007   5.73632    1621   14
    28   5.32312   0.93763   6.19118    1316   15
    29   2.24534   1.72408   2.60798    1343   14
    30   3.35645   2.83555   1.80833     838   12
    31   3.48891   2.52374   5.20893    1381   14
    32   3.53112   1.44289   2.36417    1766   16
    33   2.24963   2.68256   0.66390    1378   14
    34   2.64701   1.29395   1.47868    2145   20
    35   1.37237   1.98052   1.39895    1293   16
    36   1.46869   0.64174   5.48820     888   11
    37   4.96751   0.91079   1.26260    1319   14
    38   3.31688   1.81680   3.73397    1186   14
    39   0.73456   2.09196   0.22656    1490   14
    40   2.60366   0.37744   0.57207    1377   15
    41   5.35087   0.20239   1.68544     754   11
    42   3.26631   1.45747   2.85899    1913   18
    43   4.77839   1.88449   1.11762    1464   17
    44   2.67720   0.71123   4.37801    1599   14
    45   3.24551   1.87184   4.53822    1283   16
    46   2.98907   1.32978   4.91443    1656   16
    47   4.86759   1.25060   4.10066     955   13
    48   0.53240   1.50407   5.53748    1192   13
    49   0.13588   2.06207   1.00212    1467   16
    50   2.27739   3.09292   1.66531    1417   17
    51   2.50601   1.67631   4.56090    1178   15
    52   3.51346   1.29040   5.72034    1996   17
    53   1.38962   0.79263   6.24277    1036   12
    54   1.14233   2.09143   3.06253    1317   17
    55   5.37131   1.50198   5.65611    1077   13
    56   4.07591   0.46350   4.76491    1323   15
    57   4.68160   0.98857   1.17085    1106   14
    58   1.32482   1.47862   5.41915    1822   13
    59   4.79596   1.09824   2.91337    1261   16
    60   0.60303   0.45570   1.02398    1137   15
    61   4.12751   0.85909   5.76919    1506   16
    62   1.46170   2.08853   4.29756    1256   14
    63   4.30519   1.13553   5.32301    1518   17
    64   2.80183   1.36109   0.11203    1824   17
    65   2.54994   1.49003   3.01969    1387   14
    66   0.54324   1.40989   5.60536    1182   15
    67   1.88276   2.15969   1.10643     992   15
    68   0.94582   2.50611   2.26996    1559   14
    69   4.09465   1.51886   0.98793    2095   17
    70   6.00871   1.39723   2.05703    1995   19
    71   2.39978   1.78782   3.96829    1891   15
    72   4.79839   0.15565   0.87813    1086   15
    73   0.82703   2.91262   2.34793    1106   14
    74   5.54727   0.91755   0.94187    1412   14
    75   5.64797   1.93321   4.49053     954   12
    76   3.23479   0.72725   4.59881    1161   13
    77   5.25521   2.07272   1.72385    1201   15
    78   0.83416   1.06525   1.65549    1318   14
    79   4.82282   1.53688   6.11256    2657   19
    80   6.24829   2.08112   2.42446    1493   18
    81   3.50145   2.59622   2.06640    1535   17
    82   3.84046   0.56374   4.52473     815   11
    83   3.43470   1.39438   0.45320     987   13
    84   0.48380   0.22057   0.53403    1631   17
    85   2.43966   1.44667   2.40799    1091   13
    86   3.89153   2.89020   5.96523    1699   17
    87   5.08040   2.07115   3.32053    1427   15
    88   4.52821   1.38435   4.70456    1822   19
    89   2.05761   1.17642   0.12635    1227   15
    90   0.65769   1.33435   2.19094    2336   17
    91   4.53477   1.74468   4.12567    1172   12
    92   2.45859   1.59053   5.06865    1468   14
    93   1.70900   0.82387   4.70368     566   11
    94   3.33685   0.76783   2.57144    1839   18
    95   3.58201   2.22238   2.76571    1167   16
    96   0.88253   1.49169   1.89822    1318   16
    97   5.58303   1.28609   3.70047     832   13
    98   1.96700   2.33946   5.90502     955   12
    99   3.98664   3.10496   2.59061    1307   15
   100   0.90312   2.43089   1.70291    1573   16
   101   1.30250   2.74022   5.20601    1953   17
   102   2.42194   1.53131   5.44422    1289   16
   103   3.07350   1.87503   3.42814    1238   13
   104   5.69604   1.67529   0.77572    1308   13
   105   0.93427   2.83270   5.58511    1085   14
   106   3.21573   0.97205   1.63403    2962   21
   107   3.27152   2.62680   1.28202    1034   13
   108   5.01598   1.55801   4.76076    1055   12
   109   1.31362   1.26707   0.89101    1045   13
   110   0.32268   1.68061   0.04761     808   12
   111   0.20297   2.32245   0.50311    1562   16
   112   1.63456   1.57415   4.17284     987   14
   113   6.27601   2.10399   3.10710     639   11
   114   3.18330   0.78754   3.94553    1466   17
   115   1.18587   2.31711   4.60390    1483   16
   116   0.88253   1.49169   1.89822    1072   12
   117   0.13712   1.66687   3.15592    1363   14
   118   3.80538   0.55213   1.54029    1771   17
   119   3.66212   2.19191   2.85635    1614   14
   120   6.08028   0.80074   1.30899     944   12
   121   5.67165   0.76439   2.98548    1103   14
   122   0.15457   0.41481   2.91891    1820   19
   123   2.09166   1.78979   1.42300     911   13
   124   3.96468   1.11018   0.08644    1321   14
   125   5.50190   2.45901   5.43858     874   11
   126   0.71754   1.03546   4.82301    1579   16
   127   4.28690   1.42335   0.50864    1034   13
   128   5.59834   1.02921   6.02185     730   11
   129   4.57925   1.04529   3.98550     682   11
   130   1.57988   2.11351   0.78480    1328   13
   131   3.48688   0.78109   3.17912    1433   15
   132   1.04120   1.47870   1.55063    1277   15
   133   2.15892   0.68715   3.24721    1037   15
   134   1.60007   2.11425   2.31922    1689   18
   135   2.22383   2.84559   4.54663    1104   14
   136   3.85787   0.84859   1.37725    1979   16
   137   2.38602   2.45105   3.10890    1227   13
   138   3.58320   2.42104   5.78570    1034   14
   139   3.71338   1.47834   4.12834    1899   18
   140   1.85429   0.57391   1.22938    1321   14
   141   2.61014   1.31981   1.89194     966   12
   142   5.36403   0.76869   1.15965     758   11
   143   0.46124   1.93500   0.21431     664   10
   144   4.11443   1.51797   1.66840    1275   14
   145   1.62575   0.35688   5.72770    1265   15
   146   0.11097   0.77082   6.15020    1164   16
   147   5.45806   0.74347   4.62604    1027   15
   148   0.23967   2.60824   1.13890    1495   18
   149   0.92184   1.97666   5.42122    1305   15
   150   0.08453   2.44311   1.07163    1451   16
   151   5.47233   1.18619   1.50861    1083   14
   152   1.82578   1.79787   2.17263    1475   16
   153   0.91078   2.20204   0.63192    1044   12
   154   5.45454   1.35687   0.59823    1179   13
   155   0.65828   1.86795   3.54941     681   13
   156   5.24411   2.32375   3.50413    1069   17
   157   3.35661   1.16340   3.28812    1308   14
   158   4.11099   1.98499   0.06949    1941   19
   159   2.63752   2.88118   1.24335    1215   13
   160   3.66280   1.52613   4.97364     806   12
   161   3.98750   2.56390   4.97412    1363   14
   162   5.38279   2.03402   3.89182    1513   16
   163   2.86494   1.38139   3.58271    1750   16
   164   5.17482   1.85954   1.83621     944   11
   165   5.25689   2.35472   6.23169    2179   16
   166   4.97907   1.42699   3.18025    1341   16
   167   2.63089   2.84251   5.04301    1489   15
   168   0.10545   2.09010   6.25811    1580   13
   169   4.78517   1.80221   2.30633    2278   18
   170   1.89745   1.73450   4.53218    1071   12
   171   2.84861   1.07746   3.10407     958   11
   172   2.38934   1.29199   5.63180    1348   15
   173   1.84487   1.39288   4.96345     955   13
   174   2.32085   1.09084   1.34585    1613   16
   175   1.38982   2.22227   0.43203    1327   12
   176   1.83817   1.12389   6.16548     932   10
   177   5.69395   2.11425   5.62213    1585   14
   178   2.44187   2.48261   3.39706     602   12
   179   2.05663   0.14203   2.91543    1160   15
   180   3.41196   1.43354   3.26832    1170   16
   181   0.51749   1.88255   4.21774     746   11
   182   3.65454   1.03935   3.75061    1494   15
   183   3.12921   1.96254   4.90417    1052   14
   184   4.42602   2.25112   1.35096    1735   17
   185   1.28432   0.73557   2.77112    1330   14
   186   3.23608   3.00628   4.23763    1600   19
   187   4.91099   2.52715   5.64091    1298   12
   188   3.94751   1.13650   4.62957    1943   15
   189   1.18341   1.36833   5.12097    1229   16
   190   3.80261   2.16987   0.78524    1847   17
   191   3.54535   2.28469   4.40327     920   16
   192   2.46885   2.02592   3.87499    1434   16
   193   5.77177   1.92078   5.15808    1768   16
   194   0.14952   1.16513   3.33558    1657   20
   195   0.65828   1.86795   3.54941     905   12