     1   0.00000   0.00000   0.00000       0    0
     2   3.78339   2.69880   2.82581    1737   15
     3   2.41091   1.33140   3.54309    2423   16
     4   4.09381   1.29115   6.08274    1296   13
     5   5.64064   1.76298   4.33665    2035   17
     6   3.38539   2.75244   2.46934    1196   12
     7   2.45695   1.44763   0.34851    1569   14
     8   2.33745   1.49956   0.44252    1464   15
     9   2.34154   1.45066   5.07823    1639   12
    10   5.47266   1.83270   2.77195    1750   12
    11   4.01787   1.18774   3.00065    1847   14
    12   0.90631   1.97282   1.78220    1821   15
    13   3.67620   2.84803   2.69442    3345   22
    14   0.34611   0.39532   3.60865    2250   17
    15   3.46395   2.79188   2.51756    1027   13
    16   0.51837   0.33144   3.44821    1213   14
    17   3.71018   2.74710   4.26805    1792   14
    18   4.14252   1.16410   1.30516    1749   16
    19   0.80967   1.81904   0.16128    1745   12
    20   4.16345   1.27374   3.00993    1640   14
    21   2.33699   1.28759   0.35246    1793   14
    22   5.55920   1.83486   5.98632    1775   14
    23   3.35717   2.65677   0.85276    1685   12
    24   5.57091   1.73633   5.83037    1901   16
    25   2.31745   1.42195   3.53336    2252   18
    26   5.45156   1.78725   4.38549    1398   13
    27   5.51933   1.85341   4.31145    1523   14
    28   0.83512   2.01745   4.82514    3665   19
    29   3.28088   2.77533   5.59842    1800   14
    30   4.05815   1.19073   6.22566    1517   16
    31   5.51865   1.75389   1.20070    2473   16
    32   3.61090   2.73143   4.23508    1499   13
    33   0.87786   1.94912   3.42679    1404   13
    34   0.81894   0.43319   3.35113    3435   22
    35   2.36017   1.35636   5.17705    2156   15
    36   0.99838   2.07227   1.82053    3097   19
    37   3.81736   2.73952   6.06817    2609   17
    38   4.01610   1.16788   6.11148    2023   18
    39   1.06048   1.96849   4.94941    1519   16
    40   4.05815   1.19073   6.22566    1230   14
    41   0.94831   2.03160   0.29003    1558   16
    42   3.94244   1.24235   1.50565    1028   11
    43   4.18926   1.24649   3.02272    2730   14
    44   4.14861   1.26232   4.57633    2122   17
    45   2.42918   1.39013   1.86772    2189   16
    46   4.03796   1.13601   4.63767    1866   13
    47   0.83972   1.94562   4.91780    2234   15
    48   0.68288   0.34048   0.28006    1297   14
    49   0.45623   0.58015   3.70004    1306   14
    50   5.70013   1.78751   5.86098    1326   14
    51   4.13162   1.13844   6.09537    2653   18
    52   1.01081   1.92778   1.71034    2315   14
    53   4.11293   1.22621   3.01648    2631   18
    54   4.09769   1.16802   4.42054    1767   13
    55   5.53135   1.65821   4.22194    1378   14
    56   2.56967   1.46029   1.82779    1206   11
    57   3.77159   2.78691   5.94122    1869   18
    58   0.41087   0.53277   0.46958     901   11
    59   4.15771   1.19156   5.93920    2329   19
    60   5.59720   1.76374   1.20902    1328   13
    61   3.56553   2.57097   5.80205     822   12
    62   2.34200   1.32782   1.96949    1054   12
    63   0.89868   1.83139   1.69400    1590   14
    64   2.50590   1.45544   1.92029    1821   18
    65   3.57583   2.83791   5.72186    1565   14
    66   5.67225   1.61796   5.84461    1766   16
    67   3.77317   2.82596   6.01016    2448   18
    68   3.95997   1.15714   4.54432    1992   16
    69   0.24123   0.38238   3.79668    1627   16
    70   2.34200   1.32782   1.96949    1385   12
    71   2.48735   1.45146   3.56241    1466   14
    72   5.46971   1.66062   2.75651    1844   14
    73   3.28379   2.71462   3.98640    2177   19
    74   4.04633   1.06319   1.34123     879   10
    75   3.76592   2.69344   1.25091    1709   14
    76   0.82536   2.03472   0.26560    1862   15
    77   3.82079   2.65090   5.98050    1035   11
    78   0.94216   2.04365   1.75144    1455   13
    79   4.11510   1.10667   1.31407    1583   14
    80   2.52395   1.34745   0.26007    1428   13
    81   4.07351   1.21194   2.92817    1642   13
    82   5.67310   1.84049   5.92799    1417   14
    83   3.52886   2.81503   5.67929    1386   16
    84   3.52886   2.81503   5.67929    2085   17
    85   0.19423   0.42460   5.46292    1585   13
    86   1.06048   1.96849   4.94941    1747   12
    87   0.34442   0.48043   5.23028     964   11
    88   4.01859   1.12655   3.09070    1487   13
    89   0.40759   0.43155   5.29307    1306   12
    90   3.63819   2.65740   1.13196    2047   15
    91   3.34991   2.75144   2.44792    1632   15
    92   5.54759   1.74368   5.98789    1851   15
    93   2.50457   1.41742   5.20356    1619   16
    94   1.06889   2.04183   4.90547    1455   14
    95   2.56967   1.46029   1.82779    2549   16
    96   3.65310   2.75572   5.85503    2106   13
    97   5.66273   1.87679   1.26256    2815   20
    98   3.87000   2.67748   1.32331    3510   22
    99   3.66925   2.80907   2.77229     987   10
   100   3.97742   1.20255   3.04854    3924   24
   101   0.96152   1.95405   0.27535    1199   13
   102   3.41308   2.62035   5.70274    1535   14
   103   3.67003   2.57234   4.31503    1840   15
   104   2.48899   1.39665   1.93244    2035   13
   105   2.48896   1.52767   0.42487     938   11
   106   5.54453   1.80328   1.13375    2467   17
   107   0.55237   0.51538   0.36597    2195   16
   108   3.85316   2.78972   5.99810    1244   12
   109   3.57272   2.57767   1.08802    1633   13
   110   3.46395   2.79188   2.51756    2136   16
   111   0.38037   0.51082   3.73522    1581   15
   112   2.35222   1.33341   3.56875    1074   11
   113   0.23147   0.38956   2.37096    2094   16
   114   2.39191   1.45336   2.01291    1237   13
   115   3.85316   2.78972   5.99810    1387   12
   116   3.99524   1.18634   1.45816    1507   15
   117   2.54734   1.39604   0.40392    2214   18
   118   4.05919   1.22685   1.41245    1241   15
   119   0.95163   1.92425   3.27316    1893   16
   120   4.05380   1.30854   1.34298    1792   14
   121   2.39465   1.37113   1.92852    1983   17
   122   2.47603   1.50288   2.00002    1809   17
   123   2.34200   1.32782   1.96949    1430   16
   124   0.91309   1.90418   0.23506    1799   15
   125   4.15063   1.09521   2.96453    2068   14
   126   5.43042   1.76290   2.65568    1688   13
   127   4.15739   1.10922   4.39506    1939   15
   128   5.52689   1.83318   1.23241    2305   16
   129   0.13453   0.39130   3.87518    1126   12
   130   0.39041   0.40780   2.13157    1063   13
   131   4.19246   1.09331   6.14282    1738   14
   132   0.61445   0.33827   0.42485    2483   14
   133   0.93147   2.07907   4.97670    1151   15
   134   5.57505   1.75920   1.05775    2212   14
   135   2.46546   1.47321   0.39472    1880   15
   136   3.48355   2.70031   5.62543    3659   19
   137   2.34692   1.31861   0.32745    2170   17
   138   2.48262   1.32430   0.44359    2389   14
   139   2.44140   1.41304   5.02514    1356   15
   140   2.44334   1.33887   0.34180    1391   15
   141   3.46395   2.79188   2.51756    1066   12
   142   5.53365   1.77503   5.83496    1148   12
   143   2.34200   1.32782   1.96949    1305   15
   144   5.63339   1.65322   1.24195    1659   19
   145   0.45001   0.40828   2.07896    1675   14
   146   0.20514   0.40871   2.24364    2108   15
   147   5.60406   1.77873   5.89022    2355   17