     1   0.00000   0.00000   0.00000       0    0
     2   5.56432   0.75287   4.68636    1345   14
     3   0.69961   0.50266   6.27851    1072   14
     4   2.26304   0.60070   4.36520     420    8
     5   3.90394   1.71761   2.73495     646   10
     6   5.62411   2.09061   0.48543    1636   14
     7   5.63820   1.75889   6.20809    1011   14
     8   1.39032   1.51017   1.63316    1151   16
     9   3.58244   2.23019   3.58109    1015   12
    10   2.56785   1.99646   5.08450    1372   15
    11   6.16894   1.31225   2.63312    1240   13
    12   0.04800   2.60563   4.38037    1066   14
    13   5.57890   2.90553   2.55184    1177   15
    14   1.62039   2.53531   4.10350    1732   15
    15   1.91028   2.85663   4.46217    1268   14
    16   0.81897   1.98196   0.78612    1044   13
    17   3.20254   1.40537   1.57238    3065   20
    18   0.10615   2.72568   4.35938    1234   16
    19   4.97289   2.96977   0.69577    1320   15
    20   2.29366   2.14118   3.36395    1554   16
    21   1.63404   1.39499   4.38016    1164   14
    22   1.68639   0.24433   2.65250    2391   19
    23   2.01572   0.97138   5.03649    1692   16
    24   2.91222   1.69375   0.88650    1582   16
    25   0.21495   1.13550   3.05537     921   13
    26   2.35030   2.61204   3.01200    1851   15
    27   2.44743   0.74162   3.47649    1069   15
    28   3.85432   2.54847   1.56080    1272   15
    29   2.80687   1.76040   5.63911     926   14
    30   1.82273   1.66641   2.36657    1615   15
    31   4.13965   0.42444   5.32450     968   12
    32   3.32453   1.94515   3.27831    1131   14
    33   2.22270   1.89933   0.75936     920   10
    34   0.76192   0.86300   2.59798    1407   15
    35   4.21016   0.89512   2.13818    1067   14
    36   1.54469   1.15538   1.94885    1021   12
    37   3.17191   2.06549   2.57648    2506   22
    38   4.49304   2.48317   2.53704    1087   14
    39   3.25277   0.39761   4.60172     910   11
    40   3.91573   2.21716   3.18703    1079   14
    41   5.16651   1.93686   2.94153    1393   16
    42   1.70447   0.89692   2.28690    1684   16
    43   3.61382   2.73616   0.43925    1545   14
    44   1.53869   2.07392   3.74782    1409   17
    45   5.94158   1.67979   1.32157     906   13
    46   3.36031   0.75433   3.58325    1064   11
    47   5.56698   0.86949   4.70716    1706   16
    48   1.33357   0.87160   3.98786    1352   12
    49   6.05707   0.70719   2.41315    2017   18
    50   2.61518   1.13075   6.04691    1988   19
    51   1.43379   1.42921   6.13585     740   12
    52   2.32220   1.10749   5.74709    1877   19
    53   5.01598   0.79417   3.66269     862   15
    54   1.88080   2.34857   1.00916     980   12
    55   0.83900   3.03198   5.81118     542   12
    56   0.55103   1.09524   3.16903     970   12
    57   5.00914   0.80295   5.60756    1659   18
    58   3.71629   1.37375   1.38048     580    9
    59   2.77954   2.48273   2.24565    1800   15
    60   1.19876   1.16207   0.31280    1087   15
    61   3.99637   0.68805   2.79963     667   12
    62   5.74462   2.09838   3.80926    1169   14
    63   0.11660   0.65942   5.96181     865   12
    64   4.36334   2.23405   5.19228     946   12
    65   3.09234   1.90446   3.92366     830   11
    66   4.30100   0.86597   1.49163    1754   16
    67   4.72102   2.35029   3.62879    1010   12
    68   0.63748   1.99869   5.94343     824   12
    69   1.40293   0.91377   6.05035    1456   17
    70   4.01931   0.61418   0.41637    2211   17
    71   5.33070   2.16403   3.31132    1939   17
    72   1.14725   1.36759   3.08306    1870   15
    73   5.74634   0.52731   2.57531    3115   19
    74   4.15858   1.81428   2.99278    1316   15
    75   4.30769   2.49200   1.91877    1481   17
    76   5.64969   2.52325   4.49431    1270   16
    77   4.50063   2.00174   6.11972    2351   17
    78   6.01259   1.20468   0.07026    1601   16
    79   4.21843   2.09722   3.03632    1482   17
    80   0.36199   0.76944   4.82071    1220   13
    81   3.55957   2.98411   1.26508     828   11
    82   1.29213   2.72422   4.14745    1659   17
    83   0.01201   1.99372   4.78092     952   14
    84   0.90339   1.19542   4.96495    1445   17
    85   0.67373   2.68160   4.74021    1378   14
    86   0.45005   2.49262   5.48513     899   10
    87   1.78418   2.32950   0.96883    1391   15
    88   1.83877   2.06506   0.77853    1115   12
    89   4.89706   0.55657   4.77193    1630   17
    90   3.42681   1.20625   0.04229     988   13
    91   5.47033   0.27241   2.88406    1411   16
    92   5.29688   2.07596   5.54105    1504   15
    93   1.13376   2.18019   0.65166    1371   15
    94   5.72001   1.09961   3.73974    1700   16
    95   1.70586   1.38401   4.19240     999   13
    96   5.23754   2.61630   5.12830     924   11
    97   2.23828   0.88773   5.56506    1173   14
    98   2.37062   1.38397   3.16347     990   15
    99   5.16759   1.52924   1.81981    1941   18
   100   2.59874   0.72835   1.44505    1488   14
   101   3.96444   0.87165   4.58818     935   14
   102   5.08458   2.34207   5.86604    1758   17
   103   5.98136   0.93407   2.56409    1295   15
   104   3.26348   0.64164   4.71921     879   15
   105   4.04722   1.72531   0.08061    1063   14
   106   6.18830   2.48191   1.32996    1864   16
   107   6.15879   1.68989   4.04320    1341   11
   108   0.21347   0.94736   3.69465     827   12
   109   5.90235   2.23211   4.73739     700   11
   110   4.16174   0.48174   3.78115    1102   14
   111   5.38902   1.93881   2.63496    1079   15
   112   0.96659   0.56946   3.82556    1455   17
   113   5.23520   2.09136   3.81457    1538   18
   114   3.20613   1.74092   5.30956     944   14
   115   2.79325   1.17832   1.05163     674   11
   116   0.78769   1.84985   4.26084    1527   18
   117   3.46927   1.03301   0.82851    1142   13
   118   2.22908   0.81491   4.81325    1278   14
   119   6.07551   1.21420   5.29800    1220   14
   120   4.39791   2.16400   6.07460     695   13
   121   2.66874   2.33061   4.56776    1512   15
   122   5.11931   1.60559   0.26906    1062   15
   123   5.87575   2.46240   5.29294     708   14
   124   4.81984   1.02972   0.04175    1436   15
   125   1.29751   2.34413   2.86144    1656   14
   126   2.64604   0.82545   4.40583     990   14
   127   4.70909   1.13578   2.63381    1076   14
   128   1.85862   0.57810   4.51466    1508   14
   129   2.24057   1.93609   5.29166    1197   14
   130   2.82250   1.87526   3.41194    1817   17
   131   5.88399   2.53346   5.05169     882   14
   132   3.44302   2.25345   0.29734    1088   13
   133   2.01656   1.36599   5.77406    1265   14
   134   3.63730   1.22159   3.52228     929   12
   135   2.44285   1.26555   0.86142    1925   17
   136   2.97447   1.57594   3.14130    1242   13
   137   4.67311   0.35165   0.02837     913   11
   138   0.58192   1.95859   6.21965    1084   12
   139   3.04344   1.03624   4.58863    1785   18
   140   4.98530   2.54526   4.00531    1435   16
   141   1.89034   1.32961   3.84750     892   11
   142   1.24362   2.19535   3.71016     935   13
   143   2.49259   3.04104   2.92112     780   13
   144   0.47568   0.71856   0.22609    1014   12
   145   1.05144   1.14748   5.02779     782   11
   146   3.84480   1.79729   1.48266    1100   11
   147   4.49273   1.81055   1.35673    1292   14
   148   1.83917   2.17606   4.33603    1436   16
   149   0.86647   2.31342   2.72316     803   11
   150   1.32794   0.76081   3.51320    1827   18
   151   0.99433   2.08915   5.39895    2295   16
   152   3.43210   2.49490   0.05073    1466   15
   153   0.71616   1.85113   2.66170    1681   17
   154   2.66092   0.89457   3.58148    1236   18
   155   1.19898   0.82046   0.36159    1402   15
   156   1.04601   1.47380   5.91221    1664   18
   157   0.22042   2.89830   4.43979    1347   13
   158   2.91398   2.47144   2.26137    1044   13
   159   2.98170   2.67528   5.57299    1754   18
   160   0.29556   2.04928   2.08251    2182   19
   161   0.33893   1.41702   5.04067    1302   14
   162   1.24040   1.02232   5.08988    1711   18
   163   1.46121   1.89144   0.03056     922   14
   164   1.18395   1.23756   1.50789    1514   15
   165   0.17947   2.74249   4.64666    1176   11
   166   1.79188   1.31602   5.34033    1877   17
   167   0.65613   1.91101   2.92573    1161   14
   168   5.18355   2.38518   1.18462    1011   12
   169   4.05570   2.22282   0.53222    1489   13
   170   5.59022   0.88930   2.91105    1079   13
   171   1.65432   2.46657   5.72885    2265   19
   172   4.04834   1.88269   0.11140    1310   14
   173   2.35896   2.31790   1.59486    1928   18
   174   0.49145   1.08031   3.51364    1081   14
   175   5.08116   2.41857   3.99585    1142   15
   176   1.91792   2.44957   3.37268    1967   19
   177   3.32351   0.78749   6.26793    1196   12
   178   3.39568   1.59072   2.02872    1148   13
   179   3.99894   1.49803   0.64953     562    9
   180   2.01135   0.93141   5.82776    1488   13
   181   2.11548   1.87024   3.72496    1390   13
   182   6.01765   1.55682   4.64794    1273   15
   183   4.22179   1.03497   5.89491    1288   17
   184   2.32183   1.65166   3.84872    1885   18
   185   2.28215   0.94444   1.18695    1958   20
   186   0.45425   2.07690   5.37243     962   12
   187   3.43183   0.95734   2.25038     982   11
   188   4.79103   0.47805   1.33264     734   10
   189   3.59627   2.13525   5.53981     928   11
   190   4.16965   0.68978   3.21963    1075   15
   191   6.00923   0.71956   2.73109    1053   15
   192   4.36934   2.56952   3.80743     699   13
   193   2.31391   1.91224   0.70169     976   11
   194   3.32911   1.29218   2.21129    1188   12
   195   4.31254   1.39491   1.30621    1731   18
   196   3.28582   1.41902   0.83616    1379   14
   197   0.47812   1.92663   2.44365    1803   18
   198   0.43346   1.62925   4.92342    1675   15
   199   2.13307   0.51454   3.94933     459    9
   200   2.77340   0.90685   1.98395    1735   18
   201   5.39620   2.44528   3.82380    1613   17