     1   0.00000   0.00000   0.00000       0    0
     2   5.72790   1.67589   1.66278    1929   18
     3   1.87689   2.06130   2.26011    1095   14
     4   0.82996   0.89870   3.93822    1327   11
     5   5.20535   2.38627   3.59964     856   13
     6   3.84140   2.35566   0.80459    1332   17
     7   1.51488   0.99914   1.11614    1599   14
     8   0.44184   2.15101   0.72062     704   14
     9   6.21699   2.48098   2.26690    1055   12
    10   5.15323   1.12497   4.64706    1538   18
    11   4.06184   2.37763   1.02558    1250   15
    12   1.17949   2.26366   1.43400    1005   14
    13   5.88673   0.91104   3.24810    1919   15
    14   4.51190   0.75144   3.99025     984   13
    15   5.46641   0.47123   3.05994    1048   12
    16   4.33101   1.00179   5.59426    1535   16
    17   0.13688   1.24913   2.46132    1666   17
    18   4.59540   1.37243   1.14127    1201   16
    19   2.45304   2.29062   2.88357    1127   16
    20   5.32208   2.73370   2.95016     989   11
    21   2.99853   1.11646   5.46821    1356   17
    22   4.20005   0.96816   4.73177    1285   15
    23   1.49562   1.05214   1.10816    1430   16
    24   3.10311   0.67766   1.09772    1326   15
    25   2.48678   2.07362   0.96704    1604   17
    26   0.13439   1.37884   6.10109     868   12
    27   4.56396   1.09408   1.34428    1187   13
    28   4.67897   2.28340   5.43206    2611   18
    29   0.18294   2.25152   5.19325     864   13
    30   3.98033   0.91523   4.29050    1256   14
    31   4.02287   1.72874   3.56625    1403   17
    32   2.26046   1.80957   2.69154    1686   17
    33   5.73646   1.53547   3.79774    1598   16
    34   5.90328   2.47099   4.51982    1083   13
    35   2.42211   2.57879   5.79727     609   11
    36   3.51727   0.99733   3.67847     887   12
    37   0.10979   0.92931   6.22571    1113   13
    38   6.11444   2.27234   2.10853     878   10
    39   3.04732   2.06675   1.67398    1530   17
    40   5.42703   2.35351   1.26178    1516   18
    41   0.97853   2.37702   1.71901    1366   15
    42   1.95163   2.21633   4.47602    1173   13
    43   4.34093   0.63821   3.23082    1000   12
    44   4.49834   0.24409   3.34308     771   10
    45   2.75107   0.70884   5.75495    1547   14
    46   2.37565   1.08429   1.20774    1692   16
    47   6.02677   1.13188   2.22968    1476   13
    48   3.35281   2.43006   4.09072    1877   19
    49   5.58573   1.41871   4.06616     718   13
    50   2.46125   0.52937   1.27487    1668   13
    51   5.72320   1.15038   0.75405    1566   15
    52   5.38337   0.93443   0.71701     737   13
    53   1.95058   0.90904   2.97524    1007   13
    54   4.65806   1.53943   5.75456    1959   20
    55   2.31596   0.84870   6.06972    1558   14
    56   4.60291   1.81348   3.55628    1743   15
    57   3.14353   1.22561   0.10252    1517   19
    58   4.88959   0.79051   3.49591    2262   20
    59   1.57174   2.09589   2.31508    1536   16
    60   1.61795   1.52385   4.16799     774   13
    61   4.89289   1.38497   0.77428    1081   14
    62   4.44147   0.75370   1.45608     710   13
    63   4.33034   1.07196   4.91077    1259   15
    64   4.27003   2.18511   3.81738    1547   17
    65   2.71829   2.28791   3.55907    1194   15
    66   1.24511   1.30181   5.31291     860   11
    67   2.68482   1.55701   2.84572    1997   20
    68   2.57085   2.34654   2.72827     862   12
    69   4.10115   2.14271   5.19174    1184   14
    70   5.31354   1.31128   3.28636    1205   16
    71   2.07244   1.91340   0.57573    1812   19
    72   3.55857   1.54172   2.99280    1246   13
    73   5.11644   1.26445   2.09575    1345   17
    74   2.30358   1.82740   6.27988    1415   14
    75   6.13577   0.50377   5.81444    1216   15
    76   0.65308   2.23311   2.40794    1003   13
    77   0.54979   2.24723   5.56239    1814   19
    78   0.78052   1.48145   2.23795    1223   15
    79   1.74553   0.89448   0.49174    1084   13
    80   3.22685   1.61322   0.24756    1123   12
    81   3.99095   1.00057   2.44688     718   12
    82   1.47320   0.94917   3.54722    2171   20
    83   1.21898   2.19070   0.51230    1801   15
    84   4.62532   0.42234   4.58119     953   13
    85   5.21832   2.27543   2.85343    1194   14
    86   0.09392   1.29443   2.37052    1494   18
    87   0.41913   1.75803   5.45255    1488   15
    88   3.86341   1.13377   0.76401    1456   14
    89   6.08763   2.47719   4.46154    1317   17
    90   2.88169   1.98338   4.61462    1029   13
    91   3.93199   1.81164   0.60926    1302   13
    92   1.19155   1.91368   3.72516    1491   16
    93   2.89680   0.47145   3.13954     943   13
    94   1.54065   1.96112   5.98680    1084   13
    95   3.49943   0.92762   1.81403    1555   15
    96   1.04324   0.84316   1.87262     796   12
    97   2.99834   1.97536   4.68424     967   14
    98   5.83889   1.13138   5.46971    1573   14
    99   5.76769   0.23020   3.98883     734   10
   100   5.30098   1.37628   2.48528    1090   15
   101   4.51783   1.87259   3.36595    1067   14
   102   5.77300   0.79081   1.64471     999   12
   103   5.07746   1.15782   1.74968    1392   15
   104   1.77502   2.12005   1.43088     964   12
   105   4.59755   1.56600   3.68367     735   13
   106   0.32664   1.58056   1.81866    1315   18
   107   5.08148   1.30588   2.93785    1553   16
   108   1.13606   1.64216   2.50611     866   12
   109   0.70935   2.39628   5.01784    1228   15
   110   3.76337   0.96537   3.49528    1418   14
   111   5.13021   0.20547   1.11777     570   15
   112   4.38705   0.59237   4.21263    1522   17
   113   2.97571   1.06839   5.30111     697   12
   114   5.78925   0.84989   1.97948    1782   17
   115   4.91088   1.01984   1.80735    1522   17
   116   6.24891   1.71239   3.62299    1189   14
   117   1.45954   2.47972   4.10715     827   11
   118   2.53290   1.40983   2.31926    1917   19
   119   4.00900   1.69975   2.12514    1081   14
   120   2.66998   0.59226   4.80352    1648   13
   121   2.08075   0.87422   3.73281    1357   16
   122   5.63992   2.13381   0.58451    1268   14
   123   4.94454   0.97693   2.02031    1101   15
   124   3.74392   2.54212   2.75591    1813   16
   125   5.02193   0.67178   0.70576    1044   12
   126   5.42920   2.08355   4.08586     943   12
   127   3.63576   1.04693   4.54358    1118   12
   128   2.52773   0.18768   3.66701     602   10
   129   1.51555   1.60075   0.18753    1891   18
   130   3.55143   0.89955   3.48652     779   12
   131   6.23287   2.27084   5.49825    1620   16
   132   3.59802   1.35103   1.34237    1191   15
   133   5.79976   2.30303   5.57588     801   11
   134   2.67956   2.18317   4.14232    1280   15
   135   2.69014   1.32591   0.44605    1614   17
   136   1.32790   2.33070   2.20005    1211   16
   137   2.81892   2.78368   4.80885    1816   17
   138   5.34124   1.80217   4.22531    1649   14
   139   0.70013   1.90644   3.53523     843   13
   140   0.12805   0.98627   3.81446    1567   16
   141   5.70961   1.41851   2.22686     918   13
   142   0.42701   2.21312   2.79531    1050   14
   143   4.17464   2.18034   0.35428     818   16
   144   5.31436   2.79619   3.20890     953   12
   145   5.94930   0.99268   3.08320    1129   16
   146   5.60827   0.41021   5.89426    1522   17
   147   2.10995   2.28902   5.95534     797   11
   148   3.89775   0.55380   4.92618    1023   13
   149   4.71972   0.79074   5.53721     950   14
   150   3.40890   1.41731   5.23501    1154   12
   151   1.43154   1.02209   1.96017    1153   14
   152   0.31811   0.73825   0.94962     737   12
   153   0.91929   1.77232   2.32254    1724   16
   154   3.65128   2.31645   5.25284     891   11
   155   4.26407   1.12768   3.80468    1303   14
   156   1.58315   1.77512   1.13009    1621   15
   157   3.21382   2.52865   4.99450    1104   16
   158   0.12751   2.20591   3.45587    2193   19
   159   5.45036   0.79616   3.80896    1176   15
   160   1.46201   0.88595   1.34218    1595   15
   161   0.45768   1.25933   2.72027    1928   20
   162   1.67429   0.72726   0.60595    1520   17
   163   1.47507   1.81910   1.05909    1218   14
   164   4.85946   2.00816   0.92465    1489   12
   165   3.25613   1.89041   2.23688    1300   19
   166   5.60255   2.20595   4.90458    1842   16
   167   3.55464   0.75238   6.14527    1188   15
   168   5.73553   1.80360   5.67545    1499   16
   169   0.52008   1.22488   5.43410    1442   16
   170   0.14592   1.78981   4.67099    1515   15
   171   1.18220   1.23035   1.50083    1435   17
   172   5.87106   1.50137   0.14294    1368   14
   173   6.03975   0.48756   3.58506    2063   15
   174   3.23579   0.78087   4.12488    1484   15
   175   5.02763   1.43148   3.77426    1178   15
   176   5.36314   0.72146   5.11879    1417   15
   177   5.64418   2.21733   2.48153    1972   16
   178   1.79772   2.28106   3.85450    1893   17
   179   2.20354   0.62493   4.46560     992   10
   180   3.68872   0.82049   4.68936    1170   16
   181   3.99354   1.80538   5.22831    1250   13
   182   3.01198   2.56938   4.75365    1402   16
   183   1.32821   1.53100   5.73128    1236   13
   184   4.74614   1.63026   1.48817    1487   18
   185   4.63910   3.11052   1.76461    1767   14
   186   3.58031   1.02073   1.16531    1655   15
   187   3.83919   1.92536   3.34332    1886   17
   188   0.21137   1.51360   2.88334    1114   13
   189   3.23620   1.52465   2.55069    1739   17
   190   1.35206   0.86087   5.17508     998   11
   191   0.79990   2.21096   3.10071     865   13
   192   3.60491   2.21383   5.06422    1459   17
   193   5.02557   0.69803   0.67849    1600   15
   194   4.16299   0.95315   5.04722    1417   13
   195   0.26182   1.76766   4.65399     938   14
   196   2.19699   2.27644   4.53466    1119   15
   197   5.18953   0.07514   5.99336    2055   17
   198   5.19888   1.69211   6.12541    1806   15
   199   4.79975   1.36760   0.51053    1097   14
   200   4.83983   1.80005   5.65754    1386   15
   201   2.02899   2.16967   4.36557     885   12
   202   2.31861   1.71742   0.42221     927   12