     1   0.00000   0.00000   0.00000       0    0
     2   5.92013   0.71546   3.31034    1014   11
     3   1.94963   1.49355   4.32083    1277   17
     4   1.28885   1.43832   3.21213    1784   16
     5   0.94873   1.39048   0.63150    1663   16
     6   4.68607   0.56724   0.07130    1502   16
     7   4.71521   0.85439   4.87299    2126   16
     8   2.51914   0.47096   3.84898    1655   18
     9   4.34600   1.75719   0.40907    1303   13
    10   5.39552   0.27744   1.77494    1351   16
    11   5.37796   2.30070   4.55905    1152   12
    12   5.28099   2.16610   2.86913    1517   13
    13   3.34582   2.97755   5.21542    1926   16
    14   0.02280   1.26139   6.12880    1453   15
    15   0.82832   1.90918   6.02804    1400   12
    16   5.67750   1.79810   4.91521    1656   11
    17   6.06481   0.85952   2.29686    2233   18
    18   1.76997   1.43623   0.55934    1762   18
    19   5.38747   2.36883   4.40923    1642   20
    20   5.77351   2.28566   3.73596    1350   12
    21   3.68011   1.08505   1.53315    2129   17
    22   4.45355   0.51131   5.47200    1345   13
    23   1.33057   1.06127   1.34190    2189   18
    24   4.89207   2.12440   4.01689    1728   17
    25   5.00516   1.31053   1.95485     839   10
    26   4.75423   0.91415   3.58003    2215   17
    27   4.24484   1.91411   5.44929    1559   15
    28   4.03538   0.38677   1.96635    1272   15
    29   2.95678   0.84262   1.99668    1579   14
    30   5.33872   2.58131   4.03549    1370   16
    31   2.36411   2.96676   4.57933     830   10
    32   0.04488   0.71346   0.91643    1985   16
    33   3.95302   1.98745   4.85180    1214   13
    34   0.48717   2.95281   5.30520    2072   20
    35   3.13439   0.76964   2.83851    1526   14
    36   2.71404   1.42712   5.76069    1512   14
    37   1.81876   1.42492   1.65700    2687   20
    38   5.68186   2.18186   0.27673    1692   15
    39   3.43291   2.48296   6.27492     837   13
    40   5.83764   0.51759   1.10529    1070   14
    41   1.69375   2.02846   1.38528     949   11
    42   5.12712   0.78638   2.00200    1820   16
    43   0.20847   0.78458   4.19064    2286   18
    44   0.21131   0.41815   3.84192    1461   11
    45   4.77850   0.66735   2.00150    1581   13
    46   0.55873   0.94085   3.40011    1351   16
    47   1.91607   2.08962   5.25536    1904   20
    48   5.44222   2.01528   4.97767    1521   15
    49   5.71970   1.56940   0.55722    1925   14
    50   3.48917   0.88810   0.64259    1727   19
    51   5.95788   0.44065   5.13285    1447   14
    52   1.09695   1.48899   3.71115    2384   19
    53   4.85244   1.26008   6.07299    1830   19
    54   1.87459   0.88460   1.75852    1253   16
    55   6.03683   2.21992   2.32273    1666   14
    56   2.22739   2.06398   0.91429    1987   16
    57   4.72742   1.12043   5.69706    2069   19
    58   4.73965   2.35406   1.83138    1633   15
    59   0.26486   2.57767   0.74088    1886   17
    60   0.97601   2.29022   4.80758    1954   17
    61   4.92905   2.66652   4.97672    1450   15
    62   4.52498   2.21221   2.11194     772   12
    63   0.05022   1.31016   5.33976    1226   13
    64   6.12975   2.20679   3.12715    1539   16
    65   0.85508   2.17522   4.13117    1455   14
    66   0.15483   1.89772   4.43132    1203   15
    67   3.82641   0.97419   1.81876    1919   16
    68   5.91610   0.82909   4.81664    2217   15
    69   5.53338   1.84724   2.05479    1505   14
    70   1.19711   1.44258   5.08799    1351   14
    71   3.20939   1.69519   2.92501    1305   13
    72   3.86316   1.51258   4.54252    1705   16
    73   1.73430   0.86723   4.51737    1659   17
    74   0.07823   0.17981   4.24784    1078   13
    75   0.12403   2.09468   6.00135    1526   15
    76   1.32475   0.99119   3.69794    1171   15
    77   0.05844   0.93692   3.41052     935   12
    78   5.72513   2.51125   5.16834    1574   15
    79   3.94864   1.66315   5.34325    2004   17
    80   1.39319   2.80813   3.50837    1141   13
    81   0.30517   1.46062   6.26190    1474   15
    82   3.36616   1.23644   5.45144    1769   17
    83   2.41391   1.42194   4.24529    1413   14
    84   1.09694   1.83275   0.38608    1821   16
    85   5.59471   0.77377   6.12304    1512   17
    86   2.26621   0.28085   1.36927    1129   14
    87   1.88689   1.44198   4.95285    1623   16
    88   4.59002   2.76517   0.59083    2627   18
    89   4.21926   1.77890   5.83502    1525   15
    90   1.17900   2.15524   3.03882    1073   12
    91   0.79094   2.10917   4.85022    1972   19
    92   5.60578   0.95679   1.14947    1513   12
    93   2.11913   0.62641   0.98962    1686   17
    94   3.05958   1.99277   5.72146     859   12
    95   1.92003   1.07194   4.54424    1475   12
    96   0.15815   0.08576   3.38048    1548   17
    97   2.18757   0.82173   0.89153    1693   15
    98   4.06060   1.08352   0.93190     937   10
    99   4.46346   1.89837   2.90091    1896   17
   100   3.34103   0.48807   4.46033    1109   12
   101   2.35623   1.27312   5.47717    1833   18
   102   5.54085   1.59773   6.02287    1479   18
   103   2.81834   0.86094   0.14333    1506   15
   104   5.92810   2.38803   3.24906    1282   14
   105   6.27637   2.62087   4.56140    1270   15
   106   1.37164   1.28431   2.50208    1939   18
   107   0.85072   2.14415   5.29888    1058   13
   108   2.59574   2.64744   4.13456    2637   21
   109   4.36625   1.79055   2.14929    1698   14
   110   3.04320   2.18911   6.04006    1536   17
   111   5.65260   3.01298   0.68625    1252   13
   112   3.20530   0.74995   4.21248    2007   19
   113   0.44260   0.23272   3.78667    1829   16
   114   4.90243   1.37378   1.73278    1617   16
   115   5.04047   0.87335   2.11955    1550   17
   116   1.09084   1.89696   4.83955    1448   14
   117   5.78735   0.97325   3.98074    1891   16
   118   2.38977   1.96013   4.72571    1147   12
   119   1.34876   2.24430   4.27010     855   10
   120   0.92680   1.91540   3.13215    1358   16
   121   0.38001   2.15177   2.45968    1376   16
   122   4.51056   1.01728   5.04417     941   14
   123   1.34864   2.59599   4.29382    1721   16
   124   5.37836   1.74291   0.59722    1661   16
   125   3.96579   1.28589   5.39421    1027   13
   126   1.62711   1.71626   2.36077    1231   15
   127   4.08620   0.75964   4.45284    2444   19
   128   3.50698   1.08247   1.34860    1431   17
   129   5.10910   1.96765   1.60078    1568   14
   130   0.99545   2.48675   1.79791    1444   14
   131   4.76272   1.41656   4.47623    1383   15
   132   3.92541   1.62227   2.72091    1320   13
   133   2.18552   1.37572   5.20334    1697   16
   134   1.62598   2.43860   5.59343    1229   14
   135   2.17808   1.71501   2.23141    1409   14
   136   1.64654   2.83286   0.11452    1588   15
   137   1.69639   0.58481   4.73608    1687   15
   138   1.76160   0.46280   5.52541    2541   19
   139   5.50770   1.85451   6.14421    1226   13
   140   5.17888   0.55502   2.51065    1683   17
   141   5.03906   1.34413   6.09029    1373   14
   142   2.67302   1.86988   5.77036    1411   13
   143   2.40312   0.88842   5.09431    1262   13
   144   0.21838   1.00784   4.25217    1294   12
   145   3.61402   1.44947   3.80119    1099   12
   146   3.85732   0.93598   5.12330    1231   14
   147   3.07945   1.14397   3.24025    1142   12
   148   0.11332   1.06201   3.68992    3313   19
   149   3.94116   1.43648   2.77499     989   12
   150   2.39920   1.48521   2.63019    1286   15
   151   3.05498   1.56726   0.82894    1696   16
   152   1.65618   0.62176   2.49799    1102   12
   153   0.20849   2.56182   0.51721    1128   13
   154   5.31124   0.58651   1.24284    1522   15
   155   3.98210   2.19860   4.45321    1247   15
   156   3.45232   2.11157   1.16330    1531   14
   157   2.23104   0.88665   0.90660    1032   13
   158   0.29006   1.26385   1.25796    1242   15
   159   5.34846   1.42899   0.41580    1087   12
   160   5.60166   2.08670   3.12764    2480   19
   161   4.74609   1.71654   0.42625    1008   13
   162   4.07344   1.12699   0.67538    2062   18
   163   4.77785   0.78339   3.21876    1910   18
   164   1.35208   2.01580   4.39739    1157   11
   165   6.12840   0.96960   4.64290    1131   12
   166   2.71117   1.93356   3.42210    1777   16
   167   0.27755   2.93655   0.75912    1348   13
   168   2.83994   2.22579   4.21852    1403   15
   169   6.08524   1.72073   1.02273    1428   14
   170   2.48604   2.56280   0.73392    1085   11
   171   4.75585   0.89617   3.82125     927   11
   172   3.84081   1.30845   1.70792    1203   12