     1   0.00000   0.00000   0.00000       0    0
     2   1.76918   2.37869   5.72466    1346   14
     3   2.29796   1.02911   2.85906     800   12
     4   3.46245   1.83974   3.67297    1295   14
     5   5.31995   1.22976   5.56107    1223   13
     6   3.14258   1.22236   5.57723    1833   14
     7   4.98577   1.76127   5.85958    1819   18
     8   2.02738   0.50913   5.32260     878   12
     9   5.74413   2.16178   2.09302    1396   14
    10   5.18419   2.29979   4.51466    2193   16
    11   4.93267   1.02249   1.19899    1421   14
    12   1.07084   1.40779   4.62257     864   13
    13   2.65907   2.37109   5.96047    1707   18
    14   3.97409   2.39603   5.18870    1597   17
    15   1.94104   0.39926   1.94704     843   12
    16   4.98584   1.23003   6.26556    1134   14
    17   0.04434   1.29242   0.18302    1082   16
    18   3.52820   1.88006   5.85934    1835   18
    19   5.76772   2.82931   0.81255    1161   12
    20   4.82978   1.56377   0.39082    1297   16
    21   4.92415   1.94398   0.67687     596   12
    22   1.90177   2.28910   0.47643     939   13
    23   3.38274   0.34860   6.13232    1541   15
    24   4.48108   1.43217   1.35703    1330   17
    25   2.38285   1.72891   5.53919    1170   13
    26   3.92303   1.01168   3.42875     963   13
    27   3.41916   2.29017   0.14414    1184   15
    28   2.37930   1.51877   0.75667     729   15
    29   5.71278   2.44094   3.84830    1354   18
    30   3.16711   0.83747   4.59096    1034   16
    31   3.52887   0.57962   1.56940    1196   15
    32   1.30633   2.40350   2.28555    1322   16
    33   3.57055   2.20894   4.03533    2021   18
    34   3.50904   2.37748   2.40020    1156   14
    35   4.30877   2.94798   3.67409     720   11
    36   1.41496   1.47140   2.62557    1744   15
    37   2.08681   1.09866   1.19282    1384   18
    38   2.86766   0.62905   5.34673    1254   16
    39   4.05403   1.59591   0.76151    1329   14
    40   1.44834   1.70894   2.45774    1278   15
    41   2.99772   1.41197   1.64759    1079   14
    42   5.96993   2.14766   5.04161    1102   13
    43   4.23003   2.20446   3.40112    1441   16
    44   1.26787   0.79427   5.84086    1212   15
    45   0.28242   1.82749   5.77315    1427   12
    46   6.25642   1.74003   4.88373    1259   16
    47   4.93747   1.28418   0.10655    1543   19
    48   0.81643   2.58179   4.04277    1571   15
    49   3.17876   0.85921   1.19814    1053   13
    50   5.09365   1.36353   6.08399     589   12
    51   1.80515   2.57390   0.98774     979   12
    52   3.03786   2.33199   0.78385    1668   15
    53   0.09020   1.69975   4.52546    1751   17
    54   0.65528   1.12264   3.13681    1084   16
    55   5.28823   0.77130   0.96810    1436   13
    56   1.07531   0.29795   0.07432    1797   18
    57   1.50689   2.06004   4.84435    1450   14
    58   6.10664   0.90860   0.33937    2523   23
    59   3.56791   1.61756   5.56476     966   12
    60   6.13497   1.27411   2.86159    1482   15
    61   4.12482   1.07898   4.09659    1914   14
    62   2.45748   0.77041   4.76393    1545   16
    63   1.52985   0.56494   4.91578    1687   16
    64   0.77565   1.19919   2.35901     906   12
    65   5.92691   1.38688   0.56951    1454   13
    66   3.15373   0.22689   1.81072    1892   20
    67   2.50942   2.46798   2.97210    1432   18
    68   5.06311   1.74058   2.27806    1534   17
    69   5.36805   2.51315   5.51578    1748   22
    70   2.78485   1.74259   5.36091    2078   19
    71   1.87130   2.03541   5.72847    1867   18
    72   0.73248   1.78070   1.70920    2239   20
    73   1.02960   0.97345   4.13898    1705   16
    74   4.26720   0.98755   3.92897    1672   20
    75   5.34553   1.06036   2.60552    1652   17
    76   2.47703   2.49035   5.61065    1287   15
    77   5.36978   1.08276   5.45600    1211   13
    78   0.74998   1.34218   4.05846    1424   18
    79   3.61419   0.95387   2.83767    1060   14
    80   1.11391   0.70518   1.16707    1142   13
    81   3.08333   1.45260   0.94977    1953   19
    82   4.11404   1.86249   5.72791    1860   18
    83   1.81936   2.52154   1.83079    1467   18
    84   0.45400   0.86447   0.36790    1240   11
    85   5.45586   1.32499   0.44613    1005   10
    86   4.30010   1.72246   0.44599    1936   18
    87   0.42439   2.28863   0.98104    1705   18
    88   3.87797   0.49455   3.26391    1702   14
    89   6.09161   0.37617   1.30388    1203   13
    90   6.26760   1.85035   3.78098    1678   19
    91   4.05592   2.32106   0.49686    1130   11
    92   3.42479   1.82750   0.94729     974   14
    93   2.25823   2.12676   3.29896    1345   16
    94   5.71834   1.10993   1.08702     965   12
    95   4.04427   1.92996   3.76284     782    9
    96   1.74452   2.65726   1.93225     638   11
    97   2.32894   1.26338   3.28053    1839   17
    98   1.57963   1.71489   2.50659    2934   24
    99   4.64493   2.56475   5.66446     826   15
   100   5.77699   1.53362   0.66669    1282   16
   101   3.68693   1.82428   1.60889    1327   14
   102   5.07274   1.31335   2.23113    1281   12
   103   4.64340   1.20834   0.82328     845   10
   104   4.94209   2.24247   5.51730    1544   17
   105   1.74847   0.87519   5.40222    1634   15
   106   4.89561   1.61186   0.92329    1508   14
   107   3.80872   0.79830   5.04964     736   12
   108   5.79472   0.91012   5.80180    2035   19
   109   6.04460   1.15058   0.20767    1572   15
   110   3.16786   2.28068   4.89656     539   13
   111   1.39816   0.32405   3.35509    1967   17
   112   5.11337   1.81881   1.10528    1359   14
   113   0.42844   2.15808   5.26171    1722   18
   114   3.35093   2.29839   2.57116    1062   16
   115   4.40061   1.81363   3.67545    1189   14
   116   3.76475   2.06722   4.30479    1287   17
   117   3.43390   0.52415   5.43523    1311   18
   118   4.56574   1.06482   1.53778    1495   15
   119   1.83121   2.49740   1.06903    1699   18
   120   4.01900   1.97739   5.96529    2166   19
   121   4.55678   1.32505   4.57674    1352   14
   122   4.53827   1.19587   5.80642    1290   18
   123   1.83011   2.28884   0.87743    1584   18
   124   0.64178   0.86075   5.68704     694   10
   125   0.89780   0.27050   4.22072     850   13
   126   2.36345   2.11087   1.57362    1448   14
   127   1.65618   1.42440   2.37843     884   10
   128   0.54606   0.56989   1.41278    1539   14
   129   1.07804   0.51775   4.47907    1402   13
   130   3.94303   2.18839   5.56845    1597   12
   131   5.59298   1.23303   5.72212    1261   13
   132   0.88941   1.30049   1.52127    1068   11
   133   1.71199   2.72666   4.71588    1998   18
   134   2.94870   2.16615   3.23096    1300   14
   135   2.30321   2.56741   4.10478    1117   13
   136   6.20507   1.54381   0.08997    1364   15
   137   2.15906   1.61728   1.58654    1485   15
   138   2.45478   0.61223   1.45821    1153   13
   139   4.79890   1.35324   5.45803    1409   15
   140   5.49502   1.56769   4.98241     629   10
   141   6.08323   1.49332   0.79049    1101   13
   142   3.97271   0.91650   5.87446    1033   15
   143   1.87739   0.50948   6.27600    1306   16
   144   2.47847   1.53674   5.84870    1264   11
   145   5.79178   1.84341   3.72508    1030   14
   146   0.25477   1.84636   0.88139    2004   15
   147   6.00394   2.33019   4.52070     707   11
   148   4.27889   1.68019   0.65827    1230   15
   149   0.42466   2.09929   5.87769    1025   13
   150   1.50893   0.98410   1.26516    1064   15
   151   3.34407   1.57114   5.47435     970   13
   152   0.14688   1.13841   1.60084    1759   17
   153   5.35073   1.20274   6.04057    1785   20
   154   1.63980   1.87346   1.83200    1161   15
   155   3.31689   0.50590   4.06481     812   10
   156   3.05251   1.28291   4.84130     955   14
   157   4.94038   0.56107   1.64433    1300   12
   158   0.77158   2.51195   4.16066    1057   12
   159   3.05010   0.38484   5.15967    1493   18
   160   4.27352   2.87958   0.11921    1154   14
   161   3.81996   1.52953   2.29059    1038   11
   162   1.64951   0.09591   5.64218     837   14
   163   1.21149   1.87498   3.53366    1848   16
   164   0.33602   2.55082   4.70188    1444   14
   165   3.85247   1.02271   5.69870    1388   17
   166   2.95653   1.35577   0.91512     999   15
   167   4.99433   1.68786   5.22069     972   12
   168   6.08689   0.45893   1.89038    1940   17
   169   4.62698   2.27191   0.21765    1081   13
   170   6.10719   1.58332   2.30898    1042   13
   171   6.01196   2.77080   5.28906    1146   16
   172   2.31696   0.89472   5.76398    1139   16
   173   5.78402   2.11259   5.30575    1226   14
   174   3.32420   2.59003   2.04743    1169   14
   175   5.07914   1.63866   1.79622     846   11
   176   5.75797   0.24283   2.03221     987   14
   177   0.32922   1.88692   4.15612    1680   15
   178   0.93787   0.90916   4.51889    1416   14
   179   4.27526   2.28041   2.08188    1174   14
   180   0.09020   1.69975   4.52546    1070   14
   181   0.20179   1.45101   5.89120    1439   16
   182   2.53747   1.20084   0.22195     817   13
   183   5.80671   1.60194   6.08510     991   14
   184   0.45230   0.97415   5.83904    1112   15
   185   3.59833   2.75829   6.13030    1057   13
   186   5.60843   2.27408   0.72259    1024   14
   187   6.15909   0.96845   4.19417    1349   16
   188   5.27950   0.87577   0.57675     874   11
   189   2.32974   1.70519   4.08079     941   12
   190   5.75414   2.25070   2.05308     629   10
   191   2.36654   0.87801   3.67905    1004   11
   192   2.92207   2.33560   5.52759    2467   22
   193   6.27961   1.80904   4.05675    1914   16
   194   5.81448   2.41916   5.00662    1213   11
   195   0.86945   1.62220   0.46778    1048   12
   196   2.28888   2.04127   3.59945     828   11
   197   2.82784   0.61457   5.05272    1008   10
   198   5.64507   1.92201   0.17167    1226   13
   199   5.66219   0.48049   3.87822    1556   13