     1   0.00000   0.00000   0.00000       0    0
     2   4.38363   2.66209   4.56830     728   15
     3   1.55132   2.00814   3.91203    2035   19
     4   5.74492   0.26883   3.48009    1032   14
     5   2.56201   1.53626   0.81332    1071   14
     6   0.70454   1.26532   3.99244    1855   18
     7   5.16775   2.70407   4.75299    1908   15
     8   3.04833   2.98418   0.85893    1475   17
     9   2.68816   2.46635   0.61507    1620   15
    10   0.54563   0.21022   0.04679    2956   21
    11   5.64837   1.06874   3.96738     990   14
    12   0.64973   1.44439   4.81716    1047   11
    13   4.81010   2.61790   1.04705    1112   15
    14   2.87481   1.79316   5.27463    1185   13
    15   5.41530   0.46227   3.79255    1058   16
    16   1.40472   1.44733   1.99335    1737   20
    17   3.87997   2.38142   4.46981    1435   17
    18   5.19747   1.51730   5.00443    1107   15
    19   5.29835   1.93372   4.58422    1987   18
    20   0.25498   2.52212   0.88478    1668   14
    21   2.26794   1.07852   0.44996    1231   11
    22   4.22711   1.85729   3.36662     885   13
    23   2.12582   2.15731   1.76746    1152   13
    24   1.34441   1.25398   3.85475    1659   16
    25   1.57888   0.73292   0.26919    1882   17
    26   0.54736   2.40132   3.83732    1018   15
    27   1.65064   0.78765   5.42160     851   12
    28   4.14004   0.55971   4.36947    1561   14
    29   4.25908   2.36473   4.98445    1769   19
    30   3.91461   1.12725   1.30374    1921   18
    31   2.87015   1.50854   2.45654    1700   18
    32   6.17277   0.97688   4.99477    1455   14
    33   0.65748   2.90946   3.26353     943   13
    34   1.63891   0.56433   2.13343    1582   13
    35   0.30246   1.87352   4.01940     797   10
    36   3.86325   1.59820   3.15838    1426   17
    37   1.90343   2.29813   6.10311    1129   11
    38   2.47173   2.86069   4.35157    1658   17
    39   3.57713   2.17896   4.28196    1441   14
    40   1.35624   1.39523   2.80770    2017   17
    41   5.79087   1.78118   0.51045    1338   14
    42   4.76145   2.54072   6.25540    1700   15
    43   4.69139   1.62202   5.28493     937   15
    44   5.79668   1.10529   3.85318    1707   17
    45   2.95479   1.04667   6.19552    1274   15
    46   4.85157   0.51464   4.09067     961   13
    47   1.41417   2.55983   2.69074    1449   17
    48   2.35407   1.92638   4.91311     796   11
    49   3.79276   1.73081   5.29553    1300   16
    50   5.93508   2.17499   2.39605    1123   15
    51   4.72752   1.61943   2.23450    1029   13
    52   5.29118   1.16448   0.78484    1058   12
    53   6.03191   0.35625   4.62101    1453   16
    54   6.22596   0.79035   3.83847    1889   20
    55   2.03582   2.10616   5.81123     727   13
    56   2.86200   1.55299   4.11457    1286   15
    57   5.97889   0.91610   2.49434     675   12
    58   1.82757   2.13125   1.78831    1365   16
    59   3.09987   2.00340   1.03319    1860   14
    60   4.62997   0.99115   0.61162    2465   17
    61   5.99331   1.18723   1.30608    1418   16
    62   0.00731   2.27237   6.13073    1458   14
    63   2.20836   1.94031   2.77449    1401   16
    64   4.15326   1.69015   2.39047    1620   17
    65   5.53677   2.35851   3.08540    1633   18
    66   1.50458   1.76404   1.92136    1488   18
    67   6.10126   0.83033   3.03336    1382   14
    68   0.42598   1.33689   0.73065    1706   18
    69   4.63235   1.90594   2.04620    1946   15
    70   4.43659   1.20082   5.60329    1603   14
    71   3.52906   0.72096   5.46108     872   13
    72   2.22407   1.95008   0.61309    1667   16
    73   1.40117   0.82387   0.73541    1041   13
    74   5.77208   0.79734   1.27876    1231   11
    75   5.04788   1.40467   6.06457    1875   17
    76   5.63293   1.49363   0.17758    1564   16
    77   0.63618   0.95552   5.81404     930   13
    78   4.03385   1.16055   0.60647    1825   19
    79   5.91170   1.58083   0.62587    1598   17
    80   4.59062   2.65843   6.04860    1701   16
    81   1.52050   1.31759   1.82026    1486   14
    82   4.04622   1.61296   1.25863    1498   17
    83   5.49049   2.43221   5.56886    1535   15
    84   4.43254   2.79748   0.29047    1245   16
    85   3.55576   1.40341   3.03617    1218   14
    86   0.94581   1.35353   1.34389    1169   14
    87   0.25145   1.26494   4.32698    1494   14
    88   3.34008   2.69663   1.65959    1484   14
    89   5.60364   0.46586   5.51544     846   13
    90   3.68326   0.45367   3.68531    2273   17
    91   3.80502   2.15825   1.24167    1781   16
    92   6.02631   2.58604   5.22321    1691   14
    93   2.67635   1.79014   0.49099    1245   12
    94   1.67825   2.36458   1.41492    1365   15
    95   3.34871   1.01740   1.63093     907   12
    96   1.87920   2.26093   5.56705    1040   12
    97   3.47082   1.11883   1.13585    1590   14
    98   1.47317   2.30709   0.98656    1717   17
    99   1.72364   2.49141   3.31933    1339   16
   100   4.67281   1.67751   3.39341    2563   18
   101   0.02132   2.59612   3.17954    1227   17
   102   2.33325   2.38722   4.48134    1229   16
   103   0.08927   1.72461   3.46874     907   10
   104   2.61967   0.86594   2.62055    1082   15
   105   5.02538   2.84029   0.75656    1787   16
   106   5.02840   2.84214   2.32967    1153   13
   107   1.46070   1.21090   4.10433    2005   17
   108   5.98335   2.73560   3.35087    1403   15
   109   5.97607   1.06063   5.66719    2427   20
   110   5.46965   1.98280   4.62895     899   12
   111   4.97963   2.01393   5.67501    1329   15
   112   5.79492   1.06272   5.08749    1718   15
   113   4.32002   1.20767   2.92088    1613   19
   114   4.54333   2.27632   0.68326    1028   14
   115   0.80456   1.03747   3.75439    1133   14
   116   3.18516   2.40174   1.22164    2001   18
   117   0.53321   1.01781   4.84637    1015   13
   118   5.04482   0.40791   5.68326    2483   19
   119   5.66234   1.63849   3.48712    1141   15
   120   0.92224   2.26483   5.45336    1710   17
   121   0.35184   1.73173   2.59102    1088   15
   122   2.87130   1.44544   4.89440    1590   18
   123   3.62060   2.33283   2.70693    1466   15
   124   0.38424   2.18800   5.83127    1046   12
   125   4.41725   1.81827   5.03071     917   12
   126   2.43416   1.30166   2.49671    1422   13
   127   3.57274   0.29513   5.61861     910   14
   128   3.09471   2.46695   4.06464    1577   16
   129   2.15572   1.06749   3.92211    1642   18
   130   5.89602   0.02494   0.36778    1485   18
   131   1.42136   2.44942   3.02236    1051   13
   132   5.49986   2.72980   0.23174    1298   14
   133   2.43201   0.32052   6.24617    1108   14
   134   2.80789   2.51507   3.67965    1471   18
   135   4.57181   2.35718   4.99124    1051   14
   136   5.69108   0.94117   0.07132    1576   20
   137   4.34513   1.32836   2.84512    1820   18
   138   2.07251   1.41666   3.07884    1482   14
   139   3.56762   1.25976   2.63124    1049   12
   140   3.03387   1.84472   3.91073     725   13
   141   3.38617   0.87265   0.02464     990   15
   142   3.40712   0.67539   3.23021     705   11
   143   0.35168   2.64280   4.45099    1105   15
   144   2.66543   1.99220   6.06819    1212   17
   145   3.63626   0.86322   3.36008    1435   17
   146   0.92087   2.39833   1.15467     715   13
   147   5.75161   1.96440   1.06972    1031   15
   148   0.84660   2.37788   3.20951     984   12
   149   3.54432   1.54909   3.53211    1148   15
   150   1.35358   0.52770   0.99004    1174   16
   151   5.75906   1.25810   1.51040    1101   13
   152   0.06039   2.67562   3.76889    1223   19
   153   4.55772   1.83710   4.62440    1103   14
   154   1.52231   1.30325   4.51630    1590   16
   155   3.67300   0.26462   2.41003     652   11
   156   0.82798   0.46417   4.45878    1304   15
   157   5.57601   1.88561   2.21387     680   11
   158   0.12471   1.33954   0.07557    1387   14
   159   0.45326   2.11524   3.07270     843   11
   160   1.47919   2.14465   3.97529    1103   15
   161   5.21997   1.68678   5.72247    1194   12
   162   4.80905   2.47768   5.60118     903   14
   163   2.90877   2.48571   4.76196    1192   15
   164   2.68209   2.72220   1.65718    1175   14
   165   6.06092   1.77251   3.90769    1111   14
   166   4.10593   1.97549   0.88505    1485   14
   167   5.38639   1.01088   4.29804    1788   19
   168   6.24159   0.30433   4.06958    1063   13
   169   0.58339   1.45299   2.33926    1074   11
   170   2.44156   0.16315   2.79795    1083   16
   171   4.21297   0.64115   2.41912     497    8
   172   4.95115   1.40954   4.72291    1033   12
   173   1.41305   1.48167   3.93553    1341   17
   174   6.05946   0.80650   0.25586     913   13
   175   2.47589   1.76977   2.16045     843   11
   176   4.98542   1.51111   3.87197     742   11
   177   4.17586   1.00107   2.56260    1873   16
   178   4.03844   0.73271   0.85930     999   13
   179   2.53463   0.81526   2.85108    1451   17
   180   0.89598   2.54318   0.11424    1145   16
   181   4.16481   0.82284   5.54421    1425   17
   182   4.00276   0.59122   1.17506    1300   17
   183   4.05086   0.47634   0.37592    2034   18
   184   5.77134   1.11927   5.85674    1413   15
   185   3.88659   2.14616   0.93073    1988   15
   186   1.35603   1.22030   0.34889     897   12
   187   2.67892   2.36196   0.93705    1105   16
   188   2.73992   0.24570   5.52450     988   11
   189   2.58122   1.51359   5.76253    1021   14
   190   5.24282   0.90359   6.28316    1090   12
   191   3.08082   1.46235   3.48005    1701   15
   192   1.86704   0.94741   1.88015     765   14
   193   3.63220   2.20504   4.68375    1176   14
   194   4.88931   1.03273   2.79799    1787   19
   195   2.76392   2.07603   1.43302     936   13
   196   5.76141   0.52153   2.64703    1144   14