     1   0.00000   0.00000   0.00000       0    0
     2   4.39253   0.37447   5.25861    1717   18
     3   2.97328   1.77362   1.93300     807   11
     4   2.54998   1.29820   1.22677    1503   15
     5   6.17803   2.33387   1.02419    1553   18
     6   1.01293   2.00585   0.76340    1690   17
     7   4.93865   1.25703   5.76982    1165   13
     8   5.67707   1.87315   3.17978     810   11
     9   4.53628   1.54957   1.32725    1574   16
    10   4.89555   2.06436   2.00503    1038   12
    11   4.44717   1.60353   4.60134    1204   14
    12   1.46001   0.52232   5.53746    1050   12
    13   2.55577   2.15699   0.35384    1022   16
    14   5.14586   2.44127   1.84130    2291   18
    15   5.45839   0.38157   4.83257    1287   16
    16   0.90307   2.41050   1.34147    1144   14
    17   4.72613   2.21146   3.92421    1169   15
    18   5.36606   2.25756   0.07130    1381   15
    19   1.73131   1.75714   0.87846    1348   16
    20   4.17289   1.73220   4.31231     745   12
    21   3.00606   1.51268   2.11776     800   10
    22   4.41954   2.20988   0.99408    1119   14
    23   3.33699   1.79431   2.06531    1152   14
    24   5.41662   1.82656   2.88819    1386   16
    25   1.77250   1.09719   0.08132     767   10
    26   1.26555   1.19374   5.18898    1496   15
    27   2.46093   1.23292   3.98598    1545   15
    28   4.70616   0.61326   2.97296    1048   12
    29   5.36251   1.88301   1.81242    1628   16
    30   4.87672   1.38032   3.89945    1677   21
    31   0.56778   2.23232   2.03116     789   13
    32   2.04763   2.53283   4.38492     652   13
    33   1.97722   1.33046   0.06757    1229   16
    34   4.46250   1.26059   3.83144    1139   14
    35   5.91038   2.25242   2.31285    1737   16
    36   2.12662   0.75352   4.31683    1543   18
    37   5.78670   1.13028   0.28585    1066   16
    38   3.57589   1.54668   5.63943    1067   12
    39   2.38807   1.94330   4.77768     944   12
    40   4.54887   1.28857   5.56066     784   12
    41   5.93584   2.53988   3.20996    1587   16
    42   4.85412   1.79704   2.06943     996   15
    43   0.43342   0.73300   5.16116    1091   16
    44   2.48439   0.64394   5.96297    1999   20
    45   3.91806   1.97973   4.04449    1153   14
    46   4.33343   1.04056   5.92653    1420   16
    47   4.75493   1.99763   1.68404    1058   15
    48   5.85355   2.13939   6.28316     988   13
    49   2.40232   1.31347   4.66492    1228   15
    50   0.68620   1.12134   3.53998     954   14
    51   0.33965   1.69123   5.85945    1027   12
    52   2.86111   2.46370   2.12906     893   12
    53   3.43137   1.20749   6.02445    1308   15
    54   3.59275   1.88788   0.08871     543    7
    55   0.37953   2.16406   1.16445    1473   14
    56   1.24316   1.48609   1.32392    1121   11
    57   3.57758   1.25664   2.71886    1914   14
    58   3.77806   2.14820   4.62146    1609   17
    59   4.58426   2.31675   5.42361     988   15
    60   2.44104   1.03355   1.27256    1293   10
    61   2.87297   2.92982   2.52723     931   14
    62   3.63000   1.00833   1.59365     975   15
    63   5.95029   1.03066   5.08046    1812   20
    64   1.75569   1.84496   2.35910    1214   14
    65   6.19431   2.12861   2.30841    1089   17
    66   6.12888   1.07525   4.92845     694   11
    67   0.25686   1.08273   5.45158    1532   15
    68   0.83472   1.67169   4.27176    2207   15
    69   2.55874   0.77637   4.35335     790   12
    70   1.40500   2.34656   5.49325     978   13
    71   5.66514   0.37124   1.78158     732    9
    72   5.28491   0.22515   0.56391    2368   18
    73   1.24437   2.77877   2.74027    1283   12
    74   0.18306   1.25504   1.06677    1161   14
    75   4.51923   0.77921   2.23382     574    8
    76   2.60196   2.16150   0.59749    1796   18
    77   4.52061   2.04216   3.13062    1539   14
    78   4.21500   2.35260   0.27352    1138   12
    79   4.76693   1.18412   3.57619    1329   16
    80   2.77413   2.42145   2.28786    1122   15
    81   4.33149   1.02325   5.14877    1987   17
    82   5.93610   0.50135   5.98413    1491   16
    83   4.46725   0.66699   5.55245    2323   20
    84   5.30257   2.03155   0.34188     875   12
    85   6.18427   2.03706   0.95945    1453   17
    86   4.23523   2.24162   1.69831    1556   18
    87   0.62721   2.31851   5.89240    1177   12
    88   4.71770   1.60218   2.13797    1158   12
    89   1.08991   1.34416   2.93860    1183   14
    90   5.01380   1.47430   1.82393     835   11
    91   2.61869   2.14285   2.21500    1090   12
    92   0.18624   1.94857   5.81829    1268   17
    93   4.67338   0.96797   3.51997    1207   14
    94   5.95443   2.78724   0.31846     990   11
    95   3.87057   2.40715   4.05564    1397   14
    96   2.42347   2.35399   3.33834     975   10
    97   5.73074   1.56208   1.57436    1279   14
    98   2.88826   1.06756   2.31282    1597   16
    99   4.11490   2.15054   2.17876    1427   16
   100   4.31017   1.56403   3.00539     912    9
   101   4.28069   2.17708   0.27755    1066   16
   102   5.37881   1.22248   3.91804    1001   17
   103   4.36653   0.94173   5.59908    1432   15
   104   0.83041   1.50995   3.19410     892   11
   105   2.99497   2.92270   3.55149    1585   16
   106   0.74205   1.12274   2.52687    1718   16
   107   3.33958   2.36369   2.65209    1815   18
   108   5.80044   2.71742   2.73773    1714   17
   109   1.70656   0.42811   0.20482    1055   12
   110   4.33666   0.37093   2.78661    1328   12
   111   5.39879   1.09735   5.23339    1587   19
   112   5.42479   0.47332   1.14248    1130   13
   113   1.04320   2.26696   1.57916    1156   15
   114   0.43185   0.18328   0.48917    1540   16
   115   6.25533   2.32932   3.64017    1399   16
   116   0.57069   1.96845   0.21401    1474   17
   117   3.17319   1.25547   5.41027    1480   19
   118   4.34599   2.37322   0.50350    1174   14
   119   0.90664   2.65608   6.19463     990   15
   120   4.23487   2.17378   5.24953    1266   14
   121   0.30719   0.69837   3.29420    1222   11
   122   0.72859   1.19264   4.57268    1743   17
   123   2.30112   1.64905   5.52418     969   12
   124   3.91533   1.06241   3.19607    1326   13
   125   6.21579   1.89527   4.41638    1535   14
   126   0.50470   0.38826   5.59345    1270   13
   127   4.17197   0.30130   2.15363    1630   14
   128   4.06891   2.23732   0.26321    1193   15
   129   2.60149   1.76228   4.41254     854   13
   130   0.17143   0.41396   2.03094    1443   15
   131   2.53992   2.14358   0.54614     738   12
   132   4.37963   2.04612   5.65014    1270   15
   133   5.42814   1.12245   3.82168     641   10
   134   3.62592   2.54739   2.39419    1379   15
   135   5.87263   1.13854   3.07821    1790   19
   136   0.46186   2.05233   4.02231    1257   17
   137   3.01677   0.63631   1.71551    1331   16
   138   5.50849   1.51039   2.99723    1100   13
   139   0.92111   2.08801   0.72656    1998   15
   140   6.15157   0.80379   4.76322    1111   15
   141   0.18506   2.10797   4.42794     900   14
   142   0.56363   1.62475   2.41073     872   13
   143   4.64256   1.71393   5.08197    1294   17
   144   0.26089   2.45792   0.83991     743   14
   145   0.75274   1.96591   5.71283    2013   20
   146   6.19075   2.70739   2.09928    1078   13
   147   5.82828   2.02003   5.96418     947   14
   148   4.05252   1.88867   0.54867     952   13
   149   3.77312   0.87449   0.78708    1095   15
   150   5.37690   0.89268   2.79767    1198   15
   151   2.76306   2.24156   0.40930    1912   20
   152   0.78125   1.54646   2.94910    1206   12
   153   4.69042   1.54485   4.78287    1272   13
   154   3.68101   2.23680   1.02976    2129   17
   155   0.54784   1.86230   3.90853    1257   15
   156   4.89683   0.99369   2.15647    1967   20
   157   4.28141   1.95918   4.38874     785   11
   158   5.08907   2.97122   2.37405     723   16
   159   4.78583   1.62786   5.81818    1133   14
   160   3.69625   2.13165   1.64652    1803   16
   161   4.56930   2.23645   1.34101    1657   16
   162   1.32204   2.20786   2.15959    2051   17
   163   2.77816   2.74158   2.90421    1482   16
   164   5.31912   2.17679   2.40797    1749   16
   165   0.27412   0.65980   1.35024    1408   14
   166   4.61209   2.03952   1.31890     919   11
   167   2.24551   2.07365   6.19521    1495   14
   168   4.12786   1.01892   0.88957     778   12
   169   2.43376   1.77190   0.10760    1923   17
   170   0.37163   0.80161   2.11815    1993   22
   171   4.66651   2.34323   0.93421    1462   13
   172   5.67029   1.53236   0.61030    2741   18
   173   3.60127   0.77069   5.71542    1496   14
   174   5.76802   2.26316   5.22359    1524   16
   175   0.86189   1.07711   0.58248    1749   16
   176   0.92971   0.87045   3.12292    2687   19
   177   2.09717   2.84295   1.77377    1275   13
   178   1.22685   0.19109   4.83040     623   12
   179   5.55077   0.64288   3.60021    2076   17
   180   1.43178   1.83713   2.28628    1811   15
   181   0.86015   1.21429   3.24754    1196   13
   182   0.51626   0.46922   3.22222    1839   20
   183   1.41290   1.91693   4.05263    1142   13
   184   5.34742   2.19567   2.72537    1262   14
   185   5.32455   0.69712   4.59006    1706   17
   186   5.00708   1.39076   1.97168    1224   16
   187   4.48927   0.50162   6.24865    1238   16
   188   1.80307   1.38352   5.40392    1173   17
   189   5.27924   1.31175   2.38375    1285   17
   190   2.43118   1.80486   2.45210    1708   16
   191   5.54091   0.55436   2.45732    1934   18
   192   4.83782   1.27873   4.10467    1967   14
   193   3.42291   2.22518   1.28577    1710   21
   194   0.25527   0.85220   6.23265    1044   12
   195   2.76526   1.08483   5.63942    1127   14
   196   0.28960   1.83830   4.26225     926   14
   197   3.74882   1.57137   2.81400    1636   16
   198   4.04394   0.28877   4.17183    1543   18
   199   5.83804   1.50665   3.41284    1551   13