     1   0.00000   0.00000   0.00000       0    0
     2   5.17249   1.80658   4.35510    2604   15
     3   4.93168   2.37636   1.86374    2546   15
     4   3.55802   1.63636   6.21250    3614   18
     5   1.78969   1.23672   3.30015    2175   16
     6   3.60534   1.42307   4.79697    3504   19
     7   4.44701   1.85593   6.16093    1494   10
     8   2.00197   0.82877   5.27445    2461   16
     9   4.79683   2.31696   0.48531    2126   13
    10   5.35074   2.39086   6.04767    1634   13
    11   0.54864   1.03851   0.62406    3124   14
    12   6.04084   1.45457   0.15643    2058   13
    13   1.12327   0.49837   2.37450    2436   16
    14   2.00636   1.20579   0.63742    1774   13
    15   4.75331   2.22547   0.18081    2814   15
    16   0.23895   2.36631   5.55952    4753   20
    17   3.22241   2.67872   4.60892    3916   20
    18   0.89758   2.32517   0.36015    1665   11
    19   6.13963   0.49831   5.16695    2715   19
    20   3.31445   0.57723   0.81817    2185   15
    21   1.17634   0.46940   3.81736    2934   19
    22   0.97056   1.96301   6.10168    3347   17
    23   0.99505   2.55064   4.64295    1869   11
    24   5.74792   2.16888   0.04746    2047   15
    25   3.39151   1.07731   3.08845    3391   16
    26   0.37201   1.15480   3.81753    2632   13
    27   3.19520   1.72213   4.19517    2440   17
    28   3.97536   1.04988   1.34240    2557   16
    29   0.21076   1.58037   4.68270    3137   20
    30   0.80812   0.21840   4.76519    3387   21
    31   2.74040   1.86274   1.85797    2721   18
    32   0.09343   1.39491   0.53093    2948   15
    33   3.75307   1.00134   4.49892    1560   12
    34   4.33618   2.38039   2.96413    3578   19
    35   4.06326   0.29807   3.61515    2592   13
    36   2.59757   2.11296   3.68099    2889   14
    37   2.64036   2.31053   0.39454    2981   21
    38   0.71571   2.01610   4.69096    2673   17
    39   2.69812   1.15309   1.21155    3157   18
    40   1.00864   1.61257   4.12387    3191   18
    41   3.71266   2.05068   2.90544    1990   14
    42   3.40653   2.12469   0.83258    2038   13
    43   3.91425   2.38567   5.75905    3770   17
    44   0.62741   0.30376   5.45673    2461   14
    45   4.68730   1.25440   4.75336    2988   16
    46   3.60772   0.91064   6.22973    2230   13
    47   4.53257   1.23206   1.48839    2774   16
    48   2.14615   0.63722   0.10992    1222   11
    49   4.16516   2.02832   1.12866    1350   10
    50   5.17516   2.33246   5.82281    1497    9
    51   3.71631   2.64716   2.11354    1900   14
    52   5.21537   1.65831   2.23841    1518   12
    53   2.29896   1.70655   4.96671    3227   17
    54   6.03586   1.04604   5.41716    2538   14
    55   5.12379   1.33423   1.33406    2182   11
    56   2.85253   1.50177   2.34455    2582   15
    57   5.88322   2.19049   2.01952    2606   15
    58   2.34655   0.82643   4.43723     758    9
    59   3.02708   1.44605   2.02450    1735   11
    60   3.88710   1.82035   2.81077    2051   14
    61   1.32243   1.36574   3.10188    2435   14
    62   1.14059   0.76517   1.15882    2590   16
    63   5.24470   2.36693   2.81960    1938   16
    64   0.78558   0.98281   3.63704    2373   15
    65   4.14294   1.38781   1.29006    3380   13
    66   0.68848   1.24917   3.84663    1688   13
    67   5.62035   2.03657   0.58630    1097   10
    68   5.77692   2.42537   2.16500    2467   16
    69   5.02614   2.11973   1.07519    2068   14
    70   1.71874   0.53884   0.78155    3610   17
    71   3.39781   1.23744   2.19619    1969   15
    72   0.87986   1.52628   6.27896    3353   20
    73   1.36749   2.19804   4.67085    1750   14
    74   1.22566   2.81256   2.72022    3182   17
    75   3.59251   1.53312   2.04056    4594   22
    76   1.22171   2.44450   4.49983    1395   13
    77   5.78755   1.13206   2.82365    2306   11
    78   3.47488   2.32777   4.58694    1370   11
    79   0.74555   1.93922   1.67796    3666   17
    80   1.24232   1.86150   5.67837    1691   12
    81   5.06233   0.89626   5.44327    2704   15
    82   2.52890   0.41796   4.30873    2138   13
    83   3.51121   2.30772   5.75191    2008   13
    84   2.39504   0.80479   2.47392    2707   17
    85   2.04445   1.45037   0.17806    1527   14
    86   4.64943   1.81291   5.00775    1929   16
    87   3.70762   0.75371   5.15751    2972   18
    88   3.92736   2.21242   4.89878    1773   14
    89   6.11676   1.78973   2.78435    3253   19
    90   0.62550   1.10231   3.02218    1825   11
    91   2.60551   1.43903   3.83883    2311   15
    92   5.66173   1.07696   2.44687    2103   12
    93   6.06839   1.85039   5.48837    2220   14
    94   0.29194   2.53039   5.26406    2842   16
    95   6.13416   1.00238   4.96525    1905   13
    96   0.76213   1.62992   0.72508    2842   14
    97   6.25481   0.98940   1.93209    1836   14
    98   4.63366   2.79162   0.82456    1812   12
    99   5.26692   1.46061   2.30962    2957   17
   100   6.22687   0.56443   5.32400    2531   16
   101   4.07543   2.58821   5.94891    2250   15
   102   6.08977   0.50731   3.92364    1701   13
   103   0.73007   1.24443   0.72651    2181   15
   104   1.35273   1.14842   1.56327    2030   12
   105   1.32611   1.73237   2.93756    1544   14
   106   4.88627   1.68532   2.54076    2487   14
   107   2.13803   1.57375   0.47814    2447   15
   108   1.55809   0.47815   5.96768    1603   11
   109   4.14298   2.30313   6.00483    1738   14