     1   0.00000   0.00000   0.00000       0    0
     2   0.40817   1.22124   1.33174     208   14
     3   0.25093   0.71119   0.33788     196   12
     4   0.41934   1.16417   5.07940      76    9
     5   5.52470   1.61714   4.10384     393   18
     6   6.28089   1.63968   4.63762    1064   24
     7   3.14031   1.03501   5.71765     301   11
     8   4.51508   0.73919   5.04458     668   17
     9   3.80460   1.73054   4.83984     464   18
    10   1.96323   2.30209   4.27040    2000   30
    11   0.05167   0.18216   4.80132     340   15
    12   4.95630   0.96695   0.38432     325   15
    13   1.46794   1.44191   4.12235     210   11
    14   2.08131   0.34880   3.86870     284   12
    15   4.94966   1.03144   5.51570      14    2
    16   0.67496   1.11283   5.73082     410   11
    17   2.37185   0.45077   4.33761     225   11
    18   1.24474   1.51407   5.11187     455   16
    19   3.86637   1.95989   0.52096     697   16
    20   2.14092   0.87671   2.52226     262   12
    21   0.72682   1.99270   0.54055     622   13
    22   2.44479   1.46989   3.81561     450   15
    23   6.17709   1.26066   4.90233     570   15
    24   3.73354   2.21188   6.14089     298   14
    25   1.22581   0.11682   0.34442     357   12
    26   0.16358   2.27227   0.55232     447   11
    27   4.74813   1.35040   3.11484      89    4
    28   4.81128   0.56178   0.14849     790   18
    29   3.75509   2.32521   3.36200      99   10
    30   0.57940   0.45666   0.34969     309   13
    31   3.40266   2.14664   0.49196     197   12
    32   1.72156   1.84315   0.61169     107    7
    33   2.59784   0.34290   5.92485     194    9
    34   2.34617   1.20795   4.03803     463   15
    35   1.68844   2.53190   2.47834     478   18
    36   3.88242   1.40339   4.92497     180   13
    37   0.19770   0.73623   4.09731     491   16
    38   3.49451   1.88632   0.43972     206    9
    39   1.02404   1.19674   5.97282     819   20
    40   1.84168   1.62456   0.50453    1170   24
    41   2.03035   1.47562   0.07975     630   17
    42   3.71106   1.44333   3.63994      30    1
    43   4.44030   1.61440   4.11430     246   11
    44   0.19946   0.56507   0.30807     349   16
    45   6.22640   2.51919   4.40000     354   15
    46   2.84694   0.80565   0.18869     214   14
    47   3.32403   0.96296   0.74073     212    9
    48   3.92282   1.43894   3.63927     181   11
    49   1.41275   2.14487   2.85298     988   24
    50   4.25436   2.56436   2.73549     767   16
    51   5.00289   2.54218   0.05563     143    8
    52   1.02461   0.02959   2.19249     151    7
    53   2.74803   0.85872   4.77679     435   15
    54   5.90671   1.44417   1.71973     347   11
    55   4.97994   1.23739   5.22313     375   13
    56   2.20563   0.83844   1.37403     308   10
    57   3.03732   0.94364   6.03869      97    9
    58   4.24956   0.60238   5.95500     691   19
    59   1.70754   2.54402   5.51795     286    9
    60   0.25877   1.32423   0.10131      34    2
    61   2.23981   1.81094   0.85000     642   18
    62   4.10025   0.79833   0.87694     566   18
    63   3.41943   1.98885   5.73209     254   10
    64   5.18044   1.73545   1.32762     587   16
    65   3.10114   2.04348   2.83272    1192   24
    66   0.36944   1.85050   2.91998     353   13
    67   5.71165   2.14231   4.21027     544   18
    68   1.76576   2.15395   3.90252      59    5
    69   3.62148   0.88635   3.14282     114   12
    70   4.80788   2.10627   1.49558     358   13
    71   0.89445   2.58040   5.29176     239   13
    72   2.67803   2.41440   4.92744     392   14
    73   5.80653   1.28863   0.25977     511   15
    74   0.55368   0.74270   5.45286     300   12
    75   0.54664   2.23306   4.70436     560   15
    76   1.94427   1.23702   1.77162     254   10
    77   0.07652   2.56660   3.10429     245    8
    78   1.99396   1.87490   0.86701      46    6
    79   5.19772   1.85981   2.38494     165   11
    80   6.06733   1.38825   5.40425    1624   25
    81   3.72562   1.99915   0.70457     410   15
    82   0.41522   2.01719   2.25970      21    1
    83   4.94182   2.49028   0.83616     168    9
    84   0.04910   1.25550   0.76855     341   12
    85   6.03025   0.45754   4.47537     439   14
    86   4.95456   3.01872   0.37401      43    6
    87   4.49258   1.86562   5.80718    1203   22
    88   4.51782   1.13598   6.02523     954   20
    89   1.56998   2.44709   1.81577    1433   28
    90   4.59131   0.64725   0.34453      59    8
    91   5.34679   1.16607   0.89909    1305   18
    92   5.13348   2.02066   5.78658     341   13
    93   4.98358   2.38645   5.70459     351   10
    94   0.05167   0.18216   4.80132      46    5
    95   0.91089   0.74206   3.77411     531   13
    96   5.38527   2.84943   4.58044     911   23
    97   4.34277   1.08025   5.75111     214   11
    98   4.68113   1.59250   6.22468     385   16
    99   3.80460   1.73054   4.83984       1    1
   100   5.33972   2.97337   5.22835      17    4
   101   0.86551   1.26806   0.69758     230    7
   102   4.85208   1.76064   0.63377     466   17
   103   3.89229   0.57079   5.23508     217    9
   104   5.15179   1.05408   4.79840     244    9
   105   3.79851   1.32698   2.25965     164    8
   106   1.30784   2.28442   5.81266     215   12
   107   5.16535   0.95994   5.08294      26    3
   108   2.41056   2.13086   0.35974       3    1
   109   5.09672   2.31150   2.58810      60    5
   110   2.66669   0.97416   4.09698     914   21
   111   1.90180   1.48897   2.69725     269   12
   112   0.12325   1.39624   0.67776     485   15
   113   1.04800   0.66765   5.90541     290   11
   114   1.08779   0.58000   4.20296      67    6
   115   3.97926   2.04003   0.43219     785   16
   116   0.76137   2.29979   6.25710     545   16
   117   5.55862   0.82540   3.82914     154   14
   118   5.07607   0.47018   4.63379     280   11
   119   5.49710   1.86197   1.77105     196    9
   120   3.16640   1.93906   2.76080     457   17
   121   6.02474   0.75107   1.00028     121    7
   122   1.99056   2.64566   1.80244     225   10
   123   0.59475   2.96768   1.00939     910   22
   124   5.14461   0.95450   4.19956     699   19
   125   4.11671   1.91259   0.50589    1344   21
   126   1.94013   0.46967   2.77990      43    7
   127   4.91055   1.00673   0.26760      65    9
   128   2.15657   1.95302   6.26623     281   12
   129   3.94718   2.29289   6.27783     222    9
   130   1.78955   1.03011   0.96335     286   13
   131   2.26184   0.40564   1.72140     703   14
   132   2.97270   1.20655   0.08060     102    7
   133   0.11999   1.83623   2.49441      64    4
   134   5.33794   2.08271   4.20696     438   15
   135   3.03023   2.08805   5.93008     457   14
   136   3.76345   2.08920   2.43096      93   10
   137   2.07532   0.55933   1.69979     176   11
   138   0.89967   2.69210   2.16277     301   12
   139   4.43118   2.22813   5.41619     402   15
   140   2.34392   2.28164   4.41237     233    9
   141   2.50105   2.12837   2.06991     237   11
   142   3.77722   2.59832   3.80132     220   11
   143   2.14077   1.16701   4.62274     229   14
   144   3.29157   1.52513   3.48053     295   12
   145   4.40543   2.16470   1.99516     232    7
   146   0.89362   2.90985   4.76183    1536   29
   147   4.35935   1.56564   5.84430      18    2
   148   1.25481   0.99825   4.79134     535   12
   149   5.97916   1.54373   2.10969     790   18
   150   2.16427   1.52417   2.09625     162    7
   151   3.30435   2.29373   0.68088     856   16
   152   4.90316   1.33087   0.26587    1666   24
   153   0.36812   0.82125   0.56653    3657   42
   154   0.65238   1.70655   4.13291     255   12
   155   1.99396   1.87490   0.86701    1157   22
   156   3.03403   2.14312   2.32675     498   14
   157   0.16142   1.60675   6.12640     741   19
   158   1.69588   0.22523   4.41978     207   11
   159   1.87410   2.68589   2.40751     139    7
   160   2.07465   2.33555   0.02534    1145   26
   161   5.24835   1.25249   4.07659     602   18
   162   0.96748   1.80392   1.08998     324   17
   163   4.57325   1.54244   4.66507      86    9
   164   0.61181   0.82924   1.77776     436   17
   165   1.94013   0.46967   2.77990      39    5
   166   5.19468   0.56354   1.42551     309   12
   167   2.82150   1.84477   0.05070    1190   19
   168   5.31273   1.20790   1.21142     261   13
   169   1.75311   0.95550   5.24493     262    9
   170   0.33087   0.96108   2.71994     520   13
   171   3.93427   0.55788   3.64365     143    6
   172   3.95881   1.74249   5.19476    6540   56
   173   1.97629   0.74664   2.20470     418   13
   174   6.12133   2.08271   0.19218    2056   27
   175   5.48192   1.43346   3.79183     512   14
   176   2.49372   1.77806   1.70921     235   13
   177   0.63700   2.32726   4.60833     302   12
   178   2.00978   1.01131   2.04628    1498   25
   179   2.80832   0.89207   6.03719     613   15
   180   4.18158   1.31056   2.02684      40    1
   181   2.36739   2.68669   5.14354      86    9
   182   6.27965   0.56915   1.86280     305   13
   183   5.80656   2.01542   1.81641     617   17
   184   1.20992   1.74014   2.19975     701   19
   185   3.53469   1.48759   5.00318     642   20
   186   2.30255   1.98777   5.13190     239   13
   187   2.10546   1.96744   2.44917     231   12
   188   2.51194   0.87788   3.98073     263   14
   189   5.88576   2.08473   2.49984     187   10
   190   6.14609   1.49130   3.05094     165    7
   191   0.12026   1.37722   3.93253     151    9
   192   2.63831   2.02906   5.47848     529   15
   193   0.14152   1.77347   0.93021     662   15
   194   4.49126   1.23135   3.47580    1009   17
   195   5.32334   1.40353   0.98579     442   11
   196   2.85067   2.85432   2.02500     107    9
   197   4.11142   2.52071   3.86098      32    3
   198   0.35715   2.52222   4.37712     600   17
   199   5.61473   2.06534   2.30826     155    9
   200   0.82344   1.15793   5.51709     686   19
   201   4.05477   0.71915   2.98863       4    1
   202   3.61878   1.38180   3.87050      44    7
   203   4.65010   0.95433   0.90145     334   13
   204   0.30663   2.12939   5.43607     108    7
   205   3.77951   2.37572   3.00725     226   14
   206   2.07888   0.63598   3.73792     127    8
   207   5.59057   1.48708   4.33628     308   13
   208   3.37545   1.45699   2.85872     111    5
   209   0.74671   1.98253   4.36125     281   14
   210   5.61512   2.86342   5.06465     191   11
   211   4.05997   2.22590   2.17098     236   11
   212   2.06527   2.42529   5.49821    1134   23
   213   4.76157   1.52385   3.59314     211   10
   214   5.59278   1.07330   2.66953     106    9
   215   2.68601   0.95431   3.24464     635   16
   216   3.14596   2.32968   0.86587     997   22
   217   4.79164   0.68448   4.97873     231   10
   218   0.18784   0.88116   5.84262      52    5
   219   2.45956   0.52086   4.26161     238   13
   220   4.80426   1.44921   1.16544     996   17
   221   0.89445   2.58040   5.29176     170   11
   222   5.58305   2.37891   5.18364     500   15
   223   0.68982   1.82188   2.72614     363   17
   224   6.01820   1.31961   3.45490     114   10
   225   2.87863   2.08178   5.38839     117    7
   226   0.79568   1.23017   1.56591     272   10
   227   3.62424   1.17198   4.05519     400   14
   228   3.96069   2.84436   2.34456     248   12
   229   4.70839   0.88162   5.54727     153    9
   230   5.55603   2.23287   3.24952     247   15
   231   4.41944   1.63843   5.22590     268   12
   232   1.78305   1.20569   3.40829     382   11
   233   0.37275   0.99105   4.46080     468   17
   234   1.86096   2.11032   5.17899     918   23
   235   2.48162   0.84693   2.84866      81    5
   236   1.19746   0.73284   2.82442    1483   26
   237   3.25576   1.30133   1.50763     948   21
   238   5.69803   1.63749   2.30788    2229   34
   239   4.13583   0.29079   4.42905    1038   22
   240   2.62048   2.25138   3.74962     345   11
   241   1.06273   2.59276   1.97968     750   19
   242   1.75828   0.80223   1.09101    1147   21
   243   2.96287   1.45275   2.70851     653   18
   244   2.59200   1.87673   4.77072     363   12
   245   3.86637   1.95989   0.52096      92    8
   246   3.04357   1.83805   6.04468     159    9
   247   3.68517   0.79383   1.83806      96    8
   248   4.21212   0.70617   2.19947     188   11
   249   4.57335   2.15138   0.48367      95    7
   250   5.65279   1.36135   0.99349     497   15
   251   5.17258   2.22295   4.25694     518   15
   252   0.73820   2.64215   4.98695      51    4
   253   4.21424   2.34936   0.48035     211   14
   254   5.15840   1.93982   3.87284     246   10
   255   2.34804   2.17440   5.98348      43    5
   256   0.94333   2.67325   6.01948      68    6
   257   1.53974   2.33566   5.61865     666   16
   258   5.30112   2.15930   1.16315    1655   31
   259   4.42684   1.20207   0.93744     562   15
   260   6.25483   0.41545   4.55419     526   18
   261   0.81275   0.72296   3.20534     300   12
   262   3.71106   1.44333   3.63994     283   11
   263   1.86222   1.30719   3.43882     148    6
   264   5.31294   1.90767   4.05731     727   19
   265   3.82960   0.31330   5.63475    1304   27
   266   0.83903   0.92464   2.08087      83    8
   267   4.09974   1.73927   3.67240     766   21
   268   4.09248   1.44664   1.49533     560   18
   269   2.87640   2.99869   3.43406     471   17
   270   1.38107   2.24420   1.63006     348   16
   271   0.13374   0.60842   0.50007     343   18
   272   5.95603   0.68868   2.74172    1448   29
   273   0.24095   1.91409   6.03416     248   12
   274   3.39993   1.29981   3.44217     206    8
   275   3.62141   1.74167   0.05480     741   15
   276   2.75338   2.48490   1.19722     164    6
   277   4.74920   1.76389   4.79282     232   11
   278   4.23102   1.20847   4.23201    1468   22
   279   3.82254   1.11434   1.97859     451   13
   280   0.60952   1.48090   3.59973      54    5
   281   2.50099   0.75382   1.43662      98   13
   282   5.46077   2.36167   4.60073     740   18
   283   2.50627   1.89125   5.99696     897   17
   284   5.22808   0.17116   2.60549     102    9
   285   5.41466   1.40551   2.26893     840   21
   286   2.13060   1.11600   2.33479      30    3
   287   2.06740   2.83276   4.13588     300   17
   288   4.30359   1.56933   0.81268     244   12
   289   6.10329   2.40554   4.47132    2559   30
   290   4.62254   1.57541   4.62973     145   10
   291   4.90145   2.22964   5.62345      37    4
   292   2.03178   2.91815   5.90617      70    5
   293   4.32742   1.98229   5.35606     435   14
   294   1.87248   1.93576   4.25737     414   13
   295   1.27005   2.38603   1.77810     277   13
   296   0.77646   2.06623   1.66723    1032   24
   297   1.06786   1.63177   3.63477     189   10
   298   4.00520   1.49915   4.25942     327   12
   299   0.31428   2.97141   0.21941     261   12
   300   2.65007   2.33970   0.50987     369   13
   301   5.07432   1.46197   3.43281     422   14
   302   1.38480   2.29781   2.25753     611   16
   303   3.90429   1.42193   3.90245      78    8
   304   1.20176   1.23960   3.90350     156   10
   305   5.65594   1.23458   0.56781      77    6
   306   5.60093   3.04156   0.35527     410   14
   307   3.83418   1.11544   1.41045    1484   22
   308   4.26447   1.01669   5.51660     108    6
   309   4.77513   0.57659   2.25105     250    9
   310   0.35708   2.62555   3.60465      38    5
   311   6.08529   1.00972   3.16937     333   13
   312   2.45402   1.28767   1.64347     298   12
   313   1.39576   1.11073   1.58832      94    6
   314   3.20131   2.26268   5.51134     251   12
   315   3.49134   0.50992   3.20873     170   11
   316   6.13966   1.33749   0.59236     659   17
   317   2.95827   0.80279   1.47568     463   18
   318   2.44465   0.97946   5.75213     697   15
   319   1.36668   2.52661   2.30301     367   19
   320   3.87708   1.87872   0.54485      78    6
   321   1.66864   1.73772   0.21916      89    5
   322   6.09999   2.21857   4.37112     978   21
   323   6.06199   1.82580   4.84453     482   14
   324   3.33109   1.18572   2.20991     480   16
   325   5.89197   2.69575   1.37020      99   10
   326   0.73649   2.34545   2.39201     506   12
   327   2.87863   2.08178   5.38839     596   14
   328   5.09840   2.82092   1.21929     375   10
   329   1.47387   2.17205   5.98803      24    1
   330   5.39711   2.73409   2.78208     571   14
   331   3.54759   1.24673   5.54080     193   14
   332   3.95748   1.36788   5.39531     269   10
   333   3.81164   1.96260   4.05228     322   13
   334   2.27522   0.88721   0.84523     783   19
   335   3.86692   2.59621   4.22173     701   22
   336   5.94467   0.29080   6.14804      10    1
   337   3.90355   1.54360   3.97992     275   13
   338   0.12325   1.39624   0.67776     145    9
   339   0.16658   1.83242   1.92770     781   20
   340   6.13687   2.75572   3.67021     326   13
   341   3.79881   0.46924   5.31508     240   10
   342   4.11163   2.04708   3.56108     601   19
   343   5.41851   1.04427   2.80705     912   17
   344   3.48593   2.82078   4.04749     692   22
   345   4.18742   2.23465   2.95557      90    9
   346   3.44370   1.91192   5.80646      19    3
   347   0.96149   2.05958   3.53192     387   13
   348   3.68490   1.20539   5.10475      55    4
   349   2.77632   1.73470   2.99012     630   20
   350   1.84201   2.49431   5.78574     828   20
   351   2.17600   1.28055   5.43119     152   10
   352   5.81310   1.91248   1.28762     130    8
   353   1.19535   0.97297   3.82636     108    9
   354   0.27255   2.31051   3.98081     289   11
   355   2.45902   2.20653   2.13165     363   15
   356   0.94333   2.67325   6.01948     246    9
   357   5.10478   1.72180   1.11834    1815   31
   358   5.54507   1.54466   4.05995     172    9
   359   3.32247   0.44919   1.65261     900   22
   360   6.18956   2.57026   3.42234     797   18
   361   5.87802   0.95685   2.44541    3285   39
   362   3.21964   1.91264   2.72821     285   10
   363   2.86346   0.89740   1.17615     248   12
   364   4.68444   1.75604   3.76135     523   16
   365   4.45996   2.80857   2.63693     304   11
   366   4.62990   1.41660   3.75397     717   15
   367   0.51136   2.05757   2.15362     635   18
   368   1.79640   0.43569   4.89603     266   10
   369   3.16359   2.46428   1.53340     648   18
   370   2.16764   1.48125   5.97046     159    6
   371   5.79788   0.88741   5.21162    1348   26
   372   0.05167   0.18216   4.80132     280   14
   373   2.62470   2.51530   3.30000     304   11
   374   4.59599   1.56036   0.23168     263   10
   375   4.48301   0.94238   1.06618     714   15
   376   3.44872   2.12728   3.73368     389   18
   377   0.59669   1.50908   0.32704     279    9
   378   5.45323   1.67305   1.35131      91    8
   379   5.30400   1.72408   2.26283     344   14
   380   5.65274   1.00100   1.46971     722   19
   381   1.70476   1.81700   3.05691     492   15
   382   5.86917   2.38706   5.09691     708   15
   383   1.00077   0.66521   5.07964     131    8
   384   3.11587   0.81261   2.12258     493   14
   385   3.76934   1.30005   4.94367     162    9
   386   4.00310   2.37621   0.25938     210   12
   387   5.84351   1.78180   0.36873     274   12
   388   4.10707   2.44892   5.55230     294   12
   389   3.68461   0.86784   2.04994     268   11
   390   2.34804   2.17440   5.98348      53    6
   391   4.39071   1.82238   2.81503     436   18
   392   4.29878   2.63522   3.32267     759   17
   393   3.19649   0.82418   0.14869    1326   23
   394   0.98715   1.92064   1.94544      52    7
   395   3.60405   2.39132   1.68911     535   16
   396   5.81871   2.36943   1.43073      48    9
   397   1.63496   2.75497   2.83323     245   10
   398   2.59451   1.86999   1.65403     152    9
   399   5.50379   0.85618   4.98840    1107   22
   400   3.53814   0.90468   0.28771     433   16
   401   1.34490   0.91792   1.10328     377   13
   402   2.10295   1.24344   1.62216     573   19
   403   0.22167   1.68308   3.01270     138    8
   404   5.25084   2.50314   5.30143     326   12
   405   4.70840   2.14657   0.15549     556   17
   406   1.90714   2.11622   0.51646     323   14
   407   5.76423   0.71464   0.09814     985   19
   408   1.34378   1.85998   4.92743     291   16
   409   2.47058   1.38470   5.89034      70    6
   410   2.09629   3.01466   3.80246     342   13
   411   2.63366   2.17726   0.92056     183   10
   412   2.79168   1.54769   2.48143     771   16
   413   2.78103   1.25997   4.26081     120    8
   414   0.20830   1.34120   2.01370      89    9
   415   1.05921   2.85966   2.28554       8    1
   416   1.96867   0.84340   1.44886      71    9
   417   3.80421   0.91966   2.56553     345   15
   418   1.75477   0.14150   5.45408      96    8
   419   3.60405   2.39132   1.68911      65    7
   420   0.10898   0.91918   5.35927    1427   28
   421   4.36374   1.62380   5.14778     244   10
   422   3.75848   2.70869   4.35246     896   23
   423   0.80216   1.84924   1.72752     101    8
   424   1.29237   1.82167   5.74390     219   10
   425   3.01421   0.85940   1.56476     196   10
   426   2.67571   1.05133   3.16121     370   11
   427   3.23050   1.26574   3.82173     258   12
   428   5.28321   0.86037   3.52447    1046   22
   429   4.04270   2.33929   1.11670     319   17
   430   0.04997   1.12135   0.15200     947   21
   431   3.68716   2.15393   5.41353     192   10
   432   1.06981   1.54550   0.75826     690   19
   433   1.87928   3.11346   4.46972     194   10
   434   2.86571   1.62212   3.45123     262   13
   435   3.86528   2.56892   6.26367     316   11
   436   0.24140   1.47483   4.99752     279   12
   437   4.06969   1.40091   4.99032     235   11
   438   0.55666   1.97887   4.48739     190   10
   439   1.20512   2.17483   3.50599     504   14
   440   1.21386   1.75449   1.29436     270   10
   441   2.59748   0.98319   2.80483     231   12
   442   3.51005   2.48610   3.82150     252   15
   443   2.69225   1.25560   4.12135     162   11
   444   0.83789   1.08259   2.20296     211   11
   445   0.01212   1.70227   2.57597     210   11
   446   4.00068   0.90812   3.24832      48    6
   447   5.16863   1.71984   4.31598      75    7
   448   0.11777   1.41685   5.98760     235   11
   449   2.30039   2.86971   5.46197     268   10
   450   3.32302   1.18049   0.30122     279   12
   451   0.78098   1.30363   5.85714     123   10
   452   3.14625   1.12807   1.09529     210   10
   453   1.52701   0.79703   0.78182     340   11
   454   0.94111   2.52111   1.21924     434   12
   455   3.72667   1.00339   3.79209     265   12
   456   5.35308   0.72359   1.23567     304   13
   457   3.31019   1.16077   1.86954     609   17
   458   0.86000   1.22980   6.01079     521   19
   459   3.70486   0.48891   2.98623     599   15
   460   0.34685   2.37067   0.17500      41    4
   461   0.19491   1.19014   3.23704     162    9
   462   3.42075   0.85732   0.66642     676   17
   463   0.77836   1.90042   6.12045     276   10
   464   5.89333   1.44909   4.40765     206   13
   465   1.51005   1.13579   3.52735     171    8
   466   5.91818   2.30426   4.60756     207   11
   467   4.62840   0.49082   3.15722     238   14
   468   2.74803   0.85872   4.77679     297   15
   469   1.15664   1.81745   0.53175     492   17
   470   2.13653   0.61478   4.11073     218   11
   471   0.53453   0.77089   1.77256     145   12
   472   5.34157   1.15855   1.89651     245    8
   473   2.82018   1.56934   4.60432     666   19
   474   0.76567   2.34724   5.55533     376   15
   475   6.18322   1.60458   4.02489     486   16
   476   2.22901   1.28323   5.54552     361   15
   477   4.61554   1.79136   3.86260     236   14
   478   2.36633   3.00523   6.03839     684   15
   479   1.99701   0.70840   1.97992     229   13
   480   2.41208   1.86120   3.86204     423   14
   481   3.18328   0.54383   0.18157     256   12
   482   2.34622   1.15861   5.34507     358   10
   483   1.92500   2.62933   2.75097     616   18
   484   2.73138   0.70081   2.87815     511   16
   485   5.61741   2.39562   5.94494     218    8
   486   3.05860   1.37728   6.26775      26    2
   487   5.16535   0.95994   5.08294     486   12
   488   0.56900   1.24302   2.33984      72    6
   489   2.31995   2.05647   4.76619     870   24
   490   0.86076   2.41838   2.49507     157   14
   491   2.68333   2.24914   4.80344     688   19
   492   1.58219   2.02004   5.50379     479   15
   493   2.74472   2.34716   3.76043     354   14
   494   4.30359   1.56933   0.81268      50    7
   495   0.17309   2.49890   3.58459     190    9
   496   5.99410   2.09268   2.14117     138   10
   497   2.45933   2.21698   2.02099    1388   25
   498   0.58520   1.14112   4.45126     516   17
   499   1.91822   0.99405   3.09373     637   19
   500   3.19124   0.35021   0.96617     529   16
   501   5.65594   1.23458   0.56781     473   16
   502   2.28679   2.44523   1.65770     336   11
   503   2.34281   1.54239   2.29143     382   17
   504   4.73399   1.60784   0.29102      83    9
   505   1.35119   1.56233   4.36771     755   20
   506   2.00761   0.85554   5.35737     256   10
   507   5.48172   2.32743   3.17210     390   14
   508   5.41385   1.07887   1.98980     705   19
   509   5.93423   2.21451   0.75807     250    8
   510   6.21694   1.56379   6.10285    1497   26
   511   3.39004   0.89617   4.73903    1134   24
   512   0.69121   2.51068   2.50999     148    7
   513   6.22643   1.11490   2.91120     633   23
   514   5.41301   1.20667   4.02081     908   22
   515   5.70205   1.34066   1.28987     275   12
   516   2.25873   1.41260   3.87406     522   18
   517   5.47122   1.16413   0.65118     348   12
   518   5.01732   1.58430   4.56531      41    1
   519   1.52700   1.30215   1.52258     220   12
   520   3.26284   0.47158   1.55672     817   21
   521   0.41885   1.76483   4.81575     278   10
   522   0.71483   0.92623   5.38446    1658   26
   523   4.75952   0.48540   2.75866    2642   37
   524   1.11966   0.70469   4.95387     125    8
   525   5.08359   0.92436   0.13293     301   16
   526   0.06843   2.00643   2.39119     734   19
   527   3.14565   0.44480   3.51035     520   18
   528   0.64873   1.86128   5.29949     315   13
   529   3.50905   0.99035   6.09319     237   12
   530   5.43620   2.30041   6.08343     439   17
   531   0.93939   2.47312   2.50899      44    5
   532   1.94359   1.34960   5.87444    1382   27
   533   1.24811   0.38557   0.33723    1323   23
   534   5.90213   1.47966   0.44874      92    6
   535   1.47038   1.64082   4.26278     469   19
   536   4.41485   1.76347   1.27738     220   11
   537   1.61985   1.42118   1.53946     890   21
   538   0.68317   1.01764   3.55958     278   11
   539   1.13730   2.03621   0.73953     282   13
   540   2.18573   0.81772   0.23306     307   11
   541   4.13687   1.19447   3.92427     472   16
   542   3.76345   2.08920   2.43096     219   14
   543   5.30737   1.44606   0.65713     230   11
   544   5.94467   0.29080   6.14804     195   13
   545   4.01561   2.25707   4.13266     926   21
   546   3.31432   1.69155   1.83010     441   15
   547   5.18669   1.64380   1.14312      67    9
   548   2.79239   0.85840   1.13182     239   13
   549   3.14678   1.39758   1.14073     113    9
   550   2.29956   0.62239   4.61687     350   12
   551   5.49406   2.36761   2.09682      65    8
   552   5.84140   0.06330   2.75736      92    8
   553   5.17567   2.28765   0.56941     434   13
   554   4.85886   2.37181   2.89813     108    5
   555   4.23738   2.34308   1.65248     114    8
   556   1.10801   1.28631   3.17570     324   12
   557   1.66607   1.12954   0.07650     190   10
   558   3.47219   2.05333   1.88506     409   16
   559   4.41467   1.23210   2.12807     623   21
   560   4.25604   2.75599   0.93851     365   13
   561   5.81952   1.13761   2.02129     439   18
   562   0.10864   0.55656   4.61249    2236   39
   563   4.46808   2.20985   4.31209     703   17
   564   0.79983   1.77369   1.73382     166    7
   565   0.14559   2.27679   0.75235      98    9
   566   2.61092   1.01464   0.62005     150   10
   567   2.51420   1.14384   1.00517     499   19
   568   4.10025   0.79833   0.87694      55    7
   569   4.15523   1.73223   5.02708     416   15
   570   5.54290   2.10857   5.51800     284   10
   571   6.19697   0.19031   0.69764     190   10
   572   1.84322   1.61598   1.03939     922   25
   573   2.10603   1.89536   3.05168     381   15
   574   5.56241   0.56812   6.16381    1211   24
   575   5.68639   2.11210   2.15310      90    7
   576   3.05511   2.44665   5.98349     371   14
   577   4.19649   0.92828   0.92130     626   16
   578   1.46420   1.20324   4.65195     213    8
   579   6.21911   2.07789   2.68164     295   13
   580   1.32999   1.09647   0.80739     104    9
   581   2.84979   1.62918   2.08273      71    6
   582   5.62887   2.14071   2.16348      95    7
   583   4.29814   0.48730   0.14649     422   17
   584   1.65586   2.56872   1.12348     237   12
   585   4.93563   2.23683   3.09385     663   21
   586   4.40013   2.05702   5.94219     473   13
   587   3.20242   1.41088   4.62804      38    7
   588   3.06817   0.60289   5.15400     442   13
   589   4.84836   1.89459   5.60009      74    9
   590   6.01758   1.67988   3.85308      98    8
   591   4.40309   1.38142   0.93679     800   19
   592   2.26499   1.01820   4.03612     148    9
   593   4.53010   1.88577   3.07140      54    5
   594   3.59416   2.56513   1.36803     540   13
   595   4.98345   2.08030   4.78965     207   12