     1   0.00000   0.00000   0.00000       0    0
     2   2.66643   2.92218   0.37988     827   13
     3   2.28198   1.45926   4.86129    1215   14
     4   0.25776   0.24949   0.51585    1176   14
     5   5.35828   1.64809   4.62196    1273   15
     6   4.23065   3.02040   3.60048    1722   17
     7   5.25945   0.14640   0.06553     977   12
     8   3.82645   1.41849   2.95205    1315   16
     9   5.30534   1.68306   2.92948    1251   17
    10   5.25282   1.77159   4.60037    2013   17
    11   3.37082   2.97618   5.82178    1844   15
    12   2.28545   1.42450   4.77954    1216   13
    13   2.28198   1.45926   4.86129     609    9
    14   2.44716   3.05786   1.85563    1414   14
    15   5.84586   0.24243   1.12636    1122   14
    16   3.78241   1.39686   3.04154     839   12
    17   5.48390   1.78566   2.99684    1119   12
    18   2.77370   3.10594   5.16392    1234   13
    19   5.39666   1.63164   2.92910    1025   14
    20   2.77515   2.98613   0.54556     845   11
    21   0.67673   1.62951   4.72237    1351   15
    22   0.09368   0.14858   3.76003    1460   16
    23   2.17852   1.48961   3.37134    1238   16
    24   0.72694   1.74837   4.83559     990   13
    25   2.30802   1.54899   3.17267    1170   14
    26   3.09542   2.95287   3.93555    1881   18
    27   3.90675   1.53258   1.53338    1328   11
    28   5.32033   1.67545   6.17798    1459   18
    29   2.34069   1.54757   1.56476     987   14
    30   4.07324   3.00506   3.44246    1072   12
    31   2.22626   3.04381   4.74217    1512   13
    32   0.65610   1.71410   0.03664    1561   17
    33   6.13147   0.11066   0.81347     814   13
    34   0.68134   1.55972   3.18130    1069   18
    35   3.40538   2.92389   5.97108    1772   15
    36   5.32033   1.67545   6.17798    1097   16
    37   2.87552   2.86138   2.28132    1396   16
    38   2.29474   1.44184   3.23062    2328   21
    39   2.20031   1.46282   3.37589    1469   17
    40   2.34700   1.44417   1.68629    1739   17
    41   3.79844   1.44277   6.16418     735    9
    42   3.84424   1.40979   4.56779    1202   14
    43   3.92073   1.47822   6.17965    2310   21
    44   0.20640   0.17903   5.18994    1242   13
    45   2.20081   1.53675   0.01283    1365   15
    46   2.72985   2.91158   0.60652    1479   18
    47   0.57448   1.62320   1.64358     761    9
    48   3.87724   1.36042   1.55523    1513   13
    49   5.35344   1.70056   4.51012    1188   12
    50   0.71092   1.61094   3.23319    1384   12
    51   0.33917   0.25607   1.81523    1866   17
    52   3.74722   2.87512   3.10570    1470   19
    53   6.11252   0.08925   0.80877    1008   10
    54   0.74558   1.69184   4.69741    1465   15
    55   2.27781   1.53621   0.05361    1765   16
    56   2.13796   1.59793   1.65265    1072   12
    57   2.23233   1.54197   1.82167    1258   13
    58   5.41351   1.65071   4.53079    1182   17
    59   3.69803   1.52700   1.44553     933   11
    60   6.19997   0.09772   3.94485    1833   17
    61   3.69888   3.07512   4.54871    1171   13
    62   3.47557   3.08071   5.93633    1333   13
    63   0.62963   1.61615   3.27806    1639   18
    64   0.31360   0.21189   3.56769    1256   15
    65   5.74277   0.15207   2.73624    1282   16
    66   2.22898   1.47916   0.05550    1108   16
    67   0.59546   1.76440   4.82584    2721   17
    68   0.53362   1.70970   1.65642    1640   18
    69   5.45607   1.66179   1.56312     791   11
    70   0.55193   1.64299   4.85101    1529   14
    71   2.20494   1.53999   0.04940    2254   22
    72   2.26126   1.52977   3.27624    1124   15
    73   5.47822   1.60723   3.09766    2263   20
    74   3.88397   1.37959   1.43017     927   12
    75   5.32065   1.61575   1.52246     865   14
    76   5.95752   0.08716   1.07212    1820   18
    77   3.89654   1.56872   6.17521    1317   16
    78   5.42533   1.69619   3.01179    1511   15
    79   1.99500   3.06169   4.43047    1323   16
    80   3.88255   1.43154   1.46868     800   12
    81   5.36737   1.58944   1.56862    1185   16
    82   2.95069   2.98149   5.42080    2311   17
    83   5.09996   0.07854   5.01255    1746   14
    84   2.27498   1.45138   3.23388    1360   16
    85   2.32403   1.48813   4.90759     880   12
    86   3.79663   1.40903   4.72742    1071   14
    87   5.34251   1.56722   1.42720     992   12
    88   1.14877   0.03453   5.75262    1501   20
    89   2.80778   3.02975   0.68986    1180   12
    90   0.68097   1.59368   0.02268    1372   14
    91   2.21566   1.57441   1.65970    1234   13
    92   5.33336   1.64124   3.12870     821   11
    93   3.70975   1.50623   3.09436     842   14
    94   4.16104   3.04825   1.90791     757   16
    95   2.23806   1.51422   1.65015    1173   13
    96   5.37152   0.14139   1.50766    1364   16
    97   6.08351   0.27742   5.55610     987   10
    98   0.54331   1.62744   1.70542    1372   14
    99   3.49328   2.94535   5.94954    1295   14
   100   2.16403   1.48860   4.78314    1973   17
   101   0.65098   1.58206   3.28258    1003   10
   102   0.76072   1.66121   3.18509    2049   16
   103   6.08351   0.27742   5.55610    1236   14
   104   0.65098   1.58206   3.28258    1190   13
   105   5.94983   0.25972   2.64240    1444   15
   106   5.48953   1.57476   3.03106    1562   16
   107   2.13619   1.49308   3.36794    1561   13
   108   0.53904   1.57053   4.76021    1760   20
   109   2.60804   2.91674   5.14019    1831   17
   110   3.07677   3.02784   0.88479    1710   19
   111   3.84423   1.47538   4.75587    1401   14
   112   3.69444   2.98856   1.56871    1037   14
   113   3.92789   1.49449   6.19724    1334   16
   114   3.77605   1.39435   6.15828    1761   18
   115   3.75397   1.46676   3.10701    1712   17
   116   3.80666   1.50870   1.39474     804   12
   117   0.77838   1.77865   3.18539    1827   15
   118   0.66213   1.76573   4.83486    1346   16
   119   1.76807   0.04142   5.07412    2044   18
   120   0.44498   0.16808   1.70723     951   11
   121   2.09946   1.49485   4.82685    1449   17
   122   5.23516   1.56563   2.98853    1095   13
   123   5.29359   1.73727   1.37574     716   11
   124   0.75095   1.66702   3.26390    1252   16
   125   1.98646   3.01608   1.33721     606    9
   126   2.28198   1.45926   4.86129     970   13
   127   2.76329   2.93684   2.16781    1918   16
   128   2.20744   1.44427   4.74133    1310   13
   129   4.52748   3.04444   5.40693    1766   19
   130   6.08351   0.27742   5.55610    1455   16
   131   3.21825   2.88433   0.99964    1144   17
   132   3.90821   3.05277   3.16871    1352   14
   133   0.71278   1.60829   0.13893     581    9
   134   3.89654   1.56872   6.17521    1747   18
   135   0.56677   1.64052   1.64781    1109   13
   136   5.40313   1.50702   6.23401    1376   16
   137   3.80410   1.34656   0.01123    1153   15
   138   2.28198   1.45926   4.86129    1060   13
   139   0.75868   1.75783   1.62120    1454   15
   140   5.29359   1.73727   1.37574    1010   15
   141   2.74352   2.89108   2.04255     887   13
   142   5.28822   1.72864   1.46894    2131   19
   143   0.56976   1.73269   4.75597    1480   15
   144   0.65098   1.58206   3.28258     981   13
   145   5.32564   1.58913   6.03977     812   11
   146   5.76401   0.21453   5.88512    1018   14
   147   0.42272   0.12838   1.71888    2753   22
   148   5.35033   1.74640   6.11418    1400   12
   149   0.04089   0.20836   0.63045    1419   16
   150   5.24383   0.03628   3.23833    1538   16
   151   3.84424   1.40979   4.56779    1756   17
   152   5.33888   1.53904   4.60276    1678   18
   153   6.16885   0.15380   0.64395    1455   14
   154   5.38654   1.65473   6.15517     752   11
   155   3.69129   1.51781   1.54569    1578   17
   156   5.37061   1.65078   2.94716     948   15
   157   2.11133   3.02679   4.63791    1763   18
   158   3.78279   1.37695   6.07636    1110   12
   159   3.47557   3.08071   5.93633    1471   16
   160   3.15702   3.08383   5.63568    2350   19
   161   4.14575   3.00562   1.90244    1337   15
   162   5.31963   1.70250   1.50078    1265   15
   163   2.74894   2.90655   5.14014     971   13
   164   2.64789   2.95465   0.32417    1289   11
   165   3.52605   3.07647   1.25372    1760   17
   166   3.73677   2.93337   3.10703    1975   18
   167   3.25163   3.00628   5.71024    1325   15
   168   2.13063   1.55090   1.66435    1579   15
   169   2.24744   1.54748   4.70799    2009   21
   170   0.52114   0.20387   4.94927    1087   12
   171   2.16667   1.59537   0.02855    1322   15
   172   0.67021   1.74537   4.86861    1200   16
   173   0.69527   1.78236   4.80662    1231   14
   174   5.41467   1.73859   4.62911    1387   18
   175   2.02235   3.05134   1.40500    1375   18
   176   0.70024   1.79463   0.10477    1696   16
   177   2.99305   2.95564   0.78038     942   16
   178   0.69614   0.20451   4.72043    1243   17
   179   5.40408   1.62035   6.10457    1022   12
   180   3.15903   2.88116   4.09115    1028   13
   181   5.41141   1.65286   6.06928     740   10
   182   3.78241   1.39686   3.04154    1149   13
   183   3.76164   1.37200   4.55005    1013   12
   184   5.47227   1.67045   6.13447    1821   14
   185   0.58953   1.63836   0.04786    1060   10
   186   3.92988   1.51355   4.62614    1498   19
   187   0.58215   1.55901   4.87162     923   15
   188   2.20043   1.54457   3.15344    1484   17
   189   0.72864   1.68040   1.74507    1415   17
   190   5.39736   1.62619   1.52299     952   14
   191   2.22626   3.04381   4.74217     951   12
   192   3.89708   1.46937   1.38603    1383   14
   193   3.27092   3.03979   4.31668    2221   19
   194   3.30365   2.90987   5.92172    1813   15
   195   5.38654   1.65473   6.15517    1462   17