     1   0.00000   0.00000   0.00000       0    0
     2   4.52080   1.23691   2.61284     689   14
     3   1.37994   1.98597   3.86690    1141   14
     4   1.38940   1.94500   0.61287     494    8
     5   2.69142   1.08216   0.40675     733   12
     6   1.49339   1.96881   3.78235    2022   18
     7   5.68189   2.13460   1.01522    1697   18
     8   0.22218   0.67641   4.17592     825   14
     9   0.25863   0.65945   5.77999    1162   12
    10   3.35890   2.32142   5.20818     634   11
    11   1.38307   2.01406   3.68736    1287   13
    12   0.12657   0.78535   2.75627    2314   19
    13   2.62713   1.00484   0.44868    2062   17
    14   3.34566   2.33465   0.52128     842   13
    15   3.32993   2.54347   2.18839    1451   13
    16   3.40209   2.29887   3.66419     386   10
    17   3.50202   2.53650   3.75509     920   13
    18   4.57424   1.21535   0.93895    1207   17
    19   6.00135   2.05967   4.38727    1369   12
    20   2.68064   0.93612   1.93370    1935   18
    21   0.37908   0.73388   0.84668    3180   21
    22   3.31979   2.41683   2.15875     288    8
    23   1.24817   1.96715   5.29394     408    8
    24   0.50606   0.71422   5.50129    1013   13
    25   2.82097   0.96505   0.31659     630   14
    26   2.82097   0.96505   0.31659     876   12
    27   5.80367   2.01844   2.74350    1477   17
    28   4.45686   1.28987   4.06512    3442   20
    29   3.38582   2.55530   2.09465    1536   14
    30   5.76335   2.20868   1.13248     705    9
    31   0.13152   0.65870   2.67135     688   12
    32   4.39614   1.20090   0.87751     378   10
    33   5.91678   2.15874   5.92579    1361   13
    34   0.38101   0.81879   5.57795    3628   22
    35   2.82097   0.96505   0.31659     543    9
    36   1.33816   1.92834   0.65795     832   10
    37   6.00135   2.05967   4.38727    2115   15
    38   4.48578   1.16295   0.99516    1208   11
    39   2.69142   1.08216   0.40675     591   13
    40   2.50352   0.92206   2.17650     400    8
    41   4.47827   1.08297   0.89848    2367   17
    42   4.62215   1.13941   2.61076     793   12
    43   1.40450   1.97642   2.11080    1007   13
    44   4.56339   1.19795   4.06278     391   11
    45   1.41515   1.82077   2.23580     763   14
    46   1.24817   1.96715   5.29394     672   11
    47   5.73759   2.20593   5.71019    4391   26
    48   3.42153   2.32948   2.11896    2173   17
    49   3.48464   2.42253   2.20568    1625   16
    50   1.33816   1.92834   0.65795    4857   25
    51   0.25202   0.70819   2.52474    1312   15
    52   1.41265   1.83573   2.26229     868   12
    53   1.24817   1.96715   5.29394    1494   13
    54   2.64734   0.98676   1.90987    1041   13
    55   4.62215   1.13941   2.61076     693   10
    56   2.72436   0.97098   3.47006    1516   18
    57   1.35875   1.95054   3.77537    1467   17
    58   1.40424   1.97267   2.26409     799   13
    59   3.54848   2.34488   5.38656    1167   16
    60   5.82780   2.10432   5.81268    3481   20
    61   3.43895   2.40190   5.30257    4968   27
    62   1.33809   1.86238   0.64382    3829   22
    63   4.43457   1.09850   2.58554     510   10
    64   3.56216   2.38920   5.32468     765   12
    65   4.50181   1.30271   2.44675     542   11
    66   5.71195   2.23003   1.01528     649   11
    67   1.49741   1.92952   3.87041    1157   13
    68   3.58454   2.36518   0.74644    1347   16
    69   1.32874   1.83299   5.21488    2144   15
    70   5.76942   2.15204   1.00124    1234   15
    71   0.40576   0.72405   0.86535     575   10
    72   3.37910   2.54673   2.12182    4700   29
    73   0.27472   0.61539   2.44203    2050   12
    74   5.68189   2.13460   1.01522     515   11
    75   1.23359   1.90207   0.48373     634   12
    76   2.61539   0.91204   3.68286     410    8
    77   0.27472   0.61539   2.44203     545   10
    78   4.51693   1.29451   1.01788     496    8
    79   4.50678   1.15109   0.92847    2786   23
    80   1.28865   1.96722   5.41467     504    9
    81   0.15258   0.66366   4.26591    1059   15
    82   2.57438   1.06935   2.04751    3299   21
    83   2.71775   1.08493   1.92586    1466   15
    84   3.35037   2.43198   3.59607    3433   20
    85   3.32250   2.46835   3.69599     927   11
    86   4.41827   1.22373   5.79904    1501   16
    87   1.39540   1.96625   5.46167     541    9
    88   3.25868   2.49356   0.44373    2722   23
    89   1.31738   1.93261   0.59495     980   10
    90   4.49866   1.15701   2.49916     706   10
    91   4.50721   1.16704   0.84199    1530   17
    92   4.54231   1.07633   4.13140     398    9
    93   3.54704   2.39782   3.85409    1802   14
    94   1.28606   2.02631   2.18410     939   14
    95   2.74443   0.88999   0.57325    1710   16
    96   2.65525   1.04004   5.17283     632   11
    97   3.36346   2.51502   5.16943     432   11
    98   4.42415   1.19822   4.04840     835   14
    99   0.36532   0.72492   2.54365     525   11
   100   2.72436   0.97098   3.47006     235    7
   101   2.69048   0.98993   2.07196     752   10
   102   3.36346   2.51502   5.16943     998   14
   103   5.89116   2.21800   4.26548     875   10
   104   3.43091   2.54954   0.61540     758   11
   105   2.68980   0.85258   2.02048     795   15
   106   2.67615   0.93618   0.43852     539   10
   107   5.95183   2.08001   2.72885    1392   18
   108   1.40592   1.90195   2.23237     575    9
   109   3.36307   2.41427   2.19528     824   12
   110   1.31912   2.04854   0.65998    1007   14
   111   3.36346   2.51502   5.16943     632   10
   112   5.77556   2.21360   2.61315    4167   22
   113   1.36020   2.04450   5.26682    3294   24
   114   4.46562   1.26845   4.07822    2401   20
   115   4.60275   1.20728   2.38296     341    9
   116   5.82508   2.25784   5.79986    1414   14
   117   4.48820   1.28513   4.16824     464    8
   118   0.22176   0.65690   5.77462    3160   19
   119   5.83305   2.22757   1.12182    1553   15
   120   1.35875   1.95054   3.77537     574    7
   121   4.48047   1.26005   5.64538    1145   15
   122   2.50352   0.92206   2.17650    4365   18
   123   5.77455   2.24210   5.85268    1502   18
   124   4.56876   1.16856   5.55876    3316   20
   125   5.89544   2.13664   2.69211    1320   13
   126   5.90977   2.15638   1.17655     724    9
   127   2.71509   0.92289   3.53039     742    9
   128   0.15061   0.67671   0.98216     512    8
   129   0.15258   0.66366   4.26591     429   10
   130   2.72742   1.00899   5.02890    1845   15
   131   1.38307   2.01406   3.68736    1913   14
   132   1.31741   2.06983   2.16084     700   12
   133   3.54246   2.49300   3.94885     972   13
   134   3.32928   2.39438   0.51969     756   10
   135   1.40554   1.94727   2.15222    1978   16
   136   4.62215   1.13941   2.61076     587   11
   137   1.39157   1.90983   2.16336    2595   16
   138   1.24817   1.96715   5.29394     311    9
   139   2.66950   1.07977   3.63097     389    9
   140   4.52097   1.18135   1.02907     823    9
   141   3.31053   2.43207   0.43944    4427   19
   142   5.68052   2.15895   5.73114     962   14
   143   0.26483   0.60935   5.62599     456   12
   144   0.31724   0.80011   2.40399    1652   15
   145   5.76817   2.04741   2.77045    4647   24
   146   1.28871   2.01768   2.10753    1367   18
   147   5.86656   2.17034   1.09138    5138   28
   148   2.75414   0.88168   2.06605     864   16
   149   1.24817   1.96715   5.29394     474    9
   150   2.53582   1.06678   5.32575     308    8
   151   2.56533   1.04012   3.61813     655   13
   152   4.40051   1.14039   5.78896     629   12
   153   1.25484   1.88605   3.64242     901   13
   154   5.68189   2.13460   1.01522    2325   15
   155   2.61840   1.05336   3.69386    1557   13
   156   2.65624   0.98383   0.44531    4378   23
   157   4.61134   1.20231   4.17554    2583   18
   158   0.13046   0.74772   1.00697     474   12
   159   0.08365   0.80756   1.13845    1359   14
   160   3.32419   2.42605   3.63336    2109   16
   161   4.53586   1.13264   0.82103     875   16
   162   3.35427   2.51706   2.07899    1931   15
   163   2.72436   0.97098   3.47006     598   12
   164   5.85048   2.11290   4.13803    3207   22
   165   0.26483   0.60935   5.62599     315    8
   166   4.53360   1.15877   2.48569     816    7
   167   2.49516   0.89911   2.09990    2239   20
   168   5.84504   2.03527   5.90612     466    6
   169   2.71484   1.01532   1.98672    3108   22
   170   5.90977   2.15638   1.17655    3166   21
   171   0.29860   0.62273   2.48642    2027   22
   172   4.44703   1.12645   0.93953    1438   13
   173   0.40710   0.62718   2.41175     393    9
   174   1.31273   1.90842   0.49204    2064   16
   175   0.27508   0.81754   1.02856    2732   18
   176   0.53150   0.66847   3.92283    1039   14
   177   4.48267   1.25287   5.67381    2154   17
   178   1.38307   2.01406   3.68736     357    7
   179   1.32335   1.92508   0.56468    5137   22