     1   0.00000   0.00000   0.00000       0    0
     2   4.07824   0.72365   6.14295    2020   19
     3   0.72565   0.90056   0.04984     372   13
     4   2.20661   1.59534   5.59829     616   11
     5   0.92434   2.36905   4.85731     964   15
     6   0.64171   0.81354   0.07871    1867   20
     7   0.82590   2.35616   4.84417    1559   16
     8   0.62463   2.42816   3.03249     835   15
     9   3.84844   0.77686   4.83148    1709   16
    10   5.48267   1.58016   2.26884    4029   28
    11   0.72883   2.35691   6.27714     377    9
    12   0.85398   2.32691   1.62641    1109   16
    13   2.34966   1.53061   5.61073    1080   14
    14   0.78559   0.77581   4.70144     665   10
    15   0.70117   0.91569   0.03666     850   15
    16   3.81956   0.75423   1.70698    2041   15
    17   0.88840   2.28489   3.20147    2303   24
    18   0.75299   0.71339   0.11915     645   12
    19   2.31058   1.57302   5.52066    2045   19
    20   2.33006   1.54161   5.51748    1584   19
    21   3.89868   0.72286   4.66463     574    9
    22   2.34326   1.66881   3.94529     671   14
    23   5.56960   1.67782   2.38392    1074   15
    24   3.81300   2.31858   4.52480    1128   14
    25   3.77785   2.24494   3.05251    1820   16
    26   5.53722   1.63162   0.69561    1293   16
    27   0.74605   0.78274   1.52897    1403   17
    28   2.37374   1.59266   3.98783    1265   13
    29   2.22870   1.57709   5.58257     881   12
    30   0.80125   0.88063   4.72725     891   11
    31   3.92523   0.66389   0.02110    1772   18
    32   0.72866   0.84736   0.09421    1548   20
    33   5.45628   1.60467   5.40894    1734   19
    34   2.43957   1.48384   5.47824     496   10
    35   0.71812   0.77815   1.55345     879   11
    36   0.60362   0.78407   1.69482    1026   13
    37   0.67694   2.33711   3.14315     764   14
    38   0.61791   2.42032   3.10277     790   10
    39   2.33042   1.47660   3.92685    1371   16
    40   5.58553   1.68173   2.30726     955   14
    41   3.83947   2.35733   3.18342     653   11
    42   3.88129   2.40663   4.56940    1337   18
    43   3.83370   2.39203   4.58480    1084   16
    44   4.00254   2.33575   3.30092     419    8
    45   3.90280   2.32950   3.13744     886   13
    46   5.46533   1.47601   0.77378     486   10
    47   5.40616   1.60830   0.81153     710   15
    48   3.83885   2.29343   3.03396    1594   17
    49   0.74344   2.33195   1.53035     636   14
    50   0.95121   2.32401   0.12668     623   11
    51   0.83836   0.79487   3.01476     396    9
    52   2.34949   1.51834   5.59759     923   13
    53   0.76449   0.73598   1.58841     610   11
    54   3.76662   2.35325   1.45125    1001   11
    55   3.90394   2.42923   6.17323    1609   17
    56   0.72611   2.39052   1.58020     387    6
    57   5.54877   1.68235   3.95446     448   11
    58   5.51159   1.69685   5.44975     413    9
    59   0.84271   2.29069   0.03112    1236   18
    60   5.46890   1.61955   5.53908    1160   14
    61   5.44610   1.72032   3.96632     435   14
    62   2.21721   1.55731   2.44247    3027   24
    63   3.85126   0.64535   3.23757     578   13
    64   2.37282   1.57938   3.90091    1032   11
    65   0.72871   2.41555   3.14073     507   14
    66   3.93705   2.37812   3.06498     634   10
    67   3.85021   0.72510   4.78627    1594   17
    68   5.50288   1.48535   0.71071     783   13
    69   2.43957   1.48384   5.47824     454   13
    70   3.75892   0.77239   3.25667    2772   25
    71   0.63492   0.73239   3.23967    1537   17
    72   2.39035   1.49616   0.82788    1198   14
    73   0.70784   2.32133   0.00183     809   11
    74   5.51556   1.58216   2.23141     665   13
    75   3.93611   2.30771   3.23158     674   12
    76   3.81218   2.29318   3.06825     994   15
    77   0.72466   0.86865   1.62101     634   11
    78   0.79798   0.83308   3.14179    1827   18
    79   3.85934   0.81430   0.05872     646   11
    80   3.99525   0.74161   4.67804    1013   17
    81   2.33207   1.68292   2.39398     433   10
    82   3.99814   2.25291   3.23374     661   14
    83   2.32686   1.53189   2.34866     576   12
    84   3.84055   2.27106   4.60019    1290   15
    85   0.78282   0.81876   3.20570    1726   17
    86   3.85753   2.32300   1.53636     727   10
    87   0.93525   2.33815   3.31185     725   10
    88   2.28607   1.46146   5.48497     527   12
    89   5.47284   1.51724   0.78342     466    8
    90   0.74497   2.31049   4.70304     375    9
    91   0.69569   0.82247   1.68836     585   12
    92   5.47562   1.49912   0.72945     851   14
    93   5.40261   1.62700   3.91375     497   11
    94   2.30567   1.52958   0.81126     653   12
    95   4.09610   0.84412   6.17332    1739   21
    96   2.43957   1.48384   5.47824     578   11
    97   2.43957   1.48384   5.47824    1128   13
    98   5.49003   1.68408   5.58670    3013   23
    99   3.85055   0.63531   1.63941     745   12
   100   3.92798   0.65970   6.26555     697   14
   101   0.86136   2.28254   1.72841    1258   15
   102   3.89333   2.20630   0.05331     644   11
   103   5.44519   1.60088   5.38844    2097   19
   104   3.82715   2.38227   1.54641    1384   17
   105   2.35861   1.56016   3.93111    1166   19
   106   0.83836   0.79487   3.01476     767   12
   107   0.80418   2.42089   1.61995     414   11
   108   3.83201   0.73786   1.65032     590   13
   109   2.32209   1.49015   3.98456    1503   19
   110   3.84487   0.76215   3.15773    2055   22
   111   5.38381   1.56811   0.78253     929   13
   112   4.00126   2.34239   4.77695     321    8
   113   3.96277   0.82622   4.72618    1237   17
   114   3.82996   2.40371   4.54371    1093   12
   115   0.62950   0.76734   3.23811     880   18
   116   2.26088   1.51093   2.34846     727   12
   117   5.57490   1.68243   5.42339    1277   17
   118   2.44805   1.45977   0.81348    1625   17
   119   5.53132   1.56448   5.48274     449    8
   120   5.56849   1.64996   0.72173    1282   13
   121   2.33319   1.66563   2.39409    3314   28
   122   3.77372   2.27067   6.15604     825   11
   123   3.88248   2.36548   1.51919     570   13
   124   3.88883   0.73003   3.07717    1402   15
   125   3.96724   0.86660   4.55889    1859   19
   126   0.67622   2.39329   0.00684    1037   15
   127   3.83466   2.33111   6.20525     922   12
   128   5.45664   1.54276   3.78655    1418   15
   129   3.78496   2.36518   3.01378    1112   11
   130   2.43957   1.48384   5.47824     423    7
   131   3.89806   0.82331   1.56954     926   13
   132   3.88932   0.74095   0.04240    1731   18
   133   3.83738   2.23934   3.11016     870   13
   134   0.63781   0.80702   4.76390     840   11
   135   3.82438   2.29435   4.66053    1213   20
   136   3.79112   2.31746   3.13939     762   11
   137   5.43945   1.46938   2.35773    1864   16
   138   0.80615   0.85394   1.47483    2908   21
   139   0.67495   2.36558   0.01231    1237   17
   140   2.25815   1.57247   5.56347     797   12
   141   0.81341   0.80614   6.23700    1082   14
   142   2.36995   1.50146   5.45830     771   17
   143   3.85934   0.81430   0.05872     660   11
   144   2.33601   1.52995   3.86961     630   14
   145   2.37512   1.51371   0.71328    1231   17
   146   0.82799   0.78707   4.66615     888   13
   147   5.46541   1.58995   2.39359    1651   15
   148   2.25742   1.54811   3.98432     675   12
   149   3.87203   2.36493   4.74145    1379   15
   150   3.97326   0.84969   4.63376     678    9
   151   0.72751   0.80551   3.20873     751   12
   152   3.76280   2.26069   6.20345    1630   14
   153   2.38898   1.48392   0.69394    2116   20
   154   3.90441   2.31568   4.54034    1151   14
   155   2.29734   1.38963   2.42230    1441   13
   156   3.92860   2.28868   6.22270    1246   16
   157   5.54078   1.59833   3.96091     614   10
   158   3.91469   2.31270   6.16619     391    8
   159   5.52913   1.53414   5.44274    1401   14
   160   2.43957   1.48384   5.47824    1298   14
   161   3.92860   0.79132   3.18027     858   11
   162   0.66095   0.70376   0.15141     649   14
   163   5.38381   1.56811   0.78253    1009   16
   164   2.28854   1.44345   2.31212     602   12
   165   2.40409   1.50306   0.81019     701   11
   166   0.72883   2.35691   6.27714     449    8
   167   3.92931   2.34071   4.76394     694   11
   168   3.94333   2.41352   3.10507     417    9
   169   2.34906   1.48198   5.41165     818   15
   170   2.29501   1.57151   3.95813     980   17
   171   3.92696   0.76734   1.47902    1015   11
   172   0.87497   0.81258   1.46722     680   13
   173   5.49370   1.55544   3.83129     455   12
   174   0.72883   2.35691   6.27714     722   13
   175   0.67066   0.74386   4.81268     805   14
   176   3.82444   0.68422   1.58626    3616   28
   177   2.29786   1.56110   5.49415     851   10
   178   5.54956   1.68795   3.86855    1421   16
   179   5.54956   1.68795   3.86855     515   10
   180   0.95897   2.34125   4.84202    1031   12
   181   2.25581   1.53557   0.88363     782   13
   182   0.68376   0.80734   0.11142     932   12
   183   0.70455   0.87968   3.08206    1758   18
   184   0.80874   2.38385   1.64794     616   10
   185   5.49026   1.57911   5.42308    3132   19
   186   3.90829   2.21774   3.21886     580   11
   187   3.93687   2.32022   0.07288    1083   14
   188   3.88958   2.25125   1.60408     686   12
   189   0.70482   0.84123   4.79976     764   13
   190   0.71439   0.93063   6.24098     312   11
   191   3.96646   0.66760   4.66163    1029   17
   192   2.21818   1.56918   0.82448    2469   19
   193   5.56331   1.60202   3.95189    1718   18
   194   4.05435   0.70111   6.15240    1693   19
   195   2.37374   1.59266   3.98783     344    9
   196   5.36316   1.48686   3.93046     269    9
   197   0.85099   0.92131   4.60264     917   13
   198   0.72866   0.84736   0.09421     896   14
   199   0.69302   2.47409   6.18885     791   13
   200   2.30080   1.62555   5.59239    2534   22
   201   4.02476   0.76675   4.63054    1053   16
   202   3.88551   0.73884   3.12222    2018   20
   203   0.70212   2.34783   1.43336     536    8
   204   5.44968   1.55781   0.67371    1063   17
   205   0.84815   0.79689   6.25118     968   14
   206   2.33207   1.68292   2.39398    2509   21
   207   0.64099   0.87534   0.09227    1587   18
   208   0.60028   0.87843   3.30291    3761   24
   209   3.90983   0.73614   4.72808    1616   18
   210   0.91966   2.31441   4.82181     957   17
   211   0.78392   2.35759   6.23007    2277   21
   212   0.95916   2.40517   0.20776    2346   20
   213   3.97005   0.83151   4.72202    1284   15
   214   0.78560   2.29920   0.05244    1572   16
   215   2.22284   1.63246   5.57025    1407   17
   216   0.81756   2.40474   4.84155     795   12
   217   2.43957   1.48384   5.47824     975   17
   218   0.64089   0.88582   4.83482    2887   23
   219   3.82668   2.31577   4.55471    2660   21
   220   5.50215   1.60968   3.83085     637   11
   221   3.79660   2.42629   6.13625    1461   16
   222   3.97005   0.83151   4.72202     917   14
   223   0.74356   0.84440   3.05458     389    8
   224   0.87394   0.81522   6.17201    1364   15
   225   4.02738   0.79227   1.48942    3373   20
   226   2.34429   1.60446   0.88191    1462   14
   227   2.37816   1.52465   2.31861     378   10
   228   3.98323   0.69297   1.46671     932   12
   229   2.30785   1.62843   5.52901     637   11
   230   0.89215   2.37193   4.77116    1897   17