     1   0.00000   0.00000   0.00000       0    0
     2   4.09027   1.51722   1.61220    4932   24
     3   4.01208   1.47636   4.64977    3951   22
     4   4.97534   0.05287   5.35657    3486   21
     5   0.88674   1.60810   6.26429     386   11
     6   5.58615   1.53413   4.58766     413   11
     7   0.92520   1.63043   0.06232    4613   24
     8   0.53296   0.03907   3.54915     778   10
     9   5.60698   1.67244   6.10066    1042   13
    10   0.70602   0.16679   1.72297    4338   23
    11   3.79455   3.08396   2.97785    1324   15
    12   2.49132   1.50570   3.16604     406   11
    13   5.51133   1.63811   1.55983    3553   24
    14   4.09224   1.58593   1.43929     867   12
    15   2.43599   1.56619   1.56242    1625   16
    16   3.99638   1.53099   4.68996     630   11
    17   5.65329   1.57111   3.02052     803   12
    18   0.48184   0.02986   5.16801    3962   27
    19   3.97809   1.51266   0.00306    3105   19
    20   3.94852   1.46141   4.77090     531   12
    21   3.98609   1.61550   6.21336    1870   14
    22   0.83928   1.57647   4.67992     923   12
    23   4.26357   2.97201   0.31720     709   11
    24   2.97398   2.98178   2.14082    2477   15
    25   5.85494   0.08606   2.91958    3756   19
    26   4.09224   1.58593   1.43929     490    6
    27   0.79046   1.66546   3.02711     879   13
    28   2.49174   1.49408   3.16442    2947   21
    29   0.55298   3.05598   4.46844     653    9
    30   2.77799   3.01834   3.39204    2274   18
    31   2.52451   1.43798   0.08239     870   12
    32   0.18927   0.19527   2.19914    1114   15
    33   4.06075   1.46340   1.51465     977   14
    34   0.84989   1.68893   3.15718    1969   13
    35   0.95911   1.52804   3.22856    1290   17
    36   0.81411   1.54161   1.50850     798   12
    37   5.50041   1.57002   6.19034    1591   18
    38   2.82680   3.00531   2.01170     803   12
    39   1.56197   0.14725   2.48756    2118   17
    40   0.83814   1.63524   4.82087    2925   20
    41   5.56956   1.59459   0.01597     722    9
    42   4.01623   1.62628   4.65999    2266   17
    43   3.84231   3.06032   2.91142     955   12
    44   4.02022   1.48925   6.23954     612   11
    45   0.90640   1.50421   3.17775    2944   18
    46   4.01448   1.46295   0.06978     575   10
    47   4.09224   1.58593   1.43929     396   10
    48   2.43449   1.48601   1.64004     599   12
    49   0.92103   1.66015   4.82275    4922   24
    50   0.79809   1.58729   0.02296    1088   13
    51   4.61168   3.00335   2.24484     769   12
    52   1.10440   0.10840   6.04212    2754   23
    53   0.84948   1.50913   3.20144     797   14
    54   2.49842   1.59528   3.20684    4746   21
    55   4.03433   1.52976   1.65265    1675   15
    56   0.87408   1.61139   0.03717    1394   15
    57   5.60698   1.67244   6.10066     325    9
    58   2.51009   1.57205   0.01743     469   10
    59   5.55714   1.53365   6.22064    3985   25
    60   5.51152   1.56286   4.67909     712   12
    61   2.45893   1.56691   3.27380     292    7
    62   2.41914   1.55457   3.28544     632   12
    63   3.86016   0.06493   0.08120    1343   13
    64   4.62507   3.02264   2.22803     777   11
    65   0.83720   1.62141   4.79347    1497   11
    66   2.36373   1.56742   3.26630    4740   25
    67   3.96917   1.57461   0.01911    2008   17
    68   5.58615   1.53413   4.58766     717   10
    69   4.09224   1.58593   1.43929     559   12
    70   0.89341   0.07246   4.77680     703   11
    71   1.47997   0.04578   5.73770    1578   15
    72   0.17747   0.15574   2.24965    2184   20
    73   0.84948   1.50913   3.20144    1604   13
    74   5.60698   1.67244   6.10066     698   10
    75   0.55217   0.15080   4.99373    1172   15
    76   3.92419   1.46720   0.06374     500    8
    77   4.10209   1.57912   4.67591    2014   16
    78   2.39035   1.56895   4.86386     892   11
    79   3.94269   1.47256   3.12912    2253   19
    80   0.81833   1.65575   1.58805     522   10
    81   2.48005   1.51980   1.52245    1047   14
    82   5.66795   1.60941   4.67911    1630   13
    83   5.56539   1.54434   6.26738    1659   13
    84   3.69035   3.10394   5.90080    4836   22
    85   0.83433   1.74428   4.73042     549   11
    86   0.20813   0.14786   5.36646    4265   25
    87   2.28245   0.09240   1.77689    3353   21
    88   0.92929   1.53804   3.29774    2712   20
    89   5.58615   1.53413   4.58766    1679   16
    90   0.93044   1.70512   6.24920    1105   11
    91   0.84272   1.56907   3.09461    2190   19
    92   1.71736   0.08529   5.41446     663   11
    93   4.09776   3.06802   1.60686     400    9
    94   4.09224   1.58593   1.43929     565   11
    95   5.51632   1.55904   3.14513    1961   21
    96   2.44484   1.47627   4.67510    2905   18
    97   2.41488   1.55335   4.67849     281    7
    98   0.89341   0.07246   4.77680    4243   20
    99   5.66791   1.61637   4.68047    3168   19
   100   4.33363   0.07519   1.22516     748   10
   101   0.00000   0.00000   0.00000     655   10
   102   5.44539   0.13587   4.78762     693   10
   103   5.56539   1.54434   6.26738     852   11
   104   5.58615   1.53413   4.58766     990   12
   105   2.43797   1.48382   0.17326    1381   14
   106   4.05728   1.51118   3.14353    2784   17
   107   3.78389   0.03220   0.22312    4206   23
   108   5.52739   1.54656   1.55361     814   12
   109   2.23248   3.11420   5.99944    2880   17
   110   3.92419   1.46720   0.06374    2742   19
   111   4.32916   3.02351   1.82031     530   10
   112   5.60698   1.67244   6.10066     287   10
   113   0.87220   1.53400   6.20969     402   10
   114   0.00000   0.00000   0.00000     295   10
   115   0.84412   1.71742   4.67447    3182   20
   116   0.37362   0.19541   5.22790     774    9
   117   4.06421   1.57933   3.22612     749   14
   118   0.17747   0.15574   2.24965     504    9
   119   5.58465   1.63203   1.47281     576   11
   120   0.81685   1.68491   4.83328    1290   14
   121   4.03051   1.48550   1.54684    1726   15
   122   5.60698   1.67244   6.10066     433    7
   123   5.65228   1.68816   1.39075    2152   19
   124   5.58048   1.54092   0.09958    3537   24
   125   0.89341   0.07246   4.77680     928   12
   126   0.06219   0.16632   0.79665    2244   17
   127   0.82443   1.69486   3.16803    1560   19
   128   0.78120   1.65721   1.45155     494    9
   129   6.08171   0.14184   4.16048     676   10
   130   0.89341   0.07246   4.77680     607   12
   131   1.96588   0.09442   3.61559     619   11
   132   0.84412   1.71742   4.67447     473    8
   133   2.52285   1.61410   6.23028     335    8
   134   5.50552   1.62586   3.11074     485    8
   135   0.78120   1.65721   1.45155    1083   15
   136   5.52425   1.59748   6.17311     256    7
   137   0.53849   0.20341   3.47214    1599   13
   138   4.01644   1.59830   3.02739    1412   14
   139   3.96990   1.60650   3.03038    1856   17
   140   2.51590   1.53842   1.55375    3047   19
   141   5.52333   1.72601   6.25290     481   12
   142   2.41524   1.54031   3.31253    1223   14
   143   3.99845   1.45152   4.75602    2748   16
   144   0.79927   1.71366   4.61349     424   11
   145   3.99638   1.53099   4.68996     866   11
   146   2.36552   1.45106   3.28484     471   12
   147   1.56197   0.14725   2.48756    1973   19
   148   6.17846   0.15234   2.48550    1094   10
   149   2.20646   3.01756   2.97363     958   10
   150   0.83390   1.75980   3.16849    1251   13
   151   4.09090   1.58198   3.18773     357   10
   152   3.30866   2.96166   2.40448    3200   22
   153   1.71736   0.08529   5.41446    1246   10
   154   0.89341   0.07246   4.77680     490    8
   155   0.85409   1.60939   3.13057     711   11
   156   2.42202   1.63175   1.64755     678    9
   157   2.43757   1.54530   6.20477     673    9
   158   2.36572   1.54095   1.72043     819   12
   159   3.95050   1.44751   6.28303     304    8
   160   2.38159   1.63116   4.86264     914   12
   161   3.99417   3.10557   4.70543    1715   15
   162   1.78532   0.15490   0.63166    1184   13
   163   3.81940   2.98942   2.96109     563   12
   164   0.81672   1.51162   1.59238    4420   27
   165   0.03499   0.13484   0.76997    1123   11
   166   2.16832   0.09325   3.41730     513    9
   167   0.80220   1.68162   1.69781    1599   17
   168   4.04013   1.50367   6.15648     821   12
   169   4.09640   1.56120   1.57947    1842   12
   170   3.82839   0.06371   3.39695     293    9
   171   5.58048   1.54092   0.09958     492    8
   172   5.65574   0.11479   1.42967    3063   19