     1   0.00000   0.00000   0.00000       0    0
     2   2.69876   1.43293   1.95417    1388   16
     3   4.18184   1.16464   3.07107    1457   14
     4   1.19670   1.87418   0.03262    1098   16
     5   3.90884   2.63442   2.79101    1411   16
     6   3.66960   2.71323   2.71312    2727   22
     7   2.60353   1.47146   0.34082     753   10
     8   2.63540   1.49062   3.57760    1168   10
     9   5.86457   1.69701   1.26089    1198   13
    10   4.03540   2.86977   1.35880     779    9
    11   1.15660   1.87783   4.88339    1109   13
    12   3.95900   2.69860   1.33275    1498   18
    13   3.76714   2.78144   1.12208    1696   17
    14   5.73495   1.70189   5.95980    1249   13
    15   5.74991   1.78619   2.78202    1195   13
    16   5.74906   1.77797   2.86728    1923   20
    17   1.02267   1.93010   0.11558    1109   12
    18   0.62685   0.45001   5.22582    1107   15
    19   0.49077   0.44980   0.60773    1081   12
    20   1.12765   1.92803   0.10563    1785   16
    21   1.10949   1.97262   0.25768    1850   18
    22   2.62979   1.56232   3.47068    1176   13
    23   2.75094   1.49329   0.30675    1290   15
    24   4.17127   1.33572   2.96624    1509   14
    25   5.74772   1.79530   2.66041    3315   21
    26   3.92376   2.75331   4.35808    1845   18
    27   5.82514   1.65109   5.95153    2225   19
    28   2.74862   1.31201   0.23770     985   13
    29   4.25486   1.28835   4.51807     824   13
    30   3.81306   2.78990   4.37925    1338   15
    31   2.63631   1.50249   5.03242     913   11
    32   0.40946   0.33696   2.14302    1167   12
    33   5.87386   1.65587   1.29970    3109   23
    34   3.79105   2.76120   1.02006    1379   17
    35   4.32531   1.27027   4.60359    1096   14
    36   4.23332   1.16418   0.00736    1052   12
    37   2.77245   1.48271   1.88816     830   10
    38   3.85270   2.71191   2.69481     874   16
    39   5.73694   1.82490   1.21774     921   12
    40   4.03343   2.81254   4.42531    1193   13
    41   4.16311   2.73296   6.21266    1534   17
    42   5.82308   1.77122   2.68095    1067   14
    43   3.72460   2.74872   5.68762    1334   16
    44   3.90550   2.82904   2.82024    1742   17
    45   2.54187   1.56786   0.43116    1087   14
    46   0.90035   0.35464   1.76761    1213   15
    47   3.93680   2.72076   4.39729     743    9
    48   3.79058   2.63749   2.65857    1620   17
    49   0.72506   0.27000   5.09627     743   11
    50   5.82308   1.77122   2.68095     932   12
    51   0.71063   0.51303   3.51514     657   11
    52   1.16695   1.97109   4.81589    2709   17
    53   2.50757   1.43583   1.99896    1253   16
    54   3.68595   2.72808   5.62945     856   12
    55   0.32755   0.36350   2.32323     646   13
    56   2.55648   1.56470   3.51330    1369   15
    57   1.11878   1.76034   4.76486    1090   12
    58   2.64044   1.31411   1.89533    1079   14
    59   3.74845   2.77941   5.91385    1424   15
    60   1.19788   1.88618   1.71951    1201   15
    61   5.82265   1.73760   4.32729    1457   15
    62   2.52780   1.37119   0.34876    1272   13
    63   2.74305   1.32547   0.31469    1811   21
    64   5.92337   1.62206   6.07035    1759   17
    65   2.58410   1.35220   3.41651    1377   15
    66   1.02277   1.96547   0.12890    1029   12
    67   1.17470   2.00978   3.35868    1357   15
    68   1.07208   1.79642   0.17852    1104   15
    69   4.19126   1.31365   4.59151    1705   16
    70   5.74991   1.78619   2.78202    1077   11
    71   0.87706   0.28066   1.81978    1020   13
    72   1.15391   1.95402   0.25047     780   12
    73   4.17303   1.10640   3.07017    1145   16
    74   3.87033   2.87281   5.83326    1176   13
    75   5.70922   1.77980   2.81364    1102   15
    76   3.88334   2.70710   6.01168    1054   13
    77   0.87164   0.45498   0.15283     973   11
    78   4.15670   1.22365   3.07571    1278   13
    79   3.86539   2.90212   5.99259    1091   11
    80   4.20792   1.21931   3.08501    1681   14
    81   1.26032   2.04830   0.25764    1489   15
    82   0.00000   0.00000   0.00000    1185   13
    83   4.01525   2.90615   1.35483    1652   18
    84   4.24945   1.08674   2.96315    1910   17
    85   5.81745   1.65999   2.70304    1381   17
    86   0.98406   1.96703   1.67958    1352   15
    87   3.89632   2.63201   5.91569    1024   13
    88   5.83745   1.77989   2.76423     770   13
    89   4.03764   2.83640   1.31862    1175   14
    90   5.74115   1.70740   2.82989    1388   16
    91   4.20581   1.17082   3.12091    1204   15
    92   0.77448   0.44385   3.39597     958   13
    93   5.68213   1.68638   1.33030    1093   15
    94   5.86705   1.64559   2.81596    1054   14
    95   4.37998   1.35266   4.53372    1290   15
    96   0.66323   0.37104   5.10532    1180   16
    97   1.01175   1.93982   3.27635    1354   16
    98   1.24234   1.86856   0.28153    1441   15
    99   4.04730   2.86220   1.39133    1113   15
   100   4.37320   1.16165   1.45637     613   11
   101   1.13458   2.02153   0.06958    1539   14
   102   0.73567   0.31734   0.42418    1423   17
   103   4.17035   1.28462   1.42991    1173   16
   104   0.93682   0.32825   4.80764    1980   15
   105   4.41111   1.10539   6.00180    1303   14
   106   2.66997   1.36168   1.97012    1143   14
   107   4.16868   1.18951   4.49831     784   10
   108   2.61398   1.42740   1.79953    1646   14
   109   2.75510   1.43767   5.14941    1625   14
   110   4.28138   1.31135   6.19886    1137   13
   111   1.07258   1.85550   1.75168    1195   13
   112   2.60353   1.47146   0.34082    2170   18
   113   0.68603   0.29549   5.09118    1852   16
   114   2.71826   1.42761   5.07248    1870   19
   115   2.57248   1.51844   3.46010     866   13
   116   5.74570   1.69991   2.70316    1327   16
   117   0.95604   0.25862   0.13861    1500   11
   118   4.14374   1.21225   3.02596    1496   19
   119   1.06049   1.81203   0.17127    1396   14
   120   1.21143   1.91073   4.85190    1384   15
   121   4.19085   1.15169   3.15250    1727   17
   122   0.90035   0.35464   1.76761    1262   15
   123   3.80216   2.66880   1.05462     725   10
   124   5.65953   1.70104   5.90140     969   14
   125   4.22366   1.26837   4.50905     766   12
   126   0.32755   0.36350   2.32323    1363   12
   127   0.72019   0.36091   0.45308    1947   18
   128   4.20754   1.25125   6.04244     670   13
   129   2.72958   1.36455   1.98932    1618   16
   130   4.37370   1.18116   2.90413    1418   14
   131   2.62115   1.42107   0.44715     722   10
   132   5.81745   1.65999   2.70304    1849   15
   133   4.19758   1.17724   2.94031    1052   12
   134   0.75807   0.38081   4.97331    1583   13
   135   3.96195   2.68737   2.87670    1060   13
   136   1.24420   2.02991   0.17321    1235   15
   137   2.56748   1.43905   3.42592    1283   14
   138   5.77483   1.65830   1.24419    1546   19
   139   0.70633   0.49635   0.28164    1317   16
   140   0.54635   0.40121   2.16824    1210   14
   141   3.58010   2.71413   4.15591     859   10
   142   0.89470   0.42164   1.71688    1447   14
   143   4.25313   1.23826   1.45365    1053   11
   144   2.59737   1.38070   4.95117     854   13
   145   5.78381   1.59769   2.88359     898   13
   146   1.12765   1.92803   0.10563    1631   17
   147   1.07079   1.99804   1.76563    1354   16
   148   1.00996   1.83287   4.87728    3140   24
   149   4.34379   1.30849   2.92555    1707   16
   150   5.79338   1.58287   5.87386    1288   12
   151   4.32620   1.27988   2.90897     758   10
   152   4.20581   1.17082   3.12091    1753   16
   153   4.12625   2.76619   6.24438    1070   13
   154   5.72186   1.58117   1.26471     697   11
   155   2.59550   1.44608   0.26255     998   13
   156   1.05172   2.03948   3.28905    1566   15
   157   0.73422   0.33873   5.03825    1557   17
   158   3.90431   2.78694   1.33474    1569   17
   159   2.59976   1.31220   3.39701    1098   15
   160   4.18321   1.15157   2.95995    1920   17
   161   2.56861   1.42225   1.92853    1995   17
   162   3.68432   2.75408   4.13025    1510   17
   163   0.58218   0.44382   2.16096    1544   19
   164   0.73311   0.40101   5.10841    1203   11
   165   5.83464   1.73421   2.87242    1357   14
   166   5.74263   1.75504   2.90498    2084   18
   167   4.30471   1.20057   4.57557    1251   14
   168   2.57272   1.52842   1.80683    1504   15
   169   5.69540   1.57880   4.30738    1978   18
   170   4.08163   2.85614   1.49406    1681   16
   171   5.69493   1.58691   4.30110    1800   18
   172   1.12738   1.88513   1.83467    2279   21
   173   5.72027   1.78232   4.29855     846   11
   174   2.60901   1.35198   1.81288    2252   17
   175   2.63576   1.37796   0.41123    1993   20
   176   4.13263   2.80268   6.18871    1521   16
   177   1.15534   1.85617   4.77372    1366   16
   178   2.60952   1.55772   0.33932    2172   19
   179   1.12765   1.92803   0.10563    1943   17
   180   4.17893   1.18147   6.15720    1034   14
   181   1.01117   1.78145   3.23117    1130   13
   182   5.74691   1.75789   2.74604    1438   15
   183   1.00759   1.96163   3.28592    1151   15
   184   3.87405   2.73014   2.68094    1436   16
   185   3.91690   2.67101   4.39669    1298   15
   186   0.59491   0.43966   5.27967    1041   14
   187   4.09884   2.85581   4.51083    1435   16
   188   1.19619   1.87746   3.19605     931   12
   189   0.00000   0.00000   0.00000    1121   16
   190   2.59737   1.38070   4.95117    2378   17
   191   1.06906   1.92986   0.21177    1328   14
   192   3.60607   2.69148   4.17357     680   11
   193   5.92059   1.60760   4.36406     950   14
   194   1.07609   1.92046   1.66323     648   10
   195   4.27760   1.08155   1.35818    1723   16