     1   0.00000   0.00000   0.00000       0    0
     2   0.36649   1.94585   0.22893     975   13
     3   2.85663   2.92594   1.11084     657   13
     4   3.29842   2.83548   1.46702     627   14
     5   0.22712   1.89733   3.33749    1592   14
     6   5.00687   1.61860   2.86918    3292   15
     7   3.38447   1.34732   6.13104    1096   14
     8   3.45137   1.14912   3.06201    3380   19
     9   0.25390   1.84436   3.26903     464    9
    10   3.37352   1.40169   1.42282    3086   19
    11   1.70594   1.45344   4.92181     547   11
    12   1.67167   1.43476   3.47254     488   11
    13   4.82791   1.65849   1.24809     265    8
    14   4.91543   1.61815   2.94340    2784   18
    15   3.27350   1.30055   3.12957    1681   18
    16   0.22543   1.84796   1.59157    1230   13
    17   4.95066   1.66269   5.91234    2254   20
    18   1.77566   1.50334   5.08688    4832   26
    19   3.26413   1.14740   6.26170    2862   21
    20   1.81038   1.54114   1.84026     691   14
    21   4.92105   1.62956   1.34702    1263   17
    22   0.10869   1.88531   0.04002    2717   24
    23   4.97767   1.72920   4.32215    1826   17
    24   3.45069   1.36215   4.63586     939   15
    25   2.98287   2.80593   4.31983     596   10
    26   4.82791   1.65849   1.24809     615   10
    27   0.34289   1.76491   6.25886    4569   21
    28   2.88008   2.83962   4.10825     485    9
    29   0.19140   1.85150   1.71904     787   13
    30   5.95931   0.34825   3.69766     903   13
    31   4.89545   1.55989   1.26641     573   13
    32   5.00679   1.57287   2.84040    4749   23
    33   4.84146   1.64334   6.06956     664    9
    34   3.31872   1.37578   6.13593     665   13
    35   2.85663   2.92594   1.11084     416    7
    36   1.75383   1.40608   1.97154     369    7
    37   3.15956   2.81180   2.91957    1534   16
    38   2.96223   2.86236   1.15717    1648   17
    39   3.44537   1.27557   6.06815    4438   20
    40   0.23667   0.34311   1.53867     545    9
    41   4.81833   1.51292   4.51670    2308   17
    42   3.27819   1.28509   1.46043    1239   13
    43   3.41146   2.84721   0.13645    1013   14
    44   5.03774   1.69605   4.44056     502    6
    45   5.03627   1.67830   2.83603     947   14
    46   1.80626   1.49666   4.92571    3296   26
    47   0.20039   1.74516   4.80727     317    9
    48   3.13472   2.74137   6.13132    1531   15
    49   0.18317   1.78207   4.75459    1903   15
    50   2.89843   2.92295   1.06434     713   10
    51   1.88628   1.47844   5.02643     869   11
    52   1.70441   1.55359   0.24183     832   12
    53   0.10759   1.99420   1.51414    1104   12
    54   0.21517   1.83314   0.16740     443   11
    55   0.36649   1.94585   0.22893     337   10
    56   0.12029   1.81926   3.26893     973   11
    57   6.23400   0.37878   3.45224    1471   17
    58   5.00088   1.55377   4.39232     804   12
    59   4.98481   1.54215   2.92850     596    9
    60   4.82861   1.72971   4.43882    1403   13
    61   4.84161   1.66746   2.81988     510    8
    62   1.70594   1.45344   4.92181     608   10
    63   5.90354   0.20065   3.64978    1528   12
    64   4.96721   1.56292   2.96517    2087   20
    65   3.08961   2.71695   4.43237    1246   15
    66   0.26390   1.86247   4.78836     737   11
    67   4.97767   1.72920   4.32215     634   14
    68   0.28756   1.75492   1.62451    2467   17
    69   4.87104   1.67370   2.82678     786   10
    70   5.96457   0.19493   5.34110     815   14
    71   6.20471   0.22392   3.52767    1721   16
    72   4.95668   1.57881   2.76374     634   15
    73   5.99642   0.27089   0.59535    2021   16
    74   1.79753   1.41532   1.76297     997   11
    75   6.09586   0.45756   2.08793     423   10
    76   3.43631   1.35552   0.03855     938   13
    77   1.70594   1.45344   4.92181     627   12
    78   3.40427   1.21091   1.47330     900   12
    79   4.95066   1.66269   5.91234     875   15
    80   6.24556   0.18915   1.72079    3080   20
    81   0.15413   1.83404   4.87862    1740   18
    82   1.70594   1.45344   4.92181     343   10
    83   4.78258   1.73295   1.17199     497   11
    84   3.07117   2.84641   2.76342    1890   15
    85   0.15598   1.87739   1.71336    2877   22
    86   5.95931   0.34825   3.69766     335   10
    87   0.16794   1.74468   0.07551     742   12
    88   0.17045   1.90896   1.61402     805    9
    89   4.95066   1.66269   5.91234     820   12
    90   1.78390   1.49448   3.56396    1191   16
    91   3.47952   1.30053   1.36622     842   11
    92   1.71871   1.52572   5.03196    1043   14
    93   0.33077   1.91366   1.54102    1813   16
    94   3.31358   1.17033   4.66345     790   11
    95   4.94139   1.70229   1.39397     404    9
    96   5.72995   0.24517   3.87502     382   10
    97   2.96056   2.77733   2.80458    1119   12
    98   0.26078   1.87857   1.55541    1015   14
    99   3.06949   2.77380   2.87801    1188   14
   100   4.93888   1.65755   4.39339    1067   12
   101   3.26086   1.25186   6.17695    1304   13
   102   3.46457   1.20245   6.25904    1399   12
   103   4.95066   1.66269   5.91234     245    7
   104   4.87063   1.67034   2.78045     661   12
   105   2.89843   2.92295   1.06434    2109   16
   106   2.94564   2.84088   1.28745    1764   16
   107   0.36649   1.94585   0.22893     541   10
   108   1.67107   1.51953   3.35188    3441   24
   109   3.47047   1.25019   6.17129     814   14
   110   3.20419   2.90147   6.13467     809   10
   111   0.23444   1.91573   0.06130    1366   19
   112   4.94142   1.60379   5.85352     362    6
   113   0.21637   1.95719   4.79421     857   12
   114   4.98456   1.62554   1.28079    1116   14
   115   4.87855   1.55788   2.87203    2769   19
   116   6.15208   0.42340   3.37572     310    7
   117   4.96730   1.54169   1.37075    3307   20
   118   1.80746   1.53796   4.95680     996   12
   119   1.74940   1.37101   0.30798     792    9
   120   4.92378   1.67177   1.30428     560    9
   121   3.27392   1.24895   6.24156    1252   15
   122   3.48920   1.21090   3.07438     490   10
   123   3.25470   1.27176   4.74078     517   11
   124   6.15208   0.42340   3.37572     407   12
   125   3.38928   1.19846   1.40870     387    9
   126   1.66560   1.60265   5.03598    3222   19
   127   0.23111   1.86632   0.01123    3971   21
   128   0.05913   0.22858   0.14003     359   10
   129   0.32297   1.83644   0.10940     427    9
   130   1.76821   1.53391   4.93578     314    6
   131   0.25479   1.80604   1.53811     701   13
   132   5.01117   1.59489   6.00987    1019   12
   133   3.21381   2.77375   6.16231     448    7
   134   5.95931   0.34825   3.69766     310   10
   135   4.88419   1.67517   2.91234    1090   14
   136   0.12029   1.81926   3.26893     354    8
   137   1.78856   1.44655   0.19264     838   11
   138   6.27624   0.33100   1.67157    4973   25
   139   1.79660   1.38380   3.46946    1352   15
   140   0.21517   1.83314   0.16740    1342   10
   141   0.32297   1.83644   0.10940     639    9
   142   4.95066   1.66269   5.91234     834   14
   143   4.87104   1.67370   2.82678     637   13
   144   3.47502   1.18540   6.11416     556    8
   145   6.26959   0.42610   5.04578    1978   23
   146   5.01117   1.55172   4.38876     977   13
   147   3.40804   2.83436   1.64155    1168   13
   148   3.16744   2.71528   6.07655    1742   15
   149   3.20861   2.96051   4.64513    2505   19
   150   4.86174   1.70376   4.36023    1575   16
   151   3.12299   2.74368   1.26743    1604   16
   152   0.38281   0.29145   3.07471    4018   25
   153   4.87478   1.65451   4.38095     610    7
   154   4.95976   1.56872   4.42196     945   15
   155   0.30425   0.30720   4.50307    3015   17
   156   6.19236   0.37796   1.84301    2236   20
   157   1.68278   1.55600   1.83519     647   11
   158   3.30427   1.19062   4.55277    4446   21
   159   4.81493   1.51509   5.94318     808   14
   160   1.78129   1.48039   0.35683    4964   33
   161   3.43145   1.28802   2.92761     792   15
   162   0.16248   1.86650   1.72659     491   11
   163   3.37317   1.26629   4.60367     497   11
   164   3.19969   2.72045   1.53711    2227   15
   165   1.79387   1.62891   4.91130    2445   20
   166   1.72996   1.52321   0.41236    1848   15
   167   3.40539   1.24250   4.66109    2294   21
   168   0.05833   0.31256   3.30895    4386   24
   169   0.29512   1.87961   0.10717     701    9
   170   4.80861   1.61259   4.44190     633   12
   171   3.46570   1.29821   4.51840    2508   20
   172   1.70594   1.45344   4.92181     308    9
   173   0.16760   1.88687   1.66046    1683   13
   174   3.29086   1.15787   2.97504    3709   21
   175   2.90954   2.85895   5.89943    2340   22
   176   3.41275   2.83295   1.52495    3048   20
   177   4.80068   1.58132   2.82120    1587   18
   178   0.10516   1.92205   3.23617     905   13
   179   3.06423   2.86161   4.33753    1391   18
   180   3.46839   1.14306   6.26326     519    9
   181   4.78258   1.73295   1.17199     508   13
   182   6.20576   0.26857   3.37886    2021   20
   183   0.13373   0.27080   3.10228     539   11
   184   6.18224   0.36199   4.99587    1098   15
   185   1.87161   1.47834   0.29390    3633   20
   186   3.18353   2.72797   4.48092    4592   28