     1   0.00000   0.00000   0.00000       0    0
     2   2.41579   1.26960   5.13814     930   13
     3   3.29194   2.71800   0.80712     757    9
     4   0.60898   0.49037   5.11582     992   16
     5   4.27327   1.15204   1.19822    1011   12
     6   0.28504   0.48458   2.24631    1478   15
     7   4.27590   1.20717   1.15554    1072   15
     8   2.45567   1.25482   0.40739    1259   14
     9   0.95225   1.85811   5.01427    1477   14
    10   0.50716   0.52354   5.07766    1282   15
    11   5.77474   1.95015   2.85327    2536   18
    12   3.52647   2.47943   5.71779    1389   16
    13   2.54361   1.32585   1.84779    1225   13
    14   2.38533   1.33815   3.57354    1076   14
    15   1.02855   1.81393   3.35051    1229   13
    16   4.34301   1.18719   1.13156    1128   14
    17   4.21836   1.08756   2.75402    1821   17
    18   3.64701   2.74571   4.23048    1464   15
    19   4.27590   1.20717   1.15554     802   12
    20   0.65707   0.51952   1.89463    1018   14
    21   1.19268   1.93215   3.60319     746   11
    22   2.53234   1.37920   5.21073     749   10
    23   5.67421   1.95852   5.95644    1239   13
    24   2.47037   1.29018   0.42955    1417   15
    25   3.31873   2.64226   5.42734    1720   16
    26   3.41310   2.71657   3.99133    1384   15
    27   3.55228   2.54858   4.07116    1304   14
    28   1.12181   1.93895   1.85356    1092   17
    29   1.10357   1.87084   0.31983    1165   11
    30   1.06022   2.02319   3.43588    1836   16
    31   1.07083   2.03833   5.12480    1109   15
    32   0.15257   0.39170   3.95416    1614   16
    33   1.06484   2.02880   3.45036    1511   15
    34   2.55885   1.32478   1.83193     991   11
    35   2.51494   1.27472   1.95626    1187   16
    36   4.25359   1.20481   6.06393    1300   12
    37   5.65911   1.96709   2.70497     757   11
    38   4.27590   1.20717   1.15554    1041   13
    39   4.28670   1.12543   4.35547     974   12
    40   3.63552   2.56704   2.61976     897   14
    41   4.34301   1.18719   1.13156     813   11
    42   4.19559   1.27110   1.14330    1956   17
    43   0.47791   0.37562   0.49348    1278   15
    44   3.75840   2.68138   1.06841    1646   18
    45   3.42448   2.60946   5.61895     825    9
    46   3.41085   2.57643   0.88927    1114   15
    47   4.16561   1.18771   6.05453    1249   15
    48   1.03871   1.92511   3.45374     684   11
    49   2.42387   1.33958   1.94999    2206   19
    50   1.15829   1.88620   3.57481     508   10
    51   3.58377   2.79480   0.94246     830   11
    52   0.34342   0.52668   2.10672    1957   17
    53   4.17293   1.27671   2.90746    1268   13
    54   2.50475   1.34932   3.57409    1531   12
    55   4.21313   1.13030   4.49163    1123   13
    56   0.45193   0.44903   5.35618    1636   16
    57   4.09763   1.16453   2.95244    1299   15
    58   5.53480   1.77928   2.70635     658    9
    59   4.05764   1.11365   1.35647     965   11
    60   2.52697   1.30425   5.14434    1290   13
    61   5.66088   1.77312   1.16923     992   15
    62   2.49693   1.41024   5.07165     967   13
    63   2.50103   1.35918   0.49643    1579   17
    64   2.44313   1.28029   0.51190    1279   15
    65   2.46322   1.32292   5.18401     975   13
    66   5.66088   1.77312   1.16923    1158   15
    67   5.52462   1.89908   2.82034     945   12
    68   3.40008   2.72756   2.31809    1015   12
    69   0.52551   0.42390   5.09696    1792   18
    70   2.50678   1.25475   3.60816    2071   20
    71   0.37061   0.55083   3.77477     904   13
    72   0.41767   0.56049   3.72156    2035   19
    73   2.52142   1.14294   5.05553     863   12
    74   0.56910   0.45440   3.57715     870   11
    75   2.52729   1.34607   0.47300    1404   14
    76   2.52812   1.37099   0.36011    1219   16
    77   1.02090   1.86957   1.85034     800   12
    78   1.00924   1.96164   3.37050    1466   15
    79   3.40008   2.72756   2.31809    1724   15
    80   0.35181   0.52700   5.38058    1494   18
    81   2.61914   1.37952   5.15167    1284   12
    82   0.35459   0.43434   3.90735    1278   16
    83   5.74790   1.93529   5.82912    1360   14
    84   0.47791   0.37562   0.49348     802   13
    85   1.05654   1.92432   1.82992    1452   15
    86   2.47258   1.37813   1.97585     951   13
    87   5.56528   1.80460   4.32544     965   15
    88   5.58699   1.81786   5.86879     898   13
    89   3.36877   2.64095   5.53707     858   12
    90   5.57723   1.90013   1.23519    1848   20
    91   5.74953   2.00472   1.22029    1360   15
    92   0.57669   0.46699   0.34837    2328   19
    93   3.65410   2.56200   2.68608    1229   15
    94   3.51275   2.57705   2.54780    1295   15
    95   3.46291   2.61418   5.48992     896   12
    96   5.65008   1.91186   4.27350    1377   14
    97   4.14917   1.26157   1.20513    1665   18
    98   5.67400   1.96406   4.27417    1361   16
    99   4.16614   1.16633   6.10836    1386   16
   100   5.61350   1.91989   2.67808    2284   19
   101   1.17453   2.07817   5.13865    1123   15
   102   5.54939   1.80394   2.71879    1694   16
   103   5.65008   1.91186   4.27350     970   13
   104   0.47791   0.37562   0.49348     874   13
   105   2.41579   1.26960   5.13814    1176   12
   106   5.71409   1.84227   5.93792     938   11
   107   0.39136   0.49734   5.20603    1199   13
   108   5.61141   1.80263   4.33271     890   11
   109   2.51707   1.29851   2.10915    1150   13
   110   0.91103   2.00201   1.74951    1682   17
   111   2.40138   1.36866   0.37934    1761   18
   112   1.11057   2.04953   3.47625    1445   14
   113   5.67628   1.85015   1.16137    1728   14
   114   2.50898   1.14620   3.49979     822   10
   115   5.65970   1.95681   2.66189    1810   18
   116   5.69363   1.79616   5.88572    1410   18
   117   3.67329   2.71033   5.93423    1221   13
   118   2.49452   1.18913   5.05379    1919   20
   119   2.45674   1.38358   3.57272    1088   13
   120   0.46800   0.44352   2.09156     850   13
   121   4.09327   1.12308   5.91918    1200   15
   122   5.64101   1.90053   5.93681    1377   15
   123   0.28641   0.33901   2.26464    1956   17
   124   4.22354   1.09384   6.12295    1082   13
   125   5.65037   1.80347   4.18545    2381   19
   126   0.51590   0.52211   2.06016    1050   15
   127   0.98169   1.93893   3.43149    1471   17
   128   3.53175   2.70162   5.66372     774   12
   129   1.08631   1.92781   1.98114    1167   16
   130   2.46098   1.42129   3.52178     973   12
   131   4.23496   1.21288   5.92370    1198   16
   132   2.47495   1.20408   0.52542    1170   13
   133   0.45193   0.44903   5.35618     839   10
   134   0.27568   0.61116   2.28902    1126   11
   135   4.28267   1.15675   6.05936    3248   22
   136   2.42268   1.31148   0.53477    1949   19
   137   1.19268   1.93215   3.60319    1240   13
   138   4.18697   1.16557   2.83469    1124   14
   139   0.56745   0.43812   3.47198    1180   13
   140   4.18765   1.13691   5.91002    1151   13
   141   0.37370   0.44769   3.72573     807   10
   142   3.70973   2.59393   2.64965    1461   17
   143   5.54755   1.84625   1.11129    1346   14
   144   0.93922   2.05194   0.16634    1661   19
   145   5.59351   1.95343   2.77560    1232   15
   146   2.40348   1.26869   2.00636    1123   13
   147   2.37937   1.34187   3.57650    1534   14
   148   3.58810   2.71598   1.01072    1389   15
   149   0.92536   2.01295   1.81486    1791   19
   150   1.03181   1.86694   0.35011    1367   17
   151   0.48045   0.50248   2.07385     698   11
   152   3.59328   2.58457   4.13086    1211   11
   153   5.61386   1.73351   2.80841     912    8
   154   1.16650   1.96333   1.81437    1604   17
   155   5.69728   1.91932   5.92266    1359   17
   156   5.61141   1.80263   4.33271    1645   14
   157   2.54069   1.34665   3.58666     955   11
   158   0.19680   0.40583   2.45425    2069   21
   159   2.62820   1.30931   1.91373    2031   18
   160   2.44049   1.37244   2.06972    1730   18
   161   5.76339   1.92511   4.33301    1271   14
   162   4.30601   1.25647   1.32935    1212   16
   163   0.25336   0.42449   3.78362    1285   17
   164   2.37937   1.34187   3.57650    1406   14
   165   2.44719   1.21517   3.60000    1095   13
   166   2.37937   1.34187   3.57650    1522   16
   167   0.41119   0.50030   3.77164    2018   19
   168   4.20848   1.25573   4.52292    1734   15
   169   2.40874   1.39921   5.05900    1125   16
   170   2.52881   1.20520   3.68059    1621   16
   171   3.36066   2.67306   2.46586    1760   17
   172   4.34301   1.18719   1.13156     866   15
   173   2.36937   1.27637   0.57191    1287   13
   174   2.44035   1.33280   0.47083    1394   14
   175   2.56788   1.26326   2.05507    1498   14
   176   0.53458   0.51210   5.27969    1942   16
   177   5.61141   1.80263   4.33271     901   17
   178   5.64647   1.80607   2.72236     853   12
   179   4.13976   1.04673   4.43781    1588   16
   180   0.36269   0.53220   5.35428    1974   17
   181   5.57201   1.73816   4.25576    1346   17
   182   4.06432   1.08688   4.45160    1679   18
   183   1.14242   1.89827   3.40735     469    8
   184   0.57904   0.48990   0.31505    2067   20
   185   0.12947   0.43062   0.78211    1106   15
   186   3.53092   2.58144   5.64342    1732   19
   187   5.55935   1.93355   5.82222    1495   17
   188   3.38535   2.77281   4.00392    1824   16
   189   4.27590   1.20717   1.15554    1430   16
   190   4.15463   1.30887   2.91453    1790   16
   191   1.10588   1.97113   3.33785    1470   17
   192   4.34301   1.18719   1.13156    1458   14
   193   5.69151   1.94830   4.24795    1418   15
   194   1.12670   1.86506   3.57165    1633   17
   195   5.67628   1.85015   1.16137    1230   14
   196   0.49154   0.54480   3.53941    1860   15
   197   5.58956   1.88093   5.88958    1583   16
   198   2.50512   1.28632   3.57615    1627   15