     1   0.00000   0.00000   0.00000       0    0
     2   1.06690   0.76572   4.94558     259    8
     3   2.87901   1.35268   5.03084    1377   16
     4   3.76963   1.16992   0.43116     452   11
     5   2.58230   1.27007   2.32194    1488   19
     6   4.39255   1.27312   6.12000    2935   27
     7   4.08256   1.25423   1.68149     583   11
     8   5.88054   1.99662   5.88275     738   12
     9   4.27029   2.50568   2.81516     696    9
    10   3.87117   1.42598   5.57658    1842   19
    11   4.43826   2.70002   1.44578    1243   16
    12   0.14994   2.56312   2.48561    2728   23
    13   4.77898   1.53676   4.09331    1547   17
    14   1.22529   0.45158   0.14414     623   15
    15   4.51443   1.22543   2.99609     642    8
    16   3.38872   0.82580   2.62440    2081   23
    17   4.19924   2.75520   4.40666     313    9
    18   0.01228   1.93323   0.21268     945   16
    19   1.08803   0.47882   3.41184    1019   19
    20   1.25675   1.86197   4.10799     607   12
    21   5.43114   1.48223   0.34211     908   14
    22   4.62833   2.53431   5.48050     547   11
    23   6.02348   1.69339   4.32353     775   12
    24   1.05577   0.87941   1.93061    1385   18
    25   3.07404   2.10034   0.62834     709   12
    26   0.30713   2.61640   3.43294     670    9
    27   1.68427   2.32310   5.44710    1790   15
    28   6.08246   1.87679   2.79183    1111   16
    29   2.64085   1.36160   0.86365    2811   21
    30   3.76572   2.80127   3.65894    2172   22
    31   1.96608   1.86825   3.91933    1049   14
    32   4.44271   1.11416   0.16526    3278   22
    33   0.95145   0.39675   0.51130    1617   17
    34   4.77898   1.53676   4.09331     418   12
    35   3.67903   1.50348   3.90540     964   14
    36   1.62247   1.24506   3.64000     832   11
    37   0.98924   0.43957   5.15562     674   13
    38   5.25882   1.96360   3.60291    2046   16
    39   6.01118   1.68232   1.17652     869   15
    40   6.10727   1.40240   3.96705    1332   17
    41   6.13843   1.52885   3.36670    1049   17
    42   0.94987   0.40336   3.43378     640   13
    43   3.36736   1.51209   4.98359    1155   14
    44   1.68427   2.32310   5.44710     666   10
    45   2.88360   1.52685   0.36938     542   11
    46   4.00278   2.96535   3.54446    1168   16
    47   2.67179   2.24259   0.98688    1020   17
    48   4.58644   1.15757   6.04333    2645   21
    49   2.27263   0.86567   3.21685    1137   14
    50   0.48573   1.36905   3.70975     675   10
    51   4.63932   1.06923   4.47335     402   11
    52   1.01391   0.53468   3.46969    1861   18
    53   2.59419   1.56921   0.44980    3461   26
    54   1.28465   1.93301   4.74825    1724   17
    55   4.66768   1.12871   1.33219    1550   22
    56   5.90434   1.75871   2.73841     553   13
    57   5.39041   2.45524   1.22340     491   12
    58   4.59013   1.17009   1.26717     551   13
    59   2.65834   0.77911   4.70485     447   10
    60   2.08007   1.60060   0.02943     493   10
    61   3.35353   0.37414   5.36600    1162   14
    62   6.00694   0.26506   5.51658     593   12
    63   4.92083   2.36738   2.77040     383    9
    64   0.85964   1.19719   1.84417    1006   13
    65   3.94123   2.63717   4.17853     460    9
    66   6.15901   1.64344   6.00041     890   15
    67   2.87511   1.42047   0.30152     364    7
    68   6.04332   1.71844   1.18926    2464   20
    69   5.40879   0.50174   1.36546     755   13
    70   4.37683   1.23712   4.66974     874   14
    71   0.45123   1.73865   3.44753    2187   20
    72   4.41628   1.13900   2.97645     521   11
    73   0.00000   0.00000   0.00000    1606   15
    74   4.77898   1.53676   4.09331     347   10
    75   1.47606   1.74474   3.94433    1144   17
    76   0.85964   1.19719   1.84417     786   12
    77   0.66582   1.24945   5.24504    1505   20
    78   4.39331   2.69300   4.54830     687   15
    79   0.32863   2.40031   4.27660    1653   16
    80   0.47336   1.14904   4.20556     363   11
    81   3.00112   1.26669   0.80866    1139   17
    82   3.42425   2.26763   2.75902     955   11
    83   4.05703   2.54469   5.79335     330    8
    84   2.49183   1.43653   2.69421    1040   14
    85   2.82687   1.33908   0.55947     560   13
    86   1.65316   1.34245   0.33944     760   14
    87   6.06697   1.86063   1.19969     747   15
    88   2.94905   2.08928   5.63933    1203   18
    89   6.00694   0.26506   5.51658     676    9
    90   3.91415   2.44403   1.62149     819   13
    91   2.31634   0.85735   0.34665     441   11
    92   0.95779   2.43161   2.30279    2653   25
    93   1.06797   2.96049   4.94018     731   12
    94   3.64495   1.74658   5.62021     521   11
    95   1.65316   1.34245   0.33944     676   13
    96   2.98061   1.04326   4.49883    1250   13
    97   0.35848   0.67689   2.78445    1391   15
    98   4.63932   1.06923   4.47335    1013   16
    99   3.51555   1.44948   4.41777     938   11
   100   3.76217   0.53772   0.35800     714   15
   101   4.66667   1.27613   6.01375    1234   15
   102   4.66879   1.19475   1.28405    1640   16
   103   0.85964   1.19719   1.84417     401   10
   104   4.45237   1.06479   1.42878     663   13
   105   5.87428   0.73271   6.01969    1338   18
   106   3.29347   3.03969   0.27592    1301   14
   107   4.62220   1.13066   4.49537     272    7
   108   4.54811   1.06433   6.21501     335   10
   109   3.34106   2.39650   0.89816    1208   15
   110   0.83022   0.49085   0.61945    1206   18
   111   1.34199   2.03743   3.43784    1286   20
   112   3.54964   0.66465   1.64769     662    9
   113   1.52660   1.95843   3.41867     642   10
   114   5.78345   2.45904   0.40119     935   16
   115   4.15878   2.62450   1.34336    1383   14
   116   2.22346   1.87802   5.23260    1181   15
   117   4.45237   1.06479   1.42878     605   11
   118   2.79006   1.54352   5.08686    1007   13
   119   3.41380   2.33515   0.32998     861   12
   120   3.18490   2.52355   3.43257     607   13
   121   6.08246   1.87679   2.79183     443    9
   122   4.56862   1.09220   1.39983     507   11
   123   2.99896   2.72654   6.01899     728   13
   124   0.71107   0.36966   2.23163    1173   14
   125   5.95123   1.72275   1.11252    1854   17
   126   4.92738   1.73939   0.32847    1595   17
   127   0.25197   2.21124   4.47567    2166   19
   128   2.61265   0.13008   4.13541    1073   16
   129   1.88787   1.65860   5.13404    1106   15
   130   1.56900   2.69937   3.69866     672   12
   131   0.94389   0.54650   0.31347     436   10
   132   0.66658   0.38057   5.35961     935   13
   133   5.99939   1.81766   1.22998    1375   17
   134   0.35679   0.47455   5.44563    1352   15
   135   4.26062   2.33409   4.38862     560    7
   136   6.06418   0.59241   4.98181     869   14
   137   3.48460   2.66408   4.50309     452   10
   138   3.42752   2.48888   1.20765     449   11
   139   4.97414   2.30081   2.16975     992   16
   140   2.06084   1.22851   2.51210     670   13
   141   2.87511   1.42047   0.30152     419   11
   142   0.85964   1.19719   1.84417     575   10
   143   4.08135   1.12462   3.03188     520   10
   144   2.24713   0.86292   3.34495    1194   16
   145   4.26098   2.67912   1.43931    1302   13
   146   4.25625   2.71574   2.92670     563   11
   147   1.33284   2.06854   0.45402     753   13
   148   4.62220   1.13066   4.49537    1038   17
   149   4.43100   2.65529   4.61861    1357   15
   150   3.94982   2.73150   1.02098     385    9
   151   2.08322   1.15634   5.34941     634   11
   152   3.92095   2.65073   5.60069     533   12
   153   2.70736   1.77120   1.19883     823   15
   154   4.77898   1.53676   4.09331     713   12
   155   1.07645   0.34937   1.92911    1461   18
   156   5.72021   2.41177   4.88091     532   11
   157   0.61243   1.04434   0.73947     539   13
   158   4.64427   1.03783   1.26616     498   12
   159   6.00347   2.08928   0.50732     619   13
   160   3.27261   1.09230   2.28590     596   11
   161   1.15424   1.11048   2.42703     639   14
   162   1.38885   2.03895   3.30576    1868   17
   163   4.66842   1.28710   2.80896    1197   15
   164   3.71359   1.43557   3.27877     719   13
   165   4.62833   2.53431   5.48050    1563   16
   166   5.38890   1.17658   0.97350     767   15
   167   4.86381   0.74255   4.90661     695   12
   168   0.96467   0.41225   1.84674     585   11
   169   2.30932   1.76399   0.87974    3532   24
   170   4.10298   2.78562   4.41910    2821   26
   171   2.18885   1.58791   5.61240     494   10
   172   1.36345   1.80121   0.61931     728   14
   173   1.04697   2.02973   3.59171     815   13
   174   4.93264   0.76393   6.12708     757   13
   175   4.55241   1.05990   3.06060     510   10
   176   0.81008   0.50343   5.24764     730   14
   177   0.66658   0.38057   5.35961     599   13
   178   2.75758   2.69870   4.83548    1278   17
   179   1.00725   1.74926   3.95387     585   13
   180   4.15111   1.72091   3.05745     387   11
   181   2.84394   1.38122   0.55356    1250   19
   182   1.45942   2.04626   1.63736    1241   19
   183   3.51230   0.86040   0.66728    1228   14
   184   2.28531   0.45924   3.89312    2566   24
   185   0.35848   0.67689   2.78445     581   11
   186   5.54068   2.39613   5.43672    1063   17
   187   6.19128   0.76619   1.62059    1087   12
   188   0.94123   0.37453   1.94563     775   14
   189   3.50637   1.94213   2.44663    1915   21
   190   0.39574   2.51342   2.93881     745   14
   191   5.61241   2.59436   6.27739    1459   15
   192   0.82283   1.57593   3.98272     804   15
   193   2.89760   1.41381   5.13768    1667   19
   194   0.96642   0.44246   2.07778    1628   19
   195   2.91071   1.39577   0.39918    1556   18
   196   5.86049   2.24835   5.62937     830   13
   197   3.20680   3.02262   4.70603    1622   19
   198   2.87088   1.42918   1.97841     892   13
   199   1.41771   1.90330   4.82219    1162   15
   200   4.64427   1.03783   1.26616    1622   17
   201   5.04855   0.72727   5.00039     986   15
   202   0.16431   2.11398   2.04643     930   13
   203   6.04124   1.65147   1.25207    2073   20
   204   4.94501   1.20837   5.48514    1994   18
   205   0.97867   2.06831   1.03993    1701   20
   206   2.84690   1.39562   5.17054    1431   18
   207   2.77329   1.41333   2.00325    1874   21
   208   4.10836   2.60398   2.79700    4604   22
   209   3.91737   2.62320   2.58368     892   14
   210   4.06165   1.87032   2.56366    1388   11
   211   5.37538   2.53303   4.46800    1014   16
   212   2.31735   0.85144   6.15910    1640   19
   213   5.51592   1.25926   3.00486     576   11
   214   0.88894   1.33549   0.55575    1760   18
   215   3.91737   2.62320   2.58368    1270   15
   216   1.11575   1.56416   5.24654     810   12
   217   2.45220   2.36594   5.02866     855   10
   218   4.34552   2.70104   1.38532     811   12
   219   1.25486   1.89819   4.76014    1551   17
   220   2.33290   1.05053   5.49949     801   13
   221   5.11509   0.68504   5.89485     673   13
   222   1.23586   0.52700   1.68302    1042   14
   223   0.80212   2.24632   4.28663     566    9
   224   1.30986   1.93347   3.41400    1081   14
   225   5.90174   1.72021   2.68439    2084   23
   226   5.92267   1.69804   5.83744     811   14
   227   1.33284   2.06854   0.45402    1561   20
   228   0.88380   0.34916   5.28592     445    9
   229   4.61036   1.16440   4.50461    1903   20
   230   4.43115   1.10913   4.46987     910   14
   231   5.98818   2.28064   2.58882     921   13
   232   3.91737   2.62320   2.58368    1424   17
   233   5.57858   0.93169   4.74774    1732   19
   234   1.33284   2.06854   0.45402     749   14
   235   2.57209   2.70409   4.41663    2431   28
   236   2.86192   1.29791   1.90422    1057   16
   237   2.38811   0.75314   0.02992    1347   17
   238   1.60088   1.61166   1.96649    1527   16
   239   1.50474   2.10489   5.00735    2117   20