     1   0.00000   0.00000   0.00000       0    0
     2   5.08112   1.51566   1.42300    1842   17
     3   0.74640   0.02629   5.83478    1390   15
     4   0.36307   0.25725   4.62423    2395   21
     5   0.32399   1.57094   0.05855     610   12
     6   3.04986   2.96694   5.70673    1114   12
     7   2.08811   1.62797   3.17519    1866   19
     8   5.12689   1.43762   4.54220    1387   16
     9   1.99248   1.63721   0.05970    1485   15
    10   3.63258   1.41244   4.76154     833   12
    11   3.57600   2.92768   4.85540    2973   24
    12   3.38110   2.92017   6.08545    1152   16
    13   5.21867   1.57235   1.40776    1148   16
    14   3.45220   1.51701   1.61187    2348   15
    15   3.46770   1.52349   3.18695    1001   13
    16   5.12817   1.56589   4.59156    1282   13
    17   0.15922   0.19317   0.26618    1479   17
    18   5.17253   1.61627   3.03121    1647   16
    19   1.99083   1.52522   1.81906    1177   13
    20   3.41236   1.53125   6.23025    1531   15
    21   3.46365   1.44574   4.83476    1185   13
    22   2.89931   2.95596   0.91153    1350   14
    23   1.96409   1.56833   3.16456    1861   17
    24   2.05440   1.47106   4.90167     945   12
    25   3.51030   1.51841   3.22860    1369   13
    26   3.43257   3.02269   4.65342    1287   14
    27   3.66256   1.32012   1.58634    1858   15
    28   0.40703   1.76246   4.72270    1268   16
    29   1.89464   1.54896   4.84167     978   17
    30   3.62049   1.55408   6.25768    1050   11
    31   0.37417   1.62538   4.63161    1832   19
    32   1.85991   1.66720   1.81707    1234   14
    33   1.85864   1.55809   4.78107    1545   12
    34   3.53302   3.04808   4.67440     999   13
    35   3.39554   2.93135   1.39245    1764   14
    36   0.37353   1.72652   1.53226    1447   16
    37   3.50583   1.43657   4.68598     881   11
    38   1.94811   1.60646   3.39428    1056   16
    39   3.56586   1.45789   6.26744    1789   18
    40   0.42825   1.64976   1.56029     864   14
    41   1.95109   1.72275   0.04786     961   14
    42   5.05615   1.60027   1.34093    1420   16
    43   0.49562   1.68730   4.82749    1584   16
    44   1.02692   0.20645   2.53357    1090   13
    45   1.27987   0.14370   2.32998    1558   14
    46   4.21834   3.07757   2.29757     631    9
    47   3.33331   3.08247   6.07889    1367   17
    48   0.37303   1.71689   1.47700    1715   16
    49   2.08120   1.55650   0.25809    1260   16
    50   1.86963   1.62292   3.27779    1384   17
    51   0.44552   1.72523   4.58817     968   16
    52   3.49126   1.47155   4.84402     980   15
    53   3.54187   1.53334   1.60587     722   12
    54   5.07901   1.64786   3.08587    3192   20
    55   1.93367   1.51553   0.20031    2026   17
    56   2.05594   1.60060   4.77294    1540   15
    57   0.63111   0.10628   4.40563     964   12
    58   1.85956   1.63459   4.88710     722    9
    59   5.02816   1.62120   3.13862    1295   15
    60   0.38909   1.80521   4.80187     644   12
    61   4.39240   3.04753   0.95939    1234   15
    62   0.08573   0.13864   1.99490    1915   17
    63   1.03651   0.16268   4.02110    1453   18
    64   3.58988   1.42889   0.00783     463   11
    65   3.40717   1.43862   4.63785    1663   12
    66   3.50001   1.41228   4.84408    1662   14
    67   5.14186   1.68570   1.34354    1280   17
    68   5.21610   1.55312   4.64638     811   10
    69   5.08225   1.42489   6.22886    1406   13
    70   0.40703   1.76246   4.72270     904   14
    71   4.98199   1.53953   2.92912    1494   16
    72   1.96263   1.58599   0.09552    1120   15
    73   3.48172   1.35093   1.46803    1092   16
    74   0.32404   1.69227   3.01249    1326   14
    75   1.97999   1.54984   4.74849     986   11
    76   3.48295   1.44520   3.27311    1284   16
    77   4.10787   2.91214   2.18041    1654   15
    78   1.84097   1.65372   3.15957    1899   15
    79   3.03422   2.94221   5.80614    1574   18
    80   0.53413   0.27107   6.18209    1554   17
    81   1.90266   1.66139   0.11157    2673   20
    82   3.45047   1.53005   6.24512    1130   13
    83   2.00724   1.59525   4.89143    1249   13
    84   5.09196   1.43042   4.55475    1246   17
    85   3.60252   1.36538   4.81989    2001   17
    86   4.38586   3.07565   2.46769    1803   18
    87   1.54671   0.11959   5.22454    1748   17
    88   3.10159   2.93224   4.40081    2592   21
    89   5.16904   1.59765   3.08785    1986   18
    90   3.44521   1.33711   1.60144    1672   15
    91   1.99436   1.45574   1.77784     715   11
    92   5.13973   1.57567   4.52959    1419   12
    93   3.51709   1.45369   6.19541    1378   17
    94   1.54671   0.11959   5.22454     729   11
    95   0.28383   1.75818   3.18258     717   12
    96   3.40717   1.43862   4.63785     894   14
    97   5.18498   1.63929   4.64447    1228   15
    98   1.90903   1.63651   1.78920    2199   18
    99   0.40703   1.76246   4.72270    1318   16
   100   0.34006   1.69422   4.70680    1055   14
   101   1.28804   0.10102   3.69017    1286   15
   102   5.19661   1.62078   4.72347    1395   13
   103   5.14437   1.43053   6.19336    2048   17
   104   1.87221   1.51280   0.10367    1081   12
   105   3.57968   1.32252   3.10420    1977   16
   106   2.34652   3.05498   3.42408     796   12
   107   0.34006   1.69422   4.70680    1239   15
   108   3.74006   3.01445   0.19320    1770   16
   109   2.69971   2.98972   0.82277     972   13
   110   0.72822   0.06657   2.80042    2124   17
   111   5.10917   1.52456   3.04887    1817   16
   112   0.32399   1.57094   0.05855    1052   12
   113   5.13499   1.66284   4.63180    1649   16
   114   1.97382   1.66103   0.14092     909   15
   115   5.15070   1.64628   6.07614    1179   14
   116   6.25448   0.24090   3.57118     808   15
   117   3.49283   1.38962   1.55122     956   13
   118   3.62237   1.40199   1.61704    1051   13
   119   3.87857   2.86228   0.37324    1985   17
   120   5.95257   0.14143   5.47976     679   12
   121   3.65922   1.52075   1.62904    1258   14
   122   0.35541   1.58065   1.53473    1153   16
   123   0.54338   0.13414   1.53313    2184   18
   124   0.44971   1.60813   6.20640    1465   14
   125   3.40717   1.43862   4.63785     729   11
   126   5.19194   1.46632   4.59517     502   10
   127   3.64973   2.89165   1.72669    1015   14
   128   0.39790   1.80004   4.77930    1221   12
   129   0.64898   0.21827   2.86685    1265   14
   130   1.84960   1.67695   1.68956     940   12
   131   3.11826   3.04325   4.30911    1115   14
   132   2.74857   2.99366   0.78982    1710   17
   133   0.40584   1.74084   4.75160    1820   20
   134   5.07604   1.54650   4.57899    1521   16
   135   0.64898   0.21827   2.86685    2265   18
   136   3.52435   1.51649   4.69113    1645   19
   137   0.32404   1.69227   3.01249    1335   17
   138   0.27886   1.66098   3.22896    2146   18
   139   3.46365   1.44574   4.83476    1323   15
   140   3.60288   1.42808   3.22897    1721   16
   141   2.14336   3.10724   0.15910    1412   12
   142   3.43112   1.33187   0.01458     967   10
   143   0.69951   0.28854   1.27641    1035   13
   144   5.14491   1.45271   2.95660    1030   12
   145   4.69309   2.98036   2.68992    2309   20
   146   3.59400   1.50035   1.53373    1202   15
   147   0.34006   1.69422   4.70680    1088   16
   148   3.50216   1.49533   0.12973     924   10
   149   3.77479   2.96918   1.94225     839   14
   150   3.87089   2.87063   3.47080     923   10
   151   0.28578   0.23839   0.00985     761   11
   152   1.50336   0.08641   5.08800    1474   16
   153   5.18260   1.53409   6.10407     783   13
   154   3.44612   1.33584   1.54322    1054   14
   155   1.01259   0.15107   5.69838    1496   15
   156   5.06834   1.55362   4.50342     829   11
   157   5.15307   1.58115   4.47933    1413   15
   158   5.06014   1.50334   1.44184     863   13
   159   0.38317   1.69812   3.13552     911   13
   160   3.72760   2.87926   1.69591    1006   14
   161   4.27521   3.05664   5.43578     830   11
   162   3.51661   1.30952   1.65245    1207   16
   163   1.91969   1.57088   0.13727    1491   14
   164   3.51722   1.37014   4.79469    1071   12
   165   3.64125   1.45921   0.12945    1051   12
   166   5.03116   1.65875   3.02088    1159   16
   167   0.05971   0.25071   1.91252     863   10
   168   4.88925   0.04396   4.79738    1213   12
   169   4.99648   1.62064   2.97890    1772   17
   170   3.56586   1.45789   6.26744    1018   14
   171   3.88787   2.93573   5.00760    1344   17
   172   1.98220   1.60922   4.93386    1181   15
   173   3.51678   1.31995   3.12145    1170   15
   174   3.59133   3.01808   0.03293    1823   17
   175   0.39274   1.66239   1.60865    1106   14
   176   0.72822   0.06657   2.80042    1405   14
   177   3.40660   1.41193   4.79536    1909   19
   178   0.52423   1.73852   4.80511    1496   14
   179   1.99213   1.69053   1.60548     541   10
   180   0.94446   0.13642   4.10074    1365   17
   181   0.59379   0.15938   4.56800     719   11
   182   3.52018   1.48347   3.13829    1262   13
   183   2.73084   3.02321   2.37437    1361   14
   184   3.84654   2.97979   0.28255    2711   19
   185   0.41380   1.72385   4.72009    1107   14
   186   5.22238   1.61276   3.05117    1179   16
   187   0.87257   0.06432   1.05484     944   12
   188   0.40703   1.76246   4.72270    2140   17
   189   0.45168   1.78491   1.55735    1368   16
   190   3.73777   3.01761   0.19706    1183   14
   191   1.96646   1.57993   3.22890    2310   17
   192   3.57210   1.30455   3.18960    1316   16
   193   4.98205   1.41754   6.17437    1793   17
   194   3.52211   1.36906   1.69330    1782   15
   195   3.65716   3.01436   0.01731     758   12