     1   0.00000   0.00000   0.00000       0    0
     2   5.91946   0.91176   2.31659    1610   15
     3   0.42643   1.53151   5.83440    1325   16
     4   0.47512   2.09733   3.75021    1330   14
     5   2.62324   2.61769   1.74357    2121   17
     6   2.22322   1.83311   0.83509     676   12
     7   0.74256   2.20723   1.48587    1935   16
     8   3.00648   0.96383   4.97720    1724   17
     9   4.66290   0.30602   1.97589    1373   13
    10   3.30087   1.02726   0.36557     978   11
    11   3.15686   1.15844   6.13064    1244   13
    12   5.76956   2.29028   4.44926    1558   16
    13   2.03827   2.10214   2.09610    1240   11
    14   1.23164   0.77429   5.76984    1031   12
    15   5.33728   2.04627   3.32955    1301   14
    16   3.91978   1.26209   6.17563    1985   15
    17   0.78434   0.58816   2.57802    1241   15
    18   4.67399   1.92813   5.40121    1156   12
    19   1.51243   2.29935   0.81739    1246   13
    20   0.49685   1.94570   2.78606    1378   13
    21   4.82377   1.17233   2.19504    1793   17
    22   4.44902   1.38156   4.24831    1236   15
    23   6.26873   1.94772   5.92771    1617   16
    24   2.28578   1.12224   0.56560    1356   15
    25   3.59660   1.67800   1.31974     725   10
    26   5.27738   2.77814   6.23267    1244   13
    27   4.09803   2.44377   1.33272    1372   15
    28   1.39576   2.58108   0.25993    1123   14
    29   2.55554   1.59627   5.21522    2137   20
    30   4.37532   0.53158   0.09876    1207   13
    31   2.80863   1.41678   1.19922    1425   14
    32   0.95918   0.59777   2.91884    1392   15
    33   3.76697   1.86593   2.20977    1969   15
    34   4.56371   0.80036   5.40974    1780   14
    35   3.71531   1.65377   4.45326    1736   16
    36   2.37387   1.77534   4.31885    2168   17
    37   4.31051   0.84554   1.25715     936   12
    38   4.07705   2.77525   0.85837     790   13
    39   2.16932   2.01222   2.27969    1384   13
    40   1.62903   1.39001   4.16945    1132   14
    41   2.18543   1.21556   5.20015    1413   14
    42   4.36568   1.10752   5.40189    1377   14
    43   5.82687   2.34755   5.15713    1080   12
    44   3.54301   2.14504   1.07028    1927   14
    45   1.46056   1.41207   5.09707    1989   14
    46   2.38660   1.96014   0.82271    1392   15
    47   0.58929   2.09667   3.28859    1107   14
    48   3.30344   0.82329   2.87045     990   14
    49   2.94776   0.75511   1.04773    1807   15
    50   1.88266   1.11337   5.41919    1909   17
    51   2.97775   0.75297   5.23625    2215   17
    52   2.25199   1.13219   4.73574    1105   12
    53   3.82926   1.18565   6.00474    1373   13
    54   2.99039   2.19835   0.94576    1378   14
    55   5.53240   1.01668   5.43557     667   12
    56   0.51129   2.65726   0.21876    1457   16
    57   4.87150   2.07981   0.12647     836   12
    58   5.87306   1.34931   6.10128    2275   18
    59   0.43620   1.83324   0.80651    1759   15
    60   3.83570   1.36829   5.34030    1180   13
    61   1.28237   2.53448   3.86118    1067   11
    62   5.65328   2.28683   2.66350    1345   16
    63   4.94079   2.33259   4.70699    1914   16
    64   3.55181   1.70816   5.06038    2282   16
    65   1.28419   1.04534   5.29799    1604   16
    66   1.56496   2.34981   0.38460    1181   15
    67   3.43236   2.86357   0.79416    1587   16
    68   6.23531   2.39448   1.23954    1936   17
    69   5.37407   1.61667   3.28364    1073   12
    70   5.80979   0.92881   3.82634    1541   15
    71   1.84916   1.85927   0.69641    2228   16
    72   3.52474   0.58716   0.12948    1495   14
    73   3.20307   2.13051   3.40822    1663   16
    74   1.92933   2.15581   0.47878    2314   17
    75   1.21699   2.70907   4.95855     987   13
    76   5.21783   2.45952   2.73330    2067   18
    77   0.56114   2.65848   1.58958    1711   18
    78   0.66699   1.01557   3.89950    1551   14
    79   2.76789   1.83262   2.32439    1459   17
    80   2.67738   2.58100   0.74267    1442   14
    81   6.21713   1.67066   4.56478    1184   14
    82   5.31510   0.57681   6.27519    2218   14
    83   4.12215   2.02102   5.46949    1455   12
    84   3.58635   1.15308   0.46644    1622   13
    85   1.91021   1.48440   3.59777    1253   14
    86   0.91613   2.08412   2.61404    1834   16
    87   2.43307   1.72032   5.66227    1453   14
    88   1.69561   1.16622   2.43775    1962   17
    89   4.48187   1.34094   2.14595    1514   14
    90   0.48941   1.16824   4.25350    1633   14
    91   5.99662   1.62970   3.21019    1419   14
    92   3.64293   2.23753   2.51252     865   12
    93   2.90361   2.67593   4.60710     866   12
    94   1.43969   1.13581   2.98345    1342   13
    95   4.79710   1.54535   5.25681    1654   14
    96   3.90343   1.69648   0.31371    1783   17
    97   4.81686   1.37291   4.60207    1341   15
    98   3.74850   0.41503   0.27967    1429   13
    99   2.52147   2.49504   1.69668    2053   13
   100   1.83699   1.21134   5.16307    1196   13
   101   0.02161   0.48482   4.34762    1921   17
   102   5.61858   2.00663   1.08548    1593   14
   103   0.89703   1.83891   0.41866    1941   15
   104   4.33204   1.79568   1.34582    1540   16
   105   2.14631   2.26721   2.67136    1390   16
   106   3.51473   0.64352   4.61448    1682   17
   107   4.37715   1.59293   2.91834    1572   16
   108   3.76569   1.97021   2.20812     789   14
   109   5.04114   2.00615   4.66797    1453   14
   110   0.08492   0.77861   5.45271    1606   14
   111   0.63421   1.97590   1.64994     930   11
   112   5.92256   1.94933   0.27618    1885   16
   113   1.76225   1.06395   1.43604    1201   14
   114   0.39923   2.52707   2.44479    1448   16
   115   3.24378   2.06384   3.79107    1396   13
   116   2.07209   2.15589   0.35437    2519   18
   117   5.02135   0.47001   2.71441    2061   15
   118   3.41341   2.30243   3.92436     955    9
   119   1.18859   2.69261   2.24155    2214   17
   120   5.62456   0.72906   1.28663    1267   15
   121   4.23693   2.91714   3.38573    1536   17
   122   5.79469   0.29207   3.95359    1721   16
   123   5.28790   1.36697   4.63057    1445   15
   124   2.75580   1.61773   4.09064     843   12
   125   0.61366   1.93230   3.16678    1486   14
   126   5.48472   1.55709   5.27347    1402   14
   127   5.60346   2.84131   1.79761    1866   16
   128   1.27339   0.64844   0.55028    1503   14
   129   6.25778   1.56350   3.18386    2121   15
   130   4.70180   2.10108   5.28958    2724   17
   131   0.50961   0.84488   2.75996    1605   14
   132   1.60327   1.84874   3.28532    1852   16
   133   1.43826   0.24379   0.29790    1596   15
   134   4.28488   0.83981   1.90564    1624   13
   135   6.25887   2.38035   2.69084     872   11
   136   5.74581   1.19421   1.29366    2848   19
   137   2.17999   2.53553   5.65903    1580   12
   138   1.37551   2.21727   2.57079    1127   13
   139   6.10554   0.98704   3.55542    1854   15
   140   4.32132   2.65053   2.22835    1427   15
   141   1.91513   1.02513   0.68796    1105   15
   142   6.11748   1.62908   3.79542    1474   16
   143   2.34352   0.93600   5.54461    2043   17
   144   3.96457   1.58109   5.02266    1513   13
   145   5.73871   1.46989   5.45513    2540   15
   146   0.71425   0.73001   5.82067    1366   13
   147   4.83248   1.61730   3.31522    1290   18
   148   5.35294   1.96217   1.11765    1103   14
   149   2.29197   2.25281   6.16966    1292   14
   150   2.46477   1.19101   5.79455    1586   14
   151   3.09462   1.32376   2.81949    1333   14
   152   0.87550   2.34379   0.78736    1663   14
   153   2.44764   1.72203   0.69328    1570   14
   154   0.42384   1.60013   2.82973    1380   15
   155   0.04811   1.31001   5.20777    1291   15
   156   4.75897   1.70208   4.83953    1550   14
   157   1.36031   1.27498   0.75355    1848   16
   158   4.24580   1.02501   5.80934    1546   15
   159   5.36855   1.19551   2.75939    2427   17
   160   4.88170   2.58066   1.37874    1389   14
   161   6.02631   1.19227   3.22181    1472   12
   162   0.91139   1.04802   5.68845    1638   16
   163   2.95361   2.46321   4.55149    1672   14
   164   2.26868   1.18199   0.23823    1501   16
   165   1.51555   2.41531   2.04106    1537   15
   166   0.15411   1.44489   1.50478    1425   17
   167   2.08509   0.43556   2.34643    1424   13
   168   1.47144   2.23025   4.67222    1304   13
   169   3.45558   2.20125   1.44097    1004   12
   170   3.87960   1.81439   1.12590    1851   18
   171   3.91547   1.00926   6.01403    1437   14
   172   5.26317   2.03405   2.47667    1263   15
   173   1.76815   1.02676   0.72016    2179   18