     1   0.00000   0.00000   0.00000       0    0
     2   0.69415   0.33422   2.36165     695   13
     3   1.48107   1.89540   3.45033    1803   17
     4   6.16059   1.89132   5.92977     590   13
     5   3.86134   2.87389   0.85254    1860   19
     6   3.14043   1.38994   5.00366     470   10
     7   3.53726   2.88981   3.45207    2027   18
     8   4.65023   1.27865   4.61858     511   10
     9   4.61752   1.37571   4.46841     577   12
    10   6.18435   1.77289   6.14864    1154   15
    11   1.44718   1.77840   1.76264     899   15
    12   1.63365   1.75916   0.21702     700   11
    13   0.76492   0.14961   2.25294    1740   18
    14   0.03970   1.90369   3.01512    1688   15
    15   4.72198   1.24451   4.39944    1971   18
    16   0.62487   0.39563   5.69460     548   11
    17   4.65362   1.22284   4.53011    1356   17
    18   1.52213   1.66632   3.37741     546   12
    19   0.77562   0.35341   5.53156    1390   15
    20   1.15881   0.26389   2.03422    1012   13
    21   6.09724   1.79221   4.60324    1282   14
    22   4.74171   1.25009   2.82362     705   13
    23   6.11468   1.76856   2.88987    1050   11
    24   1.52999   1.87520   5.00200     521   10
    25   3.08396   1.41604   1.74961    2427   18
    26   4.69495   1.35777   4.55558    2213   18
    27   6.25721   1.68485   6.09352     788   14
    28   4.62038   1.31747   2.99612     640   14
    29   4.63379   1.23785   4.40310     901   13
    30   3.10878   1.40951   3.25770    1916   21
    31   6.21992   1.78451   4.57230    1215   16
    32   3.14269   1.36357   1.89539    2222   20
    33   4.77895   1.47305   6.14990     713   12
    34   1.66705   1.65387   0.29537    1145   14
    35   0.83134   0.16045   3.87844     412   12
    36   4.65362   1.22284   4.53011     316   11
    37   4.77895   1.47305   6.14990     830   14
    38   6.24170   1.72440   6.10572     849   13
    39   0.75605   0.31366   2.28807     671   11
    40   6.14871   1.81141   4.52199     539   10
    41   1.52932   1.75058   4.85148     769   14
    42   4.62513   1.33034   2.96660     383    9
    43   1.46402   1.85781   3.32860    1455   16
    44   4.62184   1.24562   4.55054     758   12
    45   3.91664   2.72079   2.40898     979   14
    46   6.20511   1.85541   1.30309     522   14
    47   6.24362   1.82152   4.45121    1394   14
    48   0.72920   0.31010   2.33128     436   10
    49   3.17580   1.31138   3.46781     560    9
    50   4.80805   1.35001   1.42287     829   17
    51   6.21199   1.78446   1.46820    2264   20
    52   3.59193   2.85761   0.46211    1173   16
    53   4.74266   1.29241   1.44291     635   10
    54   4.61455   1.37869   6.05379     516    9
    55   4.17739   2.78701   5.76208     944   13
    56   2.98310   1.40734   0.32496     425    9
    57   4.75951   1.42758   6.10600     605   10
    58   6.18634   1.77988   6.14457     972   18
    59   6.22595   1.84468   1.33431     533   10
    60   3.00261   1.37946   0.34338     779   13
    61   3.88346   2.83683   2.35683    1511   16
    62   2.99011   1.27190   0.31183     815   13
    63   3.08396   1.41604   1.74961     420    8
    64   3.07174   1.42179   0.09230    1490   20
    65   0.35624   0.31434   1.11010     488   12
    66   3.17282   1.42095   3.39048    1187   14
    67   3.53679   2.90038   5.23776     616   12
    68   3.00536   1.41546   1.78814     713    9
    69   1.52823   1.70428   4.81930     682   12
    70   6.19109   1.69647   1.32831     833   16
    71   2.96382   1.39803   5.01042     677   13
    72   6.20551   1.78110   1.23638    1010   14
    73   3.52226   2.77757   3.55664    1562   18
    74   4.62512   1.47064   6.02710    1381   15
    75   6.17918   1.77747   2.83973    4145   25
    76   4.75239   1.39474   1.35780     740   12
    77   0.63311   0.28903   5.49381     388    9
    78   0.78989   0.32606   2.21886     944   12
    79   0.72920   0.31010   2.33128     599   13
    80   6.07620   1.79616   4.36102    1702   16
    81   4.65317   1.30006   2.90355    2380   20
    82   1.54503   1.80077   3.38946     845   14
    83   1.48107   1.89540   3.45033     545   11
    84   4.17780   2.80515   1.06053    1961   18
    85   6.16674   1.73650   2.79858     496   11
    86   3.04726   1.47527   0.21503     582   12
    87   4.21810   2.86069   1.03890     847   14
    88   0.88799   0.36239   5.36272     479    9
    89   0.62765   0.28987   0.89296    2888   23
    90   0.96544   0.36288   3.75477     804   13
    91   3.65345   2.77077   2.10003    1020   12
    92   4.60544   1.24858   2.81811     554   10
    93   0.46487   0.26611   5.85171     600   13
    94   6.22051   1.80480   3.04237    1861   20
    95   1.23429   0.28973   0.32777     934   12
    96   0.05446   1.74778   2.96459     993   13
    97   4.77895   1.47305   6.14990     676   14
    98   2.98086   1.45885   3.33625     669   12
    99   1.52823   1.70428   4.81930     460    9
   100   4.73188   1.28078   1.38858     965   16
   101   4.70191   1.32697   6.01476    3028   21
   102   4.13315   2.72599   4.05056    1007   13
   103   1.52823   1.70428   4.81930     829   15
   104   1.15453   0.35175   5.07607    2517   18
   105   0.59200   0.40116   5.73550    1069   13
   106   3.02404   1.27391   1.83364     512   11
   107   3.20211   1.31760   4.79867    1100   16
   108   0.93595   0.30376   2.29074     254    7
   109   4.04045   2.76257   5.57851     783   13
   110   1.48107   1.89540   3.45033    1125   14
   111   1.49291   1.87608   1.76133    1752   19
   112   0.58390   0.38579   2.39992    1612   16
   113   4.79115   1.41247   3.04678    1052   12
   114   4.69427   1.45133   1.32364    1037   14
   115   0.83134   0.16045   3.87844     466    8
   116   4.67206   1.37874   1.42855     729   11
   117   0.84918   0.22308   5.38448    1249   18
   118   4.62726   1.44369   1.43442     857   13
   119   6.09322   1.89030   4.50027    1727   19
   120   0.98380   0.36320   2.10699    1359   16
   121   3.08396   1.41604   1.74961     890   16
   122   3.88909   2.84561   3.91793     614   14
   123   4.82407   1.27927   6.02813    2487   19
   124   1.64776   1.80263   3.37109     755   11
   125   3.15109   1.33641   4.87170     901   14
   126   3.57920   2.89783   5.11338    3649   23
   127   4.62038   1.31747   2.99612     628   10
   128   2.93978   1.31410   1.91904    1543   17
   129   3.13747   1.37600   1.79276    1178   16
   130   6.16913   1.75848   1.27318     928   13
   131   4.73980   1.32285   1.43627    1442   18
   132   4.73034   1.46972   4.59973     643   11
   133   2.96596   1.34427   1.87716     945   15
   134   4.14784   2.84446   1.02371    1985   18
   135   4.55386   1.44232   1.37401    3612   26
   136   1.25417   0.35773   0.35972     424   11
   137   4.62038   1.31747   2.99612     392    8
   138   6.11179   1.86080   1.39688    1599   17
   139   4.70145   1.34109   1.37489    2173   19
   140   3.97774   2.79486   5.62522     793   12
   141   0.83134   0.16045   3.87844     539   11
   142   0.04749   1.66227   4.53841    1768   18
   143   1.44718   1.77840   1.76264     246    9
   144   1.67605   1.71567   0.32090     965   14
   145   6.06991   1.85316   1.24373    1227   17
   146   1.53186   1.86314   0.14347    2002   20
   147   1.41856   1.78008   3.33860     758   12
   148   3.09003   1.33612   1.75911     624    9
   149   0.43377   0.21612   4.29999     875   13
   150   0.91465   0.36592   0.55140     739   10
   151   0.80738   0.40847   3.91317     787   12
   152   3.04704   1.45293   4.94944    1174   13
   153   4.60287   1.31826   1.36300     467   11
   154   3.01498   1.35982   4.93759     777   11
   155   6.26001   1.76617   2.93696    1220   16
   156   3.07149   1.25507   3.32565    1310   15
   157   1.47320   1.85346   0.19423     548   12
   158   4.24469   2.78357   4.29088    2635   19
   159   1.47021   1.70990   4.79884     450    9
   160   4.76024   1.24639   2.95112     743   14
   161   0.43406   0.25668   2.68263    1185   17
   162   0.92510   0.36799   2.24097     735   13
   163   4.65012   1.33397   1.41672     682   11
   164   4.67387   1.32622   2.81552     697   13
   165   4.60104   1.41088   1.38482    1216   19
   166   4.75239   1.39474   1.35780    1469   15
   167   4.75687   1.37904   4.59274     682   14
   168   1.52994   1.83156   4.94704    1816   14
   169   0.59636   0.34664   4.16371     771   15
   170   3.08396   1.41604   1.74961     489   10
   171   4.25043   2.77720   1.20361     886   14
   172   4.05683   2.74780   0.89103    2603   23
   173   4.34463   2.80492   2.83595     602   13
   174   1.46386   1.74756   4.96013     652   12
   175   4.39025   2.78452   1.31160    1205   16
   176   0.68674   0.28678   4.09121    1416   18
   177   4.72624   1.34720   6.16677    1202   17
   178   6.20727   1.79802   1.29364     692   12
   179   3.92643   2.82629   2.39230    1951   17
   180   0.72696   0.26145   0.78720    1975   19
   181   3.17867   1.31439   0.19707    1203   15
   182   4.22863   2.89911   2.81618    1027   13
   183   4.60825   1.42109   1.39048     977   12
   184   4.65362   1.22284   4.53011    2455   20
   185   4.72231   1.46754   2.86058     650   11
   186   2.98282   1.39702   1.69399    1924   17
   187   4.70350   1.29233   1.40716     372    7
   188   3.78080   2.93094   3.93260    1030   14
   189   6.13451   1.76174   1.35351    1815   20
   190   3.97321   2.69760   3.99691    1287   17
   191   3.13485   1.41960   0.21337     598   11
   192   4.55364   1.42614   4.61478     779   13
   193   1.02635   0.36168   2.17646    1431   15
   194   3.95650   2.80385   5.44415    1535   18
   195   4.56613   1.37264   6.15877     819   15
   196   4.75980   1.28856   4.38903    1264   16
   197   0.86974   0.40456   5.32890    1055   17
   198   0.47039   0.22025   1.17696     832   15
   199   1.60362   1.73241   0.22977     608   13
   200   4.80307   1.36482   6.03108    1000   16
   201   6.20668   1.74263   2.94392    1324   17
   202   4.17025   2.87405   5.82529     954   12
   203   4.67946   1.37721   3.02999    1416   15
   204   1.68591   1.89975   0.20659    1083   13
   205   4.77895   1.47305   6.14990     335   11
   206   4.76367   1.27545   2.87405    1308   15
   207   4.64147   1.32858   5.94639    1460   19
   208   3.08396   1.41604   1.74961    1355   16
   209   4.00822   2.81389   5.58547    1038   13
   210   1.66422   1.73126   0.25715     879   13
   211   4.55364   1.42614   4.61478     674   12
   212   0.91128   0.16303   3.74210     556   10
   213   0.54643   0.29414   4.00645    1353   18
   214   2.96091   1.35694   0.30899    2350   21
   215   3.10721   1.44640   0.24952    1654   14
   216   4.67730   1.38519   2.80054     805   15
   217   0.96759   0.30703   0.68612    1008   14
   218   1.46278   1.93101   5.01344     849   16
   219   4.67421   1.22716   4.57443     543   11
   220   0.61738   0.40266   2.50505    2866   22
   221   4.21606   2.85124   4.25589    1653   17
   222   3.91418   2.81524   0.76789     782   14
   223   3.52200   2.77365   3.60089    1524   17
   224   3.08396   1.41604   1.74961     795   12
   225   6.24813   1.77423   5.94630    1388   17
   226   6.16010   1.66567   6.05868     646   12
   227   3.17743   1.34300   3.43335     534    9
   228   4.04699   2.89639   2.41773    3748   28
   229   1.52668   1.87701   1.81999     938   13
   230   6.22079   1.88196   4.36117    1478   15
   231   3.08396   1.41604   1.74961     644   12
   232   3.95650   2.80385   5.44415     309   10
   233   0.72920   0.31010   2.33128    1487   13
   234   1.52823   1.70428   4.81930     838   10
   235   0.63568   0.29596   5.51486     834   12
   236   4.58435   1.38029   4.43632    1365   16