     1   0.00000   0.00000   0.00000       0    0
     2   4.29708   2.95755   2.84630    1141   19
     3   4.61870   1.39002   4.49448    1405   15
     4   1.39678   1.85864   1.55906    1617   20
     5   6.11764   1.80185   1.38555     380   10
     6   6.15844   1.74847   4.51804    1874   16
     7   4.55382   1.31747   6.23025     498   10
     8   3.82764   2.81317   2.35551    2384   16
     9   1.16180   0.12990   0.30006     524   10
    10   6.04535   1.68694   2.92113     487   11
    11   1.41553   0.22894   1.65967    1147   13
    12   4.07069   2.87743   5.72781    1641   17
    13   2.94282   1.36089   0.26200     855   13
    14   1.33010   1.76375   3.15004     619   14
    15   0.68963   0.16446   2.32481    2707   18
    16   4.08771   2.80821   1.11067     988   13
    17   3.03356   1.33994   1.85244     743   15
    18   4.57652   2.86592   0.09933    1625   16
    19   2.91136   1.44681   0.24858    1310   17
    20   2.88434   1.57061   0.18915    1645   19
    21   6.15151   1.80755   1.44275    1988   19
    22   4.72914   1.34787   4.54795    1190   17
    23   1.00971   0.33723   0.45674     920   15
    24   2.96212   1.47457   0.10454     619   10
    25   4.56616   1.45715   3.09362     395    9
    26   6.09948   1.58740   2.87981    3027   24
    27   2.94282   1.36089   0.26200    2198   20
    28   1.39272   1.90483   0.20950     731   14
    29   0.54314   0.18126   4.08565    1108   15
    30   1.44064   1.83115   0.10083    1153   19
    31   1.38285   1.71174   0.02045     868   12
    32   4.08318   2.87470   0.98960    2683   23
    33   3.09771   1.53262   3.46756    1462   17
    34   6.21785   1.65533   4.38041    1960   18
    35   6.11764   1.80185   1.38555    1053   15
    36   1.42025   1.70618   1.66116    1235   15
    37   6.10605   1.79295   5.93709     996   13
    38   2.94422   1.48036   3.35336    1611   15
    39   6.01126   1.72580   4.50254     976   14
    40   6.11764   1.80185   1.38555     746   14
    41   6.12045   1.59261   2.94343    1373   19
    42   6.22996   1.72436   2.82139     892   13
    43   6.22539   1.66502   1.42442    1055   17
    44   1.41839   0.25674   4.73846    1005   15
    45   4.70775   1.42244   1.44059     684   13
    46   3.72949   2.86743   2.26815     753   16
    47   2.98071   1.52559   0.29549     769   15
    48   1.53126   1.74790   3.24790     926   16
    49   0.87540   0.20909   2.25368     428   11
    50   1.58150   1.86519   1.82226     649   12
    51   4.56616   1.45715   3.09362     426   11
    52   4.62412   1.25649   1.44873     940   15
    53   3.75516   2.86664   5.46188    1627   15
    54   6.17576   1.77331   1.31410    1214   16
    55   6.15980   1.73177   4.43314    1364   14
    56   1.19578   0.30247   4.82603     664   11
    57   1.50385   1.83413   3.16010    1380   18
    58   4.60979   1.32210   4.64985     601   11
    59   4.04025   2.92821   2.65788     676   14
    60   1.00971   0.33723   0.45674     342    8
    61   6.23461   1.73548   1.32205    1016   14
    62   4.49504   2.79778   6.18385     799   11
    63   2.88434   1.57061   0.18915     430   11
    64   6.06796   1.67131   2.85458     551   10
    65   4.65229   1.22730   6.17427     654   11
    66   3.53720   2.91517   5.16816     789   12
    67   3.95340   2.93500   0.83491    1266   14
    68   4.53637   1.41907   6.17020    1242   16
    69   3.86885   2.92705   2.42799    1763   16
    70   1.36114   1.73666   1.71428     625   12
    71   1.54281   1.86029   1.63691     643   13
    72   6.16051   1.66381   6.14205     957   13
    73   2.97224   1.47693   0.16372    3335   22
    74   3.05984   1.42600   4.97662     638   11
    75   4.29797   2.94558   6.06757    1252   15
    76   0.50757   0.15996   0.80590    1333   17
    77   2.96767   1.37571   1.80967     644   10
    78   1.42850   1.83122   3.33205    1365   15
    79   6.01515   1.67243   1.34498    2981   20
    80   6.14247   1.63767   2.89267    1044   15
    81   2.96365   1.33397   4.85344    1132   16
    82   2.95041   1.57650   4.81544     476    8
    83   3.03952   1.46975   1.70935     413    9
    84   1.47883   1.78695   0.15813    1717   15
    85   3.72756   2.96726   0.66609    1084   15
    86   4.20355   2.88795   5.88969     947   13
    87   0.94493   0.21224   3.60333     825   12
    88   4.56635   1.36292   6.27116    1392   18
    89   1.43439   0.25228   4.67193    1011   14
    90   0.82911   0.35905   0.61033    1178   14
    91   1.22823   0.13398   1.68643    1585   16
    92   4.29797   2.94558   6.06757     524   14
    93   1.34305   1.82226   3.23826     518   10
    94   4.72913   1.23520   4.60347    1545   16
    95   4.69761   1.44335   6.25959    2266   23
    96   1.56608   1.66808   1.74317     669   12
    97   3.03356   1.33994   1.85244     890   15
    98   3.97980   2.94205   5.65879    1733   17
    99   1.44495   1.87029   1.78629    2156   18
   100   6.08186   1.62529   4.43879    1606   21
   101   4.65596   1.38746   6.07614     434   11
   102   1.42526   1.72625   1.69110    1343   14
   103   1.42821   1.85518   1.72317     442   12
   104   4.63035   1.29455   3.02769     691   14
   105   2.95971   1.34491   0.35159    1309   17
   106   4.59262   1.37539   4.72377    4057   28
   107   6.24119   1.71109   6.16069    2161   17
   108   3.06536   1.45826   3.35470    1018   16
   109   1.42777   1.74069   4.82131    1028   12
   110   4.63741   1.47503   4.54516    1614   18
   111   3.77999   2.96028   0.89270    1614   20
   112   4.58935   1.35645   1.47149     919   13
   113   6.11281   1.56599   6.01667    1189   14
   114   3.10087   1.55596   0.22693     654   14
   115   4.10061   2.89079   1.10195    1985   21
   116   1.54555   1.72851   4.79682     446   10
   117   2.87876   1.48581   1.79649     387   11
   118   0.87302   0.22684   2.13764     695   10
   119   6.15593   1.73115   4.46936     615   15
   120   3.08053   1.54813   1.75727    1303   15
   121   2.87190   1.49714   5.04113    2075   25
   122   3.05249   1.34349   4.93507    1182   15
   123   4.52811   2.80690   3.07810     719   11
   124   4.63012   1.32361   1.43929     671   13
   125   3.01322   1.45182   1.77023     814   12
   126   2.96080   1.44824   4.87797     616   13
   127   4.59242   1.36717   1.34095     420    8
   128   4.53516   1.41616   3.13380    1468   19
   129   1.53698   1.75271   4.72364    2201   19
   130   6.22291   1.68107   1.43950     767   13
   131   3.03632   1.49514   0.21718    1017   16
   132   2.87876   1.48581   1.79649    1144   13
   133   3.08034   1.34629   0.20370     373   12
   134   4.70775   1.42244   1.44059    1782   19
   135   4.72588   1.44426   1.32338    1736   17
   136   3.10555   1.42980   1.72416    1707   20
   137   4.55382   1.31747   6.23025     508   10
   138   1.50765   1.66235   4.73306    1466   18
   139   0.87737   0.38919   3.71405     764   16
   140   6.22539   1.66502   1.42442     805   14
   141   1.36047   1.87701   3.28231    1472   19
   142   3.02104   1.47649   3.27512     930   16
   143   1.47044   1.70037   0.15016     798   10
   144   6.21900   1.58185   6.03183     711   11
   145   4.42820   2.84699   6.09987     660   11
   146   2.94282   1.36089   0.26200    1129   15
   147   1.47099   0.25194   3.21254     724    8
   148   6.16274   1.67114   1.39009    1344   15
   149   6.25903   1.65260   2.99358     974   13
   150   1.44443   1.82795   0.03094     939   13
   151   6.25180   1.57739   4.54348     682   14
   152   4.59242   1.36717   1.34095     602   11
   153   1.33313   0.32883   4.80257    1316   15
   154   3.89513   2.96169   2.46646     800   10
   155   1.41088   1.80169   1.57230    1193   13
   156   4.51862   1.37592   6.22788     748   12
   157   2.92986   1.58230   1.82768    1229   15
   158   4.27308   2.86503   4.32181    2582   13
   159   6.18731   1.65933   1.40226     800   12
   160   0.96136   0.29103   0.35047     576   10
   161   6.21528   1.76261   6.13897    1896   19
   162   1.01540   0.37750   3.47915    1785   14
   163   3.06896   1.41297   3.29943     897   15
   164   6.06796   1.67131   2.85458    1059   16
   165   3.08381   1.52464   1.86082     708   10
   166   1.50385   1.83413   3.16010    1177   17
   167   0.82485   0.24774   2.16935     689   12
   168   6.15142   1.58537   2.89707    2792   24
   169   1.49113   1.71587   1.61602     869   14
   170   2.89172   1.56692   4.93163     737   12
   171   0.80995   0.23306   0.62779     713   13
   172   3.10913   1.52877   3.39249     708   14
   173   2.89829   1.58689   0.17467    1188   17
   174   0.98106   0.20080   2.00926    1344   15
   175   2.94282   1.36089   0.26200     826   15
   176   3.75384   2.87705   3.97167    1357   16
   177   1.25822   0.31552   4.93460    1620   19
   178   4.48232   1.38431   4.68805    1330   14
   179   1.09572   0.16858   0.46622    3574   24
   180   3.06707   1.50637   3.30135     537   10
   181   1.41126   1.75867   4.69788     680   14
   182   4.53637   1.41907   6.17020     592   11
   183   4.58096   2.89399   1.66784     609   14
   184   1.31327   0.19983   4.81906    2057   19
   185   1.40642   1.78430   3.18124     429   10
   186   1.27822   0.12529   3.20784     599   10
   187   6.03346   1.63700   1.37563    1059   12
   188   4.44015   3.00590   1.44016     832   16
   189   4.55320   3.05431   1.55492    1988   17
   190   4.41687   2.81391   6.16062     993   15
   191   1.35244   1.76138   0.07206     773   11
   192   2.95657   1.41952   0.17797    1063   12
   193   1.51910   1.80556   0.12010     764   12
   194   6.10227   1.81090   4.55747     863   12
   195   1.00971   0.33723   0.45674     437   10
   196   4.66905   1.36671   2.95717     775   12
   197   6.06586   1.69011   2.95030     637   12
   198   0.84113   0.23455   5.21586    1734   20
   199   4.64361   2.95317   3.10651     774   10
   200   1.48371   1.91477   1.62083    1150   16
   201   3.06210   1.43758   3.46068    1361   19
   202   2.88434   1.57061   0.18915    1056   14
   203   0.81499   0.31326   2.20846     766   12
   204   6.11465   1.64435   6.01674     455   11
   205   0.72529   0.18621   5.32829     676   12
   206   4.56401   1.47188   4.70832     729   10
   207   0.86644   0.19337   5.35913     832   14
   208   0.82031   0.17498   5.22755     777   14
   209   1.45414   1.67607   3.22905    2559   23
   210   1.45683   1.71988   3.26140     922   15
   211   1.55697   1.77093   4.72384     766   15
   212   4.29951   2.84328   2.94540    2039   19
   213   6.06796   1.67131   2.85458     858   16
   214   4.58750   1.35306   1.37790     607   11
   215   4.53568   1.39893   2.90990    2421   18
   216   1.50385   1.83413   3.16010     930   13
   217   6.14018   1.73831   6.01959    1204   14
   218   4.45726   1.35836   4.73174    1259   16
   219   3.96692   2.96281   4.10530    1357   14
   220   1.45336   1.77803   4.86089     789   12
   221   3.83594   2.93298   5.55953     922   16
   222   1.49113   1.71587   1.61602     629   13
   223   1.01362   0.25303   0.42439     348    8
   224   1.25317   0.21599   3.41812    1047   14
   225   1.10751   0.12028   1.81450     982   16
   226   4.68102   1.24323   1.46094     365    8
   227   1.45683   1.71988   3.26140    2136   16
   228   1.53721   1.76277   4.88535     842   14
   229   6.20081   1.80782   1.37222     858   11
   230   4.53751   2.89584   4.79276    1753   18
   231   0.57522   0.27355   2.37993    1099   17
   232   2.94864   1.33866   3.38597    2567   19