     1   0.00000   0.00000   0.00000       0    0
     2   3.01039   1.23284   5.05408     858   12
     3   1.70279   1.93107   5.24127    3881   21
     4   6.14015   1.97267   1.26650    1566   13
     5   3.38349   2.50997   5.11572     566   10
     6   0.55162   0.53625   0.89795    2829   18
     7   6.20506   2.12900   4.31106     282    8
     8   1.59319   1.80621   0.49416    1471   16
     9   6.24169   1.93911   6.08747     372    7
    10   6.27496   1.94534   6.00122     676   12
    11   1.66084   1.83537   0.50255    1264   12
    12   6.28265   2.15174   1.31736    1151   14
    13   0.68558   0.54231   5.58064    1654   12
    14   6.27496   1.94534   6.00122     388    8
    15   1.77293   1.94015   2.21904    1234   17
    16   3.09090   1.11361   5.15254    3768   22
    17   1.59319   1.80621   0.49416     869   14
    18   4.72167   1.24123   2.73535     666   12
    19   4.89389   1.19853   2.53828     507    9
    20   1.62226   1.84767   2.09586     397    9
    21   4.72167   1.24123   2.73535    1220   15
    22   3.70684   2.58670   0.71381    4793   27
    23   4.71715   1.31954   1.19115     937   10
    24   6.08852   1.97818   2.81166     797   13
    25   4.71368   1.20672   1.13089     639   13
    26   3.87010   2.65898   3.82050     929   11
    27   3.45692   2.57781   3.50499    1730   13
    28   3.00098   0.97916   1.97138    1159   17
    29   2.92230   1.14701   1.90584     720   11
    30   0.63134   0.62128   3.94481     524   11
    31   3.55521   2.61935   2.09960     528   12
    32   3.12559   1.20858   0.32318     687   10
    33   3.77528   2.60247   3.80825     450   11
    34   0.45640   0.47438   2.64542    3508   19
    35   2.96682   1.10928   5.10547     534    8
    36   6.08120   2.03614   5.89161     506   12
    37   3.00098   0.97916   1.97138     690   12
    38   3.00342   1.17823   0.31183    5418   26
    39   2.93609   1.21131   4.99130    2329   20
    40   3.71799   2.54683   2.26652    1963   17
    41   6.15170   2.07072   4.40448    2309   15
    42   4.72167   1.24123   2.73535     594   10
    43   2.91598   1.19031   1.90485    4481   23
    44   0.80268   0.55322   3.81763    5160   26
    45   1.68666   1.91361   3.51871    3217   24
    46   0.66138   0.69806   5.69588    2801   18
    47   2.99153   1.03364   0.27204     716   14
    48   4.76211   1.37295   2.68388    1856   20
    49   2.96362   1.00031   0.39660    1700   17
    50   4.63506   1.22801   4.35330     422    9
    51   4.76421   1.28313   4.16038    2109   17
    52   0.35600   0.58252   5.91115    4208   21
    53   4.76674   1.30768   1.07594    2069   17
    54   6.28265   2.15174   1.31736     432    9
    55   3.07484   1.18199   3.33648    1480   19
    56   1.55914   1.89451   3.52907    1057   12
    57   3.12379   1.08138   4.99977    1375   14
    58   3.75062   2.64871   5.44443     554    7
    59   2.96315   0.99860   2.05673     648    9
    60   3.62084   2.50863   2.05292    2580   22
    61   3.88205   2.56707   0.90130     863   13
    62   6.10887   1.99704   5.91304     731   13
    63   4.72498   1.32948   2.64625     754   11
    64   3.53954   2.58677   1.88722    1383   15
    65   6.08120   2.03614   5.89161     337    9
    66   3.06338   1.01256   3.52752     374    8
    67   6.18870   1.92241   1.21820     518   11
    68   3.15919   1.17477   0.19556     730   12
    69   4.83677   1.36172   4.18745    1476   17
    70   0.71964   0.50001   0.69806     722   11
    71   6.27033   2.07895   2.81069     539   13
    72   1.49764   1.87016   3.74479    2551   22
    73   4.71911   1.22976   5.67575    1120   11
    74   3.59178   2.53929   5.30729     391    9
    75   4.80473   1.17442   5.67283     486   10
    76   3.64224   2.71706   5.22111     687   10
    77   3.03606   1.01729   3.46007    2366   18
    78   3.56684   2.66125   2.01446    1169   11
    79   6.02673   2.03929   1.14676     411    8
    80   2.99274   1.17424   3.44705    1283   12
    81   4.81552   1.30923   4.26572     374    9
    82   2.99153   1.03364   0.27204    1994   21
    83   1.69898   1.77316   3.72155     311    9
    84   4.65259   1.35502   5.92498    1097   11
    85   1.69898   1.77316   3.72155     779   15
    86   6.13459   1.94623   2.72853    3782   23
    87   0.00000   0.00000   0.00000     953   13
    88   0.60428   0.55997   2.48003    1726   17
    89   0.54091   0.46839   5.63555    4822   26
    90   3.91964   2.52895   5.41873     529    8
    91   3.81178   2.49195   0.63991    2566   13
    92   0.55070   0.58403   2.42250    1263   12
    93   4.67998   1.20633   4.18266    1687   12
    94   6.27496   1.94534   6.00122    1732   15
    95   3.59178   2.53929   5.30729     558   10
    96   4.73221   1.34816   4.17641    1832   15
    97   6.08120   2.03614   5.89161     512    8
    98   6.09553   2.12163   1.28174     946   11
    99   4.70130   1.20197   2.74341    2974   16
   100   1.51390   1.79832   5.30562     682    7
   101   3.47062   2.61206   1.99139     827   10
   102   3.95928   2.60758   5.60597     847    9
   103   3.75255   2.60714   3.83870     615   10
   104   1.72965   1.85215   2.06589     762   17
   105   0.72250   0.53682   5.62021    4210   28
   106   0.53507   0.58080   1.11306     888   11
   107   4.72167   1.24123   2.73535    1411   19
   108   2.93609   1.21131   4.99130     439   10
   109   3.00996   1.13570   0.36686     564    8
   110   1.67728   1.81559   2.00133     555    8
   111   4.72357   1.25600   2.61572     564    8
   112   4.78509   1.30483   4.21279    1704   22
   113   0.79256   0.56966   0.84644    1421   13
   114   6.25215   2.03425   6.04651     439    9
   115   6.26103   1.94682   5.94821     658   11
   116   4.61462   1.25480   2.69865     717   11
   117   3.75255   2.60714   3.83870    3532   25
   118   6.10393   2.11108   1.16420    2391   19
   119   6.08120   2.03614   5.89161     505   11
   120   0.54397   0.47442   2.50971    1297   19
   121   3.69144   2.52292   2.05974     380    8
   122   3.44972   2.62948   3.62279    1386   13
   123   3.01860   1.11509   3.57746    4622   27
   124   6.28265   2.15174   1.31736     651   10
   125   4.72811   1.29367   4.30538     340    8
   126   6.15315   1.91027   4.33858    2178   22
   127   0.57595   0.68563   4.04795    1983   17
   128   4.82156   1.18293   5.68385    1963   18
   129   3.62084   2.50863   2.05292     447   10
   130   2.96695   1.12628   0.25451    4554   20
   131   3.93655   2.64328   5.45320    1054   12
   132   6.27496   1.94534   6.00122     340    7
   133   6.27496   1.94534   6.00122    1048   14
   134   4.81355   1.22301   2.58469    4919   23
   135   6.15555   1.97860   2.88660    2423   20
   136   4.81017   1.37739   1.07459    2112   16
   137   0.63134   0.62128   3.94481     680   10
   138   4.66585   1.34274   4.24700    4041   20
   139   6.11945   2.06027   1.24447    1287   15
   140   4.83076   1.21921   2.62060     829   12
   141   1.66824   1.89105   1.99633    1966   16
   142   0.63134   0.62128   3.94481     693   13
   143   1.47785   1.89614   5.12192    1148   12
   144   6.14517   1.95404   2.84119    2361   16
   145   3.03037   1.14210   0.34005     424    6
   146   3.56684   2.66125   2.01446    1227   12
   147   2.88466   1.02363   5.17894     834   14
   148   4.78287   1.21564   2.60531    1454   15
   149   0.53555   0.63119   0.99464     831   12
   150   3.69955   2.53376   5.29764     670   11
   151   3.78471   2.63529   0.59339    3118   21
   152   3.62611   2.60919   5.12744    2269   18
   153   0.36018   0.52358   5.84247    2997   18
   154   1.69514   1.90200   3.74711    1989   20
   155   2.94105   1.01934   3.56548     986   11
   156   0.63134   0.62128   3.94481    1317   17
   157   4.71261   1.24322   4.26003    3319   23
   158   6.18870   1.92241   1.21820    2551   17
   159   6.06823   2.02155   2.73902    2189   16
   160   6.02412   2.00762   1.14448    1456   17
   161   3.66115   2.71630   5.33977    1039   14
   162   4.62952   1.22987   5.92265     489    9
   163   4.76500   1.38450   4.18145     735   13
   164   2.92582   1.18680   0.32394     651    9
   165   1.63179   1.91390   1.99952    2433   18
   166   4.76664   1.36003   4.28732     853   10
   167   0.54410   0.52829   5.60208    1461   17
   168   6.28040   2.03288   5.97944    2693   19
   169   3.68727   2.69218   3.64185    3267   22
   170   3.44042   2.54052   5.04476    4424   26
   171   1.56897   1.74787   3.56299     652   10
   172   0.00000   0.00000   0.00000    3827   24