     1   0.00000   0.00000   0.00000       0    0
     2   0.23162   0.09299   4.99373    1482   14
     3   3.05356   2.89503   4.20593     858   12
     4   2.03338   1.40250   4.93749    1099    9
     5   3.53168   1.32994   1.48002    1520   19
     6   1.90443   1.42755   3.20972     694   10
     7   0.10222   0.22826   4.89016     996   14
     8   3.55345   1.42392   1.49712    1813   17
     9   5.07075   1.69442   6.24787    1103   14
    10   2.08312   1.44980   0.15917    1439   19
    11   3.08344   2.96401   4.27714    1558   19
    12   1.96146   1.47692   1.63481    1068   17
    13   5.11662   1.65630   2.90736     801   10
    14   0.51461   1.62330   4.89096    1343   16
    15   3.41530   1.48353   4.54810    1044   14
    16   4.94975   0.06105   0.16277    1900   16
    17   3.58127   1.40508   3.10181     730    9
    18   0.41992   1.74150   4.89811    1182   16
    19   5.13885   1.65678   1.54479    1506   15
    20   3.10559   3.00367   1.04557    1327   15
    21   3.07828   3.12805   0.98798    1674   16
    22   3.48553   1.41848   1.43293    1228   16
    23   3.44930   1.43854   1.50242    1925   16
    24   3.51218   1.49685   6.23405    1601   15
    25   0.40631   1.77247   6.27752     948   11
    26   5.11662   1.65630   2.90736     739   12
    27   0.30246   1.62298   6.25822    1206   13
    28   5.74107   0.10315   0.91876     651   13
    29   0.49041   1.54147   0.14932    1248   13
    30   3.81911   2.98268   4.94736    1802   17
    31   0.49671   0.14152   4.50889    1404   16
    32   2.05747   1.51940   3.23878    1807   19
    33   0.39151   1.70962   1.60269    1097   12
    34   0.46627   1.75214   0.15223    1756   19
    35   3.45300   2.99566   4.56867    1027   17
    36   3.44579   1.43865   6.20090    1039   13
    37   5.07027   1.58490   6.16157     650   13
    38   1.91406   1.57735   0.10128    1835   17
    39   0.59629   0.12568   2.97143    1393   16
    40   0.50416   1.77990   6.25340    1800   17
    41   0.26132   1.67110   1.52568    1376   17
    42   3.62914   1.45471   1.43247    1590   18
    43   3.57174   1.57230   4.64536     763   13
    44   0.35345   1.62152   6.26211    1148   16
    45   0.27649   1.66940   3.31173    1308   15
    46   5.87867   0.29936   2.30425    1344   15
    47   3.36473   2.90119   4.65925    1297   13
    48   0.05952   0.16233   2.03092    1094   16
    49   5.12099   1.63785   4.62285     952   13
    50   0.55102   0.16936   6.10344    1200   15
    51   6.15745   0.10334   5.11901    1259   17
    52   5.21528   1.51589   6.23447    1440   12
    53   3.53716   1.52294   3.09339     720   12
    54   5.06756   1.69899   3.00926    1995   17
    55   0.43052   0.16224   4.69496    1441   14
    56   3.42933   1.37361   4.74486    1263   16
    57   5.67012   0.13294   5.64986    1396   19
    58   5.12099   1.63785   4.62285     515   11
    59   6.11997   0.25748   3.71622    1287   13
    60   0.00000   0.00000   0.00000     827    9
    61   3.54162   1.51945   3.19062    1027   15
    62   2.06782   1.50452   3.14214    1137   15
    63   0.49648   1.67500   1.73801    1426   16
    64   5.95079   0.24988   5.33765    2209   19
    65   1.89577   1.61895   0.15415    1201   15
    66   2.07353   1.46852   3.19512    1435   16
    67   3.69576   3.02890   0.22165    1111   10
    68   3.12885   2.95875   1.14525    1621   15
    69   6.04142   0.17610   5.28171    1166   15
    70   2.03874   1.39516   4.88388    1221   13
    71   0.32682   1.73350   6.22421    1168   14
    72   3.07007   3.07423   2.77246     821   12
    73   6.26821   0.24224   5.04134    1287   16
    74   3.50118   2.89918   0.06180    1935   16
    75   0.45243   1.58556   1.69742    1423   14
    76   1.98226   1.56357   1.68696    1991   16
    77   5.09955   1.60715   6.14376    1153   11
    78   3.46131   1.45976   0.04271    1036   13
    79   5.03371   1.61987   6.03510    1011   17
    80   1.29437   0.08699   0.72544    2421   18
    81   5.12649   1.75167   4.65577    1265   13
    82   3.51351   1.49294   4.69754    1478   16
    83   2.51385   2.95247   5.33406    1481   13
    84   3.43832   1.41155   4.68297    1612   18
    85   0.73564   0.12568   2.92523    1352   14
    86   5.10824   1.72415   4.59724     873   12
    87   0.35910   1.71087   6.23251    1091   14
    88   5.22140   0.16395   1.44415    1638   17
    89   0.37465   1.76386   3.28363    1912   16
    90   0.42419   1.61670   1.65829    1406   15
    91   0.45093   1.66224   3.10014    1129   15
    92   5.07027   1.58490   6.16157    1194   13
    93   0.51519   1.65538   1.64237    1669   16
    94   0.42966   1.79821   4.83900    2045   18
    95   1.97997   1.36560   4.89055    1109   13
    96   5.10391   1.54825   1.41020    1056   10
    97   5.48874   0.20164   1.15705     897   14
    98   2.41898   2.99631   0.34428    1425   14
    99   3.44363   1.48120   3.00561     800   11
   100   5.10824   1.72415   4.59724     880   11
   101   2.95078   3.00097   4.05307    1544   16
   102   2.30063   3.00474   3.44238    1283   16
   103   0.16603   0.23321   3.35526    2169   18
   104   5.06505   1.69304   6.13954    1756   15
   105   1.96126   1.56345   1.77084    1069   14
   106   5.09238   1.57227   4.55034     788   12
   107   5.01951   1.74769   2.97501    1294   12
   108   3.62802   3.04272   6.26405    1279   18
   109   0.06639   0.25257   5.03477     690   12
   110   0.18136   0.14093   3.32306     933   12
   111   1.93457   1.36684   4.88233    1568   17
   112   6.05846   0.26751   2.23437    1033   13
   113   3.41660   1.46880   6.15712    2117   17
   114   0.73191   0.10258   5.87929    1563   15
   115   2.01552   1.59612   3.15784    1426   13
   116   3.42967   1.41681   4.68440    1099   16
   117   0.29848   1.69699   4.75271    1476   15
   118   5.52698   0.10193   5.79608    1589   15
   119   0.27283   1.76413   1.62537    1090   12
   120   1.16207   0.07035   5.49857    1711   16
   121   5.77591   0.20763   5.71928    1269   17
   122   1.77076   3.05663   3.07758     695   13
   123   5.10123   1.61667   6.21145     986   14
   124   5.17696   1.67973   2.95363    1235   13
   125   3.45300   2.99566   4.56867     919   11
   126   1.01402   0.07523   2.60526    1427   16
   127   3.42967   1.41681   4.68440    2231   19
   128   4.99191   1.73626   4.60942     975   14
   129   0.27176   1.70141   1.68726    1228   14
   130   0.49756   1.70186   0.07996    1701   16
   131   1.87413   1.59380   0.05947    1412   16
   132   2.96895   2.94939   2.70058    1811   16
   133   2.16271   2.95895   1.67364    1677   15
   134   3.02082   2.92794   0.97128     781   11
   135   5.13256   1.64809   4.61284    1055   16
   136   5.72057   0.21704   1.03332    1252   13
   137   1.91928   1.50739   4.75888    1843   18
   138   2.46381   3.06319   3.60074    1185   14
   139   3.04309   3.05259   2.68807    1422   14
   140   5.73720   0.19064   5.69928    2027   18
   141   2.42348   3.05095   3.72293    1423   15
   142   3.65977   1.55277   1.39913    1230   12
   143   2.24651   3.11987   3.47678    1119   15
   144   5.19125   1.62398   4.48261    1562   15
   145   0.38270   0.14634   4.74007    1418   18
   146   2.84244   2.95545   0.97775    1102   10
   147   1.90253   1.37981   1.79648    1325   15
   148   0.07191   0.13604   0.31499    1110   15
   149   3.60876   1.49700   0.00602    1582   16
   150   5.15972   1.70380   1.39043     928   13
   151   5.03003   1.58102   6.28196    1368   17
   152   5.67012   0.13294   5.64986    1729   17
   153   1.86869   1.53846   1.75294    1050   15
   154   1.96705   1.45868   0.08386    1066   15
   155   5.11224   1.55425   6.03993     993   13
   156   1.97626   1.43234   4.69387    1713   19
   157   1.91800   1.44284   4.73346    1325   14
   158   3.45300   2.99566   4.56867    1244   16
   159   3.62269   2.87452   4.76564    2061   20
   160   3.65763   2.91240   0.03230     843   13
   161   1.86693   1.50251   6.27352    1379   13
   162   3.07007   3.07423   2.77246    1481   16
   163   3.65714   1.56054   4.60991    1501   18
   164   0.48492   1.82997   3.12594    1466   16
   165   2.69823   2.93621   3.95425    1751   19
   166   5.07027   1.58490   6.16157     995   14
   167   0.40511   1.78495   1.63341     820   13
   168   2.66311   2.95471   3.91600     692   12
   169   3.57259   2.99402   0.16216    1339   17
   170   5.03371   1.61987   6.03510    1042   16
   171   3.61172   1.39261   1.42825    1673   14
   172   5.16151   1.62782   4.50287    1521   18
   173   5.97488   0.12588   0.72589    1258   16
   174   1.88523   1.58394   0.04383    1702   18
   175   0.38652   1.74538   3.34873    1452   19
   176   5.74038   0.20769   2.42000    2306   21
   177   4.73696   3.05825   4.31575    1180   13
   178   5.18870   1.67615   6.27864     900   12
   179   1.95974   1.49395   3.32226    1342   14
   180   3.51462   1.46818   1.47196    1174   16
   181   2.08209   1.49357   4.78878    1137   13
   182   3.54472   1.41463   4.64999    1532   17
   183   5.05906   1.64953   6.26463    1042   12
   184   3.49638   1.40774   1.49092    2508   20
   185   2.52742   2.92955   3.62264     794   10
   186   3.62802   3.04272   6.26405     872   12
   187   5.15798   1.60450   6.15929    1278   16
   188   0.54927   0.13446   4.44882    1401   16
   189   0.37130   1.56373   1.66207    2146   18
   190   2.01548   1.54439   4.72469    1358   14
   191   3.60198   2.92748   3.23826    1142   14
   192   0.32819   1.76214   1.59633    1738   18
   193   5.08250   1.67306   3.14771    1271   13
   194   6.11247   0.16842   2.16300    1772   18
   195   5.00967   1.66360   2.90098    1234   15
   196   3.73386   3.03277   1.67174    1331   12
   197   1.89387   1.63312   4.79324    1291   16
   198   3.54537   1.44124   1.41000    1904   16