     1   0.00000   0.00000   0.00000       0    0
     2   3.15038   0.69828   3.30203    1372   16
     3   0.17265   0.80360   3.08292     851   14
     4   6.23122   2.52903   1.38494    1392   18
     5   1.50087   1.57786   5.56653     727   13
     6   1.62625   1.63581   2.53382    2833   22
     7   0.09474   0.84395   1.49365     435   11
     8   3.21059   2.35231   3.21985     502   10
     9   0.17847   2.48236   4.72617     804   13
    10   0.15352   0.86036   6.16077    1264   13
    11   3.14519   0.76942   1.61220    1672   18
    12   2.99225   2.34541   2.98744     847   12
    13   3.07151   2.30772   4.55507     498   14
    14   3.18163   0.76864   4.68092     553   12
    15   4.68416   1.53376   5.46619     976   13
    16   0.02553   2.44631   1.43562    1835   17
    17   3.30721   2.22369   3.17585    1156   17
    18   1.71054   1.45221   0.80375     946   11
    19   1.71227   1.48342   3.94063    1153   16
    20   3.06281   2.23931   1.39580     575   10
    21   4.68962   1.65498   5.33209     762   12
    22   6.28011   2.46919   3.20157     944   15
    23   1.68742   1.45348   0.80016    2752   22
    24   1.58630   1.59446   2.38776    1046   13
    25   3.25383   0.73725   1.53144     540   10
    26   3.12278   0.76525   0.00118    2541   21
    27   0.04400   0.82220   3.08328     938   14
    28   0.14138   2.49870   0.11746     583   11
    29   4.90496   1.65082   3.85235    1175   14
    30   1.70004   1.59597   0.95358    1029   16
    31   3.32134   0.77631   1.40225    1006   16
    32   3.22640   2.34228   3.24246     212    8
    33   0.00000   0.00000   0.00000    1726   20
    34   4.79560   1.52751   3.77122     433   11
    35   4.72610   1.67062   3.85046     770   13
    36   0.16537   2.49686   0.10198    3341   24
    37   6.26643   0.79986   3.32873    2236   25
    38   4.68807   1.74487   3.78536    1039   14
    39   0.13939   2.35880   4.84272     868   15
    40   4.78782   1.69273   5.48774    1381   18
    41   1.57861   1.49608   5.55979     770   13
    42   3.28308   2.34904   1.52114     709   13
    43   3.03773   0.76402   3.17476     584   11
    44   6.22885   0.80996   3.08166    1622   17
    45   0.16125   0.82253   1.62471     399   11
    46   0.11387   2.37720   6.22472     932   16
    47   3.32617   2.22677   3.28105     781   12
    48   3.04404   2.23625   3.02804    1199   15
    49   3.17190   0.77399   0.06561     995   14
    50   1.71787   1.45385   2.34827     594   11
    51   3.26426   0.65238   1.39400     485   10
    52   1.59229   1.55832   2.48840     444   10
    53   1.56588   1.47721   3.96614     750   12
    54   3.07805   0.76933   4.73780    1875   14
    55   4.68721   1.49386   0.78210     281    9
    56   4.80834   1.71202   2.34723     835   11
    57   3.26733   2.20371   6.17783     749   10
    58   1.63390   1.43227   0.82406    1379   16
    59   3.10041   0.78283   4.78564    1467   16
    60   4.81511   1.62785   2.19997     699   13
    61   0.04630   0.82836   3.21690     736   13
    62   3.08423   2.27667   1.56222     483   12
    63   3.30901   0.69321   4.58753     966   14
    64   0.14138   2.49870   0.11746     599   13
    65   4.71887   1.57492   5.47860     503   12
    66   3.12062   2.23178   4.76673     962   13
    67   4.72770   1.50238   0.62977    1590   17
    68   3.17743   0.73298   6.25010    1619   19
    69   0.11862   2.47743   1.62725    2083   22
    70   1.60950   1.47755   2.48955     900   15
    71   0.07621   2.48056   3.22533    1651   20
    72   1.64741   1.60361   3.94098    1232   16
    73   3.18163   0.76864   4.68092     980   12
    74   6.22890   0.82192   3.27338     796   15
    75   3.14091   0.69017   1.61844    1417   14
    76   3.05950   0.73317   0.01758     755   10
    77   3.10047   2.21080   3.01230    1621   13
    78   0.02614   0.95670   4.82314     527   11
    79   3.04781   2.27560   6.08470    1126   13
    80   3.07885   2.18367   3.12758    2274   21
    81   1.62383   1.63856   2.36780     650   12
    82   4.82580   1.61518   5.42561    1138   12
    83   1.70545   1.59642   2.50187     802   13
    84   0.13270   0.93661   6.23917    1781   21
    85   1.73894   1.50982   4.04223     794   11
    86   3.25699   0.61820   4.57087     700   14
    87   6.21548   0.92581   4.67077    1795   16
    88   3.30239   2.28663   6.23426     910   12
    89   1.57132   1.48170   3.95593    1674   21
    90   3.22478   2.26504   4.83027    2434   17
    91   4.69214   1.59618   0.66434    1985   18
    92   1.57861   1.49608   5.55979    1573   14
    93   3.11758   2.26567   4.70282    2257   20
    94   4.74136   1.61322   5.49486    1002   14
    95   0.03463   0.86435   3.24480    1499   21
    96   4.66762   1.56878   3.91098    1827   19
    97   3.05950   0.73317   0.01758     492   10
    98   0.07079   0.87182   0.15559    2803   20
    99   4.67854   1.72069   2.24498     729   13
   100   3.14091   0.69017   1.61844     488   10
   101   6.18809   0.84606   1.60681     926   12
   102   3.21820   2.28210   0.10450    1801   19
   103   0.21184   2.46297   4.94607     400   11
   104   0.05123   0.90092   1.49996    1160   12
   105   1.71284   1.52116   0.84210    1267   16
   106   3.16356   2.18069   6.19597     762   15
   107   3.05370   2.25347   1.56480     758   13
   108   0.14138   2.49870   0.11746     659   11
   109   3.16540   0.65196   0.05611     970   14
   110   3.13328   2.20791   1.48044    2587   23
   111   0.06574   2.45792   4.82850     479   10
   112   1.71054   1.45221   0.80375     441    9
   113   6.22523   2.38747   2.97361    3387   20
   114   1.61631   1.67477   5.60130    1017   13
   115   4.73187   1.63322   2.23705     606   12
   116   1.66166   1.56862   5.52512    1059   16
   117   3.05950   0.73317   0.01758     855   15
   118   1.67764   1.69128   2.46084     427    8
   119   3.05950   0.73317   0.01758     303   10
   120   3.18269   0.71260   4.59488    1812   15
   121   0.07953   2.47985   1.50951    1890   21
   122   0.09306   2.41909   0.06961    1259   16
   123   0.04976   0.96079   1.57907    1073   13
   124   3.06389   2.34187   1.38764     772   11
   125   6.13700   2.38355   1.48884    1089   12
   126   1.69694   1.57460   5.57052     425   10
   127   0.11101   0.85479   0.02274    1126   15
   128   4.65797   1.57040   0.67332    1645   14
   129   3.38807   0.70411   4.50565    1616   16
   130   4.70088   1.64247   2.22562    1701   20
   131   6.09744   0.83554   3.38826    1441   16
   132   4.84531   1.51960   3.83878     687   12
   133   6.18211   0.94443   0.11739     467    8
   134   3.31517   0.63517   4.55148    3004   20
   135   4.73412   1.60556   5.41775     436   10
   136   6.24343   0.85473   4.73336     453    9
   137   1.68571   1.66508   5.66427     583   12
   138   1.62266   1.49271   4.06492    1084   14
   139   4.65388   1.56222   5.47580    2019   19
   140   1.70939   1.54116   5.62707    1697   19
   141   1.62383   1.63856   2.36780     681   13
   142   3.20991   2.28340   3.07505    1464   21
   143   4.73074   1.48932   3.89369    1033   16
   144   3.07485   0.76677   1.59070     821   11
   145   1.57662   1.65230   0.90709    1534   14
   146   1.52137   1.49852   5.51126    1826   15
   147   3.32901   0.73646   4.67551     790   15
   148   3.05950   0.73317   0.01758    1352   17
   149   1.70891   1.61977   2.43457     413   10
   150   4.80849   1.53407   0.75081     910   15
   151   6.19362   2.47531   6.13726    2703   21
   152   4.76468   1.67699   5.39077    3292   19
   153   4.64728   1.57879   5.39010    3241   23
   154   3.05950   0.73317   0.01758    1083   15
   155   3.13959   0.74769   1.61030     545   11
   156   6.25535   0.83627   1.65733     549    9
   157   3.32937   0.71311   3.08397    2148   22
   158   6.27144   0.79565   3.17790    1228   11
   159   0.08922   0.82258   3.11446     722   11
   160   0.10347   2.42375   4.71462     697   13
   161   0.05301   0.80636   4.78683     771   11
   162   3.17245   2.32591   3.03434    1672   15
   163   3.05950   0.73317   0.01758    1558   13
   164   3.04709   2.30791   6.16631     672   12
   165   4.75267   1.62852   2.33501     464   10
   166   3.17647   2.21251   4.71746    1576   17
   167   1.60529   1.56084   0.94774     921   11
   168   3.31792   2.31809   0.06644    1778   18
   169   6.27620   0.85654   1.74224     478   12
   170   4.84240   1.57228   5.39211    1128   15
   171   3.21016   2.30491   6.20618     775   13
   172   6.23239   0.83234   0.06915     805   13
   173   0.06017   0.86313   3.13798     789   10
   174   3.17075   0.66983   6.23747    4252   27
   175   3.11308   2.32655   2.99826    1929   17
   176   3.13271   0.63586   3.12076    1032   17
   177   3.41096   0.68003   6.03654     306    9
   178   1.71227   1.48342   3.94063    2428   21
   179   4.83454   1.66137   2.26233    1055   10
   180   1.70157   1.53089   0.86016     941   15
   181   3.05950   0.73317   0.01758    1649   16
   182   3.14680   2.29830   3.03170    5514   29
   183   6.24699   2.47414   3.03949    2253   23
   184   3.30620   0.76655   6.09874    1038   11
   185   3.19663   0.78073   6.21468     608    7
   186   4.68862   1.70957   2.24211     655   14
   187   0.16013   0.88797   4.74200    1323   15
   188   1.54196   1.63211   2.42433    2443   20
   189   3.20291   0.65685   4.77244     789   12
   190   3.20391   2.27858   1.57259     799   12
   191   4.82142   1.60909   2.33450     589   11
   192   0.03838   2.48369   3.25779     808   16
   193   3.20194   0.74297   3.17501    1330   11
   194   4.77534   1.69082   3.85855     944   14
   195   1.71679   1.61844   2.46277    1740   15
   196   6.13922   2.45758   3.07378     814   11
   197   3.31816   2.22945   4.83310     815   14
   198   4.69756   1.56289   5.48698     559   10
   199   0.02253   2.41866   0.07184    1329   14
   200   1.73744   1.52046   3.94105     588   10
   201   4.91354   1.63603   5.40164     622   12
   202   3.37097   0.62280   6.14537    1529   16
   203   3.26426   0.65238   1.39400     753   11
   204   4.78223   1.64751   0.78844     944   15
   205   4.78061   1.69950   2.30222    1190   15
   206   0.01198   2.47554   0.05469     236    8
   207   0.18748   0.85569   6.23928     342    8
   208   1.71054   1.45221   0.80375     253    6
   209   4.80278   1.60879   2.27145    1808   14
   210   6.19800   0.89289   3.20237     973   14
   211   6.27774   2.52802   4.77132    1227   15
   212   4.67854   1.72069   2.24498     482   12
   213   3.04787   2.31872   4.62966     956   13
   214   0.13399   0.89298   4.61760     605   12
   215   1.51008   1.48778   2.51384     352   10
   216   3.02688   2.32353   4.64702     784   14
   217   1.57080   1.64619   0.80590    1649   19
   218   3.15038   0.69828   3.30203    1043   15
   219   6.28011   2.46919   3.20157    1501   16
   220   1.66092   1.52477   2.36468    2293   20
   221   6.27774   2.52802   4.77132     673   13
   222   1.61799   1.56258   4.08878     747   13
   223   0.17859   2.44571   1.66298     966   13
   224   3.12278   0.76525   0.00118     554   13
   225   0.11151   2.50447   0.05640    1155   16