     1   0.00000   0.00000   0.00000       0    0
     2   5.20491   1.61631   3.05385    1968   15
     3   5.03643   1.73415   1.45130    2180   16
     4   1.97181   1.51985   1.61100    1755   18
     5   4.97899   0.10915   0.01956    4105   22
     6   6.03799   0.21594   3.83408     773   11
     7   1.94479   1.58111   4.80540    3247   21
     8   0.34443   0.21225   4.85701    1634   14
     9   3.27558   2.96904   1.33512     269    8
    10   3.54104   1.57985   1.42685    1262   17
    11   0.46862   1.67746   4.82090    1608   15
    12   5.77827   0.26963   3.93858    3213   17
    13   3.53246   1.49420   6.22570     547    9
    14   3.27558   2.96904   1.33512    4951   24
    15   0.49432   1.68606   1.51801     870   13
    16   1.95508   1.51659   3.16475    1827   15
    17   5.18972   1.52616   2.99269     598   10
    18   1.87542   1.47021   0.12426    3820   24
    19   0.36854   0.04536   4.74640    2191   16
    20   5.06129   1.59969   6.12925     722   12
    21   2.64792   2.92880   2.33497     483   11
    22   5.08468   1.73991   6.18530    3083   22
    23   0.16802   0.21144   0.34423     400   12
    24   0.48409   0.08992   3.17107    2268   18
    25   1.85167   1.55668   1.65474    4018   21
    26   3.41175   1.35212   1.61449    1398   14
    27   5.22237   1.59226   4.48033     743   10
    28   3.07784   2.98111   1.07875    2218   16
    29   5.84479   0.14283   0.73405    1244   14
    30   0.67829   0.15631   6.01242    3573   17
    31   3.62693   1.39862   3.06698     348    9
    32   3.66768   2.93624   1.69003    1058   12
    33   0.41537   1.77325   0.16882     844   11
    34   0.38917   1.74343   1.61688    1609   15
    35   1.99845   1.50999   1.72299    2273   18
    36   5.15891   1.65771   4.64994    2091   17
    37   3.46811   1.55146   3.11220     846   16
    38   3.62693   1.39862   3.06698     621   10
    39   6.03799   0.21594   3.83408    2537   19
    40   3.63937   1.33618   4.65039    2861   19
    41   5.19139   1.61362   1.37192     608   11
    42   3.01400   3.01459   2.72709    3028   21
    43   1.98443   1.47981   4.82356    1296   15
    44   3.46394   1.39708   4.67713     659   13
    45   0.37844   1.68223   1.64613    3411   21
    46   0.08867   0.11195   0.37336    1083   13
    47   3.46394   1.39708   4.67713     924   12
    48   0.17727   0.18243   4.92305     297    8
    49   3.64426   1.50026   3.16041    4370   27
    50   2.87675   2.88383   0.98755     536    9
    51   0.39885   0.13160   4.58850    2129   17
    52   3.19816   3.02854   5.90816     386   11
    53   0.52779   1.70458   0.13965     659   13
    54   0.42380   0.13300   3.15158    4268   23
    55   5.19139   1.61362   1.37192     442   11
    56   5.89449   0.12529   3.87300    1350   13
    57   5.13147   1.54159   6.16497     370   11
    58   5.02638   1.63738   1.51546     851   14
    59   3.65909   1.47089   1.52016     733   12
    60   0.45306   1.61596   4.83502    3998   27
    61   3.62693   1.39862   3.06698     983   13
    62   1.84018   1.53492   4.83707    1430   11
    63   0.38637   1.72279   3.21129    2059   15
    64   3.53903   1.40706   4.53118     569   11
    65   5.22591   1.55750   4.63038    1776   15
    66   0.35537   1.60017   4.79864    1568   14
    67   3.62693   1.39862   3.06698     754   11
    68   0.33969   1.66138   0.15848    1417   11
    69   5.12726   1.56974   3.00258     391    7
    70   1.84018   1.53492   4.83707    1617   15
    71   5.11674   1.51733   6.15052     843    9
    72   1.87901   1.46624   1.70031     874   14
    73   3.49198   1.37383   1.40620    2121   19
    74   3.73093   3.04595   3.35298    1581   12
    75   3.44343   1.42741   4.61834     601    9
    76   5.06559   1.77681   6.09981     829   10
    77   5.89599   0.09883   0.85872    5458   28
    78   0.02622   0.24260   0.34810    5281   25
    79   1.86584   1.45576   6.28195    1030   13
    80   2.71578   2.90184   2.27628    3375   22
    81   5.16784   1.73714   1.36125     707    9
    82   0.42501   1.62324   1.68620     970   14
    83   3.07796   2.92914   5.70430    5306   27
    84   0.34552   1.65993   4.88742    3545   19
    85   1.97930   1.41378   4.82095    1440   14
    86   2.55605   2.96248   0.68789     253    8
    87   3.47877   1.44566   4.53863    2734   21
    88   3.62693   1.39862   3.06698     502    9
    89   0.34443   0.21225   4.85701    1676   13
    90   2.00518   1.60007   4.87962    2187   17
    91   0.42501   1.62324   1.68620    1446   12
    92   0.41805   1.61625   3.20053    1092   13
    93   3.85315   2.97664   1.83296    3075   21
    94   3.58316   2.98338   4.64297    1713   14
    95   3.64875   1.46111   6.08362    1034    9
    96   0.37496   1.74829   3.17084    1047   15
    97   3.50716   1.41656   1.50620    1755   18
    98   0.37379   1.69181   1.57323    4603   23
    99   2.00999   1.41575   4.82655     899   12
   100   3.64875   1.46111   6.08362     755    7
   101   1.42457   0.08501   2.13702     291    8
   102   3.45019   3.09989   3.06224    2511   20
   103   2.55605   2.96248   0.68789     495    9
   104   5.10641   1.69885   3.01884    3584   16
   105   5.16293   1.70414   6.27921    4105   22
   106   3.63792   1.43411   2.98943    4978   22
   107   0.34443   0.21225   4.85701     807   12
   108   1.91387   1.52102   3.21879     702   12
   109   3.58554   1.38472   6.23728    1887   16
   110   2.82155   3.06255   3.99231     611    9
   111   1.92141   1.45375   3.21480     656    8
   112   5.22237   1.59226   4.48033     428   10
   113   2.71578   2.90184   2.27628     728   15
   114   5.20532   1.69588   2.94797     629   12
   115   0.41537   1.77325   0.16882    1078   12
   116   2.00256   1.61389   0.05613     676   10
   117   2.72897   3.02876   5.40334     536   12
   118   3.10956   3.01915   1.06424     870   13
   119   2.71578   2.90184   2.27628     686   10
   120   3.47418   1.40029   1.49187     538   10
   121   0.40284   1.62867   3.21950     491   11
   122   5.82462   0.27187   5.54641     408    6
   123   1.87740   1.61399   1.69044    1603   14
   124   5.22237   1.59226   4.48033     347   10
   125   0.29427   1.65288   4.81546    1345   16
   126   3.52778   1.42156   1.49542     548   10
   127   3.66587   1.48790   6.13933    2453   17
   128   3.52872   1.57972   1.44440     824   11
   129   5.86115   0.26812   3.83904     757   12
   130   1.95523   1.52528   3.31665    1131    9
   131   6.09351   0.18214   0.49255    1062   13
   132   3.44814   1.51499   1.57995    1217   13
   133   3.19816   3.02854   5.90816     893   13
   134   5.21849   1.60250   4.66882     350    9
   135   5.67510   0.10193   0.95711     696   11
   136   4.97212   1.59755   4.55881    2877   17
   137   5.23621   0.10718   4.59987     552   11
   138   0.31702   1.58119   4.74835     545   12
   139   1.84740   1.39380   1.66212    2613   17
   140   2.04493   1.43033   0.07989     660    9
   141   1.88856   1.48244   4.76137    1211   14
   142   0.36223   0.24487   4.72182    2269   18
   143   0.38298   1.67288   6.25846    1272   16
   144   0.57322   0.25716   6.18695     503    9
   145   6.06176   0.14751   5.29610    1134   13
   146   0.44548   1.65955   4.88130    3273   25
   147   2.57450   3.04126   2.13738    2789   14
   148   0.51433   1.81921   3.16646     677   11
   149   5.22237   1.59226   4.48033     649   11
   150   2.64792   2.92880   2.33497     470   10
   151   0.40750   1.70902   3.17003    1264   14
   152   3.62693   1.39862   3.06698     571    9
   153   3.45461   1.37840   1.39216     874   12
   154   3.62693   1.39862   3.06698     591   11
   155   2.11281   3.06627   4.86349     527   10
   156   2.64792   2.92880   2.33497     858    8
   157   3.47944   1.54614   3.07754     497   11
   158   1.83075   1.45388   4.84757     632   11
   159   0.02372   0.22590   1.82444     512    9
   160   3.02917   3.00241   5.81726    1214   12
   161   1.91133   1.46290   3.24407    2139   15
   162   3.44939   1.52598   4.66105    2039   18
   163   3.47418   1.40029   1.49187    4468   21
   164   5.18802   1.66316   4.50659    1276   10
   165   4.99165   1.70730   6.27904     933   13
   166   0.00000   0.00000   0.00000    2467   18
   167   5.09266   1.56694   3.04382     553   12
   168   1.96083   1.46640   3.32122     819   14
   169   2.64792   2.92880   2.33497     611    9
   170   5.22237   1.59226   4.48033     495   10
   171   2.55605   2.96248   0.68789     263    6
   172   1.84018   1.53492   4.83707    1376   12