     1   0.00000   0.00000   0.00000       0    0
     2   3.06177   1.41130   3.33262     709   13
     3   4.25258   2.93170   1.14395     645   12
     4   3.18568   1.56053   1.71866     399    8
     5   0.07207   1.59786   6.18968     490    9
     6   3.70991   2.88813   5.25560     585    7
     7   1.63107   1.74683   1.76148     737   12
     8   3.27987   1.42982   5.01822     786   12
     9   4.63164   1.30920   1.52938     386   12
    10   3.18956   1.45631   5.02308    1860   16
    11   0.66173   0.26805   1.05071    1787   17
    12   1.72550   1.87447   3.33192    4759   19
    13   4.66511   1.40930   4.52587     872   12
    14   4.69493   2.97287   6.14887    1436   14
    15   1.15282   0.19807   2.13016     636    8
    16   4.69493   2.97287   6.14887     468    9
    17   3.13738   1.49994   0.19745    2607   23
    18   4.20835   2.79974   5.77097     414    9
    19   3.20200   1.41892   3.44013    2169   15
    20   6.25326   1.73437   2.92126     659   13
    21   1.72877   1.76169   4.81974    1367   16
    22   4.39523   3.00070   2.81654    2048   16
    23   0.51648   0.22773   1.14604    1596   15
    24   1.65156   1.88662   0.05913    2017   16
    25   0.11288   1.73766   1.33227    2313   19
    26   3.09481   1.53946   5.02935     474    8
    27   4.23445   2.87435   1.14339    2774   19
    28   3.13119   1.34849   0.30555     401   10
    29   4.53500   2.91674   2.94318    4924   23
    30   0.73850   0.22658   3.89805    3702   23
    31   6.21543   1.73716   4.59121    1131   13
    32   4.43573   2.97991   1.12345     945   12
    33   4.43332   3.03126   4.28443    1422   12
    34   1.68801   1.72146   4.76262     994   15
    35   3.27593   1.50571   3.38820     417   13
    36   6.27391   1.76191   4.40710    2057   20
    37   0.05924   1.78635   2.83991    2514   21
    38   1.14903   0.36845   1.93187     988   14
    39   3.08162   1.38385   1.91978     919   13
    40   1.07387   0.28325   3.73619    1215   11
    41   3.19548   1.41009   1.76020     715   11
    42   1.51792   0.25019   3.21964    3736   19
    43   1.74031   1.79535   1.80795    1860   15
    44   6.20049   1.58767   4.53267    1649   20
    45   1.57013   1.69447   1.77696    1053   12
    46   3.17953   1.41561   4.98288     380    8
    47   4.81872   1.46231   6.13860     375    7
    48   4.78713   1.25629   4.45251     561    7
    49   4.20927   2.74976   5.65441     392   10
    50   0.15619   1.73920   1.37170     482    9
    51   4.66660   1.31440   2.88774     826   13
    52   3.09547   1.32704   4.83533    1272   15
    53   3.18934   1.38527   0.30665    1164   11
    54   3.26567   1.41788   0.19961     628   12
    55   3.18568   1.56053   1.71866    1831   14
    56   0.08422   1.67903   6.00330    5093   26
    57   1.66687   1.74781   1.61797     422   10
    58   1.03256   0.17105   3.70814    1953   17
    59   4.16624   2.90657   0.85761     547    8
    60   1.59456   1.74576   1.67545    1248   12
    61   0.07901   1.73701   6.05726     764   14
    62   3.22301   1.43161   1.70306     955   16
    63   4.00837   2.75360   4.01220    1645   15
    64   3.70991   2.88813   5.25560     818   17
    65   3.05220   1.50637   4.95063     864   16
    66   1.26822   0.10438   1.89897    3087   20
    67   4.14117   2.87641   5.68772     779   13
    68   0.51648   0.22773   1.14604    3372   20
    69   0.54211   0.27855   4.22246    1301   15
    70   3.11507   1.45747   0.18808     538    8
    71   4.53972   2.86922   2.97751     514    9
    72   0.08987   1.74134   2.97441    2372   19
    73   0.02313   1.69661   2.91639    4245   22
    74   4.89157   1.24783   4.66614     669   11
    75   1.27502   0.21728   4.95741    1167   12
    76   1.68049   1.76601   3.29486    1395   14
    77   0.91690   0.22154   5.53505    1314   13
    78   3.70991   2.88813   5.25560     830   13
    79   6.22447   1.67382   1.25535    2186   16
    80   1.52861   1.69628   1.72921     335    6
    81   0.08422   1.67903   6.00330     745   13
    82   3.26567   1.41788   0.19961     674   12
    83   4.44181   3.04134   5.93281     943   14
    84   4.80416   1.29069   6.23112     953   12
    85   4.82189   1.32461   4.47409    2008   13
    86   0.47878   0.22811   1.17085     510    7
    87   0.16426   1.65966   4.62253    3936   24
    88   1.54850   1.79527   0.18083    1809   13
    89   3.18568   1.56053   1.71866    1183   16
    90   6.19454   1.62286   1.36192    1663   17
    91   0.47878   0.22811   1.17085     520   10
    92   3.70991   2.88813   5.25560    1877   16
    93   4.81905   1.31244   3.03155    2111   15
    94   3.08162   1.38385   1.91978     437   12
    95   4.69792   1.35014   2.96446     398   11
    96   3.13119   1.34849   0.30555     811   11
    97   4.63052   1.46250   3.07895     835   11
    98   0.69568   0.18481   4.16293     444   11
    99   6.20409   1.67147   4.41960    1009   15
   100   3.18927   1.31632   3.30055    1204   14
   101   3.20377   1.41558   3.44174     858   12
   102   3.09869   1.56572   0.20637     997   12
   103   1.55174   0.21953   4.77436    1228   13
   104   1.27502   0.21728   4.95741     391    8
   105   1.61038   1.77351   3.17276     326    8
   106   1.15628   0.33887   5.13161    2522   15
   107   3.08162   1.38385   1.91978    1946   14
   108   1.60849   1.75336   0.24860    1337   12
   109   3.93364   2.88080   4.01568     987   13
   110   4.77747   1.45238   4.50290     802   12
   111   1.52197   0.33882   4.88535    3487   24
   112   4.26085   2.82784   4.28641    2116   16
   113   3.30249   1.36056   1.67684    5121   26
   114   0.47878   0.22811   1.17085     821   11
   115   1.59235   1.81644   3.32897     869   11
   116   4.71118   1.25723   1.47256    1080   13
   117   6.19679   1.63378   1.36471    1342   15
   118   4.63065   2.84075   6.18735     868   11
   119   1.24027   0.24852   0.27630    1028   15
   120   3.18568   1.56053   1.71866     473    8
   121   1.65949   1.70717   4.77313    2358   19
   122   1.73118   1.87599   3.20199    1151   12
   123   6.22263   1.82214   6.06532    5789   30
   124   4.76401   1.23252   4.54158     721   13
   125   0.84675   0.23904   5.53166     663   10
   126   0.06393   1.68870   2.89684    1587   14
   127   3.09531   1.40535   4.95986    1324   17
   128   1.52861   1.69628   1.72921     463   11
   129   4.72953   1.43860   4.69576    2369   22
   130   1.59846   1.75423   1.71852    2698   20
   131   0.97872   0.34127   3.73450     445    8
   132   3.04616   1.41442   3.36491    1444   13
   133   1.35564   0.16375   1.90068     929   14
   134   1.19882   0.34935   0.44325    1358   14
   135   4.86840   1.50255   2.89005    3042   15
   136   4.76573   1.46936   6.22363     622   11
   137   6.23191   1.80550   2.89217    2570   22
   138   1.22178   0.30006   1.94367    2670   21
   139   3.17904   1.37186   4.99091    1083   12
   140   4.00880   2.91816   2.47527     855   15
   141   1.68306   1.80258   0.03961    1063   11
   142   3.26756   1.34129   1.73621    2852   20
   143   1.22178   0.30006   1.94367     662   13
   144   4.72090   1.45175   4.49150    1188   13
   145   1.59677   1.79769   4.76403     474   10
   146   4.28973   2.82132   2.71348     977   12
   147   1.15760   0.35295   0.50864    4219   24
   148   1.52664   0.24883   4.73383    4104   24
   149   1.12977   0.31897   3.62522    4239   21
   150   3.88037   2.85112   5.38987    1537   13
   151   3.28161   1.54504   0.19979    1714   17
   152   1.41069   0.21774   4.93706     707   11
   153   0.47878   0.22811   1.17085     775   10
   154   4.74788   1.25601   6.15538    3712   23
   155   4.66511   1.40930   4.52587    1141   12
   156   0.07142   1.70734   1.35123    1352   13
   157   0.01553   1.75047   1.38272     806   11
   158   0.12781   1.64496   4.53008    5083   23
   159   4.73182   1.39035   6.08594    1774   17
   160   3.13892   1.43756   0.26089    1603   17
   161   1.64008   1.65878   4.82476    1198   13
   162   6.18848   1.66962   4.36250     806   12
   163   0.12302   1.62798   6.15622     460    8
   164   1.00381   0.26899   3.63836     722   16
   165   3.13119   1.34849   0.30555    2455   20
   166   3.68961   2.91067   2.15055     749   13
   167   3.74551   2.95548   5.28283     793   12
   168   4.76187   1.25306   2.88925     762    9
   169   4.16624   2.90657   0.85761     612   10
   170   4.23553   2.86168   4.08095    2917   20
   171   3.09484   1.47780   4.88868    2846   19
   172   1.69969   1.80640   3.17519    1174   10
   173   0.00930   1.70234   1.46602     585   12
   174   1.68801   1.72146   4.76262    2212   16
   175   1.61404   1.73810   0.17441     674   11
   176   3.09484   1.47780   4.88868    1051   17
   177   4.47854   2.92045   4.48980    3377   24