     1   0.00000   0.00000   0.00000       0    0
     2   5.65530   2.05417   5.81469     959   13
     3   4.34372   1.17404   1.20409    1819   17
     4   3.56135   2.53582   5.40807    1719   15
     5   4.26483   1.20313   4.25653    1441   13
     6   2.55236   1.15652   2.14630     735   12
     7   0.41819   0.54330   0.70046    1622   15
     8   1.17291   1.89510   0.45980    1975   16
     9   4.48190   1.30345   5.95052     470    9
    10   1.12889   1.87701   2.00194    1309   15
    11   5.77524   1.90580   5.77843    1438   19
    12   1.44102   2.04518   2.15629    1642   16
    13   4.39537   1.10282   4.23712    1560   14
    14   3.41655   2.49266   0.78257    1210   17
    15   3.49907   2.54968   3.94182    1396   15
    16   2.48755   1.10340   2.08124    1822   16
    17   2.69563   1.25388   3.53346    1069   14
    18   2.78477   1.23019   3.63310    1440   20
    19   5.83952   1.94016   4.41144    1542   16
    20   0.18845   0.61364   5.68780    1592   15
    21   2.63519   1.05721   5.18173     828   12
    22   0.46379   0.63149   2.21102    2347   19
    23   4.43237   1.20804   4.27051     826    8
    24   4.37558   1.28586   5.86854    2074   19
    25   2.53694   1.23897   0.43406    1975   19
    26   2.75947   1.23014   1.97657     774   12
    27   4.38176   1.22119   5.77443     657   11
    28   4.42622   1.17810   2.65142    1131   16
    29   2.60700   1.13314   0.46795    1899   18
    30   0.56103   0.63374   2.21259    1466   15
    31   0.51203   0.52279   5.41200    1461   15
    32   1.23442   1.93368   5.25028     811   13
    33   1.25648   1.92956   0.50749    1032   12
    34   1.35219   1.95029   0.33498     986   12
    35   4.43851   1.06726   1.02719    1463   16
    36   0.32393   0.49125   5.57950    1121   10
    37   4.42541   1.10248   4.23863     802   12
    38   1.25938   1.82008   5.14231     815   13
    39   4.41029   1.11200   2.83061    1816   15
    40   3.29223   2.51081   5.26484     956   14
    41   0.29827   0.68276   0.89788    1154   11
    42   2.62380   1.09942   0.31783    1400   13
    43   5.87280   2.01939   6.00216    1445   16
    44   3.72145   2.57434   2.45235    2136   18
    45   2.68647   1.19272   5.07166    1485   15
    46   0.30197   0.39181   5.63240    1458   15
    47   4.39224   1.04521   4.22094    2679   20
    48   2.62947   1.25541   5.14261    1465   19
    49   3.56523   2.54094   4.00081    1059   13
    50   1.39958   2.01270   3.67631    1496   15
    51   0.26905   0.42237   5.58376    1416   15
    52   3.37289   2.68165   0.57407    1044   12
    53   2.73302   1.17610   3.46957    1228   14
    54   3.41377   2.59870   0.60075     805   14
    55   0.51203   0.52279   5.41200    1608   19
    56   4.29326   1.09479   4.32612    1380   17
    57   3.72347   2.52926   4.09668    2734   23
    58   1.13551   2.04831   4.96876     693   13
    59   2.59761   1.27840   1.94185    1367   17
    60   0.36581   0.56104   2.47699    1889   17
    61   3.61454   2.48349   4.05836    1126   14
    62   0.39585   0.55305   0.71037     885   13
    63   4.49288   1.33173   5.83812    1286   12
    64   1.20293   2.01311   1.90497    1631   15
    65   5.73934   1.99489   4.26686     938    9
    66   3.38688   2.46329   0.70955    1156   14
    67   4.46257   1.18605   1.03144     718   10
    68   0.47724   0.46621   5.39009     967   12
    69   4.38682   1.23393   1.26051    1612   18
    70   4.40996   1.08419   4.32655    1710   15
    71   1.20595   1.87522   3.55722    1268   12
    72   0.30975   0.55504   0.88311    1536   17
    73   0.51203   0.52279   5.41200    1666   16
    74   5.74857   1.96650   4.20565     994    9
    75   1.19275   2.00678   3.54916    2441   19
    76   1.17764   1.87707   0.54796    1159   13
    77   1.20919   1.91289   0.35971    1002   12
    78   0.41819   0.54330   0.70046    1216   15
    79   4.31854   1.22130   5.85648    1630   16
    80   2.72205   1.23039   3.41953    2856   22
    81   1.23268   1.94000   3.53404    1234   18
    82   5.83471   1.92544   5.82739    1882   18
    83   4.49707   1.18781   2.60042    1003   13
    84   5.78025   1.95797   4.27353    1573   14
    85   0.35861   0.57120   0.92586    1207   12
    86   4.29766   1.16797   4.29501    1206   14
    87   5.83528   1.93255   1.10403     847   14
    88   2.62630   1.06198   3.55715     977   12
    89   2.73256   1.24827   1.84500    1412   14
    90   2.56299   1.17145   5.21426     693   12
    91   5.79243   1.90629   4.31112    1030   14
    92   2.62799   1.07167   3.65733    1018   12
    93   4.36919   1.24525   5.73565    2212   16
    94   5.68125   2.01678   5.71603    1479   13
    95   0.24213   0.52590   0.89015    1030   12
    96   5.86902   1.90063   4.33248    1060   12
    97   3.65347   2.67302   0.89326    1100   12
    98   3.41377   2.59870   0.60075    1363   17
    99   2.66297   1.22432   5.20319    1349   16
   100   5.65259   1.94521   4.15376     693    9
   101   3.68778   2.62979   5.78958    1998   18
   102   5.82694   1.96793   4.38969    1140   16
   103   5.66582   1.93122   4.23340    2088   17
   104   3.55396   2.59903   2.26457    1845   17
   105   4.46001   1.08173   1.12748    1649   17
   106   2.62579   1.16671   3.62502    1187   15
   107   5.86285   2.07634   5.94728     740   12
   108   2.77305   1.25475   4.99239    1170   15
   109   0.37784   0.47718   5.49464    1224   16
   110   2.59605   1.11971   1.91684     983   12
   111   3.50412   2.65181   3.91976    1778   15
   112   2.62260   1.25572   0.49901    1616   18
   113   1.27054   1.90874   5.16717    1871   14
   114   0.24100   0.44023   3.98675    1244   17
   115   0.32395   0.54178   3.85427    1107   11
   116   5.79835   2.05899   2.73140    1174   15
   117   4.38176   1.22119   5.77443     852   11
   118   0.38978   0.45887   2.22643    1796   17
   119   4.40482   1.29064   1.24459    1259   14
   120   4.38182   1.14770   1.05755    1297   14
   121   3.46079   2.50562   0.76299     909   12
   122   5.69368   1.96808   2.74238    1491   17
   123   5.87427   1.95992   2.76393     958   12
   124   4.38049   1.30321   4.27599    1652   17
   125   2.77551   1.25921   1.89258    1201   15
   126   5.75095   1.97922   2.73637    1092   13
   127   2.62108   1.09255   5.18515     830   13
   128   4.45866   1.19015   2.58190    1795   16
   129   5.86378   1.94439   4.31455     681   11
   130   1.12784   2.03178   1.89568    1396   18
   131   2.65319   1.18719   0.35378     852   14
   132   5.72203   1.90139   1.04736     870   12
   133   2.77305   1.25475   4.99239     576   10
   134   0.37896   0.61753   2.48717    1226   12
   135   4.32829   1.29191   2.80151    1040   13
   136   1.13551   2.04831   4.96876     670   11
   137   4.38176   1.22119   5.77443     958   12
   138   0.37200   0.72108   3.92990    1819   16
   139   3.57460   2.70111   5.57361     889   12
   140   5.79275   1.98210   4.39863    1286   13
   141   5.92801   1.99747   2.87826    2044   16
   142   5.82498   1.89695   4.39215    1047   15
   143   0.48919   0.63302   2.22781    1717   17
   144   3.47646   2.53561   0.85860    1087   14
   145   3.72145   2.57434   2.45235    1659   17
   146   5.85039   1.97227   4.29535    1502   19
   147   0.37108   0.42173   5.45982    1232   15
   148   4.46076   1.17589   1.09055    1830   17
   149   3.64204   2.56217   0.98321    1154   14
   150   0.34928   0.63165   3.99027    1203   15
   151   1.25648   1.92956   0.50749    1645   15
   152   5.89111   1.96234   4.43668    1258   12
   153   1.16634   1.97553   3.45270    1259   15
   154   0.33264   0.56630   5.54079    1161   18
   155   4.38176   1.22119   5.77443    1257   15
   156   2.69339   1.06308   5.02228    1280   13
   157   4.36902   1.23210   4.35376     906   13
   158   2.62260   1.25572   0.49901    1206   14
   159   3.27392   2.61815   5.27338     961   14
   160   2.62053   1.20394   5.25666    1344   16
   161   4.38835   1.29813   5.74776    1155   14
   162   2.61040   1.17529   3.45185    1687   11
   163   3.75916   2.56068   0.92972    1346   12
   164   3.40090   2.60085   3.89408    1235   13
   165   4.24213   1.25969   2.76685    1627   19
   166   0.51144   0.62874   5.28122    2491   20
   167   5.72868   1.86001   1.06025    1700   19
   168   4.45183   1.29923   4.16057    1026   12
   169   4.48293   1.18057   1.21444     788   12
   170   4.30890   1.11518   2.80440    1519   15
   171   3.26696   2.54739   3.64340     729   11
   172   1.32347   1.92558   0.38289    1121   16
   173   5.83780   1.89788   2.82412     607   12
   174   1.33068   1.97215   0.44167    1334   14
   175   2.77209   1.13113   5.09304    1402   15
   176   2.70046   1.17363   3.57632    1145   15
   177   0.17037   0.54443   4.14399    1807   17
   178   0.17734   0.58177   2.43753    1647   20
   179   5.79158   1.95325   4.20980    1645   16
   180   0.35070   0.58501   5.48967     659    9
   181   1.15857   1.99769   0.51593     994   14
   182   0.24420   0.62340   4.18798    1544   16
   183   1.33994   1.86756   2.09065    1579   14
   184   5.86964   1.88666   4.24428    1797   17
   185   0.58717   0.52615   3.79323    1587   18
   186   5.83988   1.87676   2.68895     821   10
   187   5.76165   2.03016   2.59806    1401   17
   188   2.58949   1.26547   3.56454    1095   14
   189   4.41145   1.20670   5.87115    1330   17
   190   4.24579   1.17933   5.98082     850   13
   191   1.20475   1.95844   0.49949    1206   14
   192   4.48660   1.23206   4.24601    1182   13
   193   3.27862   2.51374   0.55620    1438   13
   194   3.48663   2.56546   0.70138    1853   17
   195   2.62108   1.09255   5.18515    1295   14
   196   2.68963   1.17435   3.55449    1011   14
   197   2.53058   1.13813   0.39444    2619   21
   198   5.80643   2.03958   5.76766     805   15