     1   0.00000   0.00000   0.00000       0    0
     2   5.61969   1.89902   0.82371     489   12
     3   4.29204   0.77248   2.59082    4258   28
     4   5.69675   2.09616   2.49833     690   12
     5   5.62610   1.96647   3.95732     767   11
     6   2.56682   1.19789   3.97327    1568   17
     7   2.38584   1.10968   5.52081    1966   16
     8   5.56785   1.98368   3.92497     257    8
     9   2.48059   1.18305   5.46823    1861   13
    10   1.40581   2.22799   0.70614    1028   11
    11   2.47109   1.01078   3.86632    2096   14
    12   1.16062   2.29796   0.61278     727   11
    13   4.39579   0.77752   5.67612    1709   17
    14   3.62402   2.43546   5.60310     564   12
    15   1.22949   2.21098   5.15252     382    9
    16   2.39377   1.26201   2.41541     841   14
    17   1.28128   2.30681   0.58566    5544   27
    18   4.35781   0.88762   5.57873     185    6
    19   4.34587   0.78391   4.20692     623   10
    20   5.56285   1.93622   2.27544    1005   12
    21   5.59336   2.03323   2.39076     896   13
    22   1.20797   2.29448   0.49637     469   10
    23   3.52901   2.28872   2.53886    4366   26
    24   4.49563   0.97529   5.68085     996   10
    25   0.52260   0.80852   5.20859     453    7
    26   0.52496   0.86022   0.55498    1444   13
    27   3.56587   2.18068   0.84545     779   11
    28   1.21564   2.25858   2.16026    1086   14
    29   1.22949   2.21098   5.15252     840   11
    30   0.59043   0.84846   0.46980     705   11
    31   0.58450   0.93704   0.52115    1809   13
    32   3.60365   2.20021   5.71093    1322   16
    33   3.48309   2.34437   2.50670     905   13
    34   0.38512   0.92062   2.35529    1188   16
    35   4.52739   0.88563   5.54352    4460   29
    36   1.35902   2.28436   3.82289    1803   15
    37   1.41250   2.24156   3.80280    1482   17
    38   3.62327   2.23525   4.14437    1017   14
    39   3.52148   2.20691   2.46452    2593   20
    40   1.12912   2.22065   2.13512    2074   17
    41   5.49602   2.05132   5.54165    2060   15
    42   1.38057   2.11141   2.29107     644   11
    43   4.41364   0.78599   1.07644    1595   13
    44   4.35781   0.88762   5.57873    1086   15
    45   2.43138   1.13472   0.88144    1804   16
    46   3.67420   2.32752   1.11404    5251   27
    47   5.63443   2.06554   2.42093     666   13
    48   2.47100   1.19405   2.19296    1874   16
    49   1.12912   2.22065   2.13512    1263   16
    50   3.60831   2.21796   5.83059    1575   14
    51   4.34269   0.91354   4.17489     588    6
    52   1.27130   2.21546   0.61276    1325   17
    53   0.54541   0.72992   3.77056    1374   16
    54   4.49347   1.04738   2.56532    2696   18
    55   1.12912   2.22065   2.13512     849   14
    56   1.11850   2.29229   0.52840    1428   15
    57   5.64583   2.04445   3.87609     926   14
    58   5.61969   1.89902   0.82371    3209   21
    59   0.45749   1.00762   0.58066    2083   22
    60   3.55629   2.27346   0.86518     688   11
    61   0.44630   0.87786   3.71328    1243   11
    62   3.55629   2.27346   0.86518     888   12
    63   3.58728   2.31148   5.79864    3597   24
    64   0.44802   0.89970   3.66569    3486   22
    65   2.59080   1.20044   3.86783     405   13
    66   0.59043   0.84846   0.46980     456   11
    67   1.29816   2.37673   2.21879     745   11
    68   0.50485   0.82127   0.42275    1617   14
    69   3.50003   2.31611   2.40765    1886   17
    70   0.59043   0.84846   0.46980     614   11
    71   1.22949   2.21098   5.15252    1160   14
    72   0.34733   0.93427   3.78834    2264   16
    73   3.62402   2.43546   5.60310    1778   18
    74   2.33646   1.15855   2.39953     332    8
    75   3.74226   2.27718   1.08409    4698   23
    76   2.33646   1.15855   2.39953     760   11
    77   3.47680   2.34069   5.62416    2976   22
    78   3.71596   2.19960   5.66741     309    8
    79   2.33646   1.15855   2.39953    1217   12
    80   4.35781   0.88762   5.57873    1373   12
    81   4.46981   0.93054   1.09546    2379   18
    82   5.69675   2.09616   2.49833     489   10
    83   1.23835   2.36839   0.53097    3130   22
    84   0.55682   0.88333   3.51871     450    9
    85   2.39684   1.04428   0.94495     467   11
    86   0.41946   0.99897   2.14320    2490   22
    87   2.33646   1.15855   2.39953    1701   19
    88   2.33646   1.15855   2.39953    1340   14
    89   5.62661   2.00178   0.89626     453   11
    90   4.40465   0.91933   0.85028    1618   13
    91   1.13395   2.29511   5.21341     335    8
    92   1.31252   2.27196   3.86065    1803   17
    93   2.34792   1.25088   0.85159    1078   11
    94   3.71843   2.37327   2.64283    4004   20
    95   0.39906   0.92568   2.08047    2624   20
    96   4.36584   0.78510   4.17292     473   11
    97   5.56798   2.07430   2.38628     638   10
    98   1.21066   2.18794   3.62407     391    9
    99   0.45401   0.80117   2.23690     221    6
   100   1.18456   2.27828   3.74742    4115   24
   101   2.45362   1.01983   0.84891     805   12
   102   5.55962   2.11515   2.27163     516   10
   103   3.62402   2.43546   5.60310     675   10
   104   2.61278   1.16765   0.72437     457   11
   105   2.46642   1.06557   2.28561     312    7
   106   5.48939   2.00148   2.20681    1155   12
   107   1.16902   2.24508   5.23604    2324   16
   108   3.62402   2.43546   5.60310     742   10
   109   2.34866   1.12957   4.06202    2759   20
   110   3.60686   2.29539   5.65265    1154   11
   111   5.69675   2.09616   2.49833    2792   19
   112   5.65509   1.98961   2.37813     407   12
   113   1.16545   2.19163   5.20143    2309   15
   114   3.71172   2.18921   5.77192    1346   15
   115   3.71511   2.34208   2.66778     787   11
   116   4.27419   0.76687   5.86366    1573   13
   117   5.57001   1.91646   0.81957     688   12
   118   0.50485   0.82127   0.42275     691   12
   119   4.31853   0.74655   1.03585    2483   20
   120   4.43152   0.86584   4.02759    2893   23
   121   5.65561   1.97789   3.84345     834   13
   122   5.69485   2.06096   0.79922    1957   20
   123   1.32245   2.31764   5.37915     439   11
   124   2.51684   1.00489   5.46234     368    9
   125   0.59043   0.84846   0.46980    1138   13
   126   5.66788   1.99017   3.87260     999   13
   127   5.63381   2.09782   2.41662    3367   23
   128   3.55629   2.27346   0.86518    2352   21
   129   2.40193   1.12695   2.40707    2346   17
   130   0.39731   0.95775   3.84965    2807   19
   131   5.58891   1.97980   2.42644    2931   18
   132   3.49292   2.21402   2.38837    1218   16
   133   3.55629   2.27346   0.86518     393    6
   134   2.52060   1.20628   0.72898    3577   22
   135   2.45751   1.19317   2.26287     826   13
   136   4.35781   0.88762   5.57873    3801   22
   137   3.54193   2.16014   1.01597     667   12
   138   4.47684   0.85913   5.67076     527   11
   139   3.62402   2.43546   5.60310     541    7
   140   0.45766   0.95326   3.75792     422    8
   141   4.43635   0.87168   0.99229    1373   19
   142   4.28736   0.81086   5.72455     847   12
   143   2.52142   1.19741   0.78408    1417   16
   144   2.48355   1.04449   5.39473    1388   16
   145   1.28655   2.38097   5.34701    1110   16
   146   0.59043   0.84846   0.46980     722   13
   147   1.24032   2.30829   2.06527     338   10
   148   1.29429   2.33017   3.71241    3530   22
   149   0.38290   0.79095   0.64738     601    8
   150   5.56892   2.15170   3.97931    3234   23
   151   5.69134   1.92749   2.31642    3827   22
   152   3.56869   2.22984   1.05722    4260   23
   153   4.52347   0.92053   2.49782     799   13
   154   5.67335   1.98845   5.61385    1330   17
   155   2.52455   1.21421   2.35349     347    7
   156   5.61650   1.98681   0.96331     684   13
   157   4.39579   0.77752   5.67612     696   13
   158   1.31252   2.27196   3.86065     305    8
   159   0.42803   0.75558   5.28366    1153   13
   160   3.62402   2.43546   5.60310     616   13
   161   4.53305   1.02262   4.01491     617   12
   162   0.41527   0.91073   0.61180     840   14
   163   1.21689   2.34009   5.16383    1993   21
   164   2.52455   1.21421   2.35349     370   11
   165   5.59336   2.03323   2.39076     695   10
   166   2.27683   1.07803   4.02811    1114   14
   167   0.33594   0.75441   2.20438     530   10
   168   1.12912   2.22065   2.13512     584   11
   169   5.56750   2.04079   5.54088    2710   19
   170   3.62402   2.43546   5.60310     850    8
   171   2.52455   1.21421   2.35349     608    7
   172   3.62402   2.43546   5.60310     693   13
   173   0.56948   0.88397   2.17139    3151   19
   174   5.50468   2.08314   0.86291    4278   25
   175   1.22375   2.28898   3.58250    3922   19