     1   0.00000   0.00000   0.00000       0    0
     2   0.41100   2.14928   3.18795    2059   18
     3   5.20161   1.55135   3.91276    2422   20
     4   0.39667   2.14669   1.51372     980   13
     5   5.08345   1.45772   5.69050    1119   14
     6   0.37151   2.20478   4.67513     805   11
     7   5.16759   1.57922   2.56958    1098   16
     8   3.62920   0.86519   1.45787    1550   15
     9   2.07559   1.55815   2.23299    1065   14
    10   3.65241   0.88871   1.43125    1001   12
    11   3.56044   2.45335   4.77365    2382   18
    12   3.67440   2.33200   1.66317     624    8
    13   0.39762   2.27009   6.26187    1161   13
    14   3.60678   2.48670   6.27962    1431   16
    15   0.44101   2.32255   1.62035    1738   17
    16   0.52762   0.78469   4.57993    1060   12
    17   5.15467   1.57700   0.77384    1261   14
    18   0.43922   2.14991   4.62814    1267   14
    19   0.28753   0.61128   3.35716    1310   15
    20   0.49280   2.31632   0.09144    1250   17
    21   2.01784   1.62734   5.38710    1689   16
    22   5.11502   1.68386   5.65818    1731   17
    23   0.25014   0.78148   3.30871    1203   14
    24   3.42165   2.35798   1.49285    1656   18
    25   5.05534   1.48173   4.10221    1295   15
    26   0.35436   2.21498   1.41729    1796   21
    27   0.51076   2.28967   3.31407    1046   13
    28   3.62974   0.93447   3.10029    1769   16
    29   0.34223   2.23296   0.00735    1311   13
    30   5.12183   1.51378   5.57158    1217   14
    31   3.60781   2.37080   0.06825    1077   13
    32   2.01208   1.42076   0.75473    2564   21
    33   1.90172   1.63590   5.37067    1500   14
    34   3.45327   0.91197   0.12880    1805   14
    35   3.55099   0.91635   3.21004    1059   14
    36   5.20295   1.53407   5.50687    1459   13
    37   3.61015   2.40315   1.54543    1436   13
    38   0.53130   0.68435   6.27964    1057   13
    39   3.44418   0.94009   1.68345    1324   15
    40   3.60966   0.96338   2.99576     725   12
    41   0.34178   2.15601   4.74141     835   13
    42   3.57047   2.53081   0.02501    1691   15
    43   0.54044   0.64607   1.43594    1962   22
    44   2.01194   1.59151   5.26625     811   13
    45   2.05539   1.47191   2.33388    2191   14
    46   3.47365   0.95807   4.68388    2120   19
    47   3.72921   0.92144   6.15255     868   13
    48   0.37107   0.55264   0.01111    1390   16
    49   3.41906   0.97559   4.85891    2357   20
    50   3.81118   2.57661   3.28045    1006   13
    51   0.39269   2.32434   4.76817    1223   13
    52   5.09372   1.59480   5.68992    1323   14
    53   0.36870   0.73247   1.59582    1564   15
    54   3.45354   2.42276   3.02532    1835   16
    55   2.02135   1.52087   5.47022    1186   16
    56   5.18714   1.64129   0.95896    1373   15
    57   5.08572   1.66562   4.05601    1656   16
    58   2.07559   1.55815   2.23299    1051   13
    59   1.96354   1.70800   3.79654    1303   15
    60   3.56744   0.89707   6.27853     914   10
    61   0.27785   0.52508   0.20413     872   14
    62   3.48485   0.96983   1.61683     996   13
    63   2.00081   1.51658   5.48050    1450   18
    64   0.39269   2.32434   4.76817    1041   13
    65   0.40033   2.26136   3.11866     758   12
    66   5.16454   1.61434   0.92037    1223   16
    67   5.17949   1.47284   3.98666    1385   14
    68   2.06427   1.64057   0.59111    1395   15
    69   0.57610   0.63896   6.16271    1504   15
    70   3.60544   2.43667   3.09945    1036   14
    71   0.51899   2.34684   3.10906     856   11
    72   3.45327   0.91197   0.12880    1720   18
    73   0.38481   0.60353   1.58878     660   11
    74   5.01740   1.50185   5.57768     899   12
    75   0.38752   2.27205   1.59574    1699   17
    76   2.05606   1.57107   2.13840    1613   15
    77   0.24196   2.32460   3.02919    1310   15
    78   0.34223   2.23296   0.00735     957   10
    79   3.50255   1.01028   0.14565     991   14
    80   0.24264   2.16004   4.54200    1307   14
    81   3.56979   2.48205   1.53356     799   13
    82   5.11436   1.42977   0.96460    1016   11
    83   5.02123   1.48673   5.54079    1346   14
    84   5.08287   1.69152   5.56687    1038   12
    85   0.26993   0.58627   0.13260    1309   15
    86   5.12192   1.54380   5.65442     730   11
    87   3.61103   2.33325   3.20883    2174   21
    88   3.50255   1.01028   0.14565    1593   15
    89   5.07055   1.55572   5.58749    1609   14
    90   3.60505   0.81021   3.20326    1226   13
    91   3.50255   1.01028   0.14565    1392   18
    92   0.36191   2.33392   6.26487     792   11
    93   0.34223   2.23296   0.00735    1188   14
    94   3.55981   0.94061   0.07492     818   11
    95   5.09160   1.56281   5.65896    1870   17
    96   3.70216   2.50233   1.73545    1431   17
    97   3.60453   2.58843   1.74720     823   12
    98   0.29093   0.70944   1.62290     873   13
    99   0.28635   2.31770   4.61500    1292   13
   100   5.12432   1.58825   2.44526     748   12
   101   0.48332   0.63522   1.53850     999   13
   102   2.02937   1.50459   2.25821    1464   16
   103   2.00094   1.59806   2.35442    1235   16
   104   3.60453   2.58843   1.74720    1258   14
   105   5.18362   1.56468   5.64642    1900   18
   106   3.46192   0.89636   1.65552    1223   19
   107   3.51762   0.98616   1.70979    1237   14
   108   3.45208   0.84220   4.65360     972   11
   109   2.01794   1.51614   3.80154    1066   12
   110   3.68397   0.88537   3.08846    1615   16
   111   3.63147   2.57053   3.16085    1194   16
   112   0.31854   2.23943   3.21003    1322   13
   113   0.42199   2.14444   0.00835    1955   15
   114   5.20920   1.56593   4.10270     944   15
   115   0.46768   0.70500   3.20777    1144   14
   116   3.44952   2.37050   6.19620    2055   20
   117   3.60781   2.37080   0.06825     793   13
   118   3.53903   2.39339   1.63766    1629   15
   119   3.33646   2.60119   1.38950    1004   15
   120   0.34844   0.71834   0.05071    1359   15
   121   0.34032   2.10688   4.66318     983   14
   122   0.37256   2.18389   1.54371    1297   14
   123   1.99596   1.62845   5.42972    1601   18
   124   0.39274   2.21358   4.74605    1437   14
   125   3.52915   2.60520   4.72865     866   13
   126   0.38249   0.70602   3.14443    1566   16
   127   0.27730   0.68976   1.69429     824   11
   128   0.36683   2.27339   0.12635     801   12
   129   2.03388   1.60298   5.41239    2019   20
   130   3.49317   2.42283   4.63925    1313   14
   131   3.52054   0.76766   3.19599     687   12
   132   5.19707   1.62906   4.02253    1058   14
   133   3.53668   0.90196   3.07199     960   14
   134   0.31691   2.36161   1.51194     786   12
   135   2.09894   1.56458   2.12485    1822   17
   136   3.47606   0.98139   6.28074    1545   17
   137   3.63863   1.05744   4.62260    2316   19
   138   2.00394   1.56380   3.69490    1330   14
   139   0.23795   0.73586   4.87382    1370   16
   140   5.16066   1.56891   5.57948    1490   15
   141   2.00513   1.59413   5.50278     804   14
   142   1.97191   1.57432   2.22091    1665   21
   143   3.54884   0.83010   1.59911    1602   16
   144   3.67104   0.84033   1.52033     679   12
   145   5.13760   1.60644   5.56700    1780   17
   146   0.30590   2.19548   0.00002    1502   14
   147   0.35426   2.28212   1.46399    1012   11
   148   1.98734   1.45365   3.80239    1711   16
   149   3.46600   2.47296   6.14587    1078   13
   150   3.57466   2.52382   4.74286    1184   15
   151   3.54600   2.40971   1.55889    1001   13
   152   3.63667   2.57646   1.57770    1477   14
   153   3.56994   2.46415   3.03374    1140   11
   154   0.30342   0.76085   0.01359    1231   16
   155   1.97347   1.60714   3.82420    1338   15
   156   0.24780   0.56475   3.23446    1269   16
   157   3.63185   2.49416   3.27345    1387   15
   158   0.46671   2.18510   4.76880     991   12
   159   5.14544   1.48623   4.05213    1327   18
   160   3.59884   2.55562   3.09698    1452   17
   161   5.20833   1.62915   2.40667    1408   14
   162   0.30558   0.69999   1.79180    1643   18
   163   3.44534   2.58800   1.41213    2338   17
   164   3.48676   0.83606   3.22756    1449   16
   165   0.52438   2.25175   1.63268    1203   15
   166   3.42678   0.91112   0.04786    1427   13
   167   2.03263   1.57467   2.29783     947   14
   168   3.67411   0.93735   3.05826     852   14
   169   3.48863   0.89712   4.69068    1354   14
   170   0.57542   0.76607   3.10637    2043   18
   171   0.39269   2.32434   4.76817     632   12
   172   2.00779   1.46123   0.67057    1262   14
   173   3.64184   2.49589   1.68635     925   12
   174   0.24196   2.32460   3.02919    1680   15
   175   0.46135   0.62570   4.66848    1335   14
   176   5.08631   1.54331   5.70186    1232   14
   177   3.59181   1.01455   1.59565    1469   16
   178   3.59944   2.41870   6.22098    1831   15
   179   1.95104   1.46984   3.84549     705   14
   180   2.06645   1.48742   0.68637     970   13
   181   0.39809   0.62183   3.13697    1362   15
   182   0.51513   2.29505   1.59989    1574   16
   183   3.54884   0.83010   1.59911     756   12
   184   5.06851   1.69750   2.42593    1395   19
   185   0.22451   0.65638   4.92917    1733   15
   186   3.61543   0.96841   4.74693    1150   17
   187   3.35438   2.39268   4.54192     714   10
   188   0.50198   0.73233   3.14309    1683   17
   189   1.99596   1.62845   5.42972     465   11
   190   0.30920   2.24984   4.63768    1928   16
   191   5.05534   1.48173   4.10221    1410   18
   192   2.04768   1.52113   0.56359    1400   16
   193   2.07780   1.48456   0.63119    1149   14
   194   3.38020   2.59495   6.08193    1575   17
   195   0.36858   0.59725   3.19973    1629   16
   196   2.04558   1.43557   5.32568    2010   19
   197   5.17243   1.49095   5.68869    1356   15
   198   3.51452   0.87552   6.26967    1119   15
   199   2.05119   1.51160   3.78089    1471   16
   200   2.07559   1.55815   2.23299     791    9