     1   0.00000   0.00000   0.00000       0    0
     2   4.19721   1.38998   2.99647    1882   15
     3   1.02484   1.79010   1.57389    3328   20
     4   1.05282   1.69079   4.74310    1230   13
     5   1.05282   1.69079   4.74310     431    9
     6   4.19947   1.51186   4.56819     627   11
     7   1.12858   1.69359   0.22148     876   12
     8   4.19660   1.35561   6.26404     954   13
     9   0.63559   0.23981   5.23837    2010   16
    10   5.87996   1.73850   3.06967    1149   15
    11   3.40852   3.11267   0.87390     469   10
    12   2.64816   1.49549   3.42482     796   11
    13   3.92714   2.88142   1.23872    1540   14
    14   3.92606   2.87865   4.46017    1589   17
    15   5.87088   1.70379   1.46284     329    7
    16   4.34987   1.39919   3.02636    1154   12
    17   3.97429   3.06077   1.23726     633   10
    18   4.19415   1.39878   4.66784    3823   19
    19   5.86755   1.60357   6.19390    1584   17
    20   0.86003   0.22065   4.90086     823   11
    21   0.55203   0.29704   3.71030    1532   16
    22   6.17837   0.16984   1.16114    5011   24
    23   4.34166   1.32168   4.51635    1468   15
    24   2.63809   1.40752   1.78422     434   11
    25   1.05282   1.69079   4.74310     963   15
    26   2.60864   1.58043   0.23286     428    8
    27   2.56347   1.39310   1.80104    1146   12
    28   4.10861   1.48329   4.60464    3799   22
    29   0.49313   0.18995   0.47512    2308   21
    30   1.05282   1.69079   4.74310     813   12
    31   4.34819   1.51581   4.57129    1310   11
    32   0.45525   0.26483   2.21358    1257   12
    33   3.85016   2.88426   5.91528    5185   31
    34   1.08276   1.77694   3.16113     775   15
    35   4.30041   1.48672   6.14186    2873   19
    36   4.30430   1.29791   3.06212    1805   20
    37   0.39629   0.22392   3.82449    2778   18
    38   1.05282   1.69079   4.74310     399    9
    39   4.19963   1.44353   2.99363     960   15
    40   2.78191   1.52105   4.94939    1279   15
    41   1.07863   1.70634   1.75275     601    9
    42   2.64816   1.49549   3.42482     724   11
    43   1.05282   1.69079   4.74310     408    8
    44   2.63745   1.40816   0.25462     870   11
    45   3.11244   2.98936   1.90676     741    9
    46   2.64203   1.54402   1.58290     404   10
    47   3.73107   3.05488   2.60953    5869   25
    48   1.05282   1.69079   4.74310     973   13
    49   3.79639   2.94373   1.17869    1765   15
    50   1.06353   1.62948   4.77572    2935   18
    51   3.78510   2.94164   2.66192    4021   20
    52   0.81339   0.27842   3.40438    3077   16
    53   1.05538   1.60180   0.08212    2568   20
    54   0.98253   1.63260   1.64380     868   11
    55   4.21516   1.43833   0.02774    2196   16
    56   4.34321   1.41508   6.18291    3734   19
    57   0.97364   0.25756   4.90837     645   10
    58   4.20885   1.48596   4.70286    3150   17
    59   1.13770   1.63598   1.71170    2343   17
    60   4.15960   1.42077   4.56551     524   11
    61   2.57218   1.49778   4.84061     437   11
    62   1.07504   1.59878   1.63983     324    7
    63   1.05282   1.69079   4.74310     462   11
    64   2.61831   1.37307   0.25139    2979   17
    65   4.17484   1.40804   2.91979     428   11
    66   1.12508   1.71661   0.02300     352    7
    67   5.66803   1.61291   1.29635     490   11
    68   1.05282   1.69079   4.74310     296    9
    69   1.08276   1.77694   3.16113     437    9
    70   5.67609   1.56039   4.46162    2157   19
    71   1.17521   1.68763   4.78130    1499   12
    72   5.83720   1.56211   3.01491     296    8
    73   0.70907   0.25565   3.64739    4043   23
    74   4.18132   3.07711   4.67348    2753   15
    75   1.05282   1.69079   4.74310    1535   16
    76   0.54533   0.11028   0.48205    3217   19
    77   4.21143   1.44794   3.06386     540   11
    78   5.83197   1.69120   1.30367     456   10
    79   2.91740   2.93599   1.80499    5332   26
    80   0.41995   0.15634   3.88475    4902   19
    81   2.78017   1.46007   3.17419     587   12
    82   0.42537   0.06873   2.31300     617   11
    83   2.58871   1.60729   4.84577    1006   11
    84   4.41547   3.04110   1.82088    1714   15
    85   5.68657   1.75649   4.52858     469   10
    86   2.68106   1.47600   1.65451    3349   24
    87   4.30430   1.29791   3.06212     563   12
    88   5.78624   1.57387   1.39346     635   11
    89   1.05492   1.70638   0.11702    1593   15
    90   1.05282   1.69079   4.74310    1150   10
    91   3.32013   2.94883   5.35125    1103   15
    92   1.22388   1.62232   0.11126     776   13
    93   1.12508   1.71661   0.02300    2019   18
    94   4.23686   2.92881   3.27601    2325   14
    95   2.54241   1.46232   4.79213    1848   18
    96   3.96360   2.95267   2.96158    1027   11
    97   4.12082   2.87021   6.18717    2162   17
    98   4.13813   1.47022   6.20394     504   12
    99   5.67129   1.70229   2.99286     601    8
   100   4.15701   1.31550   1.53691     661    9
   101   1.07977   1.62443   4.87028     493    8
   102   2.74983   1.44538   4.74796    4104   25
   103   2.56758   1.43317   3.21339    1076   10
   104   2.67304   1.39072   0.09976    4612   26
   105   1.00473   1.79414   6.26664    1233   15
   106   0.78756   0.19436   0.23625     678   10
   107   6.12716   0.10352   2.81763    1692   15
   108   3.97448   2.86533   1.21708    2687   18
   109   5.68893   1.73479   3.01777     951   14
   110   1.19424   1.82422   4.79450    1813   17
   111   0.42497   0.24409   0.69846     914   11
   112   1.09325   1.69302   4.89497    1754   19
   113   0.25255   0.16763   2.44111    1657   22
   114   1.12501   1.71501   3.11924    1090   14
   115   0.87828   0.28024   4.91774    3031   18
   116   5.83671   1.61478   6.21259    2349   16
   117   5.90393   1.73055   6.02097     349   10
   118   2.60864   1.58043   0.23286    1009   13
   119   4.24025   1.40450   4.62767    2656   19
   120   0.99349   1.76771   1.70923    3554   20
   121   4.34987   1.30671   4.65779     421    8
   122   3.52969   3.07009   5.57393     692   12
   123   0.44393   0.22956   5.32843     715   10
   124   1.05282   1.69079   4.74310    2010   15
   125   1.24890   1.85918   4.91151    1357   15
   126   1.03954   0.03678   1.50214    1158   13
   127   1.12436   1.68577   4.77977    1551   11
   128   1.05282   1.69079   4.74310     514   10
   129   6.21568   0.16086   1.28891    1996   16
   130   0.14852   0.15737   2.60374     646    7
   131   1.05282   1.69079   4.74310     612    9
   132   4.21388   1.45532   2.92163    4226   26
   133   1.04125   1.76311   4.82272     843   11
   134   2.63610   1.47546   0.12572     582   12
   135   1.11074   1.61938   4.78281     960   13
   136   4.35575   1.41685   4.60267     324   10
   137   4.21747   1.46897   4.67606     648    9
   138   3.63641   3.02626   1.01025     454    8
   139   3.06540   2.97158   5.07037     719   10
   140   5.92441   1.65741   4.48688     539   10
   141   0.65485   0.10157   0.37543    1046   11
   142   4.19963   1.44353   2.99363    1190   15
   143   5.82071   1.67066   4.47619    1084   13
   144   2.59116   1.46125   1.73909     426    9
   145   3.58199   2.88274   5.55350    3946   25
   146   0.75565   0.19485   5.01200     599   11
   147   4.19963   1.44353   2.99363     376    9
   148   3.29420   2.90751   3.64518     869   10
   149   2.63677   1.43640   4.87459     615   11
   150   1.18401   1.74459   1.64945    1210   13
   151   2.63425   1.58857   4.93468     371    9
   152   4.35173   2.94009   4.80696     857   13
   153   0.32937   0.22988   5.53016    1906   15
   154   2.64351   1.46795   3.30008    1145   13
   155   1.05282   1.69079   4.74310     803   12
   156   0.43155   0.22492   3.71185     364    7
   157   5.79484   1.61818   4.58118    1252   17
   158   2.57644   1.36015   0.19857     849   12
   159   4.13813   1.47022   6.20394     586   14
   160   0.66761   0.19410   5.02824    2027   18
   161   4.22918   1.38442   6.18858     962   10
   162   5.86405   1.62167   4.59174    1334   14
   163   5.81425   1.69019   4.55805    1448   14
   164   0.46054   0.14221   2.33378     601    9
   165   1.22852   1.73040   4.79834    2327   19
   166   4.32151   1.42978   1.47739    1127   17
   167   5.71119   1.74321   2.89585    1354   14
   168   3.71362   2.81602   4.16500     963   14
   169   1.08276   1.77694   3.16113     441   10
   170   0.40253   0.29470   5.32123     678   12
   171   1.17905   1.72393   0.00899    4520   28
   172   4.13813   1.47022   6.20394     402   11
   173   5.76377   1.68107   6.04089    1674   14
   174   0.81400   0.10841   0.19636    3994   24
   175   2.58871   1.60729   4.84577     457   13
   176   5.87996   1.73850   3.06967    1862   19