     1   0.00000   0.00000   0.00000       0    0
     2   0.26428   1.82403   4.44387    1157   14
     3   3.29336   1.34446   4.98408     600   10
     4   3.44351   1.23609   3.25830    1508   15
     5   0.29936   1.69380   2.92901     839   15
     6   0.06947   1.79250   1.36755    1991   22
     7   1.17290   0.33211   2.29192    1165   14
     8   4.95800   1.36166   3.02326    1349   17
     9   0.10187   1.70386   6.20016    1328   15
    10   1.80624   1.78868   4.84822     949   13
    11   0.78062   0.19145   4.25997    1102   13
    12   0.94503   0.13177   2.46011     964   12
    13   0.29893   1.78354   2.96397    1293   15
    14   0.95478   0.27806   2.45664     837   13
    15   1.84386   1.77702   1.74527    1898   18
    16   3.38433   1.26707   4.85282    1700   18
    17   3.28980   1.39951   4.95889    1203   15
    18   0.21023   1.68774   4.48024    1198   16
    19   0.06141   1.77803   5.98546    1062   14
    20   0.00000   0.00000   0.00000     833   11
    21   3.27349   1.43173   1.70980    2780   20
    22   1.87167   1.84968   3.45204    1238   14
    23   1.15879   0.23108   2.21192    1113   15
    24   3.96708   2.82757   3.67077    1401   15
    25   0.78836   0.38493   4.16390    1090   13
    26   1.25559   0.27811   5.28767    1174   13
    27   3.41210   1.32786   1.65030     898   11
    28   1.85033   1.67920   1.69677    1350   17
    29   1.87385   1.72639   3.38080    1941   21
    30   0.20305   1.81298   4.50193    1495   13
    31   0.88647   0.46964   4.02332    2138   18
    32   0.26070   1.85329   3.01756     658   10
    33   1.74341   1.87801   4.97785    1236   14
    34   0.18852   1.69248   6.10220    1065   17
    35   1.03591   0.38227   5.47493    1924   19
    36   0.25150   1.69709   3.02742    1691   11
    37   1.87385   1.72639   3.38080     947   12
    38   4.99178   1.40853   4.36065    1015   16
    39   0.91220   0.13449   0.76604     953   13
    40   0.78062   0.19145   4.25997    1378   13
    41   0.10334   1.71731   2.83531    1825   15
    42   4.02625   2.77356   3.71107    1100   13
    43   5.05699   1.48506   5.97713    1798   14
    44   5.03839   1.38476   2.92149    1343   14
    45   3.54342   2.85176   3.41977    1975   17
    46   5.00682   1.31186   6.12840    1547   17
    47   4.95055   1.47290   2.84385     904   12
    48   0.95813   0.43358   2.38613    1265   15
    49   0.20095   1.78215   1.26543    1155   14
    50   3.87749   2.85102   3.59613    1615   17
    51   1.68740   1.64736   4.90454    1362   15
    52   4.85373   1.38392   4.52002    1021   15
    53   4.42142   2.87533   1.00157    1424   17
    54   3.75230   2.92835   1.90204    1270   19
    55   1.05543   0.39838   3.85452     889    9
    56   4.94004   1.27719   1.29564    1023   15
    57   1.79984   1.73874   3.43397    1025   13
    58   3.39496   1.36237   3.30418    1816   16
    59   5.08480   1.30862   2.93517    1439   15
    60   1.33697   0.35063   3.60738    1270   14
    61   4.42750   2.77919   5.75269     910   12
    62   4.15304   2.69893   2.28297     826   11
    63   1.23158   0.27327   2.17874     924   12
    64   4.06304   2.87666   3.88759     900   13
    65   4.98410   1.38494   1.27807    1130   14
    66   3.41531   1.44669   4.82062     764   10
    67   1.00750   0.32240   4.03465    1426   15
    68   0.99067   0.27906   3.99643    1497   17
    69   1.74014   1.73194   3.34777    2289   22
    70   4.95974   1.49439   6.07003     759   11
    71   3.22635   1.29484   0.11992    1394   14
    72   0.08843   1.87222   1.23664    1586   14
    73   0.28113   1.76938   4.48428    1323   14
    74   0.11424   1.81816   4.58039    1226   16
    75   3.85052   2.78160   2.13737     892   14
    76   1.84559   1.75153   4.96409    1743   18
    77   1.87050   1.73363   0.27562    1771   15
    78   0.26642   1.69578   4.57033     841   12
    79   0.94936   0.28203   2.28889    1029   14
    80   5.02446   1.31938   1.18869    1619   16
    81   0.16221   1.84058   6.08540    2178   19
    82   0.78062   0.19145   4.25997     752   13
    83   4.82246   1.38529   1.37094    1232   13
    84   0.08804   1.84062   4.51141    1365   14
    85   4.99962   1.36265   2.91000    1059   14
    86   1.07542   0.41524   5.52296    1187   13
    87   1.87625   1.63288   0.34080    1096   12
    88   4.11109   2.78549   0.76064    1110   16
    89   0.94184   0.13666   4.00559    1790   19
    90   3.80764   2.90363   5.03829    2138   17
    91   1.13949   0.35054   2.18807    1120   13
    92   0.84750   0.30352   4.01527    2108   18
    93   5.00410   1.37823   1.20177    1559   19
    94   1.84559   1.75153   4.96409     920   10
    95   1.25979   0.31218   0.58916     605    9
    96   3.42006   1.18265   4.99447    1161   15
    97   0.21143   1.79131   3.04549    1731   19
    98   3.26360   1.37165   1.89588    1549   17
    99   0.30777   1.67197   1.48386    1334   16
   100   0.10117   1.89017   1.42391    1717   15
   101   0.10119   1.89765   1.43163    1134   14
   102   3.30416   1.24129   1.73484    1861   19
   103   4.22635   2.98548   5.51924    1558   16
   104   0.79195   0.25612   2.55755    1247   14
   105   1.82848   1.84235   5.07720    1546   16
   106   3.40061   1.33816   1.64011    1542   17
   107   0.10611   1.87693   4.52755     632   13
   108   4.15426   2.70973   5.55297    1584   15
   109   4.96688   1.37160   6.00397    1040   13
   110   1.81593   1.77828   3.49004    1178   15
   111   1.72946   1.77772   5.00691    1890   16
   112   0.12775   1.89568   1.36487    1022   14
   113   1.75901   1.84669   0.14469    1718   14
   114   0.24873   1.79551   3.07655     939   14
   115   5.01804   1.34716   5.96293    1578   17
   116   1.85493   1.80700   3.50205     957   16
   117   0.18852   1.69248   6.10220    1383   16
   118   3.39170   1.40476   3.43415    2088   18
   119   1.72919   1.70792   3.38432    1015   12
   120   3.22580   1.37284   0.33741    1209   13
   121   3.96187   2.95939   2.20025    1615   18
   122   1.80814   1.74582   0.26099    1261   15
   123   5.04596   1.35721   1.37910     905   12
   124   3.34112   1.35812   1.87219    1375   14
   125   0.98074   0.38049   4.02698    1202   15
   126   3.78494   2.75270   3.60763    1010   12
   127   4.93299   1.42027   4.42730    1240   14
   128   0.67509   0.30319   4.13937    1178   14
   129   1.87385   1.72639   3.38080    1366   18
   130   0.17169   1.76317   1.48315     793   11
   131   3.23393   1.28169   0.17453    2009   17
   132   0.31943   1.75971   4.58413    1052   10
   133   3.54342   2.85176   3.41977    2169   20
   134   0.18852   1.69248   6.10220     989   14
   135   4.20961   2.81805   0.72388    1572   19
   136   5.06276   1.36923   1.39351    1388   13
   137   4.12607   2.70395   0.64924     806   15
   138   3.18050   1.25428   5.03241    1381   14
   139   0.63294   0.36249   2.66029    1123   13
   140   0.17396   1.81059   1.37648     943    9
   141   3.99275   2.79687   3.69450    1681   15
   142   1.33697   0.35063   3.60738     512   11
   143   4.99141   1.35594   4.45950    1609   15
   144   3.91285   2.82690   0.48536    1619   19
   145   5.02223   1.33237   5.94158     951   13
   146   1.74556   1.70432   5.04880     748   13
   147   3.34437   1.33306   4.91757    2059   17
   148   1.89779   1.67335   4.97665    1194   16
   149   4.94128   1.34287   6.14688    1478   16
   150   3.71753   2.84100   0.48106    1293   16
   151   5.06318   1.49949   6.02219    1006   13
   152   0.22248   1.82578   4.58478     932   11
   153   5.04817   1.42271   2.80972    1745   15
   154   0.19731   1.84909   1.29732    1554   18
   155   3.28935   1.37067   3.31675     929   14
   156   3.81706   2.89088   2.08443    1290   16
   157   4.16889   2.87290   3.95519    1100   13
   158   3.89676   2.84802   3.68274     951   12
   159   1.29541   0.24462   2.05879    1310   15
   160   4.16626   2.81967   5.62841    1235   13
   161   4.85373   1.38392   4.52002    1345   13
   162   0.65015   0.36133   2.60261    1648   16
   163   1.73067   1.72386   1.79067     940   12
   164   1.01898   0.27090   5.57570    1362   12
   165   0.20590   1.86816   2.94743    1322   14
   166   1.77111   1.82160   4.98963     804   15
   167   3.92553   2.70089   0.62346    1271   13
   168   0.94503   0.13177   2.46011     807   13
   169   3.94763   2.90649   0.60167     401   11
   170   3.35204   1.40129   0.24822     773   12
   171   3.79530   2.94478   0.40061    1428   22
   172   1.72919   1.70792   3.38432     677   11
   173   3.82686   2.81526   2.05639    1093   11
   174   3.39940   1.33071   4.81480    1667   19
   175   0.44734   0.30836   4.57031    1255   14
   176   1.88377   1.67801   3.48544    1821   19
   177   0.92968   0.26092   0.89522    1315   15
   178   0.22799   1.92235   3.00426    1588   15
   179   3.37084   1.30204   4.85724    1066   13
   180   0.19803   1.84560   6.08860    1007   15
   181   0.94251   0.27446   5.51520    1327   13
   182   0.19304   1.82786   3.02690    1393   15
   183   5.06318   1.49949   6.02219    1688   20
   184   0.67671   0.31705   4.26136    1260   14
   185   0.63294   0.36249   2.66029    1000   15
   186   3.79089   2.76358   3.49819    1089   15
   187   5.04978   1.44811   4.45614    1250   16
   188   4.11346   2.74044   2.28458    1408   16
   189   4.04467   2.94097   2.36813     839   13
   190   3.94763   2.90649   0.60167    1090   14
   191   0.56018   0.19942   2.77372    1414   15
   192   0.67053   0.37949   4.25729    1257   14
   193   4.04587   2.72459   2.34076    1938   16
   194   3.42480   1.25714   1.79516    1553   16
   195   4.98880   1.39470   1.21657     922   13
   196   0.19133   1.88171   1.27016    1111   15
   197   0.20345   1.72579   6.09904    1283   15
   198   0.90599   0.35370   5.59495     755   13
   199   5.04978   1.44811   4.45614     825   11
   200   4.31151   2.84738   4.22057    2106   18
   201   3.40467   1.28138   1.87682    1063   15
   202   4.96916   1.29078   1.33595    1336   15
   203   1.10880   0.39971   3.86520    1888   19
   204   3.99514   3.00111   2.15101     978   13