     1   0.00000   0.00000   0.00000       0    0
     2   5.43807   1.76276   2.33582     611   12
     3   0.93116   0.87842   6.17943    1980   14
     4   0.79555   1.63632   5.66543    1297   18
     5   1.95175   1.22208   0.27650    1017   15
     6   3.10264   2.06614   5.48568    1099   13
     7   1.21860   2.08171   1.93716    2690   23
     8   1.58666   2.14077   5.61677    1567   16
     9   5.78080   1.69685   5.09280     760   12
    10   2.66859   0.58420   3.87710     822   12
    11   3.11655   1.19602   1.12832    1418   13
    12   5.94644   1.47255   6.26429     854   12
    13   3.56051   0.67510   4.63422    1434   15
    14   4.91856   1.62095   4.98955    1051   13
    15   6.04122   2.16935   0.97830    1845   18
    16   0.36726   1.75373   0.00524    1332   13
    17   1.64336   2.35867   5.19580    1077   16
    18   1.85784   2.18867   2.58272    1758   19
    19   2.92846   1.06236   2.64325     841   11
    20   1.16137   1.60937   2.20156    1336   15
    21   4.85701   2.42660   4.35511    1097   14
    22   5.38724   2.06071   2.14776    1258   12
    23   4.91962   0.67999   2.50651    1619   15
    24   0.00482   0.30049   5.94428    1468   15
    25   5.12213   2.02626   4.34266     800   14
    26   4.15019   1.54836   5.04035    3250   22
    27   4.21521   2.34135   0.40613    1281   14
    28   0.25379   1.60753   2.63992    1842   19
    29   2.09373   0.50107   2.16414    1312   17
    30   6.02225   0.47116   1.36698    1134   12
    31   0.95040   0.93405   4.43676    1296   15
    32   3.15696   1.90008   5.87589     977   13
    33   2.99585   1.73834   1.82816    1950   15
    34   1.01691   0.21634   4.33958    1802   16
    35   1.31447   0.74895   2.54244     904   11
    36   2.59632   2.39140   4.83061     790   11
    37   0.13997   0.54304   0.10625    1140   15
    38   1.10572   0.75648   4.41256    1164   15
    39   5.05234   2.09622   5.29873    1022   13
    40   2.25958   2.19088   4.57285     797   11
    41   0.74412   0.93379   1.73874    1215   14
    42   0.24350   1.37975   6.08577    1564   18
    43   2.32210   0.91609   1.62751    1666   16
    44   2.76483   2.22603   3.07588     986   15
    45   0.31220   2.06162   0.55146     870   14
    46   3.69722   1.17608   2.25968    2031   18
    47   4.83624   2.18782   3.71535     711   10
    48   2.25184   1.03337   0.29599    1454   15
    49   3.69903   1.63736   5.38735    1191   16
    50   3.46175   0.17265   3.50157     958   13
    51   0.95717   1.12321   1.30710    1428   15
    52   2.09542   2.08161   1.24471    1238   14
    53   6.11158   0.33737   0.60387    1148   14
    54   4.34271   2.32754   0.17416    1741   17
    55   5.82849   0.22927   5.51137    1204   14
    56   0.20616   1.97585   1.90615    1012   13
    57   0.86710   1.73202   3.84080    1442   16
    58   0.07534   1.72222   2.13685    1417   13
    59   1.43417   2.87746   3.36488    1447   16
    60   2.19137   2.35412   2.26055    1235   12
    61   0.59494   1.11745   3.70158    1154   12
    62   3.40072   1.50246   1.14064    1605   18
    63   1.69635   2.37355   6.23287    1351   13
    64   2.73678   2.59877   4.25320     838   12
    65   1.69004   1.00899   3.33862     896   10
    66   2.89479   0.61249   0.18877    1585   19
    67   1.66376   2.70522   4.83980    1083   16
    68   1.94117   0.91356   4.49256    1013   15
    69   2.60421   1.82968   2.35136    1887   21
    70   2.07478   0.47671   1.98990     867   11
    71   1.72051   1.02710   3.96305    1098   12
    72   1.54397   1.35105   5.05585     877   13
    73   2.04196   1.11493   0.26143    1130   13
    74   3.01925   2.29240   0.46343     849   11
    75   3.30591   2.11189   0.50275     896   11
    76   3.72069   2.59258   1.97760    1655   19
    77   4.32674   2.02520   5.41738    1150   17
    78   3.19291   1.07715   2.48656     960   13
    79   2.25694   2.32846   2.96900    1709   16
    80   2.26771   2.75329   2.35065    1205   16
    81   1.85896   1.30177   2.86309    1151   12
    82   2.71976   2.57798   4.93014    1305   14
    83   3.99224   0.79031   1.00569     957   12
    84   2.44260   1.13334   0.78885    2169   18
    85   1.15933   1.61388   2.90040     652   13
    86   3.21929   2.87562   4.66451    1701   17
    87   1.76210   2.96893   2.04061    1182   13
    88   3.46961   0.84372   0.82278    1099   14
    89   5.43807   1.76276   2.33582    1772   18
    90   0.78117   0.62667   5.91763     954   13
    91   3.59660   1.34508   1.90008    1280   16
    92   2.76849   2.14222   1.30621    2353   19
    93   6.22966   2.70158   3.69954    1632   15
    94   6.17849   1.88523   3.91610    1423   16
    95   1.45922   2.94974   3.58113    1288   12
    96   2.30826   1.52279   4.25911    1126   13
    97   4.20758   1.56552   2.02796     977   12
    98   2.97294   1.45850   4.23444    1508   17
    99   3.00406   2.48336   4.32608    1773   14
   100   1.39074   2.70725   0.58402    1978   17
   101   2.72608   2.48234   6.10497     748   11
   102   1.37175   1.01798   5.36137    1842   19
   103   5.71982   0.55163   4.78722    1632   16
   104   5.27735   0.48136   5.71778    1121   12
   105   2.88503   1.50286   0.79178    2218   17
   106   2.25805   2.13740   2.35267    1957   18
   107   0.19485   1.70349   3.97313    1156   15
   108   3.73575   1.75392   2.84429    1312   15
   109   1.57556   1.12227   5.03836     824   12
   110   2.21132   1.82359   4.74165    1302   14
   111   2.11324   2.97642   3.19215    1117   14
   112   1.19333   0.77667   6.17174    2045   19
   113   5.89464   0.76283   3.45359    1800   18
   114   1.64281   1.23508   1.93130     823   11
   115   0.61786   1.62700   5.60697    1445   16
   116   3.62661   0.92433   2.23333    1115   13
   117   3.52333   2.66844   5.42223    1770   14
   118   1.53773   1.26199   0.11676    1302   15
   119   5.07445   0.20611   0.20692    1391   12
   120   2.99437   2.05861   3.56823    1034    9
   121   4.82713   1.75467   1.47273    1145   12
   122   4.74756   0.96185   1.02597     941   11
   123   3.72497   0.86384   4.33341    1203   14
   124   3.93208   0.57730   0.30726    1343   17
   125   0.92427   0.87132   1.37802    1466   14
   126   1.49701   2.40405   1.82097    1087   11
   127   1.30243   1.83741   5.43658     819   12
   128   5.71922   2.20766   2.58988    1106   12
   129   1.77919   0.68935   1.51475    1224   14
   130   0.35023   1.42371   5.15364    2022   19
   131   1.55279   2.94167   5.57855    1033   14
   132   5.93002   0.86069   4.30087    1508   17
   133   2.76194   0.89617   5.19705    1451   19
   134   4.40863   0.40412   3.04122    1754   16
   135   5.31872   0.87401   3.87519     756   12
   136   1.89969   0.74604   3.34836    2042   17
   137   5.07776   1.22581   4.75272    1270   15
   138   2.84159   1.66015   6.16995    1534   15
   139   5.00679   2.92796   2.18012    1265   12
   140   0.78514   0.89811   5.13194    1308   12
   141   2.22874   1.80882   4.40872    1385   13
   142   1.89860   1.87000   1.64514     663    9
   143   2.31554   2.73457   1.51292    1493   16
   144   5.09958   1.11627   3.84865     913   14
   145   0.01712   0.83667   6.05936    2255   17
   146   5.45553   1.70647   3.05586    1138   12
   147   1.02469   0.76149   3.40600    1411   15
   148   2.83074   1.45774   2.66340    1806   16
   149   4.59160   1.81247   0.82941     841   11
   150   0.92213   2.03842   0.74952    1313   14
   151   3.64854   3.05102   0.02596    1556   15
   152   5.13414   2.80355   1.09643    1119   14
   153   0.76944   2.09822   5.62010    1319   14
   154   0.60024   0.77917   0.29662     917   11
   155   2.70818   2.16028   4.61788    1874   15
   156   4.87985   0.49294   3.85613    1424   14
   157   0.07189   1.82022   3.52216    1305   17
   158   4.03042   1.34894   5.44515    1684   18
   159   2.34680   1.61218   1.71219    1712   15
   160   1.17990   1.36298   1.07082    1518   16
   161   3.41155   1.76516   0.77449    1393   14
   162   3.88688   0.20308   1.37764    1169   14
   163   0.53305   2.42383   0.14237    1344   14
   164   5.76261   2.26684   1.17057    1555   12
   165   5.16107   1.75882   5.44152     938   10
   166   6.18488   1.00492   0.46393    1447   13
   167   5.32223   1.57707   2.09590     873   13
   168   4.59989   2.22280   4.06891    1169   10
   169   2.69590   1.85449   5.81900    1636   14
   170   3.24181   1.59960   2.72701    1499   18
   171   5.24689   1.25666   2.70401    1485   17
   172   2.45401   1.17622   2.46330    1206   15
   173   1.82431   0.65660   5.67707    1337   15
   174   5.56471   1.94708   1.73911    1229   19
   175   5.63338   0.95153   0.06786    1188   13
   176   5.42747   1.45433   3.67394    1685   19
   177   5.37563   1.33336   3.59014    1579   17
   178   2.10737   0.50469   2.88896    1127   13
   179   3.43146   0.65293   4.88136    1513   16
   180   2.66899   1.88183   4.75078    1164   15
   181   2.67506   1.81847   3.41843    1295   14
   182   2.51076   1.81324   4.47361     651   12
   183   1.21879   0.78583   4.20346    1310   16
   184   2.81866   1.54545   5.74499    1448   16
   185   2.70357   0.66280   1.92982     932   14
   186   6.00864   1.59165   2.76763    1947   20
   187   1.75754   2.86922   5.53943    1784   17
   188   2.08976   2.61572   1.71208    1350   14
   189   5.26375   2.84596   1.23408    1285   14
   190   2.07447   1.41003   3.06917    1496   14
   191   5.33273   1.14015   1.26090    1375   16
   192   2.63115   1.37452   2.04542    1521   15
   193   2.23464   2.55024   0.94387    2060   18
   194   2.32804   1.36973   3.95507    1560   17
   195   5.66450   1.44423   3.28085    1041   14
   196   3.78759   1.04645   5.81580    1187   16
   197   1.77664   0.43721   1.52806    1751   16