     1   0.00000   0.00000   0.00000       0    0
     2   4.38391   2.40632   2.71323    1027   15
     3   3.50762   2.08493   0.83674    1249   14
     4   0.65586   1.40331   2.90199    1313   14
     5   2.79582   2.26230   5.27010    1160   15
     6   0.81844   1.62828   5.00743    2712   21
     7   2.53666   1.20781   2.37078    1343   14
     8   3.16323   1.30283   3.06331    1717   16
     9   5.22780   1.85239   5.15156    1123   14
    10   2.28528   1.22814   2.20760     776   12
    11   5.89941   1.90442   4.76565    1070   12
    12   3.30202   2.33483   5.84182    1530   17
    13   3.32424   2.79767   3.13750    1047   14
    14   1.01506   2.11388   2.24193    1541   16
    15   0.60418   0.60239   0.26027    1146   13
    16   0.34798   1.32178   0.27296    1398   15
    17   5.15751   2.03610   1.83373    1395   14
    18   5.82267   0.93677   4.16241    1349   15
    19   5.45127   1.54700   4.99554    1742   17
    20   0.20345   2.12324   2.53016    1278   15
    21   3.56049   2.14934   1.42715    1012   13
    22   2.28655   2.37171   1.13590     916   12
    23   1.69599   1.85287   0.80387    1561   16
    24   5.19194   1.49719   5.57960    1275   15
    25   1.02174   2.55950   3.16935    1331   15
    26   3.20445   1.17773   0.78766    1649   20
    27   5.63846   2.96539   4.10894    1410   15
    28   0.69064   1.41937   0.51082    1130   16
    29   4.96179   2.02963   2.31873     921   16
    30   0.83442   2.56809   0.42733    1215   12
    31   2.06364   0.68269   1.43265    1547   14
    32   0.96095   2.54075   6.06310    1341   12
    33   3.17953   2.73087   4.22313     696   11
    34   1.33164   1.55028   5.85109    1487   17
    35   1.06093   0.92528   1.86053    1337   14
    36   3.11348   2.34447   5.56480     809   12
    37   3.76827   2.11936   0.88367    1880   12
    38   3.06614   0.80953   3.98333    1020   13
    39   0.80730   1.09452   3.91819    1164   12
    40   3.72785   2.58118   3.25316    1056   12
    41   2.07596   2.57615   4.24074    1247   18
    42   1.15827   2.33985   3.97592    2221   19
    43   3.80086   1.96101   2.91822    1258   14
    44   2.37908   0.63434   5.40000    1117   11
    45   3.65783   1.36613   6.24374     926   11
    46   4.10580   1.89273   4.10794    1882   19
    47   5.18587   2.47781   2.54676    1786   17
    48   4.90924   1.57937   4.31861     970   14
    49   0.73537   0.91340   0.16372    1663   19
    50   2.74466   0.45631   4.41953    1929   17
    51   1.25405   2.05805   3.11092    1885   18
    52   2.43545   1.55197   2.77506     532   11
    53   1.18287   1.49117   2.37032    1415   13
    54   0.87069   2.42006   3.67614    1713   17
    55   5.16721   1.18161   0.14957     973   12
    56   1.17794   1.33757   4.59903    1113   14
    57   0.08030   2.56161   3.38701    1654   16
    58   4.79526   1.53081   5.32030    1305   15
    59   0.54501   2.15394   3.26279     968   14
    60   4.98493   0.97678   2.10286    1261   13
    61   1.15998   1.63496   4.74869    1591   19
    62   3.91181   0.57932   3.27176    1452   19
    63   4.84938   0.91599   5.06329     762   10
    64   4.83429   2.34417   0.48083    1021   15
    65   4.06428   0.74773   2.78718     982    9
    66   5.03708   0.35751   2.79053     844   13
    67   3.84550   1.28421   1.75197    1776   18
    68   0.05687   1.01915   6.20861    1279   16
    69   4.36657   2.61055   3.39534     808   13
    70   3.76158   1.67948   0.88135    1230   14
    71   0.33980   0.70722   0.41831     660   11
    72   1.46094   2.31431   0.17850    1281   14
    73   2.41755   1.53999   4.27101    1640   16
    74   0.41431   0.69411   2.33091    1209   16
    75   5.56116   0.22487   1.69721     758    9
    76   3.44709   1.20272   2.20071    1385   13
    77   1.99802   2.50769   2.21550    1264   16
    78   5.15804   1.30701   6.02030     716   15
    79   3.68793   2.20615   6.23672     931   11
    80   3.62066   1.84663   2.22675     897   12
    81   2.65703   0.80203   1.87029    1713   21
    82   3.45256   2.11692   2.17263    2061   17
    83   5.35092   1.74891   0.99420    1231   13
    84   2.28266   1.12928   3.92894    1312   16
    85   4.44351   2.61911   2.64862    1792   17
    86   3.92583   0.91603   5.12316     820   13
    87   3.06983   2.53759   2.04485     739   11
    88   5.21318   0.06868   1.03397    1200   14
    89   0.43091   1.27932   1.38278    1105   14
    90   0.89463   0.95018   2.60954    1437   15
    91   3.22613   1.45013   6.10310    1596   13
    92   0.99930   0.69120   3.12893     742   13
    93   0.76627   1.08099   0.89022    1172   13
    94   2.47699   1.56109   5.83234    1976   21
    95   0.31779   1.76589   1.43142     977   16
    96   1.22760   2.32871   5.38112    1458   17
    97   3.24067   2.03889   4.23610    1811   19
    98   1.51844   2.99889   4.00723    1181   14
    99   5.94622   2.52880   3.92932    1265   16
   100   3.58055   2.60148   3.75715    1358   16
   101   5.62249   1.03069   4.05357    1156   14
   102   2.13555   1.13282   3.76708    1996   15
   103   3.06930   1.14217   5.91919    1584   17
   104   5.35076   0.53055   3.44583    2070   17
   105   5.96313   1.42288   4.13383    1341   15
   106   4.50769   2.10854   0.76383     884   13
   107   0.89500   1.81725   1.82473    1893   17
   108   1.35699   0.91676   0.92341    1791   15
   109   0.17254   0.68892   0.85484    1007   13
   110   3.67160   1.25643   2.38106    1139   17
   111   2.16971   1.97118   4.83047    1529   17
   112   5.26317   1.06103   6.09384    1350   16
   113   4.30973   2.53905   0.01934    2703   21
   114   1.12245   1.56527   5.88612    1150   14
   115   1.77463   2.17021   6.03634    1428   16
   116   2.64265   0.51246   4.05781    1737   17
   117   3.63809   1.98077   3.71673     843   11
   118   0.58932   0.87591   3.55112    1004   12
   119   0.40290   2.40305   0.25904    1512   16
   120   2.47199   0.51676   1.48419     751   12
   121   1.65033   1.17821   1.14149    1003   16
   122   2.95661   1.45558   5.81933     808   11
   123   0.64321   0.57185   6.03754    1250   11
   124   3.05133   1.36241   1.96887    1352   16
   125   6.13002   0.80183   1.52460    1114   14
   126   4.18354   0.49837   3.82878    1325   16
   127   0.21268   0.91553   6.12828    1357   16
   128   2.17007   2.41408   3.99511    1117   13
   129   4.03444   0.96232   4.49917    1626   17
   130   0.37837   0.47491   0.07597     744   11
   131   5.63091   0.92573   5.51921    1140   13
   132   1.77463   2.17021   6.03634     657    9
   133   1.99104   1.54421   2.56614    1537   17
   134   1.04651   0.32483   5.60004     726   12
   135   2.90389   2.30050   3.38453    1093   15
   136   2.43845   2.96013   2.96229    1166   16
   137   3.00877   2.42966   5.57285    1662   18
   138   1.30781   0.44418   3.43840    1829   18
   139   0.23202   1.76225   3.63253    1837   19
   140   2.86736   2.46753   2.23136    1066   14
   141   4.38009   1.56639   0.16708    1578   16
   142   2.76904   1.08734   3.46824    1387   14
   143   0.50751   1.45980   5.14772    1023   14
   144   3.46222   1.12395   2.73399    2237   18
   145   4.45812   1.32239   3.28325    1262   17
   146   5.35556   1.21701   5.06862    1795   16
   147   2.96765   1.48793   0.53309    1015   13
   148   2.40518   1.63579   5.69882    1167   15
   149   4.69720   2.38689   2.06778    1802   17
   150   5.33242   2.57032   4.67555    1420   16
   151   1.47099   1.62791   5.13244    1246   16
   152   1.97986   1.77123   2.37962    1053   13
   153   0.94839   2.34072   2.55105     977   13
   154   3.05605   1.62002   1.65926    1285   15
   155   1.93828   2.35097   4.03871    1125   15
   156   1.93330   0.32454   3.95733     772   11
   157   6.02175   2.74007   0.94149    1168   15
   158   2.80742   1.75500   2.98943    1112   14
   159   3.35598   1.49379   5.75074     788   10
   160   0.96163   1.25000   5.56566    1153   14
   161   1.27723   0.47120   0.42154    1164   16
   162   4.23599   1.30435   0.18251    1818   15
   163   3.86616   1.09593   6.23185    2150   19
   164   6.05702   2.29698   5.17852     858   12
   165   4.16943   1.12909   5.45122    1311   16
   166   3.20235   1.42897   2.63279     916   13
   167   0.22086   0.39664   3.67282     775   12
   168   4.80390   2.11803   5.49717     888   14
   169   3.92071   1.05729   0.40261    1999   18
   170   1.62542   0.74189   2.58396    1315   15
   171   5.95084   2.55232   1.70044    1321   17
   172   0.15861   0.77251   6.21013    1845   18
   173   5.96811   2.12167   5.17898    1534   18
   174   4.40790   2.03439   3.06349    1385   15
   175   3.04401   2.07717   2.51444    1058   14
   176   0.37298   1.76873   0.79126    1483   14
   177   3.58308   2.12971   3.27473    1331   14
   178   2.26628   1.78543   0.35498    1179   14
   179   2.80210   1.84420   2.41685     928   12
   180   3.64648   0.87807   4.18802    1433   16
   181   0.99663   1.84545   4.51392    1296   15
   182   6.13164   1.10168   3.87705     926   12
   183   5.45611   1.73429   0.25253    1651   17
   184   0.45863   0.70652   5.27057    1073   14
   185   1.64375   2.26145   3.22266    1355   14
   186   5.56641   1.34681   1.88064     722   10
   187   0.14545   2.08666   5.06185    1102   14
   188   5.37295   0.36045   3.14718    1536   17
   189   5.49319   0.81284   1.82377     890   14
   190   3.24660   1.58963   5.18244    1743   19
   191   1.87092   2.39257   3.65128    1395   15
   192   4.36623   1.93904   4.13707    1994   17
   193   5.39842   2.87209   5.11315    1076   11
   194   3.03492   1.62637   4.13032    1055   15
   195   1.21686   1.57945   5.99572    1896   20
   196   3.64091   1.24302   5.73939    1261   15
   197   4.62868   2.32810   5.76438    1245   13
   198   3.39081   2.20114   3.26748    2511   17
   199   0.04778   1.11077   2.05874    2247   18
   200   0.81613   2.06677   1.10948     728   12
   201   0.50133   1.79765   5.56914    1186   14