     1   0.00000   0.00000   0.00000       0    0
     2   5.83381   1.35443   5.97492     948   14
     3   5.06424   1.21565   5.22619    1682   20
     4   4.67196   2.70496   3.98722    1495   17
     5   0.87907   1.50995   5.03905    1470   15
     6   1.28128   1.63332   6.27878    1889   16
     7   3.63825   2.52773   5.04515    1539   15
     8   2.00928   1.12294   5.15507    1159   15
     9   4.62246   2.12846   1.07794    1091   11
    10   0.11740   1.51493   1.35911    1510   19
    11   3.12842   1.89067   2.65662    1329   15
    12   1.56133   1.13645   0.09251    1512   15
    13   4.70375   2.33707   2.21858    1278   17
    14   4.10524   2.28320   6.01560    1382   15
    15   0.83326   1.73607   2.18403    2053   21
    16   4.16620   2.22557   2.18356    1202   16
    17   3.81739   2.78070   0.21081    1047   13
    18   5.69442   0.24009   3.01080    1064   16
    19   1.66489   1.60931   5.51071    1292   13
    20   1.54305   2.98720   2.10802    1595   15
    21   0.81750   0.96894   4.08834     803   11
    22   5.50129   0.67869   3.90387    1050   13
    23   2.13422   1.16193   5.20789     979   15
    24   5.66478   1.82341   1.58742    1265   12
    25   3.16187   1.68337   4.87943    1854   19
    26   5.23037   2.66793   5.18467    1277   14
    27   1.67203   2.17982   2.03744    2689   18
    28   1.57392   0.57439   5.50637     941   10
    29   3.92551   1.49472   1.01729    1790   15
    30   1.03286   1.90726   2.65125    1683   17
    31   1.64355   0.39169   2.71846     896   13
    32   4.44296   1.19540   0.13248    2489   20
    33   4.88076   0.90191   5.93900    1372   15
    34   5.08969   1.40343   5.86515    1993   17
    35   0.76577   1.18177   5.39556    1474   14
    36   3.42874   1.70985   2.66984     828   11
    37   1.58114   2.27027   3.51971    1341   15
    38   4.78073   2.57392   3.08181     745   10
    39   1.60981   1.93364   4.76249    1016   13
    40   5.47788   1.07582   3.76611    1177   15
    41   4.13343   1.39511   1.54507    1753   18
    42   2.39487   1.43337   6.17292    1077   12
    43   1.11076   0.74545   5.92710    1238   13
    44   0.24015   0.82938   2.39664    1808   15
    45   1.78525   2.79451   1.72242    1812   17
    46   2.62379   0.71044   5.48614    1023   14
    47   1.48449   0.49651   2.11542     919   13
    48   3.88890   2.24859   0.34513    2687   19
    49   4.32636   2.57750   3.35882    1703   21
    50   2.45079   0.90770   6.00908    1343   16
    51   4.27850   2.12689   4.39394     995   11
    52   6.14142   2.65179   2.75463    1207   15
    53   1.53479   2.24783   3.38478    1446   16
    54   3.01143   0.52570   1.58577    2221   20
    55   2.22821   2.71390   3.79453    1500   15
    56   4.97677   1.40890   3.62507     826   14
    57   3.57971   1.65192   6.10805    1180   15
    58   5.58871   1.88232   0.60685    1844   18
    59   2.58675   1.96699   1.94429    1878   21
    60   1.09342   2.00355   4.97323    1738   17
    61   2.56307   2.37693   1.58639    1803   20
    62   4.63194   0.50881   1.02162     841   13
    63   3.30199   0.48212   3.56207     594   12
    64   2.14298   0.89126   1.14026    1198   14
    65   6.10153   1.68035   5.29711     914    9
    66   1.38962   1.23166   2.21268    1295   14
    67   4.73125   1.49254   5.25566     823   13
    68   6.10767   0.96637   0.97515    1537   14
    69   6.08237   1.23434   3.59504    1324   14
    70   4.38195   0.76180   1.35313    1176   15
    71   0.95632   1.32449   3.68937    1529   15
    72   1.73719   2.20570   2.27111     699   12
    73   6.11078   1.17564   5.19294     911   13
    74   2.04659   2.32272   0.94513    1827   19
    75   0.72885   1.17180   2.49550    1793   19
    76   2.84881   0.80926   0.25243     895   11
    77   4.41279   2.24740   6.11022    1662   15
    78   4.93851   1.86735   1.19211     877   12
    79   1.37194   1.87042   5.06657    1122   14
    80   2.67838   2.00863   2.72939    1910   19
    81   1.11029   1.24458   5.89599    1581   15
    82   4.91543   2.15681   3.10162    1126   13
    83   3.16784   2.70242   5.93921    1131   14
    84   1.58261   1.61192   3.85432    1058   12
    85   0.79923   1.12861   0.56147    1148   12
    86   3.90928   2.43041   3.77672    1544   16
    87   2.87878   1.55799   1.11583    1255   16
    88   3.05141   0.75559   4.31533    1369   14
    89   1.18690   2.39568   5.52985    2303   22
    90   3.86208   2.40014   4.73646    1254   13
    91   1.29293   2.40345   2.71206     970   14
    92   6.05523   0.88046   1.53164    1203   14
    93   0.47063   0.79351   5.46806     924   11
    94   3.57681   1.81079   5.90698    1376   20
    95   3.14621   1.91480   3.67836    1196   15
    96   6.07634   1.53856   2.43395    1356   18
    97   0.51667   1.98501   3.73458    1886   17
    98   5.68035   1.14609   2.44207    1434   16
    99   4.09410   1.28716   1.38757    1429   15
   100   2.33947   2.01497   6.21074    1366   13
   101   2.63478   2.75020   3.94960    1273   14
   102   5.66020   1.42838   0.64604    1416   16
   103   2.26233   0.44719   5.23574    2007   16
   104   3.05711   1.29424   1.25546    1049   12
   105   2.46379   2.77232   5.36147    1023   13
   106   0.27204   2.81535   0.94740     963   11
   107   5.98198   1.56339   0.43059    2152   18
   108   2.12147   1.45816   5.82748    1382   16
   109   0.47400   0.90693   3.51871    1883   16
   110   1.54975   1.22452   1.87949     797   14
   111   3.81576   1.37156   1.10433    1422   14
   112   4.02122   2.37368   0.03073    1007   16
   113   2.36235   1.43436   1.45927    1181   16
   114   1.24529   2.25565   0.88106     955   16
   115   0.42996   1.22172   3.94736    1361   15
   116   3.18884   1.76872   1.00670     739   13
   117   4.06594   1.12688   0.32885    1202   13
   118   0.48791   1.24116   2.60889     777   10
   119   0.40615   0.89654   1.39647    1730   18
   120   4.58691   2.42226   3.87207    2264   19
   121   2.05175   2.22446   3.91298    1970   16
   122   2.13904   2.41703   0.67043    1049   13
   123   2.35656   2.79475   3.45489    1204   12
   124   4.48766   2.19564   5.79153    1007   13
   125   2.67946   1.33080   4.24532     965   14
   126   2.89211   2.50903   1.42544    1785   17
   127   1.58384   0.87860   2.58242    1282   14
   128   3.93958   1.64803   3.51877    1464   15
   129   5.11348   1.18930   5.90946    1276   17
   130   3.88798   2.12587   5.77632    1376   19
   131   5.48880   2.78000   4.57909     922   12
   132   1.03456   1.58505   0.69277    1524   16
   133   5.08780   2.36621   4.59494     918   13
   134   1.41869   0.57767   2.44935    1031   14
   135   2.22132   1.87592   2.83691     926   12
   136   2.17867   2.16048   2.62257     960   13
   137   0.39468   2.17589   0.21858    1802   18
   138   4.26815   1.84102   4.64193    1099   12
   139   1.23681   2.10976   1.58089    1253   17
   140   5.33183   2.85289   0.04968     953   11
   141   2.63594   0.85091   5.24766    1551   15
   142   3.67681   2.66144   3.58130    1786   16
   143   4.93580   2.24239   4.33294    1085   15
   144   0.41665   2.25575   5.46819     913   14
   145   3.21981   2.33170   0.80404    1127   15
   146   0.26694   1.79104   1.89109    1643   15
   147   0.97711   2.24902   1.33548    1530   19
   148   3.74869   0.03172   0.73099     996   13
   149   2.51955   1.12834   1.71791     940   11
   150   2.33070   1.99975   0.62901    1385   15
   151   4.96668   1.97714   4.03209     826   13
   152   5.28586   2.61253   2.91575     758    9
   153   3.13796   0.42002   0.08214     816   13
   154   6.10254   1.82567   5.49403     662   12
   155   2.24709   1.99398   0.54144     794   12
   156   2.42414   1.87617   5.33868     700   11
   157   1.47460   1.04116   4.45832    1581   18
   158   4.96346   0.72907   4.59768    1734   18
   159   4.39322   0.22646   0.37825    1893   23
   160   1.11650   0.78913   0.22513    1530   19
   161   0.66844   0.90483   5.08275    1138   12
   162   1.74733   1.41864   0.25044    1119   15
   163   3.41070   0.73473   2.50424     604   10
   164   4.93211   1.85225   2.45688    1831   18
   165   4.42316   2.07531   4.50510    1422   14
   166   2.82346   1.64508   4.73555    1207   14
   167   2.28013   1.14384   4.02950    1451   16
   168   4.89701   1.18670   3.66138    1064   13
   169   4.53646   1.85649   3.11316    1437   16
   170   4.69359   1.07944   2.61586    1150   14
   171   3.97888   0.63316   3.95204    2006   17
   172   3.42171   1.98092   3.77906    1866   16
   173   3.87724   3.01719   1.65088     838   13
   174   5.19446   1.81068   5.15915    1136   12
   175   6.12864   2.22958   6.21924    2251   19
   176   0.77232   1.37763   2.22068     780   14
   177   0.84884   1.45410   5.43444    1254   14
   178   5.85651   2.07708   3.63651    1630   17
   179   1.54219   1.88523   3.52229     988   13
   180   4.36715   0.76202   4.19828    1508   15
   181   4.00997   0.76266   3.59879     531   11
   182   2.38823   2.95396   6.25794    1371   14
   183   0.44800   1.87448   0.05828    1214   17
   184   4.14174   1.50295   1.49616    1582   16
   185   4.24455   2.56228   0.93224    1365   17
   186   2.20780   1.54486   0.45414    1247   13
   187   5.92105   1.02808   1.14279    1376   15
   188   1.84529   0.70335   2.12128     549   10
   189   0.70160   2.13268   4.13298    1760   18
   190   2.34627   2.57758   6.27073    1415   15
   191   6.17828   2.01961   4.66468    1061   14
   192   5.57364   0.61876   1.85621     817   11
   193   1.21808   0.90368   1.28858     938   13
   194   5.46209   1.40216   4.92943    1205   13
   195   5.44885   1.53946   4.65488    1015   11
   196   3.77383   2.91254   3.44406    1382   15
   197   2.43827   1.05319   3.92027    1027   14
   198   0.71299   1.26010   0.58471    1138   15
   199   0.33275   1.35681   3.10888    1457   12
   200   1.03696   0.68922   3.89316    1379   14