     1   0.00000   0.00000   0.00000       0    0
     2   4.08136   3.11597   1.58705    3510   21
     3   5.70225   1.66934   0.05444     765   11
     4   2.93226   2.91279   3.58942    3575   20
     5   5.67663   1.68909   6.16609    1344   14
     6   5.60360   1.68466   1.55790    3451   21
     7   4.05265   1.43369   6.19691    1091   12
     8   0.97271   1.70453   6.26943    3459   22
     9   0.15548   0.23345   0.68745     593   11
    10   6.27334   0.22407   0.79948    1888   14
    11   5.69150   1.75455   4.49794     825   10
    12   4.01431   3.09376   4.75317     624    9
    13   0.96293   1.68375   4.92815    1661   13
    14   2.55774   1.42103   1.62018    1161   12
    15   3.17711   2.97655   5.40225    1702   15
    16   6.06359   0.15278   2.66175    3597   18
    17   0.91956   1.67295   3.20508     477    9
    18   0.99460   1.56265   1.66468     484   10
    19   4.05265   1.43369   6.19691     909   10
    20   2.47864   1.33421   6.27953    4086   25
    21   4.06240   1.54453   3.14769    1279   14
    22   0.92082   1.66160   1.67174    1303   14
    23   1.00513   1.71444   1.62927    1846   17
    24   0.80160   1.60687   0.14850     624   12
    25   2.48019   1.46331   3.12794    1580   18
    26   2.45142   1.43565   1.57924    1064   15
    27   5.70225   1.66934   0.05444    1399   15
    28   2.48557   1.50141   3.09852     400    9
    29   2.60982   1.43431   3.10950    1795   13
    30   4.11646   1.35979   1.46390    1393   17
    31   0.86389   1.71543   6.24824     508   10
    32   3.97248   1.50672   6.09597    2520   18
    33   4.02163   1.44203   6.09385    3216   21
    34   4.19249   1.50975   1.51338     392    9
    35   2.37856   1.33374   4.74796     952   13
    36   3.07679   2.91381   3.80262     712   13
    37   3.32869   2.99243   4.03847    1472   15
    38   0.89789   1.55269   1.76892    1528   13
    39   2.61337   1.47673   4.75517     828   15
    40   4.05994   1.39428   3.14415     629   14
    41   2.49346   2.92199   6.24728    1320   11
    42   5.69776   1.66161   6.26987    2895   23
    43   2.93809   3.03410   0.52975     421   10
    44   0.80160   1.60687   0.14850    1296   14
    45   2.38568   1.39462   1.69010    1387   14
    46   2.69665   3.00030   3.32751    2145   17
    47   2.97430   3.01772   5.33170    2944   17
    48   4.06540   1.49587   6.27107     905   13
    49   5.58370   1.69824   0.04067     419   10
    50   5.70225   1.66934   0.05444    1616   17
    51   5.64674   1.72470   6.27896     547    8
    52   4.06409   2.99156   6.26493     745   15
    53   6.24526   0.25353   0.98090    2182   19
    54   3.10344   3.09443   5.41489     603   14
    55   0.88450   1.54714   4.76157    1084   14
    56   3.27165   2.95728   0.81090    2693   22
    57   2.36944   1.53296   4.64648    2374   18
    58   5.45519   0.14939   0.20848     918   10
    59   4.03041   2.98704   3.01901    4809   23
    60   2.34656   1.35403   0.13298    4816   21
    61   2.46478   1.35365   3.24295    1302   12
    62   3.73020   3.11289   1.22462    1962   17
    63   3.10629   2.96747   5.36030     434    9
    64   5.60078   0.09758   3.11645    1314   13
    65   2.24235   3.02363   1.28920    2119   16
    66   2.97430   3.01772   5.33170     362   10
    67   4.01158   1.53139   6.21639     790   12
    68   4.01268   1.49075   6.21076    2676   15
    69   3.96855   1.48273   3.06983    1536   13
    70   4.12254   1.50516   3.16000     694   11
    71   3.27165   2.95728   0.81090     221    7
    72   3.28145   2.86964   0.78814    1606   15
    73   4.00955   1.41745   6.27153    1852   17
    74   5.58201   1.76187   3.01224    1559   12
    75   3.27165   2.95728   0.81090     587   15
    76   0.06798   0.27219   2.39943    2992   17
    77   3.62015   3.05436   1.15862    4132   21
    78   0.94072   1.66538   3.18037    1110   15
    79   0.78868   1.61499   1.61486     558    9
    80   0.90446   1.65533   1.61546     563   13
    81   5.70225   1.66934   0.05444     882   11
    82   0.97881   1.57697   4.97634    2878   22
    83   2.38582   1.39844   4.84216    2343   19
    84   3.37935   3.11317   3.93820    1111   13
    85   2.50804   1.35723   4.88590     960   13
    86   0.83183   0.14554   4.68491     563   11
    87   2.91436   3.05906   0.43273    1126   13
    88   5.71982   1.59027   4.63494    1730   16
    89   2.59148   1.55282   1.64532    1493   17
    90   0.04108   0.02329   4.11779     838   10
    91   0.96756   1.68256   3.35774     382    8
    92   4.05994   1.39428   3.14415    1218   14
    93   0.88243   1.76465   4.77128     581   12
    94   3.95336   1.57191   1.46359    1062   12
    95   4.00312   1.51670   6.14906    1181   13
    96   0.42230   0.12770   0.59963     838   17
    97   4.05994   1.39428   3.14415    1466   18
    98   4.09628   1.55059   3.05721     227    8
    99   4.05994   1.39428   3.14415     546   12
   100   3.96558   1.52782   4.68806     844   11
   101   5.72448   0.14516   3.07197     267    8
   102   0.89580   1.69749   0.05244    1246   13
   103   1.03935   1.69877   3.20854    4451   23
   104   3.65617   2.92060   1.16556    1608   16
   105   5.70225   1.66934   0.05444    1115   14
   106   2.50804   1.35723   4.88590     680   11
   107   3.36421   2.85947   2.51090    1841   15
   108   2.14844   3.05488   4.36390     327    7
   109   6.27997   0.06951   5.65534    2890   23
   110   2.44869   1.44273   4.84442     287    8
   111   2.47717   1.44309   1.75082     597   12
   112   1.03161   1.51836   0.09138     688   10
   113   5.60053   0.04850   1.60033     898   13
   114   5.95336   0.13224   5.88025     546   11
   115   4.04583   1.45346   1.45706    5241   30
   116   2.52256   1.36419   4.90453    1328   18
   117   2.50025   2.96095   0.05658     723   13
   118   4.09905   1.50724   4.59497     626   13
   119   0.27313   0.21864   5.47204    1435   14
   120   0.89905   1.69999   4.88746    1185   11
   121   2.47169   1.50389   3.29858     715    9
   122   5.64915   1.61779   3.03655     777   11
   123   4.03457   1.56938   4.65864    1008   14
   124   0.87562   1.65531   1.64510    5112   25
   125   5.70225   1.66934   0.05444    1340   14
   126   2.49678   1.49719   3.20099     462   10
   127   2.52150   1.37517   0.08624     570   11
   128   1.03161   1.51836   0.09138    1759   15
   129   0.92395   1.64581   4.79336    2364   22
   130   2.47810   1.39784   6.25343     835   13
   131   2.97430   3.01772   5.33170     849   14
   132   1.17019   0.08534   5.99696     958   12
   133   2.39787   1.39382   3.25425     678   10
   134   2.52702   1.41554   4.76538    2697   24
   135   5.62633   1.63049   6.17516     545    9
   136   1.99588   3.07564   4.32988    2394   17
   137   4.05265   1.43369   6.19691     776   10
   138   5.57291   1.66335   4.55192     728   12
   139   5.58915   1.67794   3.16389     732   11
   140   2.38768   1.46919   0.07770    2603   22
   141   2.47882   1.60007   3.23935    1803   13
   142   0.91956   1.67295   3.20508     508    9
   143   0.24133   0.10319   2.24757    3077   20
   144   1.02346   1.64759   0.02393    1656   15
   145   0.32503   0.12813   2.10810    3329   20
   146   2.40312   1.50701   4.90100     869   10
   147   2.75536   2.99518   1.80221    1636   19
   148   4.01484   1.59592   3.09263    1325   16
   149   0.93415   1.53374   3.29641    1227   14
   150   4.18263   1.41940   4.60897     377   10
   151   3.16224   2.86913   3.81076     436   10
   152   0.97186   1.64446   3.20024     450    9
   153   5.70807   1.75863   4.49923     822   15
   154   5.58858   1.63112   1.50213    1024   11
   155   2.14844   3.05488   4.36390    1872   21
   156   2.14844   3.05488   4.36390     283    8
   157   3.79641   3.04667   6.01741     403   12
   158   2.44869   1.44273   4.84442     496    8
   159   0.80160   1.60687   0.14850     803   11
   160   0.83183   0.14554   4.68491     555   11
   161   3.97248   1.50672   6.09597     651   12
   162   0.98649   1.64565   3.34383    4524   22
   163   4.10867   1.55280   4.62785     873   10
   164   2.61337   1.47673   4.75517     369    9
   165   4.19517   1.50284   1.43062     238    8
   166   3.38765   2.91329   3.95370    1802   14
   167   3.30049   3.04001   5.54060    5168   21
   168   0.80160   1.60687   0.14850     697   10
   169   5.49271   0.12234   1.71329    1107   14
   170   4.09290   1.48397   6.07204     575   11
   171   5.64915   1.61779   3.03655     602   11
   172   0.83530   1.56524   1.69954    3956   20
   173   5.56884   1.81317   4.70921     335    6
   174   5.62377   1.75655   1.53543    2573   22
   175   2.55387   1.47538   0.09627    3550   23
   176   2.54519   1.47828   0.19152    1142   12
   177   3.94191   1.47675   4.49187    1619   14
   178   4.16634   1.57498   2.98907    4019   25
   179   2.44382   1.44294   1.58947    2113   19