     1   0.00000   0.00000   0.00000       0    0
     2   3.52156   2.29421   5.72500    2493   14
     3   3.33176   2.15829   5.67070    1041   12
     4   5.38169   2.14680   2.38284    2462   17
     5   5.51967   2.08279   3.94502    2185   14
     6   3.45108   2.32248   5.73967    1193   11
     7   0.19132   0.79483   0.68392    1670   12
     8   0.18857   0.86849   2.31376     729   10
     9   5.24951   2.05868   0.63504     745   12
    10   2.38994   1.14549   2.21545    1406   11
    11   0.20266   0.92454   2.27383    3052   19
    12   4.17799   0.86867   5.62786     436    8
    13   4.21062   0.98441   5.75892    1162   13
    14   5.33944   2.10931   2.28651    1061   10
    15   3.38724   2.38741   2.45588    3343   17
    16   5.24951   2.05868   0.63504    1641   15
    17   1.08211   2.18482   3.68908    2075   14
    18   0.21751   0.92069   2.25133    3454   18
    19   1.09509   2.24812   3.85688    5183   18
    20   4.39994   0.88959   5.54326    3270   17
    21   5.39101   2.00419   5.45835    1914   15
    22   2.22972   0.96415   4.00168    1539   13
    23   2.41096   1.14940   3.82819    1894   12
    24   3.25200   2.24616   2.36801    1088    9
    25   1.28212   2.24514   3.82974    1832   12
    26   4.22029   0.99430   2.59810    2175   13
    27   4.21281   0.83194   4.11109    1575   11
    28   4.17317   0.96411   5.64325    4048   18
    29   0.16230   0.87316   0.64592    1168   11
    30   0.25766   0.92160   5.38470    1994   10
    31   3.47359   2.19512   2.44398    3246   18
    32   4.25766   0.96628   5.65021    1281   11
    33   2.19254   1.06476   0.85752    1375   11
    34   4.24664   0.92492   0.87382    2460   20
    35   1.26712   2.22269   0.71319    1113   12
    36   1.15180   2.37027   3.81674    1390   14
    37   4.40312   0.82352   3.98531     620   11
    38   3.26129   2.25138   0.79744    1384   11
    39   4.46383   0.85066   5.55580    5046   21
    40   1.07077   2.29000   3.79763    2803   15
    41   4.30583   0.83437   0.96121    2659   18
    42   1.07842   2.13867   2.10864    2897   17
    43   3.52136   2.38751   2.48329     957   10
    44   3.28103   2.32357   5.54034    2365   14
    45   4.27773   1.01487   4.09507    3570   17
    46   1.07424   2.23099   2.22091    3745   17
    47   1.19195   2.29311   5.39720    3404   19
    48   2.15609   1.01143   4.04814    1651   12
    49   3.51441   2.16752   2.49306    3106   12
    50   1.23512   2.28554   2.20519     949   12
    51   3.41554   2.28235   0.98673    2910   20
    52   3.49466   2.17394   2.44525    1337   10
    53   4.32299   0.91328   4.02564    1679   15
    54   3.42191   2.33377   4.05284    1295   11
    55   0.26227   0.77795   2.30241    1499   10
    56   5.49472   2.05362   4.01508    6046   21
    57   0.16300   0.96817   2.25838     670   11
    58   4.40312   0.82352   3.98531    4368   19
    59   1.12306   2.24290   0.69409    2535   13
    60   0.22629   0.87484   0.70199    2017   14
    61   4.21790   0.88962   1.03784     743   12
    62   1.12735   2.24222   3.83872    1685   12
    63   4.21281   0.83194   4.11109    2717   16
    64   0.26021   0.82653   0.61498    1204   14
    65   1.22920   2.33932   0.70158    1150   10
    66   4.21281   0.83194   4.11109    1408   10
    67   3.56702   2.25983   2.50170    1330   15
    68   4.24528   0.79742   5.59546    4192   20
    69   3.38386   2.27147   4.06775    1626   13
    70   5.38252   2.15958   0.81198     863   12
    71   0.24026   1.01368   0.70521    1987   15
    72   1.20652   2.31057   0.67415    2211   17
    73   4.38203   0.90420   2.46292    2420   12
    74   4.21789   1.00675   0.98672    2727   15
    75   2.19662   1.00256   0.78513    3398   18
    76   3.24210   2.34699   3.95122    3114   13
    77   1.19505   2.27917   2.24173    4435   18
    78   0.35344   0.92643   2.13502    1851   13
    79   5.41440   2.02240   5.45059    1043   12
    80   5.52258   1.96846   0.88094     607   10
    81   0.22634   0.94959   5.31411    5463   25
    82   0.36161   0.82873   0.69858     705    9
    83   0.22530   0.94673   3.85836    2593   13
    84   5.47418   2.09265   0.92396     548    8
    85   3.37655   2.19876   2.56870    2556   18
    86   3.52136   2.38751   2.48329    3942   17
    87   0.31840   0.94510   0.66670    2177   17
    88   3.40579   2.25172   5.60859    2414   16
    89   3.37103   2.24479   5.57966    1559   11
    90   4.23451   0.98755   4.18852    2542   16
    91   1.09906   2.22838   5.30299     716    9
    92   0.22313   0.86752   2.23650    3095   18
    93   1.09414   2.18777   2.12524    4085   16
    94   5.49956   2.02836   4.06936    1382   14
    95   0.20266   0.92454   2.27383    3460   15
    96   3.47655   2.39856   2.43870    2892   16
    97   0.35227   0.96362   2.14116     315    7
    98   5.49962   2.07698   4.08790    3966   20
    99   4.27728   0.82124   5.55790    3398   16
   100   3.48402   2.32685   0.94246    3874   17
   101   1.09265   2.26106   0.60449    5304   22
   102   1.19520   2.21303   2.16281    3649   18
   103   2.27875   1.06838   5.53822    1554   11
   104   5.24951   2.05868   0.63504     958   10
   105   4.28828   0.80573   5.50897    1719   13
   106   5.33238   2.13882   3.85594    3883   17
   107   5.24951   2.05868   0.63504    2744   17
   108   3.31371   2.21784   5.59562    2518   12
   109   5.41440   2.02240   5.45059    2869   17
   110   0.20266   0.92454   2.27383    4193   20
   111   4.29001   0.78436   2.51315     834   11
   112   5.49211   1.97660   0.81091    3216   15
   113   5.52258   1.96846   0.88094    1776   13
   114   1.15815   2.15777   0.59586    1584   14
   115   0.14243   0.89534   0.65068     835   11
   116   1.21317   2.28847   3.83722    2712   19
   117   5.58166   2.06539   5.53676    1198   11