     1   0.00000   0.00000   0.00000       0    0
     2   0.14239   1.53601   0.22297    1002   12
     3   5.94394   1.57230   1.25786    1861   18
     4   5.53749   2.76605   2.37079    1344   14
     5   0.46426   0.56082   0.20797    1574   16
     6   0.78862   1.17216   4.11205     650   14
     7   4.33463   1.34130   3.02455    1354   15
     8   0.33153   1.63624   5.01485    1992   17
     9   2.86652   2.44160   2.15327    1786   19
    10   3.51005   1.82704   4.85936    1440   18
    11   3.36379   0.85210   2.50275    1151   18
    12   6.23237   1.35593   5.84526    1613   16
    13   4.01287   1.77752   0.79222    1836   20
    14   0.52805   1.36335   0.46145    2666   18
    15   2.68335   0.72645   4.38164    1404   17
    16   3.60410   0.55878   0.32490    1253   13
    17   1.56175   2.22080   4.50313    1319   14
    18   3.32791   1.94165   3.05006    1120   16
    19   4.74576   1.74475   2.04088    1293   16
    20   3.38184   1.82845   1.66770    1441   16
    21   1.00065   0.18887   2.48529    1025   15
    22   2.06830   2.36623   4.14159     932   12
    23   3.61273   2.71274   3.98298    1413   16
    24   1.49462   2.51406   5.96525    1842   14
    25   0.42373   1.03919   0.27534    1784   23
    26   1.20330   1.11938   0.67272    1685   18
    27   4.34907   1.35512   2.39508     599    9
    28   1.05311   2.12268   2.76454    1173   18
    29   6.02287   2.05516   2.22444     826   13
    30   0.69769   0.48115   0.15654    1326   14
    31   6.26844   0.53158   5.37774    2529   19
    32   0.49277   1.83180   2.78863    1513   13
    33   0.57743   2.62869   4.22354    1668   16
    34   3.68315   0.53221   5.69000    1046   14
    35   0.48243   0.49523   4.94749    1948   18
    36   3.05924   1.99995   2.33282    1649   18
    37   5.66338   0.97574   5.85792    1170   15
    38   3.78609   2.38193   1.98101    1238   14
    39   3.38824   0.93414   3.22646     858   10
    40   4.20902   0.95040   2.62523     873   10
    41   5.89097   1.83903   5.15427    1227   12
    42   5.63425   1.29611   1.23395    1434   16
    43   4.34871   1.55989   4.55354    1746   14
    44   2.44886   1.37348   6.05799     845   15
    45   3.63751   2.52925   1.08984    1238   15
    46   1.10471   0.62698   2.33841    1471   15
    47   2.60210   0.90608   5.77167    2097   20
    48   0.30255   0.47134   2.18276    1932   19
    49   4.34122   2.10572   2.22029     497    8
    50   5.64637   1.22055   1.70170    1441   15
    51   3.67377   2.36173   3.79855     865   13
    52   4.48461   1.37034   0.19028    1525   15
    53   1.49565   0.73501   4.94503    1267   15
    54   5.71926   0.80846   3.66262    1400   13
    55   3.43135   2.31787   5.65300    1371   18
    56   3.41487   1.68281   3.34366    1013   11
    57   4.93418   1.70705   2.63205    1935   19
    58   1.64667   1.47561   3.88844    1022   12
    59   5.41409   2.19899   0.38028    1015   16
    60   5.90002   1.10676   0.35968    1185   15
    61   5.99744   0.76367   1.01223    1169   13
    62   4.53736   1.54558   6.14518    1625   16
    63   1.02000   1.35809   0.17686    1112   15
    64   0.92712   1.69575   1.15343    1248   16
    65   1.26759   1.65492   2.02798    1432   14
    66   4.49537   0.94187   5.15012    1084   14
    67   4.55496   1.11209   1.56141    1004   11
    68   4.35368   2.70374   2.98170    1655   17
    69   5.77182   0.83456   1.28657    1398   14
    70   0.66610   1.18371   4.09100    1176   18
    71   5.40687   1.91198   2.15697    1286   15
    72   0.48243   0.49523   4.94749    1408   17
    73   1.69699   0.70742   3.89602    1136   16
    74   3.19375   1.72689   0.02262    1499   20
    75   1.78059   2.26875   1.20183    1961   19
    76   2.98161   1.15786   1.83879    1685   18
    77   5.34889   1.25103   0.13684    1271   14
    78   3.66111   2.47772   1.51230     924   15
    79   2.12338   1.58720   2.65644    1612   19
    80   6.20901   0.34529   1.70509     849   11
    81   5.39248   1.59008   1.37680    2144   15
    82   4.10967   1.04590   1.08464    1661   18
    83   3.92221   0.87906   5.52651     954   13
    84   5.65915   0.98115   6.20024    1842   19
    85   2.30829   0.80942   1.36975    1218   13
    86   5.84935   1.37529   6.08660    1514   18
    87   1.09146   1.02474   4.57656    1015   11
    88   2.00192   2.44990   0.06972    1813   18
    89   1.12662   0.56583   5.96646    1681   15
    90   3.39494   1.84456   4.98617    1104   13
    91   0.19777   1.55532   4.12032    1397   15
    92   1.42786   1.35317   1.12671    1147   16
    93   0.46370   0.95362   4.76335    1751   16
    94   3.05851   1.29968   3.39418    1190   11
    95   1.96141   0.92455   3.29558    1481   15
    96   3.64974   2.01160   5.23960    2050   16
    97   1.02476   0.98779   0.74138    1352   13
    98   1.27518   2.36819   0.04526    1522   18
    99   3.38525   1.95664   4.37519    1260   12
   100   3.21943   2.58782   2.96020    1621   14
   101   5.17526   2.50465   1.54946    1469   16
   102   2.55065   0.77626   1.13982    1314   13
   103   6.06524   2.43488   3.97728     647   13
   104   2.25157   1.64113   2.36196     608   12
   105   6.28253   1.70179   2.99877     752   14
   106   3.45586   1.75578   3.73561    1203   15
   107   2.93430   1.24092   4.86598    1515   16
   108   3.10543   2.77314   3.84164    1364   15
   109   3.36225   2.03826   0.82035    1335   18
   110   4.30419   2.20708   5.49950    1816   15
   111   1.25907   0.84092   5.63237    1883   19
   112   3.47895   3.05219   2.78066    1255   15
   113   2.48266   0.57272   0.98754     809   11
   114   4.19601   2.08974   0.98131    1270   15
   115   1.74295   2.30024   2.25619    1098   16
   116   4.02273   2.81675   0.94708    1481   13
   117   2.41434   0.51677   0.81863     917   15
   118   3.38110   1.14398   0.18698    2143   19
   119   5.08726   0.86236   0.89114    1318   13
   120   5.52006   2.45884   2.52003     988   13
   121   4.99449   1.32978   6.18584     658   11
   122   0.65413   0.91698   3.90986    1445   14
   123   1.15778   0.05826   1.16359    1234   13
   124   0.20074   1.83608   0.02307    1846   18
   125   2.74838   0.84155   0.85610     961   15
   126   2.00351   2.50191   1.19302    2099   19
   127   2.19575   1.84477   0.74586    1103   14
   128   4.88226   1.61712   3.85614    1279   16
   129   3.25690   1.10889   1.47316    1435   15
   130   0.10432   2.20783   1.72494    1447   18
   131   3.98071   0.76203   0.12347     715   11
   132   5.39978   0.79246   4.48790    1678   17
   133   1.35480   2.64358   3.91381    1123   15
   134   0.50640   0.22732   0.10303     915   15
   135   4.79344   1.48184   6.06760    1951   17
   136   2.51129   1.88886   5.73067    1537   16
   137   4.28185   2.22347   5.41506    1665   17
   138   3.06769   2.31855   1.64372    1696   15
   139   5.23008   1.41832   4.38844    1028   14
   140   3.75464   2.42647   4.96771    1343   16
   141   3.55230   2.32288   5.64350    1138   12
   142   1.13779   1.58069   2.46573     931    9
   143   1.39080   2.06596   4.20877    1429   17
   144   0.99538   1.49342   5.25707    1457   15
   145   0.97185   0.93666   2.36501    2243   18
   146   0.93137   1.97838   4.13035    1346   15
   147   3.19068   2.34736   5.24137     747   12
   148   0.71706   1.30280   1.94649    2222   18
   149   1.41843   2.20061   0.92871     996   15
   150   6.26657   0.67057   0.66280     838   12
   151   2.76067   1.76865   0.82547    1097   13
   152   1.61074   1.95022   4.74825    1293   14
   153   5.43837   1.41851   4.85169     974   10
   154   3.61499   1.03880   3.81009    1053   14
   155   3.77250   1.77201   0.87906    1032   15
   156   0.23264   0.99617   1.89464    1364   17
   157   5.55036   0.95459   3.89835     960   12
   158   0.73753   1.49359   5.45634    1059   14
   159   3.77261   1.06077   3.53078    1092   17
   160   6.08534   1.10246   5.97196     918   13
   161   3.64534   1.87230   5.57896    1796   19
   162   2.21437   2.49071   1.11375     801   11
   163   5.56442   1.00938   2.44056    1655   19
   164   1.83943   1.63281   5.14729    1005   12
   165   5.00318   1.05872   4.45647    1413   16
   166   1.56937   0.73552   5.01572     987   12
   167   5.30813   1.16181   0.94604    1042   17
   168   2.50549   0.61705   5.07594    1747   16
   169   1.41387   0.74203   4.95425     700   11
   170   0.19371   2.39148   5.52932    1420   13
   171   5.30511   2.23852   1.16647     576   10
   172   0.32239   2.56335   5.67563    1010   14
   173   5.60907   1.62501   3.52231    1051   14
   174   4.40349   1.39122   2.77043     622   10
   175   1.10992   1.81193   0.50161    1628   20
   176   3.89626   1.03040   3.76431     788   13
   177   4.08523   0.87876   0.78989     787   11
   178   0.35443   1.38418   6.17451    1087   14
   179   2.08067   0.25802   5.58057    1363   12
   180   4.74156   1.53891   3.68714     896   14
   181   1.42463   2.49811   3.25619    2597   20
   182   3.69674   1.54083   1.67820    1009   16
   183   4.50909   1.43780   0.49942    1413   18
   184   2.87871   1.56626   0.35460     868   14
   185   5.65806   2.32833   0.16522    1263   13
   186   0.71680   1.14039   2.16134    1207   11
   187   3.37652   2.30966   1.95136    2329   20
   188   4.81982   2.20404   3.55499    1866   15
   189   3.59825   0.41982   5.37120    1095   14
   190   2.10360   1.08107   5.90297     901   15
   191   4.25077   1.47412   1.57514     686    9
   192   4.66110   0.26560   0.04619    1380   13
   193   0.76181   1.02319   4.83554    1697   15
   194   5.04850   1.82553   1.21275    1027   12
   195   3.11101   1.38830   0.26317    1304   14
   196   2.53130   2.69975   2.60355    1299   12
   197   4.54327   0.73729   5.16023    1084   12
   198   1.31661   0.56092   2.06924    1283   15
   199   1.34962   0.81737   5.11215     957   13