     1   0.00000   0.00000   0.00000       0    0
     2   4.10846   1.90004   4.85193     926   13
     3   0.13079   2.41644   0.98313    1151   14
     4   0.94198   1.40350   2.21228    1505   14
     5   1.55261   2.31700   2.28796    1349   16
     6   5.95065   1.32963   3.18239     762   13
     7   1.38985   1.62352   0.32999    1050   15
     8   3.47484   2.25468   0.93194    1745   17
     9   0.07261   1.44247   4.72579     894   13
    10   1.59703   1.75232   4.30250    1185   14
    11   2.45387   0.59513   6.08764    1026   14
    12   2.67655   2.07330   4.09397    1913   17
    13   1.01073   2.27300   4.87432    1303   16
    14   1.43719   2.18202   0.65511    1471   13
    15   4.55192   1.29889   0.54704     885   14
    16   0.99381   1.88596   2.23506    1626   14
    17   4.79457   2.50118   1.98222    1702   14
    18   2.27034   1.86758   3.44893    1015   13
    19   4.31945   2.43135   2.20437     755   11
    20   2.20039   1.58867   0.55911    1463   16
    21   0.79991   1.56758   3.46013    1175   12
    22   5.38718   0.93988   1.30082    1264   12
    23   5.71375   1.74744   1.80268    3185   22
    24   4.07267   3.03931   5.24039    1051   14
    25   1.22255   1.62234   2.23553    1532   17
    26   2.88106   1.67600   3.40858    1024   11
    27   1.58374   2.77046   4.74488    1614   16
    28   3.07903   0.96862   0.08015    1212   14
    29   4.78786   1.07267   6.09164    2417   20
    30   3.13307   1.76285   2.01749    1464   13
    31   5.08787   2.60311   3.87580    1156   12
    32   3.31638   2.61939   2.51241     876   12
    33   2.21036   1.32590   0.44075    1439   14
    34   0.02647   2.62117   3.53826    1036   13
    35   4.27048   0.37314   0.18464    1305   13
    36   5.29017   1.13268   4.01139     985   13
    37   4.39963   2.35930   0.01660    1261   14
    38   5.41554   0.82660   6.05313    1151   17
    39   3.80100   2.49048   2.62450     956   13
    40   4.85029   2.01634   0.93474    1533   16
    41   5.01020   1.97149   4.90951    1993   16
    42   3.65520   1.23603   5.04178    1549   18
    43   6.15815   2.58417   6.12358     814   13
    44   0.60128   1.24827   2.48158    1207   16
    45   6.14059   2.23726   1.58325    1563   19
    46   1.33832   0.44620   5.61947    1007   14
    47   3.86040   1.35818   4.95021    1138   12
    48   3.42068   1.92243   4.61796    1791   18
    49   0.18698   2.07347   2.97543    1300   14
    50   0.74714   2.38083   1.43393    1867   16
    51   2.31678   1.98477   2.25673    1228   16
    52   4.99133   2.37455   6.06729    1082   14
    53   1.54956   2.04662   3.34961    1622   15
    54   3.06087   0.55637   4.33989    1346   14
    55   0.18790   1.77096   0.06494    1371   16
    56   4.58580   0.52130   2.83090    1717   15
    57   5.89320   2.64219   1.40696     912   13
    58   2.21529   1.87011   3.11962    1113   17
    59   1.23146   2.46925   2.56546    2238   21
    60   0.94141   0.67805   2.68938    1148   14
    61   3.23633   1.49565   4.81828     981   12
    62   2.35763   1.95202   1.49408    2621   18
    63   4.79863   2.21595   1.86351    1604   16
    64   1.43867   1.68817   2.97888    1244   13
    65   1.84191   0.95046   3.54166    1228   13
    66   2.35031   2.11569   1.56212    1552   16
    67   0.71143   1.61510   1.45114    1252   14
    68   4.28921   0.74952   4.54827     723   11
    69   4.68647   1.11673   0.41941     760   13
    70   0.68313   1.10054   0.15728    1583   14
    71   2.83217   1.80714   1.06444     932   11
    72   0.61747   2.32010   1.78499    1464   17
    73   3.74143   1.86289   1.65988     989   13
    74   4.94272   2.38566   2.62923    1042   16
    75   4.58791   2.06445   2.77128    1750   14
    76   0.75003   2.53137   5.61493    2133   20
    77   4.87498   1.95650   0.52991    1291   16
    78   4.60227   1.12619   2.71831     784   14
    79   2.45073   1.98515   1.70709    1311   19
    80   5.33620   2.46615   2.47727    2284   21
    81   2.87825   2.37108   3.83882    1463   17
    82   5.21082   0.92832   5.24490    1223   14
    83   4.72526   1.62193   2.83624    1665   16
    84   1.15174   2.66979   0.54316    1547   16
    85   1.65593   0.17909   4.89169    1964   18
    86   5.43399   2.46637   2.50699    1371   14
    87   4.77124   0.79867   2.30024     974   14
    88   2.20425   1.78615   5.30183    1094   12
    89   4.06081   2.22329   2.30196    2042   19
    90   4.58623   0.55901   2.83890    1988   22
    91   3.99382   1.94424   0.68843    1815   18
    92   0.23221   2.68960   1.18937    1630   16
    93   3.46448   2.36022   5.72367    1533   16
    94   0.54147   0.10902   1.87061     591   10
    95   2.45092   2.00340   3.40560     979   13
    96   3.44271   0.78137   4.01204    1580   17
    97   6.00981   2.24852   4.40887    1898   17
    98   3.49387   1.07101   5.74145    1169   12
    99   4.95455   2.37988   4.53240     952   12
   100   1.52942   0.82913   2.27994    1287   14
   101   4.11420   0.89683   3.11478     762    8
   102   5.35537   1.54804   1.29122    1248   13
   103   0.81575   0.95103   3.75092    1658   16
   104   3.83960   0.88473   0.38593     774   12
   105   3.79789   1.58949   0.05635     665   11
   106   5.97905   1.42601   6.26648    1566   16
   107   0.10963   1.62657   2.72205    1491   16
   108   3.24043   1.51461   1.37822    2244   21
   109   5.03036   2.37642   2.41855    1319   13
   110   1.08707   1.45429   0.78058     765   11
   111   3.26910   2.05203   0.32646    1363   17
   112   0.63771   1.99153   0.40747    1044   15
   113   4.68879   2.39168   2.63437    1513   16
   114   1.70035   2.48475   2.61461    1867   18
   115   5.97001   1.01094   3.48114    1096   13
   116   1.35116   1.38371   4.23228    1059   12
   117   5.79498   0.26700   4.02615    1156   17
   118   3.78302   1.24366   2.75494    1621   15
   119   4.27664   1.50407   5.14605    1410   14
   120   1.11949   2.77179   0.01922     731   10
   121   2.09883   1.48048   4.02083     974   12
   122   5.85781   0.78939   5.48108    1063   11
   123   4.35644   1.52750   2.54681    1436   13
   124   4.90175   2.48373   4.92160    1158   14
   125   0.47777   2.13656   5.88231    1825   18
   126   1.67708   1.70071   3.05573    1817   19
   127   0.60433   2.27284   5.19546    1737   17
   128   6.22799   1.22020   2.96682     952   16
   129   5.29116   2.22823   2.53590    1473   12
   130   0.10681   1.80904   0.66620    1690   13
   131   0.82275   2.00843   5.40863    1562   20
   132   2.13687   1.33907   5.27531    1342   14
   133   3.75201   1.18091   4.29247    1027   16
   134   4.39750   1.66263   5.41500    1462   16
   135   2.94027   2.93302   6.15838    1032   12
   136   2.31975   1.36602   5.18139     703   12
   137   0.78129   0.95973   1.78855    1567   17
   138   0.79238   1.15890   5.50881    1348   13
   139   1.88845   1.89781   2.89593    1244   13
   140   4.23383   2.94275   1.76981    1003   16
   141   2.29605   1.54931   6.19128     904   12
   142   4.01504   1.39739   3.70082    1159   14
   143   2.94792   2.43130   6.07031     927   12
   144   2.86680   0.99796   5.21303    1435   13
   145   1.88613   2.27638   5.53328    1110   13
   146   3.21067   1.48207   1.53021    1319   16
   147   4.19012   0.64889   2.35487     768    9
   148   1.93171   1.73601   5.21653    2580   22
   149   0.27332   1.97747   4.70187    1289   14
   150   2.01063   0.83028   2.00380    1512   20
   151   2.54575   1.56516   4.83540     797   13
   152   4.59593   1.92216   1.23929    1754   15
   153   5.43656   1.60668   3.44455    1757   18
   154   4.33031   1.84795   2.94935    1344   14
   155   2.35857   1.50602   1.13540    1238   14
   156   2.27793   1.87390   1.48385     604   11
   157   3.58706   1.27064   1.23935    1623   14
   158   3.16472   0.19491   5.94522     849   12
   159   1.03557   0.76513   4.88638     713    9
   160   5.16821   1.57810   3.65869    1407   15
   161   3.35725   2.26178   6.00101     793   11
   162   3.92231   1.04124   0.78292    1301   14
   163   2.84530   1.89894   5.29147    2172   17
   164   3.67283   0.76009   3.21878    1068   13
   165   5.72024   2.30560   3.64805    1623   18
   166   0.55097   0.78609   4.82222    1097   14
   167   6.02959   1.32425   2.49185    1415   15
   168   5.82654   0.39200   4.39571    1288   15
   169   4.86916   0.88840   0.83171    1813   15
   170   4.80920   1.99117   5.70305     627   12
   171   2.67904   0.72154   3.63645     980   13
   172   1.10133   2.24923   5.90020    1526   17
   173   5.82428   1.55320   5.31696    2110   19
   174   5.61634   1.63412   5.87826    1097   12
   175   6.12600   1.07845   3.38944    1706   16
   176   2.52433   2.05220   5.33125    1220   16
   177   1.69338   1.04411   0.79304    1300   15
   178   3.71482   0.13365   3.18635     676   11
   179   5.79443   0.96756   0.95158    1596   18
   180   6.20729   0.87427   5.56049    1700   13
   181   0.86937   1.16450   5.72421    2061   18
   182   3.11512   0.60360   0.92772    1858   18
   183   4.24458   1.47330   2.82806     843   12
   184   4.40855   2.41975   5.11413    1317   15
   185   3.80489   0.54262   0.32736    1100   14
   186   1.75548   2.13970   2.68113    1835   18
   187   1.66888   1.84846   5.74404    2143   17
   188   1.10072   0.49108   3.67387    1657   17
   189   0.65998   0.80850   0.14785    1517   15
   190   3.00374   1.22443   0.17660    2343   18
   191   1.80466   1.97986   2.08157     850   14
   192   1.31020   2.10731   0.43559     669   11
   193   4.61631   2.31751   2.19184    1355   13
   194   2.33276   1.62975   5.57942    1127   13
   195   2.56102   0.70011   3.08617    1844   17