     1   0.00000   0.00000   0.00000       0    0
     2   4.64160   1.67608   4.81957    1808   16
     3   1.59541   1.58370   3.07676    1369   12
     4   2.54935   3.05214   2.71711    1378   14
     5   4.54451   1.67515   1.56642    1663   16
     6   1.48653   1.55659   0.08341    1702   14
     7   1.63275   3.08301   4.78753     901   14
     8   2.30229   0.05143   3.96063    1668   17
     9   4.77598   1.61784   4.83169    1387   15
    10   6.19586   1.42229   6.24997    1487   17
    11   5.91490   2.96180   6.07188    1917   17
    12   3.22497   1.64809   0.06193    2129   19
    13   1.40067   1.62215   6.25597    1241   14
    14   5.67653   3.03946   4.12119    1354   16
    15   3.05420   1.64459   1.52921    1320   13
    16   1.54431   1.53342   6.19159    1501   16
    17   1.58995   1.57688   6.26726     980   12
    18   3.12034   1.50873   2.97238    2141   19
    19   6.25116   1.56450   0.01109     736   14
    20   6.25792   1.50273   3.29010    1388   13
    21   6.22678   1.48744   3.13519    1212   15
    22   6.26341   1.55096   1.62857    2049   19
    23   4.75336   1.70520   1.73303     980   14
    24   2.87251   0.05881   3.27521    1168   15
    25   3.08711   1.53312   2.99817     859   12
    26   4.50199   0.13931   3.35665    1484   20
    27   1.59541   1.58370   3.07676     870   13
    28   0.15244   3.10887   4.91356    1188   12
    29   1.60933   1.55717   6.27948    1153   14
    30   4.62428   1.67350   4.72512    3539   21
    31   0.19548   3.01909   1.76145    1351   16
    32   1.50678   1.48722   1.50327     987   14
    33   3.11655   1.61414   4.69353    1479   16
    34   1.60104   1.53969   2.98307    1617   16
    35   5.80598   3.01962   2.74743     919   12
    36   4.63217   1.68894   4.76154    1302   13
    37   1.78813   3.11750   3.37784     959   13
    38   3.12532   1.53083   1.58854    1205   15
    39   3.87777   0.17027   5.40510    1809   16
    40   3.28675   0.08489   3.06323     920   14
    41   3.94866   3.07740   2.41063    1897   19
    42   0.01299   1.59134   0.15619     768   12
    43   1.66301   1.41030   6.16779    1439   17
    44   3.08362   1.62809   4.62841    2458   17
    45   6.13882   1.57055   4.71395    1999   19
    46   6.21981   1.49806   0.13692     932   12
    47   1.50911   1.41585   2.98495     968   11
    48   4.73983   1.58617   1.63041    2032   18
    49   4.66730   1.66947   0.11867     958   13
    50   6.18034   1.50666   3.06071    1357   14
    51   6.28271   1.46412   1.56546    2074   16
    52   2.98686   1.53074   4.72614    2003   18
    53   6.27795   1.49020   6.26431     899   11
    54   3.03194   1.57813   6.23563    1721   19
    55   6.18909   1.41797   0.06801    1174   12
    56   1.50466   1.57380   3.11217    1516   18
    57   1.46363   1.48924   6.16565     996   11
    58   4.51237   0.13006   3.40062    1268   15
    59   3.07518   1.65504   6.22899     966   14
    60   3.12532   1.53083   1.58854     932   15
    61   4.76358   1.55441   3.15686     845   11
    62   4.77054   1.59686   4.80821    1705   20
    63   2.25442   3.07554   0.63570    1686   18
    64   6.11025   1.52220   3.24265    1949   20
    65   4.27538   0.15328   3.60569    1336   11
    66   4.65049   1.71903   3.06708    1406   13
    67   1.54054   1.44963   4.55679    2245   19
    68   5.08791   0.15713   1.08952    1950   14
    69   4.62606   1.60943   3.27161     644   10
    70   4.79981   1.49707   6.25438    1489   15
    71   5.36172   0.09844   0.91000    1656   17
    72   6.21833   1.52071   4.82259    1642   18
    73   1.63434   1.58892   3.10460     963   12
    74   4.64160   1.67608   4.81957     906   14
    75   6.20395   1.53312   1.70034     660   13
    76   3.05825   1.61717   3.21151     824   12
    77   2.97229   1.64567   4.64003    1294   14
    78   1.51122   1.42519   4.64296     873   15
    79   6.11308   1.65178   4.75337    1569   20
    80   3.06362   1.64630   1.42398    1748   16
    81   2.06092   3.06714   2.02645    1356   15
    82   1.65119   1.65535   3.18818    1143   12
    83   4.74098   1.57679   3.07698    2142   20
    84   3.07789   1.67992   3.05711    1909   19
    85   1.63584   1.50426   6.15335    2152   16
    86   0.06079   1.62544   1.53014    1036   14
    87   2.67283   0.03281   0.42506    1054   11
    88   4.58397   1.57855   0.05394    1749   17
    89   1.50466   1.57380   3.11217    1098   13
    90   1.45986   1.52017   4.58113    1112   14
    91   1.50696   1.59834   3.07994    1138   15
    92   6.24752   1.51764   4.77686    1061   14
    93   5.36172   0.09844   0.91000    1096   15
    94   3.08386   1.67989   3.04843    1409   17
    95   3.61789   3.04598   5.26001    1307   13
    96   2.41273   0.05861   0.67920    1779   15
    97   1.55986   1.42896   6.20307     680   12
    98   1.58231   1.64595   4.61051    1524   13
    99   3.22497   1.64809   0.06193    1070   14
   100   5.80598   3.01962   2.74743    1147   15
   101   0.04017   1.50781   3.12102     816   13
   102   0.07011   1.48222   4.85609     986   15
   103   4.62060   1.62115   4.65536    1023   15
   104   4.40904   0.07773   0.23946     982   11
   105   5.36172   0.09844   0.91000    1069   12
   106   0.73051   2.92440   2.30709     579   12
   107   6.21040   1.42485   1.55665    1031   15
   108   1.51049   1.54639   1.50852     739   10
   109   4.62228   1.56824   4.66788     875    9
   110   1.60224   1.61654   1.65588    1834   15
   111   3.26830   0.07517   6.11948    1129   11
   112   1.34099   2.98066   4.41531    1525   15
   113   3.92840   0.09771   0.67747    1213   15
   114   1.53818   0.05915   4.64885    1083   12
   115   1.50052   1.59295   0.06619    1701   14
   116   6.25009   1.40545   0.07908    2215   18
   117   4.56989   1.65176   4.70938    1093   11
   118   0.07712   1.48864   1.66561    1559   21
   119   1.55575   1.49073   3.01682    1612   14
   120   1.61700   1.45122   3.10723     931   13
   121   6.16436   1.42659   0.07345    1841   17
   122   3.91852   3.05738   3.94049    1104   14
   123   3.13669   1.59032   2.99090    1122   15
   124   5.74909   0.05595   0.36914    1196   12
   125   3.12532   1.53083   1.58854     599   12
   126   1.04917   3.08475   5.70799     834   12
   127   6.12531   1.57733   4.67222    1855   18
   128   3.15078   1.63935   3.05563     923   11
   129   1.08273   2.98513   4.25035    1501   18
   130   3.23024   1.51795   4.62611    1360   14
   131   3.12986   0.04931   1.49076    2476   19
   132   3.03541   1.60093   4.70849    1417   15
   133   4.94529   0.16593   2.78830    1137   14
   134   4.77538   1.52297   0.01228    1569   14
   135   1.02121   3.04964   2.62334    1296   14
   136   1.49457   1.52273   0.02729    2763   17
   137   4.64160   1.67608   4.81957     710   10
   138   0.01986   1.45384   3.26701    2127   18
   139   3.01343   1.57068   6.25537    1056   13
   140   4.60653   1.59370   3.11492    1747   18
   141   1.53468   1.60634   0.04786    1369   12
   142   1.45485   1.55041   3.03000    2515   14
   143   5.83583   3.09595   2.73508    1073   14
   144   4.44092   0.14982   3.37338     899   12
   145   4.64828   1.55980   1.53987     951   11
   146   5.14401   0.05792   4.33153    1011   13
   147   0.69655   0.02125   2.51159    1393   17
   148   5.18263   0.10270   5.65622    1605   15
   149   1.56845   1.64418   1.45897    1251   16
   150   3.17215   1.56085   6.18007    1155   15
   151   6.23871   1.56041   6.25441    1425   15
   152   6.22981   1.55782   4.65650     760   10
   153   1.61405   1.48446   6.13819    1037   14
   154   3.53286   3.12122   5.03262    1139   15
   155   1.50572   1.63748   1.50142    1262   13
   156   4.14163   0.18605   5.33284    1558   17
   157   5.52902   3.06201   5.58126    1287   16
   158   3.21058   1.60861   1.64569     962   12
   159   4.70588   1.51389   1.50240     843   13
   160   1.60933   1.55717   6.27948    1591   15
   161   4.66690   1.61103   1.53183    1500   13
   162   1.63974   1.59766   3.19368    1087   12
   163   0.15244   3.10887   4.91356    1296   14
   164   4.62562   0.07662   4.81655    1088   14
   165   6.18847   1.54750   0.09647    1713   18
   166   0.81646   3.10882   2.42159    1124   15
   167   3.11663   1.60228   6.19223     949   12
   168   1.51794   1.65234   4.63121    2892   19
   169   4.56819   1.65565   0.04014     759   10
   170   1.59541   1.58370   3.07676    1400   14
   171   6.22190   1.62193   1.67269    1266   14
   172   4.64742   0.12804   1.66772     960   13
   173   1.54709   1.48242   4.66052    1398   15
   174   3.14275   1.51425   6.12667    1482   16
   175   3.22739   1.71274   1.64832    1075   17
   176   3.02402   1.70085   3.08765    1231   16
   177   3.14949   1.63800   4.54839    1752   21
   178   5.04129   0.14156   2.81983    1287   14
   179   3.50227   0.18559   5.87204    1436   13
   180   6.24170   1.48192   0.03861     771    8
   181   4.54253   1.61892   3.18332    1212   15
   182   1.55009   1.40101   1.42184    1584   16
   183   3.08646   0.14862   6.19743    1064   13
   184   0.89487   2.96990   4.02735    1375   17
   185   3.31550   0.13112   4.58111    1447   14
   186   4.53851   0.16615   1.69783    1182   14
   187   6.22989   1.52022   1.49056    1293   15
   188   3.21294   1.65489   1.46315    1161   13
   189   3.10807   1.50162   4.63712    1561   17
   190   4.62606   1.60943   3.27161    1876   19
   191   5.20819   3.05102   5.36423    1612   16
   192   5.87249   3.05682   5.81855    1591   16
   193   4.44763   0.02256   3.29625    1254   16
   194   4.74564   1.52745   1.58644    1923   17