     1   0.00000   0.00000   0.00000       0    0
     2   0.33746   2.40096   4.31059    1610   18
     3   1.92961   1.26566   1.39893    1099   16
     4   3.24595   1.73423   5.96294     778   10
     5   3.15530   0.84019   2.33684     710   12
     6   1.10454   0.15671   5.64354     744   12
     7   5.90831   0.40351   4.53532    1169   15
     8   1.23312   1.17975   5.95215    1447   18
     9   4.24893   1.44053   4.50699     764   11
    10   3.82004   2.35792   3.09168    1353   15
    11   1.47016   1.36371   1.49061    1134   13
    12   5.59839   1.59493   3.38909    2825   20
    13   0.85406   0.92676   1.12185    1122   12
    14   4.78217   1.59263   3.82946     978   12
    15   1.77261   1.10597   1.60427    1149   17
    16   1.05940   2.00687   4.68856    1082   15
    17   0.84086   0.80221   4.16315     711   11
    18   1.52506   0.41557   2.84310    1566   13
    19   0.57155   1.18505   3.90083    1267   17
    20   6.09808   1.79504   4.83177    1512   15
    21   1.47888   1.40770   3.30255    1034   13
    22   3.95866   0.32675   3.26350    1492   16
    23   1.61832   0.67577   0.33878     929   12
    24   4.08484   1.20758   2.76782    1022   14
    25   0.71786   2.56241   4.42447    1177   15
    26   5.86054   0.33269   4.90263    1138   14
    27   3.19936   2.12029   0.49554    1792   20
    28   5.42897   1.59870   2.72571    1070   12
    29   5.10078   1.69623   3.65675    1578   16
    30   5.50478   1.50481   5.43786    1103   11
    31   4.19965   2.05264   5.26752    1390   12
    32   3.33519   2.38077   3.79184    1208   15
    33   5.16308   1.42022   0.03119    1594   19
    34   2.76590   2.10704   4.54040     856   12
    35   6.25517   1.56796   0.81610    1397   15
    36   1.87355   1.02621   2.19061     972   12
    37   3.76738   1.75224   2.44523     934   13
    38   4.35835   0.58668   4.29682    1138   14
    39   2.03813   2.02112   5.57262    1060   14
    40   0.97510   1.38097   0.51668    1628   16
    41   1.73906   1.71714   6.14143    1231   13
    42   2.06571   0.73415   3.46086    1202   17
    43   5.53990   1.95357   4.11888     932   10
    44   2.72785   0.99506   4.37520     876   16
    45   5.63234   2.36052   5.94211    1327   16
    46   2.31963   3.07231   5.83673    3194   18
    47   4.32060   0.65023   0.89242    1291   15
    48   0.53274   0.49357   4.83758    2333   21
    49   4.43190   1.65501   0.76442    1403   17
    50   3.31354   2.26769   3.96927    1415   15
    51   5.76964   0.66152   3.46423    1315   13
    52   4.57150   0.88648   0.90194    1128   13
    53   5.57301   2.56359   6.26768    1731   18
    54   5.42897   1.59870   2.72571    1127   14
    55   0.81737   0.88620   4.69927     809   11
    56   5.58274   2.10510   5.29763    1546   16
    57   2.34559   0.76245   0.04161     978   12
    58   4.48323   1.71931   1.27304    1101   16
    59   4.92133   0.47900   5.64011    1797   15
    60   2.83841   2.22094   2.27550    1673   17
    61   6.01367   2.13504   3.21669     962   14
    62   2.05406   1.59566   2.72288    1369   14
    63   5.75705   1.21938   3.15767     909   13
    64   5.75705   1.21938   3.15767    1688   17
    65   1.54537   1.72208   5.81267    1584   16
    66   2.97087   2.04827   0.94073    1734   16
    67   4.18370   1.53273   5.98194    1047   14
    68   4.58438   2.80525   1.96564     727   10
    69   2.14207   2.18249   2.64286    1503   16
    70   0.36071   1.20024   5.18364    1385   16
    71   0.25379   1.86581   4.43317     739   12
    72   2.66828   1.79625   2.35086    1231   15
    73   4.02310   1.37644   4.96612    1609   16
    74   3.98749   2.28677   1.99574    1090   13
    75   0.73856   1.51897   5.04737    1310   16
    76   0.19014   0.20340   5.83902     841   12
    77   1.43868   1.15629   0.63203     905   14
    78   5.32578   0.89774   1.69371    1449   15
    79   0.53658   2.64971   3.50443    1001   12
    80   4.59504   2.34413   1.11357    1565   16
    81   4.90662   2.12713   3.96765    1140   19
    82   1.74771   1.66033   3.64961    1346   14
    83   1.72111   1.48885   2.50922    1459   14
    84   6.15115   2.51049   4.52748    1405   18
    85   1.63944   0.99640   3.35519    1062   14
    86   3.99987   1.88500   1.50691    1293   15
    87   4.28351   0.97620   3.99562    1007   12
    88   5.39599   1.57593   3.95866     917   13
    89   2.22574   0.35454   4.37669    1732   16
    90   4.33618   1.18562   1.42000    1273   16
    91   4.84031   1.96271   5.75030    1738   16
    92   3.93247   0.80698   1.25876    1096   14
    93   4.52663   1.26747   2.56969    2421   21
    94   3.98631   1.85556   2.28465    1729   19
    95   4.72915   2.88734   3.91976     968   13
    96   5.66444   2.47420   4.88909    1185   16
    97   5.63608   2.09456   2.85049     755   12
    98   2.92187   1.98172   5.73767    1436   16
    99   1.54770   2.57060   0.78160    1062   15
   100   0.62886   0.84896   3.40035     771    8
   101   0.43860   1.43351   0.60451    1202   14
   102   0.93829   2.22894   4.01936    1652   16
   103   1.05186   0.41408   0.30987    1614   17
   104   4.68655   2.00231   3.56726    1228   14
   105   4.56557   2.15022   0.48054    1331   15
   106   0.83494   1.68138   0.83946    1371   14
   107   0.41636   2.40332   1.77164    1153   15
   108   1.77721   1.05995   0.31237    1420   15
   109   4.97810   2.48691   1.77822    2100   18
   110   2.12854   2.19471   0.29145    2192   21
   111   4.40305   1.22400   3.25524     861   14
   112   3.43783   0.40341   1.06214    1336   15
   113   0.14735   1.37392   4.24434    1116   13
   114   1.18580   0.89409   2.24400    1139   13
   115   3.13419   2.08036   5.09122     642   11
   116   4.60346   1.93653   5.89151     805   11
   117   0.38364   1.98174   1.61601    2029   16
   118   0.29981   1.00836   3.52307    1256   16
   119   5.67414   1.44858   3.00511    1310   16
   120   4.57039   2.03819   4.50300    1631   15
   121   1.58646   0.34504   2.29550     931   16
   122   3.98116   1.95989   6.06666    1594   17
   123   0.48608   0.53928   1.76704    1249   13
   124   5.97750   2.25554   4.01436    1233    9
   125   1.30335   1.93007   0.93063     999   12
   126   2.49848   1.69551   5.37940    1135   12
   127   4.63400   2.63277   4.25159     974   14
   128   3.61237   1.45264   1.47833    1443   15
   129   1.07642   0.71855   2.80885    1095   15
   130   3.82762   2.66355   1.60348    1209   12
   131   1.42442   0.51703   2.24192     886   13
   132   3.84828   2.05705   2.44269    1644   17
   133   4.72697   1.10974   3.64350    1844   19
   134   2.99065   1.05187   0.68117     812   10
   135   1.22644   2.53086   4.75692    2062   20
   136   1.64841   1.95884   5.12918     723   12
   137   0.59266   1.75518   0.24115    1493   18
   138   4.79360   2.11845   1.69748    1044   12
   139   3.42091   0.97242   2.35934    1149   14
   140   0.25201   1.04378   3.63531    1909   15
   141   2.06238   2.41685   4.40107    1415   13
   142   3.60506   1.10102   5.13225    1536   16
   143   6.27803   1.63171   1.07099     976   12
   144   2.33156   1.37786   5.12771    1460   17
   145   4.54399   1.66920   5.67910     774   11
   146   2.58276   1.97038   4.29142     822   11
   147   4.23271   1.86737   2.12797    1053   13
   148   4.46549   0.91184   5.93534    1383   16
   149   3.68512   0.96653   0.05563     809   10
   150   0.80449   0.64216   3.39106     751   11
   151   3.41982   1.17372   2.28537    1933   16
   152   5.69506   2.16393   0.46072    1166   13
   153   3.52320   2.05672   0.73574    1228   16
   154   2.04725   0.63012   1.03414    2005   18
   155   4.52638   1.46619   1.74018    1448   15
   156   5.31013   0.70540   3.86002    2013   17
   157   2.08039   1.55318   5.71450    1254   13
   158   4.27460   1.01750   4.09060    1760   19
   159   4.97858   1.76540   1.10760     875   12
   160   6.00160   1.80717   2.66927    1844   17
   161   5.98009   2.16887   1.79641    1244   13
   162   0.38473   1.32240   4.93215    1430   17
   163   1.35205   2.36212   6.05112     871   12
   164   4.64130   1.20775   5.92850    1534   16
   165   1.91427   2.50980   5.95768    1375   21
   166   2.56844   1.36160   0.12102    1680   19
   167   4.49088   2.17939   3.64054    1441   14
   168   1.67402   1.62186   1.35396    1349   13
   169   4.90130   1.53456   5.00606    1700   16
   170   5.54614   0.81287   2.04042    1187   15
   171   5.20673   1.43581   3.94654    1139   15
   172   1.49005   1.21267   5.49864    1536   13
   173   3.63012   2.39155   4.97597    1460   15
   174   3.63839   2.51117   0.54906    2622   18
   175   6.06433   1.49817   5.13378    2163   16
   176   3.99469   2.07157   2.40841    1233   13
   177   5.57270   1.19756   5.39381    2391   16
   178   1.07116   1.60432   5.70374    1220   16
   179   2.89567   0.89086   5.05912     740    7
   180   2.32940   1.91076   4.41473    1483   16
   181   2.93455   2.00898   6.03548     836   11
   182   5.57786   2.12323   5.08690    1513   16
   183   5.11464   2.13750   2.28216    1398   14
   184   0.57059   0.71899   3.83562    1440   17
   185   4.15733   2.28472   2.03622    1993   17
   186   1.98511   0.98051   3.46700    2090   19
   187   3.65820   1.83696   4.41449    1903   15
   188   2.76702   1.71732   5.19399     587   12
   189   2.41778   1.83509   0.65057    1759   16
   190   2.79292   1.55059   1.38355    1607   18
   191   4.00559   2.16337   1.01243    1537   14
   192   5.70152   0.94543   5.82333    1850   17
   193   1.31792   0.91965   0.18455     686   10
   194   2.43199   1.98467   1.43816    1431   16
   195   4.25870   2.79763   2.44871    1265   13
   196   2.43969   2.65434   0.18220    1867   20
   197   5.18869   1.87895   2.10671    1341   16
   198   4.21628   1.63366   5.17028    1538   16