     1   0.00000   0.00000   0.00000       0    0
     2   5.76770   2.06195   2.39070    3255   22
     3   1.18175   2.14074   0.50636    1554   15
     4   4.39464   1.10636   4.19741     352    8
     5   0.38246   0.72090   5.48609    2960   25
     6   3.67901   2.29288   4.18258     477   10
     7   4.44560   0.84969   2.51341     558   11
     8   0.52288   0.64642   3.71339     772   12
     9   2.65443   1.07827   5.36471     565   12
    10   1.42426   2.20187   5.12605    4193   18
    11   4.47749   0.90604   4.07024     399   10
    12   2.64462   1.07012   2.15903     807   12
    13   3.64313   2.31587   0.89446     783   12
    14   4.49111   0.94925   1.11140     516    9
    15   1.24532   2.01476   2.01668     320    7
    16   1.26657   2.15018   3.74947    2413   18
    17   5.84572   2.01160   4.13738    1319   13
    18   0.36117   0.65204   5.45187     620   10
    19   0.43461   0.62939   2.32631    1058   12
    20   5.72367   2.07398   0.89180    2763   20
    21   0.41094   0.82056   3.88145     559   13
    22   5.84619   2.08958   4.18760    1787   18
    23   3.67901   2.29288   4.18258    2401   18
    24   2.62013   1.07275   2.21659     640    9
    25   3.73872   2.48280   1.05736    2917   19
    26   5.81247   1.99983   5.65645    1092   13
    27   4.49111   0.94925   1.11140     727   13
    28   4.42173   0.93921   1.19511     682   12
    29   3.66044   2.45183   4.20477     616   12
    30   3.74538   2.43504   0.89554    1443   13
    31   4.44015   1.02593   1.07438    2512   19
    32   4.52011   1.11985   2.54976    3654   22
    33   0.60007   0.74606   3.62590    1039   11
    34   2.55765   1.18024   0.69384    2333   16
    35   3.67901   2.29288   4.18258     549   12
    36   5.72967   1.94682   5.60654     368    7
    37   3.48856   2.39572   2.22894     857   11
    38   2.65530   1.11278   3.74281     677   11
    39   3.78409   2.31467   0.95365     515   11
    40   4.49111   0.94925   1.11140     687   13
    41   2.63401   1.17113   5.33413    3129   22
    42   1.37951   2.09761   3.77918    1733   16
    43   5.82330   1.95084   0.96875    2396   19
    44   4.49111   0.94925   1.11140     792   12
    45   3.67101   2.51689   5.75037     408    8
    46   1.22166   2.22227   5.18294     482    8
    47   5.56399   2.00885   3.99084     927    9
    48   1.20664   2.04326   5.14574     534   11
    49   2.51262   1.04578   5.35618    4487   26
    50   2.44516   1.07967   5.34288     918   11
    51   2.64462   1.07012   2.15903     343   10
    52   5.78578   2.12706   1.02548    1305   15
    53   3.43823   2.36156   0.79415     442   10
    54   4.32458   0.92449   1.09346    1988   19
    55   1.18867   2.19862   0.50608     345    9
    56   2.58633   1.28748   5.42074    3086   21
    57   5.75900   1.98689   5.57530    2001   17
    58   2.50538   1.24101   5.33213    1074   17
    59   3.73774   2.32961   5.60612    3051   21
    60   3.71613   2.51533   1.03254    3260   22
    61   2.56866   1.28755   2.24940    1226   12
    62   2.60708   1.06097   5.41779    1622   17
    63   5.84115   1.94109   4.26342    1159   13
    64   3.63096   2.36364   0.89633    5320   28
    65   3.62864   2.36423   5.58382     666   11
    66   1.26078   2.18569   2.10157     898   11
    67   1.25693   2.23479   2.02930     919   12
    68   2.56683   1.01775   3.68513     664    8
    69   4.61433   1.00872   0.91318     469    8
    70   5.64994   2.09643   0.84770     443   11
    71   2.56702   1.07002   3.73424    3361   21
    72   2.58696   1.26613   2.20272     477    8
    73   0.44844   0.59738   0.61867     746   11
    74   2.66207   1.25507   0.65120    1787   16
    75   5.67942   1.84318   5.58571    2293   16
    76   2.55220   1.17857   3.86655     354    9
    77   3.59110   2.38442   3.96115     445    8
    78   2.49257   1.18803   2.15620     486   11
    79   1.27877   2.01275   3.67742    1411   14
    80   4.57568   1.04786   2.61439     543   10
    81   5.81978   2.00926   5.61991     342    8
    82   0.49933   0.83096   5.42738     414   10
    83   5.81978   2.00926   5.61991     482    9
    84   4.43931   0.95432   5.87911     691    9
    85   1.18867   2.19862   0.50608    1528   14
    86   5.69764   1.89389   5.74528    4976   27
    87   4.49766   1.00596   2.54846    2359   17
    88   5.65483   1.90352   2.41189    1444   13
    89   2.49578   1.05255   2.14088     396    8
    90   3.62119   2.37986   5.55227    5523   24
    91   3.47774   2.34902   3.97150    1551   14
    92   3.59110   2.38442   3.96115    1068   14
    93   1.43258   2.13974   3.79504    1805   18
    94   2.62002   1.14104   2.18892     556   10
    95   2.62332   1.00525   5.35956    1846   17
    96   2.52358   1.11133   3.69038     532   11
    97   1.33039   2.14146   1.97815     311    7
    98   3.60366   2.39246   0.95256    1687   14
    99   3.67901   2.29288   4.18258     945   12
   100   1.38242   2.18795   3.67125    1013   13
   101   3.53055   2.31811   3.92408    1413   16
   102   1.36663   2.23810   3.78822    3819   22
   103   2.55984   1.25322   3.87315    1592   17
   104   3.67018   2.39142   5.58096    2737   21
   105   5.81125   1.95262   1.06194    1374   17
   106   0.78165   0.73447   0.49738    1419   15
   107   4.52238   1.14385   2.67528    1981   18
   108   1.33578   2.20647   2.16981     722   11
   109   2.64462   1.07012   2.15903    1874   14
   110   4.39541   0.92174   2.60380     471   11
   111   3.63149   2.45064   3.97101    2531   17
   112   2.56990   1.17776   3.80404    1217   12
   113   5.81978   2.00926   5.61991     556   10
   114   3.68004   2.38546   2.43746    4984   21
   115   4.46252   0.97995   5.71376     867   13
   116   0.41965   0.66292   0.70712    1516   14
   117   3.59110   2.38442   3.96115    1323   13
   118   2.64508   1.14614   2.10351    2119   14
   119   1.42527   2.09373   5.26760     348    8
   120   0.56863   0.64644   2.26858    4937   22
   121   2.43332   1.13785   0.76121    3942   23
   122   2.62800   1.24243   5.27051     593   13
   123   3.80945   2.40336   1.05544    3547   21
   124   4.51882   0.96049   5.71672    2332   18
   125   5.75601   1.93233   4.04150    1069   14
   126   3.59110   2.38442   3.96115     647    9
   127   3.84032   2.39140   4.17672     580   11
   128   5.54584   2.03966   3.97578    1048   13
   129   5.78578   2.12706   1.02548     596   10
   130   0.49128   0.72657   0.67034     953   12
   131   3.64365   2.42600   5.57044     614   12
   132   0.58880   0.84285   3.84047     987   13
   133   5.75797   1.89751   5.73589     788   13
   134   0.52834   0.91253   3.82162     633   12
   135   4.49111   0.94925   1.11140     672   11
   136   5.74845   1.95331   2.54109     319    8
   137   5.71412   2.03350   5.63624     766   12
   138   5.61925   2.05540   5.60896     958   10
   139   2.56683   1.01775   3.68513     990   10
   140   1.26078   2.18569   2.10157     403    8
   141   4.38467   0.88508   5.80824     422   12
   142   0.37518   0.70132   3.83710     242    8
   143   4.47749   0.90604   4.07024     490   10
   144   5.63327   1.95638   4.12570    1604   17
   145   1.43775   2.07661   5.31888    1758   17
   146   4.49111   0.94925   1.11140     442   12
   147   5.78051   1.94310   1.03775     350    8
   148   3.67901   2.29288   4.18258    1453   17
   149   0.25230   0.73678   5.50713     943   12
   150   5.74005   2.05205   1.06672     455    9
   151   4.36458   1.03638   1.03885    1887   16
   152   5.66273   1.87732   5.60470    1350   14
   153   3.68365   2.35476   5.77296    4836   28
   154   0.44170   0.73291   0.66553    2363   19
   155   4.47749   0.90604   4.07024    1362   13
   156   2.56683   1.01775   3.68513     829   10
   157   3.52708   2.32108   2.34034     570    8
   158   3.59110   2.38442   3.96115     364    6
   159   2.68035   1.09932   3.75498    3076   17
   160   2.63546   1.07506   2.24038    2323   16
   161   5.80179   2.04035   2.42063    1680   19
   162   4.55775   0.97497   5.71837    1103   15
   163   3.76951   2.38158   5.69929    2765   15
   164   4.55690   1.05080   4.07824     848   13
   165   5.81247   1.99983   5.65645    2968   19
   166   0.48564   0.71454   2.15469     397   10
   167   2.63323   1.03808   2.27878    1588   13
   168   0.55812   0.69864   0.57729    1413   15
   169   0.64306   0.82015   2.16227    3679   23
   170   3.67101   2.51689   5.75037     824   14
   171   2.52218   1.19938   5.37348    5179   32
   172   4.40146   1.06113   4.25048    1425   15
   173   5.74005   2.05205   1.06672     514    7
   174   4.40014   1.02137   4.33630    3965   19
   175   1.44603   2.13651   2.14080    1846   17
   176   5.80032   1.93277   5.71634    4717   22
   177   5.77438   1.99770   4.12952     679   10