     1   0.00000   0.00000   0.00000       0    0
     2   4.42052   1.08748   5.97742    2009   19
     3   4.37725   1.09515   4.29502    1206   13
     4   4.31626   1.06654   1.25092    1085   12
     5   2.46104   1.29570   5.24510    2816   21
     6   1.13305   2.02759   1.82085    1496   14
     7   1.15394   2.03342   5.00148    2935   19
     8   1.16116   2.10653   3.33897    1106   13
     9   3.84644   2.56631   4.20802    3459   24
    10   2.49860   1.37543   3.51069    1708   14
    11   3.94648   2.58214   4.48938     592    9
    12   4.35785   1.00597   1.31508     651    8
    13   0.99901   2.01370   0.18871     416   10
    14   1.27148   1.95549   3.47603     522    9
    15   4.36639   1.09399   2.71129    3556   22
    16   5.77505   1.83503   4.32510    1304   13
    17   0.67777   0.52419   5.06734    1549   12
    18   2.49144   1.20810   2.15106    5416   30
    19   3.74938   2.50681   4.20642    2868   19
    20   4.44701   1.01372   2.77485     529    8
    21   1.18318   2.08100   1.85878    1666   18
    22   3.48084   2.61600   3.93085    3365   21
    23   5.67668   1.90357   0.98516    2728   18
    24   4.35914   1.01210   4.31430    1479   15
    25   5.59267   1.89752   1.07292    4823   26
    26   5.80200   1.91767   0.98235     698   10
    27   3.75233   2.58585   5.77414     943   11
    28   0.99901   2.01370   0.18871    1015   12
    29   5.60806   1.78271   2.66196     413    8
    30   5.72959   1.85107   4.29516    2111   15
    31   3.63809   2.47090   2.55968    4123   23
    32   3.64976   2.52294   4.13435    2156   18
    33   0.68354   0.45863   2.01587     813   11
    34   3.84245   2.68534   5.85771     607   13
    35   1.16116   2.10653   3.33897     985   14
    36   0.56359   0.64484   1.97675     310    6
    37   2.45664   1.26479   2.01620     550   11
    38   1.12137   1.93272   5.04967    2420   19
    39   1.19397   1.91939   0.38370    4391   22
    40   4.17089   1.05776   1.23230     395    9
    41   4.30606   1.04360   1.21252    1069   15
    42   1.16116   2.10653   3.33897    1313   13
    43   2.63387   1.32605   0.49957    1015   14
    44   5.70479   1.82330   4.18241    4226   26
    45   5.71842   1.86667   5.79620    2337   21
    46   0.52173   0.39214   2.14809     511    8
    47   0.76096   0.61787   5.11906    1594   13
    48   5.82010   1.98005   2.73748    1629   14
    49   0.00000   0.00000   0.00000    1513   14
    50   4.29804   1.14472   1.31646     546   10
    51   3.86433   2.54101   2.81415    2242   18
    52   2.53316   1.18468   2.03642    3434   22
    53   3.61746   2.59790   2.62067    1172   13
    54   3.80459   2.52483   1.19674    4670   28
    55   5.70053   1.71672   4.29143    3008   21
    56   0.68009   0.46968   3.53002    1384   14
    57   4.40950   1.01897   5.98128    1015   12
    58   0.58736   0.42275   0.49148     754   12
    59   4.29804   1.14472   1.31646    1469   18
    60   3.68505   2.74803   1.15056    1519   14
    61   2.54932   1.39300   3.71618     294    8
    62   2.54283   1.33775   5.25292    2012   13
    63   1.07921   1.95436   0.31260    2861   23
    64   5.73283   1.81779   5.79889     484   14
    65   0.38871   0.55242   3.80533    3198   21
    66   1.08727   1.99393   3.33191    1256   16
    67   0.54527   0.53350   2.00644     606   11
    68   4.38679   1.20802   4.34377    1058   17
    69   3.63925   2.67232   1.08085     821   12
    70   1.05298   1.98257   1.88123     438   11
    71   0.43296   0.44055   0.61060    2317   15
    72   3.62814   2.47607   4.23286    1515   14
    73   0.56359   0.64484   1.97675    2845   21
    74   4.36665   1.09948   2.74832    3047   17
    75   5.69345   1.82656   4.19311    1199   12
    76   5.64939   1.72714   2.68130    4330   26
    77   3.68712   2.63801   4.08245    1118   18
    78   0.55236   0.57451   2.04697    3135   17
    79   0.56359   0.64484   1.97675     770    9
    80   0.83749   0.56624   0.34549    3459   20
    81   0.54083   0.57822   3.67208    1424   14
    82   1.11439   2.08266   0.28103     565   11
    83   0.28146   0.52652   0.81349    1244   16
    84   5.86739   1.87526   1.21975     730    8
    85   0.00000   0.00000   0.00000     394    7
    86   5.67783   1.93090   2.60914    4009   20
    87   5.83300   1.89611   4.19353    1388   11
    88   1.16979   2.03257   1.87167    1281   15
    89   0.56359   0.64484   1.97675     415    8
    90   5.70968   1.88433   4.20433     277    8
    91   0.00000   0.00000   0.00000     422   10
    92   0.61095   0.56141   3.63417    1030   13
    93   1.16304   2.14160   3.55434     479   10
    94   5.63238   1.72944   1.08109    2439   16
    95   4.17540   1.21699   6.04967     534   10
    96   4.30514   1.15746   1.14696    1544   17
    97   1.12957   2.07043   3.49409     425    9
    98   2.50179   1.26652   3.69478     841   13
    99   2.45664   1.26479   2.01620     326    9
   100   5.60300   1.87969   4.15627    2849   18
   101   5.71068   1.77204   5.70955    2991   23
   102   3.82461   2.66227   2.64185     510    9
   103   2.63445   1.36913   3.54409    1085   11
   104   1.19340   2.13740   1.84704     601   11
   105   2.42655   1.29414   3.72075    1946   16
   106   4.30039   1.03276   6.08497    4512   27
   107   2.63574   1.25609   2.05777    1961   17
   108   0.54527   0.53350   2.00644     412   11
   109   5.76785   1.94844   0.94867     319    6
   110   2.61756   1.39434   3.55392     646   11
   111   3.51754   2.55559   5.51776     642   11
   112   3.60031   2.66429   2.50754     614   13
   113   5.76148   1.74045   4.20623     498    9
   114   3.70875   2.59886   5.84317     943   14
   115   0.40055   0.50789   5.40941    2403   18
   116   2.70581   1.19184   1.97054    2199   16
   117   2.51310   1.33709   3.66878    2363   19
   118   2.54065   1.24618   0.62431    1994   12
   119   1.13784   1.89314   3.36578    3261   22
   120   0.00000   0.00000   0.00000     717   13
   121   4.36698   1.16362   1.21239     776    8
   122   3.84768   2.60829   2.71536     741   10
   123   5.83087   1.89958   2.71618     935   12
   124   2.50592   1.20697   2.01806     611   14
   125   2.54509   1.36342   0.41252     979   13
   126   0.54527   0.53350   2.00644    1477   16
   127   3.87784   2.65092   2.77505     708   12
   128   4.34185   1.24846   6.01167     520   10
   129   0.36329   0.51377   2.31815    3391   21
   130   5.73283   1.81779   5.79889     730   12
   131   0.36903   0.53442   2.21034     730   10
   132   1.16017   1.97313   2.01627     712   10
   133   4.24370   1.11267   5.96218     372    8
   134   4.34761   1.05299   1.18959     623   11
   135   0.00000   0.00000   0.00000     339    8
   136   3.78791   2.57150   5.80423     629    8
   137   5.70968   1.88433   4.20433    1771   15
   138   5.78459   1.81486   4.35035     884   14
   139   5.57814   1.86387   2.63686     306    7
   140   1.03456   2.06130   3.45460    1762   17
   141   3.65029   2.75972   4.13618     756   12
   142   3.57640   2.59861   0.91920    1077   15
   143   3.93665   2.58891   6.01141    1878   16
   144   4.37791   1.19758   5.94202    1193   13
   145   3.65117   2.58330   2.51318    2730   25
   146   4.29711   1.13573   1.37717    2751   16
   147   0.54527   0.53350   2.00644     514   11
   148   1.09931   2.08774   4.89562     629    9
   149   0.98541   1.99732   1.71629    1975   17
   150   0.43626   0.51209   5.38284     666   13
   151   0.68009   0.46968   3.53002     487   10
   152   2.61301   1.28983   1.93509    1165   11
   153   0.72389   0.63024   1.98903     777   11
   154   4.39834   1.14356   2.79089     559    7
   155   1.05207   2.02835   1.83180    3817   21
   156   1.15822   2.04348   0.32309     619    9
   157   0.49688   0.63943   5.19021    1094   11
   158   1.08727   1.99393   3.33191     773    9
   159   5.61733   1.75348   2.62962     663   13
   160   1.20630   1.91330   5.03017    4974   23
   161   0.67499   0.48962   3.63542     752   11
   162   5.73283   1.81779   5.79889    1267   14
   163   3.65907   2.63236   5.72364     605    9
   164   3.59803   2.63228   5.61284     780    8
   165   2.55650   1.33991   0.44543     633    9
   166   4.24165   1.07192   4.41511     393   10
   167   2.58073   1.23925   2.04873     829   12
   168   1.27148   1.95549   3.47603     368    9
   169   5.73283   1.81779   5.79889     565   12
   170   1.04072   2.02509   4.91002     651   11
   171   2.58073   1.23925   2.04873    1029   12
   172   4.16313   1.15845   6.05835    1336   12
   173   1.07001   2.08089   1.75691     317   10
   174   0.40319   0.61432   3.83181    1870   16
   175   0.68354   0.45863   2.01587    1990   17
   176   1.30410   2.05243   5.09625    3036   16