     1   0.00000   0.00000   0.00000       0    0
     2   0.64034   0.33728   4.70847    1145   11
     3   2.16272   1.59274   1.68587    1880   17
     4   0.71695   1.77697   1.51131    1093   14
     5   0.89871   0.13702   1.32520    1284   14
     6   2.13231   1.43167   0.27380    1157   15
     7   4.18551   2.97978   0.29011    1400   13
     8   4.18551   2.97978   0.29011     880   12
     9   5.38827   1.61063   1.46589    1134   15
    10   3.90444   2.91366   3.31559    1994   19
    11   3.68129   2.79589   2.97853    1226   14
    12   3.74744   1.35878   0.06012    1790   19
    13   4.04178   2.87217   4.94896    1169   13
    14   4.22934   2.94731   0.42309    1035   13
    15   6.12449   0.15780   5.47907     688   11
    16   3.17229   2.95233   4.04620     906   15
    17   0.67461   1.75455   1.70493     783   15
    18   3.79268   2.82264   6.15795    1862   17
    19   3.68129   2.79589   2.97853    2024   18
    20   3.72649   1.35690   6.24154    1464   18
    21   5.28140   1.69052   6.13787    1373   16
    22   2.24283   1.47650   1.78187    1179   15
    23   3.19944   2.84146   0.95357    1471   15
    24   3.56357   2.86634   6.03603    1453   17
    25   0.66938   1.87405   4.78096    1066   12
    26   0.68070   1.82947   4.64017     568   10
    27   3.82222   1.25909   6.28241    1140   14
    28   3.83524   1.33310   4.68011    1103   13
    29   0.20040   0.26062   2.03338    2324   16
    30   2.13720   1.67612   4.92209     966   12
    31   3.74346   1.35447   3.09911    1640   16
    32   3.87240   1.37186   4.60353    1302   18
    33   3.73086   1.35571   6.28160    1058   15
    34   0.73209   1.80351   0.00610     843   12
    35   2.20870   1.66357   0.22867    1961   16
    36   3.82839   1.32276   6.26777     622   10
    37   2.18545   1.54063   1.76679    1589   15
    38   2.12368   1.64759   4.84309    1160   14
    39   2.21144   1.46658   5.02975    1438   16
    40   2.23021   1.61671   0.31876    1027   16
    41   5.43645   1.65792   1.35833    1354   13
    42   5.38689   1.59542   2.84482    2833   20
    43   2.24182   1.49420   1.89091    1649   19
    44   3.73352   1.40261   3.17854    1420   15
    45   2.09769   1.57247   0.23105    1804   17
    46   5.29486   1.68843   3.03126     971   11
    47   2.10747   1.59794   4.87402    1760   20
    48   2.28241   1.43907   3.43943    1396   14
    49   2.22546   1.57085   1.76948    1693   18
    50   0.06021   0.24109   5.20977    1156   13
    51   3.83955   1.43987   3.01051     924   10
    52   0.77868   1.70237   4.64738    1126   11
    53   0.67713   1.79868   4.68317    1135   13
    54   2.29113   1.55909   1.68849    1327   14
    55   0.65170   1.89003   4.79301    2549   17
    56   0.71146   1.83061   1.65058    1917   19
    57   5.35184   1.67864   2.93994     924   13
    58   5.33688   1.57673   1.47876    1185   14
    59   3.91258   2.85032   1.64158    1245   15
    60   3.59201   3.01305   1.38231    1065   11
    61   0.53196   1.84593   4.72911    1235   13
    62   0.36118   0.30594   5.00370    1982   18
    63   3.83380   1.38341   4.68322    1088   12
    64   5.32179   1.56181   5.97892    1225   16
    65   5.32542   1.59165   1.41915    1637   19
    66   5.46454   1.64010   1.30517     804   11
    67   2.24283   1.47650   1.78187     719    9
    68   2.26323   1.49699   0.08869    1885   19
    69   0.72936   1.83256   4.69303    1330   11
    70   2.22546   1.57085   1.76948     947   12
    71   3.70581   1.35482   1.58849    1534   15
    72   0.67713   1.79868   4.68317     817   12
    73   3.80020   1.39454   6.24546    1760   16
    74   5.27969   1.68800   4.53169    1096   14
    75   0.35933   0.20782   5.06258    1521   20
    76   2.19073   1.53859   3.38623    1803   19
    77   0.66023   1.68634   4.68397     964   14
    78   5.26944   1.59972   1.36807     825   12
    79   0.63382   1.80509   3.14410    1383   14
    80   3.86595   1.28663   4.56792    1209   14
    81   2.14651   1.53165   0.27912    1074   19
    82   5.43645   1.65792   1.35833     900   11
    83   0.50288   0.22214   3.18691    1537   15
    84   0.74055   1.85185   0.03717    1290   14
    85   3.43418   3.00668   6.04826    1995   18
    86   0.59512   1.83377   1.68147    2107   17
    87   3.73688   1.23011   4.70304    1271   15
    88   3.81295   1.44709   3.15352    2766   19
    89   4.15851   2.85676   3.37051     947   14
    90   0.54716   0.24357   3.24329    1511   13
    91   3.31248   2.89452   2.63638    1336   16
    92   3.73304   1.46865   4.65292    1897   17
    93   3.92421   1.28014   3.18943    1694   16
    94   2.10686   1.55328   3.34616    2032   15
    95   4.08231   2.86406   1.79575    2010   19
    96   6.08563   0.14044   0.85312    1337   14
    97   5.31600   1.51175   1.31647     693   11
    98   2.18827   1.48493   0.26672    1284   13
    99   0.72836   1.68160   1.56877     950   13
   100   0.57060   0.22632   1.64891    2066   21
   101   0.63135   0.12890   0.05324    1896   17
   102   3.76383   1.34699   0.07942    1240   13
   103   0.68253   1.84498   4.64030    1280   14
   104   0.79501   0.31479   6.16702    1380   16
   105   5.28374   1.54816   2.93848    2493   23
   106   6.28110   0.21560   0.67276    1000   13
   107   2.09769   1.57247   0.23105    1317   15
   108   0.54440   0.11699   0.10498     756   13
   109   0.68345   1.78212   0.05698    1142   16
   110   5.44946   1.56546   1.33958    1021   19
   111   0.52248   0.32677   1.77880     984   13
   112   3.80062   1.47044   1.56632    1509   18
   113   0.72281   0.34131   1.40604     727   10
   114   5.29683   1.58857   1.32413    1267   12
   115   5.23431   1.62530   2.83802     988   11
   116   0.52959   0.15641   1.68826    1612   19
   117   0.55666   1.73151   6.22584    1378   14
   118   0.00941   0.26121   3.80376    1251   14
   119   0.71695   1.77697   1.51131    1411   18
   120   0.77431   1.78800   0.02890     850   13
   121   3.74581   2.89114   4.71126    1712   14
   122   2.18379   1.62742   5.02731    2098   17
   123   0.54440   0.11699   0.10498    1396   17
   124   3.73688   1.23011   4.70304    1353   16
   125   3.50982   2.87750   6.07267    1041   13
   126   3.88527   1.31101   6.26155    1291   15
   127   0.69330   1.73236   0.05488    1631   18
   128   3.70606   2.83120   4.73280     933   13
   129   5.32647   1.54801   4.50690    1412   17
   130   5.25082   1.56304   5.96252    1656   22
   131   4.09110   2.88157   3.52226    1182   17
   132   2.23021   1.61671   0.31876    1399   14
   133   0.65105   1.83571   3.26411    1170   13
   134   3.70208   1.33947   1.47076    1600   15
   135   5.32558   1.74717   6.00109    1746   16
   136   2.20324   1.59578   4.90009    2011   17
   137   0.73176   1.91931   1.52583    2304   20
   138   3.71118   1.28298   4.78914    1377   14
   139   3.70253   1.34174   4.80427    2079   20
   140   0.67713   1.79868   4.68317    1219   17
   141   2.20487   1.47133   3.31816    1220   15
   142   3.77539   1.32806   3.22645     608    9
   143   5.44877   1.52255   1.29587     900   10
   144   3.13874   2.89465   2.54803    1573   15
   145   3.68196   1.40398   4.64208    1512   15
   146   0.59457   1.72164   0.04215     942   11
   147   0.86904   0.30890   2.93722    1851   18
   148   5.38318   1.50497   1.42217    1847   16
   149   0.72281   0.34131   1.40604    1631   17
   150   5.39241   1.51133   1.26707     778   11
   151   4.05722   3.03293   3.33074     813   13
   152   0.86849   0.27314   2.93557     817   14
   153   0.64369   1.74511   1.68826     820   11
   154   2.71516   3.02581   3.69108    1161   14
   155   6.12449   0.15780   5.47907    1612   14
   156   6.28298   0.09653   0.62278    1330   17
   157   2.16919   1.50142   3.23315    1453   15
   158   0.55891   0.18746   1.65060    1399   19
   159   0.45979   0.18106   0.16756    1567   18
   160   3.56275   3.04307   4.36040    1410   17
   161   5.24863   1.45084   3.00214    1461   16
   162   5.32324   1.58763   4.52785    2005   20
   163   3.14098   2.97158   5.64786    1167   11
   164   0.43055   0.21777   1.69765     915   13
   165   3.77814   1.48124   6.26431    1581   23
   166   2.24283   1.47650   1.78187    1203   12
   167   5.44789   1.59122   1.36413    1179   11
   168   0.68070   1.82947   4.64017    2287   19
   169   3.36643   2.81612   2.72002    1044   13
   170   0.61477   1.70799   1.45884     667   10
   171   3.34161   2.94837   5.86924    1249   15
   172   3.59419   3.03970   6.10725    1409   14
   173   4.01312   2.97482   1.70462    1471   13
   174   3.85899   1.41343   4.61748    1515   14
   175   2.09769   1.57247   0.23105    1147   13
   176   5.46324   1.62680   1.33723    1325   13
   177   3.80763   1.35067   1.55202    1521   13
   178   3.78765   1.47745   1.56154     979   13
   179   3.92032   2.86261   0.08936    1606   18
   180   5.26929   1.53726   1.45947    1204   14
   181   3.77539   1.32806   3.22645     788   12
   182   5.25017   1.51605   2.85015     750   11
   183   3.83619   1.30085   1.54204     957   12
   184   0.28652   0.28547   2.01739     877   11
   185   3.70253   1.34174   4.80427    1803   18
   186   0.21806   0.16028   0.42470     757   10
   187   5.37172   1.53666   4.59280    1588   18
   188   2.22744   1.54571   0.32304    1837   19
   189   3.87604   1.33913   3.04068    1137   14
   190   5.34222   1.51695   1.22956    1255   16
   191   5.33523   1.56215   2.87470     979   11
   192   3.75564   1.43690   1.56427     780   11
   193   0.61617   1.76373   3.22017    1446   15
   194   0.78533   1.89818   4.77125    1683   14
   195   0.56082   1.77336   6.20380    1125   15