     1   0.00000   0.00000   0.00000       0    0
     2   0.30504   0.51592   4.86084     600   10
     3   3.69876   2.65826   4.80216    1715   19
     4   2.02334   1.63471   5.09103     748   14
     5   1.94749   1.59156   0.30621    1910   19
     6   2.06637   1.42481   0.33731     564    9
     7   0.61217   1.90771   4.85699    2990   19
     8   0.21703   0.45658   0.34522     886   10
     9   3.64720   1.23496   1.64880    1119   10
    10   2.04690   1.44856   3.60096    2325   17
    11   3.68698   2.69267   6.22084     493   10
    12   3.57456   1.14283   4.57352    1013   10
    13   0.19028   0.28937   4.89368     696   12
    14   0.07141   0.35645   0.36047    2130   18
    15   3.64720   1.23496   1.64880     720   12
    16   5.11264   1.65393   5.89806    5023   22
    17   3.76250   2.74055   0.13241     719   11
    18   5.11238   1.52043   5.95605     493   12
    19   0.45322   1.93833   4.79820     645   10
    20   0.39556   1.86637   0.12429     504   12
    21   0.39101   0.39856   0.19454    1411   17
    22   5.11929   1.64525   5.80046    2460   17
    23   3.65032   1.24826   4.71967    2780   19
    24   5.09677   1.70196   2.72631    1049   17
    25   5.26864   1.65108   1.17692    2457   18
    26   3.77365   2.70799   0.16558    1240   16
    27   3.44873   2.87923   4.55031    1473   17
    28   3.69600   1.17430   3.10615     336   11
    29   3.61631   1.05899   4.69368     439    9
    30   3.47933   1.23149   4.79000     650   14
    31   2.14690   1.50895   3.60896    1593   17
    32   3.41809   2.85448   6.01574     920   15
    33   2.11350   1.52720   0.34106    1518   18
    34   2.13854   1.43754   0.43954    5450   26
    35   0.45322   1.93833   4.79820     600   12
    36   5.24549   1.62675   2.69724     939   14
    37   3.61631   1.05899   4.69368     585   10
    38   0.45333   1.88990   0.01303    1000   13
    39   0.47068   2.06290   6.22722     335    9
    40   0.11314   0.38112   0.26311    5508   25
    41   5.24463   1.63334   2.72381    3074   20
    42   3.58411   2.67337   0.05771     369    9
    43   0.22538   0.43839   0.13547    4115   20
    44   3.64720   1.23496   1.64880    1019   15
    45   2.03465   1.55710   0.32088    2896   17
    46   1.96252   1.42166   0.38456    1272   16
    47   0.64409   0.39707   6.12882    1862   15
    48   2.13551   1.49209   0.31996     384    9
    49   2.18379   1.55985   0.32443    2051   19
    50   2.05098   1.58429   5.10759     526    8
    51   0.59724   2.01164   3.25894    2208   14
    52   3.29641   2.66070   6.01677     895   13
    53   1.98047   1.56045   1.88077    1000   12
    54   3.67629   2.84783   4.65164    3665   23
    55   3.17591   2.81297   5.84492     973   12
    56   3.39412   2.65923   6.00734     844   11
    57   3.71537   1.18188   6.09446     366    9
    58   0.33412   1.87254   3.02787    2119   18
    59   0.58565   0.35412   3.03079     622   11
    60   3.52163   1.07471   1.60999    2289   18
    61   0.38798   1.95186   4.82271    1240   15
    62   5.11374   1.72421   5.88504     603   10
    63   0.41234   0.45011   4.89410    3323   17
    64   3.73683   1.15172   3.07823    2104   17
    65   1.96252   1.42166   0.38456     582    8
    66   3.74793   1.19869   4.72514    1855   16
    67   2.10728   1.62590   5.11274    1295   13
    68   3.66430   1.26834   6.23292     350    5
    69   0.46748   1.99884   1.62176     809   12
    70   3.50742   2.63242   6.10511    2770   21
    71   0.58988   1.87862   0.01355     425    9
    72   3.21633   2.76493   4.23555     900   16
    73   3.62079   1.07855   6.23707     916    9
    74   3.61631   1.05899   4.69368     406   11
    75   2.05093   1.48388   0.43978     760   11
    76   0.59901   0.42890   4.54939     512   11
    77   3.65811   1.16634   4.74449     468   10
    78   0.38788   0.40332   4.72458    1090   17
    79   3.70692   1.16683   3.10058    5112   23
    80   5.18512   1.64468   5.81599     386    9
    81   0.38784   1.94843   0.02405     987   14
    82   0.37391   1.82479   4.84846    2259   16
    83   3.52163   1.07471   1.60999    2849   21
    84   2.01028   1.40380   0.49132    1930   21
    85   3.61631   1.05899   4.69368     512   11
    86   5.31399   1.61803   4.20151     773    8
    87   2.06693   1.64136   3.53242    4141   24
    88   3.69185   1.18774   4.57005    1243   14
    89   5.27757   1.70088   4.28507    2587   17
    90   0.39141   0.37717   3.11045    2924   19
    91   2.05937   1.43555   1.93593     783   13
    92   2.07583   1.40714   5.09526     425    8
    93   3.58176   1.15576   1.48258    2515   23
    94   0.39551   2.06643   4.66544     515   10
    95   2.06637   1.42481   0.33731    1958   14
    96   5.20590   1.56415   4.27476    2483   21
    97   3.56134   1.21416   3.02376    2960   19
    98   0.46748   1.99884   1.62176     476    8
    99   5.26210   1.58098   1.08149    1662   11
   100   0.56350   1.94403   3.18751    2052   12
   101   3.64720   1.23496   1.64880    1332   14
   102   0.36972   0.35598   1.63058     708   15
   103   0.52121   1.98389   1.51691     483    9
   104   3.68775   1.04797   3.15293    3254   24
   105   3.49530   2.71376   1.41038    2823   18
   106   5.28478   1.66948   2.77272    1189   12
   107   5.21528   1.59295   1.24924     517   10
   108   3.42514   2.62541   1.29358     951   14
   109   3.41809   2.85448   6.01574     341    9
   110   0.58091   2.05011   1.71465    1989   17
   111   0.44503   2.06699   4.86020     441   10
   112   5.24463   1.63334   2.72381     522   11
   113   3.61777   2.71762   0.06938    3141   21
   114   0.46748   1.99884   1.62176    1215   14
   115   3.65032   1.24826   4.71967     563   10
   116   0.35085   0.47787   0.10564     628   11
   117   5.08030   1.53938   5.95514    1071   13
   118   0.50355   1.90565   3.12553    1053   13
   119   5.21612   1.63312   2.68764     414    9
   120   5.07259   1.64374   2.74524     879   14
   121   0.46607   1.89978   6.23602     547    8
   122   5.14983   1.64559   2.82469     759   11
   123   3.47933   1.23149   4.79000    1642   13
   124   2.04532   1.39749   0.40443     347    8
   125   0.51429   1.86433   0.04447    4791   25
   126   1.92212   1.47393   1.93575     969   12
   127   3.51439   2.64519   4.53960    2294   14
   128   3.70836   1.19856   6.23078     586   10
   129   1.97475   1.52163   1.98497     678   10
   130   3.82716   2.75582   0.14083    3944   23
   131   5.23603   1.67355   4.24576    1330   15
   132   3.59638   1.29007   4.77405    4703   22
   133   1.95240   1.48432   1.82803     849   11
   134   2.01788   1.51182   0.37176    1455   16
   135   3.65032   1.24826   4.71967     665   12
   136   2.03408   1.50370   0.39627    1267   14
   137   1.92519   1.54160   3.54318    1426   16
   138   0.48367   0.44182   3.23773     951   12
   139   2.04946   1.60092   2.10418    4462   21
   140   5.13356   1.60940   4.44277     334    8
   141   0.11393   0.34760   3.58786     466   12
   142   5.08799   1.71775   2.70903    4753   24
   143   5.16144   1.57335   1.26094     297    9
   144   0.55708   1.93554   3.12200    1539   14
   145   2.05593   1.54337   0.47894     345    9
   146   5.12559   1.55856   5.86130     834   12
   147   3.63129   2.62750   3.14301    1652   14
   148   0.45322   1.93833   4.79820     417   11
   149   5.24463   1.63334   2.72381     486   13
   150   1.95684   1.52484   5.11108    1186   14
   151   0.43279   2.05240   1.50603     325    9
   152   5.21735   1.67774   1.07873     284    6
   153   3.64142   1.11456   6.12374     345    7
   154   2.10202   1.52857   1.85297     481   10
   155   3.69166   1.09441   4.52375     381   13
   156   3.47933   1.23149   4.79000     281    7
   157   3.78274   2.72657   4.82896     514    9
   158   3.41809   2.85448   6.01574    1523   16
   159   3.68733   2.74771   1.58872    1483   14
   160   0.48045   1.92398   4.78248    1288   12
   161   5.10433   1.63388   2.76895    3654   17
   162   3.45858   2.70420   5.99729    1874   14
   163   1.93424   1.50497   0.37147     603   10
   164   0.13974   0.44469   5.11796    3525   24
   165   0.46748   1.99884   1.62176    1083   14
   166   2.01017   1.60244   2.00241    1391   14
   167   2.03600   1.49387   4.96948    3474   20
   168   5.07021   1.59584   5.77248     378   11
   169   3.33503   2.82862   2.73557     548    9
   170   5.15386   1.72087   1.26269    3764   20
   171   0.05434   0.35441   0.40721    3024   17
   172   5.14983   1.64559   2.82469    1299   15
   173   3.59738   1.20962   3.16723     423    9
   174   3.65032   1.24826   4.71967    2083   15
   175   0.52580   1.90660   1.68904     836   11
   176   3.70267   2.81839   3.24135    4210   26
   177   0.47975   1.87261   4.71920    1057   11