     1   0.00000   0.00000   0.00000       0    0
     2   0.89366   2.03459   0.41256    1228   15
     3   5.62861   0.62322   0.39662     959   12
     4   4.54775   1.26860   5.83329    1057   14
     5   2.39780   1.83090   0.80548    2661   21
     6   3.09319   1.05964   0.53835    1288   16
     7   1.72380   2.24833   5.38604    1701   14
     8   0.29272   2.51266   3.81625    1301   13
     9   3.69133   1.65670   1.36781    2313   20
    10   0.07143   2.64945   1.66277    1082   14
    11   4.50131   2.50336   5.52037    1564   13
    12   2.37257   1.04881   2.39525    1866   16
    13   1.10868   1.21883   1.95881    1071   13
    14   0.52187   2.35533   4.72200     881    9
    15   4.00970   1.82854   6.18822    1553   17
    16   0.23561   1.18137   0.78879    1545   14
    17   1.13391   1.67031   5.79343     870   14
    18   3.63469   1.06942   5.82295     951   10
    19   2.36807   1.24011   3.65203    1387   13
    20   5.30697   1.93186   3.46529     629   12
    21   4.60488   1.55172   0.26211    1032   13
    22   3.63576   2.16722   0.59068    1162   15
    23   2.35502   1.82756   5.35620    1360   14
    24   2.31676   1.82940   6.12744    1158   15
    25   3.02409   1.33647   1.02001    2036   18
    26   0.34135   0.93414   4.75640    1934   16
    27   5.59428   1.48418   5.21110     740    9
    28   3.97983   2.47643   3.45717    2489   19
    29   2.85273   2.49972   5.23878    2042   17
    30   6.12143   1.43786   0.12951    1247   15
    31   1.26378   0.91048   3.43214    1279   12
    32   3.23225   1.67837   0.40795    1439   15
    33   2.96941   1.11637   1.98816    1192   14
    34   0.73524   2.45018   1.02528    1387   15
    35   3.55929   2.10637   0.30311    1711   16
    36   5.20772   0.60564   2.32467     770   10
    37   3.64648   1.74485   4.66020    1113   13
    38   4.16209   1.77266   3.76376    1092   14
    39   0.79275   1.42832   5.33658    1819   13
    40   5.28805   2.82133   6.10141    1014   12
    41   3.45581   2.34360   6.27014     896   11
    42   5.12795   2.64375   2.57631    1059   10
    43   5.48810   0.52810   2.23595    1277   13
    44   3.75746   2.90320   1.95925    1148   14
    45   5.71734   2.68104   2.60980    1603   16
    46   2.10608   2.16009   4.30433    1177   12
    47   2.84032   2.12647   3.93140    1777   17
    48   3.63298   2.15125   6.03952    2233   21
    49   5.81370   1.89852   5.12613     843   13
    50   4.38039   0.70721   4.25891    1569   16
    51   4.08443   0.39544   3.00793    1387   14
    52   2.51100   1.32872   3.70713    1913   14
    53   4.11795   1.86364   2.28820    1283   17
    54   2.55908   1.27471   0.74737    1117   11
    55   2.45327   1.96077   1.65058    1445   13
    56   0.45200   1.16169   4.60727    1412   12
    57   5.27565   1.11405   4.75723     875   14
    58   1.09190   0.64218   1.97824     784   13
    59   5.67823   2.04076   0.67324    1682   18
    60   5.07619   0.67678   1.52351     774   16
    61   3.03024   0.79783   4.76562    1948   19
    62   4.77990   1.19100   5.40893    1395   18
    63   4.77674   0.32847   0.19195    1713   19
    64   4.41220   1.63407   0.13635    2670   24
    65   3.88947   1.74315   3.26287    1780   19
    66   0.28351   1.01129   0.85358    1452   18
    67   5.01649   0.29851   1.07421     676   11
    68   5.35587   2.36771   2.71442     940   13
    69   5.40920   1.46305   3.46144    1436   16
    70   1.00767   1.96796   0.09864    1139   12
    71   2.54563   2.65703   4.42297    2378   19
    72   5.85468   1.17500   4.10903     849   13
    73   1.07515   2.24525   2.16563    1462   16
    74   1.74301   2.03880   3.11884    1119   15
    75   5.27938   1.63965   6.06535    1519   17
    76   5.32993   2.22987   2.51129    1098   15
    77   2.58900   1.14390   5.42220    1054   13
    78   1.93756   2.23345   1.63029     975   13
    79   3.68789   2.36810   3.20544    1211   15
    80   3.26040   2.35115   5.12653    1474   18
    81   0.88776   0.95204   6.24173    1863   16
    82   1.52659   1.21160   3.22238     920   13
    83   5.75332   0.81067   1.14236     849   10
    84   1.43234   1.56189   1.65880     997   13
    85   0.22495   0.48233   3.37592    1248   15
    86   5.86954   0.73555   0.90634    1654   20
    87   3.92414   0.73111   4.30451    1027   13
    88   5.28735   1.27711   5.57034    1356   16
    89   5.95081   0.59020   1.90923     836   13
    90   3.69868   2.66576   4.78927    1789   16
    91   1.07299   0.95261   0.77285     858   12
    92   5.98592   2.99864   4.66539    2021   18
    93   3.26351   1.15279   6.22382     936   12
    94   4.04770   0.58187   5.98980    1342   16
    95   3.61981   1.24363   5.11190    1394   15
    96   0.43011   2.22754   5.73940    2041   20
    97   5.25430   0.76362   2.45571    1095   12
    98   4.18780   1.10175   0.77977     701   11
    99   5.37866   2.10482   5.11841    1251   13
   100   2.84402   1.79246   5.59406    2083   17
   101   5.08223   2.29454   4.56042    2355   17
   102   0.06115   0.67840   2.66191     788   12
   103   5.63176   2.88987   5.73743    1141   11
   104   1.80585   1.32742   1.82260    1333   14
   105   6.18176   0.83012   3.30399    1712   16
   106   1.73410   1.74641   0.77103    1288   14
   107   3.15535   2.11418   2.03658    1684   14
   108   0.18504   0.93454   3.82788    1015   14
   109   5.21036   2.33799   3.17060    1674   15
   110   4.18711   0.54962   4.86345    1255   15
   111   3.69231   1.60947   3.65498    1521   17
   112   3.61990   0.27273   1.68435    1422   15
   113   0.38038   1.02840   1.93950    1582   17
   114   1.76918   2.07557   4.37574    1166   13
   115   2.20828   1.46587   2.43717    1357   17
   116   1.37673   2.81898   2.42362     813   11
   117   5.36812   1.16270   1.33040    1303   14
   118   4.15148   2.10905   0.06399    1351   16
   119   2.61518   2.18992   0.31461    1134   16
   120   3.87969   1.63953   6.15540    1860   17
   121   0.11496   1.42236   4.40487     874   17
   122   0.03781   0.91480   3.83060    1448   16
   123   3.44486   0.36357   3.41627    1153   15
   124   4.55811   1.96149   5.35741    1369   16
   125   5.65003   2.08044   2.20870    1119   15
   126   0.38754   1.98316   0.05961    1708   16
   127   0.86545   2.24271   4.61422    1159   14
   128   4.39138   2.83308   1.63378    1577   13
   129   6.26122   1.15336   1.65178     747   11
   130   1.70004   0.56030   5.86359    1363   16
   131   0.31196   2.59437   4.55718    1888   18
   132   5.94876   0.41507   0.93540     848   12
   133   3.65367   0.96575   3.61987    1153   12
   134   4.43740   2.14629   1.99401    1799   17
   135   0.46356   1.56178   2.86856    2216   17
   136   3.80919   2.58584   5.67266    1464   16
   137   3.49838   1.93566   4.47948    1495   14
   138   4.59606   1.98703   1.79433    1013   14
   139   1.59158   1.64989   2.16993    1253   14
   140   3.49309   1.68013   3.38476    1122   14
   141   1.70245   0.74397   3.67832    1343   15
   142   3.35898   0.36795   1.86588     969   14
   143   3.60286   1.19440   4.52159    1004   12
   144   0.59740   0.20022   6.13370    1320   15
   145   2.70236   1.37864   3.11977    1309   15
   146   1.55601   0.55418   5.57400     810    9
   147   5.74057   2.51703   4.18159    1182   14
   148   1.61534   2.29341   5.76650    2246   18
   149   4.94704   1.96193   5.84977    1374   15
   150   3.01219   1.82688   0.08162    1656   16
   151   2.36415   0.68290   2.73876    1308   16
   152   1.87337   1.05934   2.28355    1965   20
   153   3.73139   0.88542   2.76203     934   12
   154   5.85410   2.48946   0.51585    1195   15
   155   2.63899   2.41090   1.94750    1335   16
   156   3.40063   2.14029   0.90024    1329   17
   157   3.82155   1.90860   1.78379    1292   18
   158   6.16745   1.97719   3.74727    1401   15
   159   5.81955   2.17479   1.58760    1831   18
   160   1.38277   1.65706   2.13003    1251   14
   161   0.18891   2.41971   5.72365    1320   14
   162   1.76740   2.07986   4.37227    1486   18
   163   1.26190   1.10881   3.93102    1469   13
   164   4.27321   0.93656   4.07345    1346   15
   165   2.55932   2.24254   2.90233    1621   18
   166   4.27475   1.51689   5.83584    1347   14
   167   5.42414   1.72613   1.07661    1616   15
   168   1.15347   1.44355   2.38079     998   13
   169   1.03676   1.85724   6.25028    1296   14
   170   2.61762   1.63521   1.50739    1229   16
   171   5.13372   1.24888   1.49203    1669   19
   172   2.61134   2.83394   1.84775    1207   15
   173   1.69777   0.75107   3.22882     648   12
   174   2.76713   1.69316   5.45898     815   12
   175   3.04347   1.06344   2.01700    1125   15
   176   5.32586   0.51836   3.90822    2137   22
   177   3.17193   1.98146   4.19220     884   11
   178   3.72987   0.58679   0.38924    1484   15
   179   0.38867   1.39700   0.98445    1199   17
   180   5.61970   1.50303   5.50202    1150   14
   181   2.09647   1.21846   2.04376     632   12
   182   5.08360   1.90209   3.54141     849   13
   183   0.13361   2.26961   1.90149    1436   15
   184   5.00788   0.70297   1.98152    1177   14
   185   3.40156   2.27279   4.54475    1430   15
   186   6.06885   0.99231   6.23696    1336   16
   187   2.68913   2.55934   0.63758    1636   16
   188   4.07279   1.83934   1.78228     854   11
   189   0.98027   1.11039   5.97905    1089   12
   190   4.88875   1.57293   1.48798    1131   16
   191   5.35686   2.45131   0.82466     792   11
   192   2.35268   2.33705   3.19291    1192   15
   193   4.65649   1.80905   1.57833    2091   17
   194   0.94611   1.78833   0.31915    1425   18
   195   3.42335   2.38647   1.37885    1740   18
   196   1.47775   1.27720   3.03878     986   15