     1   0.00000   0.00000   0.00000       0    0
     2   1.79887   1.67348   4.67167    1203   17
     3   0.77290   0.21463   5.65161     790   14
     4   4.91624   1.61466   1.51404     404   10
     5   1.68363   1.66761   4.72682     556   10
     6   0.85859   0.10004   0.94215     738   12
     7   0.16324   1.60589   1.40581    1321   14
     8   3.40679   1.63127   4.81847    1840   21
     9   4.21222   2.94617   5.67097    1441   17
    10   5.01553   1.55537   3.14274     546   14
    11   4.84983   1.59508   4.67205     807   14
    12   1.74863   1.51389   3.24916    2549   19
    13   0.08945   0.15723   1.72243     647   10
    14   0.19618   1.66845   3.10125     407   12
    15   3.47697   3.06216   0.23459     871   13
    16   4.88402   1.49872   0.03598    2663   22
    17   4.94173   1.53334   3.02796     494   11
    18   5.02426   3.05581   0.07037    1194   15
    19   0.09879   1.49358   1.54903     822   16
    20   3.28473   1.60241   0.14704     703   12
    21   0.23109   1.72826   3.05321     683   11
    22   4.82856   1.51985   3.05856    1267   14
    23   1.82689   1.48677   1.72028     928   14
    24   4.81327   1.48780   4.54317    3303   22
    25   2.35812   0.06030   4.01950    1197   15
    26   3.27150   3.07866   0.00202     993   13
    27   2.77130   3.03444   2.54443     616   11
    28   6.12923   3.10686   5.94173     999   13
    29   4.92539   1.63366   4.67765     896   13
    30   0.73678   0.19503   4.28239     694   14
    31   3.41062   1.61555   1.55327    1315   16
    32   0.29675   1.59059   0.05263     932   13
    33   1.85821   1.56671   3.22630     729    9
    34   0.67727   3.07154   0.48357     410   10
    35   3.38531   1.52854   4.87009    1792   20
    36   4.48180   2.96017   1.14434    1291   14
    37   1.69480   1.52229   0.12780    2127   21
    38   4.45083   2.98906   1.16553     980   17
    39   3.35311   1.51407   3.26724     964   14
    40   1.92602   0.04979   1.42615    2003   20
    41   3.32982   1.45119   3.23322     359    9
    42   5.88890   0.06543   3.73274     737   13
    43   0.03166   0.15545   4.98779     756   13
    44   2.93879   3.04620   2.76798     496   12
    45   4.94631   1.43677   6.24909    3062   21
    46   5.17417   2.99037   1.92609     741   16
    47   0.25479   1.53928   0.06515     918   14
    48   3.26921   1.55089   1.72859    1394   14
    49   0.34188   1.53165   4.78998    2580   18
    50   4.58689   3.01831   2.89867     403   10
    51   1.63328   0.06667   1.67015     630   12
    52   5.17237   3.06569   1.78972    1042   14
    53   3.94520   3.07113   3.65886    1159   14
    54   0.88189   0.11449   0.86009    1675   15
    55   4.86038   1.63658   3.13433    1055   13
    56   1.74370   1.74021   1.59492     913   15
    57   0.10572   1.56218   4.60689    1338   17
    58   3.40205   1.50334   4.84234     899   14
    59   3.69324   2.98064   0.30718    2270   20
    60   4.44156   0.08867   5.19331     611   12
    61   0.12410   1.63993   1.57639     997   14
    62   0.15002   1.60314   3.04193     952   13
    63   0.44550   3.06067   1.81950     726   12
    64   1.85882   1.61957   4.65539    1052   17
    65   0.25104   1.69771   2.98744     699   12
    66   3.33694   1.54090   3.06995     937   12
    67   4.22505   3.07967   0.82675     473    9
    68   0.27275   1.76437   6.13610     785   12
    69   3.25825   1.48618   6.26049    1219   12
    70   5.30368   0.03657   1.27267     879   12
    71   5.27463   3.06764   1.87547    1152   12
    72   3.94417   2.93444   2.12630    1469   19
    73   4.28925   3.01277   2.51984     977   14
    74   3.32314   1.45082   4.66827    1876   20
    75   0.18445   0.13366   4.63176    1312   17
    76   4.91847   1.54942   3.02097    1064   14
    77   1.85609   1.57357   4.70829    1415   18
    78   1.74370   1.74021   1.59492     291   11
    79   3.32010   1.55843   1.60568    1159   15
    80   0.20942   1.65904   1.46260     899   15
    81   3.28473   1.60241   0.14704     646   10
    82   0.12597   0.04051   0.13662     678   10
    83   3.32192   1.46970   0.15006     675    9
    84   1.74370   1.74021   1.59492     999   15
    85   0.00000   0.00000   0.00000     495   12
    86   1.81923   1.71714   1.70347     807   15
    87   3.37735   1.50607   1.70994     653   13
    88   3.36527   1.39629   3.17190     695   12
    89   2.19536   0.16544   2.69484     986   15
    90   1.67609   1.54471   4.76515     611    8
    91   5.06092   1.45758   3.08855    1074   14
    92   4.07306   3.13923   5.48283     615   11
    93   0.17783   1.73034   6.13134    1281   13
    94   5.34613   2.96956   1.93331    1336   17
    95   3.31652   2.98345   6.26909    1669   21
    96   2.72547   3.01086   2.61544    1906   17
    97   1.74370   1.74021   1.59492     635   13
    98   1.79826   1.64235   4.73947    2037   16
    99   4.95086   1.58171   1.55106     675   13
   100   5.00829   1.62781   3.08542    1309   17
   101   4.24401   2.94716   0.86140    1263   18
   102   1.89249   0.13847   3.08608    1763   15
   103   1.75149   1.63684   4.78538     505    9
   104   5.21927   3.06936   3.50133    1573   18
   105   4.98296   1.56092   6.27073     330    9
   106   0.97894   0.19287   3.93330     957   12
   107   0.23350   1.70994   6.22769     566   14
   108   0.13538   1.70103   1.45220    2421   20
   109   0.85859   0.10004   0.94215     747   13
   110   1.34254   0.14309   0.32071     687   12
   111   3.57254   2.97116   0.25788     379   10
   112   1.91902   1.67683   0.03832     693    9
   113   5.84174   3.08383   5.59307    1145   16
   114   3.28473   1.60241   0.14704    1053   15
   115   5.64281   0.12269   3.88154     791   13
   116   0.26667   1.64293   4.78176     543   12
   117   1.67466   1.71430   0.06034     654   12
   118   0.20296   0.16807   6.20752    1366   15
   119   3.30876   1.49460   3.12253    1044   12
   120   3.31545   1.49834   4.67945     434   11
   121   3.36045   1.63133   4.72097    1592   13
   122   3.51501   3.04131   3.30155    1388   15
   123   3.36543   1.54816   1.54311     827   13
   124   0.27626   1.49773   6.20078     784   11
   125   1.85609   1.57357   4.70829     657   11
   126   0.09577   0.06561   4.80073    1527   15
   127   6.12923   3.10686   5.94173    1408   16
   128   4.25765   3.02755   2.53047     734   14
   129   5.09728   3.01500   1.76205     549   10
   130   6.12923   3.10686   5.94173    1202   17
   131   0.12484   1.62599   1.43725    1146   14
   132   1.87019   3.10003   3.26295     870   10
   133   1.89967   1.51142   3.27719    2043   20
   134   1.87943   1.70566   3.24307     948   12
   135   1.86116   1.57769   4.72330     495   12
   136   5.62952   3.08055   0.79663     796   11
   137   1.85609   1.57357   4.70829    1215   16
   138   3.39440   1.63372   0.08894    1247   16
   139   5.04603   1.53132   4.63785    1770   20
   140   4.87984   1.52722   1.53911     620   13
   141   4.90099   1.55233   1.62213     734   15
   142   1.75118   1.61492   0.01141    2024   23
   143   3.30106   1.43170   3.20393    1540   13
   144   3.33691   3.05421   1.59176     707   10
   145   3.29776   1.45566   3.06843     488   13
   146   0.16683   1.68972   3.22102    1861   21
   147   4.86222   1.52511   3.09998    1296   17
   148   1.89249   0.13847   3.08608     697   15
   149   3.99603   2.96251   2.21055     762   14
   150   0.28127   1.53197   6.20710    1018   16
   151   3.38340   1.63362   3.17420    1385   14
   152   0.32672   1.62139   1.43301    1451   17
   153   4.95060   1.49596   0.01865     731   12
   154   0.18715   1.61420   4.76987     490   10
   155   0.24879   1.64024   6.17481     329    7
   156   1.72563   1.60322   6.21777     596   12
   157   5.00829   1.62781   3.08542     641   10
   158   1.85609   1.57357   4.70829    1014   13
   159   4.98358   1.41627   6.13976     782   11
   160   1.67608   1.56048   1.49955     432   11
   161   3.28473   1.60241   0.14704     570   12
   162   2.25209   0.10338   5.71627    1451   15
   163   5.00039   2.98529   0.15255     776   12
   164   2.66469   2.99077   4.00669    2134   22
   165   3.38857   1.59636   4.83696    1843   20
   166   4.94046   1.59349   6.13241    1097   14
   167   3.42780   1.39870   4.76851     966   13
   168   4.83372   1.50500   0.03953    1615   20
   169   4.95531   1.57799   1.59324     499   11
   170   3.94520   3.07113   3.65886     966   16
   171   1.91364   1.60059   0.02001    1096   15
   172   1.70468   1.48831   4.83185     354   11
   173   2.52381   0.03501   3.98460    1676   14
   174   1.72563   1.60322   6.21777    1308   16
   175   0.21200   0.13549   6.22154     981   13
   176   0.25811   0.07036   4.62319     878   13
   177   0.15877   0.10780   3.20436     626   14
   178   1.79868   1.49185   3.10551     925   12
   179   1.75289   1.68514   1.67608     222    8
   180   1.26877   0.03196   2.09539    1693   16
   181   3.45725   2.98388   0.03267     526   14
   182   1.79453   1.52878   1.61752     680   12
   183   0.50697   0.18762   5.88419     600   11
   184   0.30928   1.71148   1.49068    1312   17
   185   5.90722   0.09537   3.74284     806   13
   186   3.94520   3.07113   3.65886     623   14
   187   4.83515   1.56046   3.10513    1992   17
   188   2.46274   0.09776   4.06883    1447   14
   189   0.11825   1.51512   6.22529    1521   20
   190   0.23607   1.75370   1.48001    2099   19
   191   0.12410   1.63993   1.57639    1712   16
   192   1.66447   1.53719   3.26554     389   11
   193   5.00039   2.98529   0.15255    1402   14
   194   3.32777   1.48465   1.57002     342    9
   195   3.31051   1.46851   1.63448    1408   15
   196   0.23109   1.72826   3.05321     258    8
   197   3.28096   1.59744   1.51981    2169   19
   198   3.36600   1.42755   0.10783    3574   26
   199   4.92539   1.63366   4.67765    1153   16
   200   0.99813   0.21124   3.93065    1551   17
   201   3.29988   1.40805   1.57029    1908   18
   202   3.13348   0.07084   3.32527    1044   14
   203   4.87989   1.53003   3.18444    2149   19
   204   1.75382   1.51788   3.28560    1058   14
   205   4.52932   2.97727   4.33718    2188   20
   206   1.68279   1.57695   3.23921    1208   14
   207   1.90906   1.47248   4.78447    1144   15
   208   4.99274   1.53857   3.05830    1129   17
   209   3.41141   1.49024   3.21237    1887   22
   210   4.31985   3.04278   2.42059    4346   28
   211   1.66724   1.51350   4.79936     776   12
   212   1.67447   1.50588   1.67243     429   12
   213   0.09624   0.11487   1.77676    4159   28
   214   3.37735   1.50607   1.70994    2381   16
   215   3.38531   1.52854   4.87009     650   10
   216   5.04890   1.48142   6.10126     327   10
   217   4.91226   1.49181   0.00123    1482   14
   218   0.31896   1.63718   1.66453    2900   20
   219   3.98774   3.00950   2.07315    1183   15
   220   1.86576   1.48532   3.29721     787   12
   221   1.04763   0.19607   3.89687     821   15
   222   3.39993   1.49243   3.20603     529   12
   223   5.96646   3.10114   1.12839    5418   26
   224   1.77841   1.56056   6.24292     881   16
   225   0.26172   1.66241   1.45643    1546   18
   226   0.17439   1.73011   6.22360    1813   20
   227   1.04884   0.19802   5.44030     896   16
   228   3.28034   1.62350   3.25981     853   15
   229   1.76001   1.51873   3.19223    2034   21