     1   0.00000   0.00000   0.00000       0    0
     2   6.27172   3.07330   4.34288     419   12
     3   3.62049   1.60017   6.11563     941   16
     4   0.38707   1.62947   1.56674     646   12
     5   3.68549   1.50404   1.59452    1104   14
     6   5.29786   1.65074   6.25056     570   12
     7   0.88016   3.07997   2.00198     737   11
     8   2.01414   1.54190   3.17440    4135   22
     9   2.03050   1.46980   4.73967     916   12
    10   2.17782   1.64053   4.70645    4122   26
    11   0.57651   1.63426   1.60304     741   10
    12   2.13123   1.49149   0.00273    2294   17
    13   3.65152   1.59140   4.77565     796   13
    14   1.98223   1.54241   4.78807     274    8
    15   0.55662   1.58675   1.56416     772   11
    16   0.56811   1.61463   3.15674    1721   16
    17   2.09119   1.52458   3.13450     997   11
    18   0.43047   1.47535   0.14759    1573   17
    19   5.30118   1.66719   6.23883    2363   18
    20   0.18059   0.16047   0.42263    1486   13
    21   3.74135   1.59162   2.99087    1363   14
    22   0.53247   0.16520   3.12690    1620   16
    23   6.27172   3.07330   4.34288     755   13
    24   5.25755   1.70392   4.58917     896   13
    25   2.86300   3.02234   2.48509     996   15
    26   3.28807   3.07146   2.87067    1501   15
    27   6.07898   0.15239   5.39837     241    7
    28   2.09998   1.43062   1.57779    1871   14
    29   0.56659   1.63800   3.10666     930   17
    30   5.79833   3.05554   2.20874     320   11
    31   3.61543   1.42511   1.52598    2934   20
    32   0.49758   1.55629   4.85229     579   12
    33   4.88255   3.08452   5.95679     678    9
    34   3.08510   3.09115   0.93411     419   11
    35   2.09268   1.52716   1.48486     890   14
    36   2.02201   1.59506   0.16378     768   10
    37   5.09432   1.54910   3.14434    1473   14
    38   1.95064   1.42389   1.50610    2261   15
    39   3.68549   1.50404   1.59452    3736   19
    40   0.49020   1.60242   1.66418    1578   14
    41   3.21863   3.03169   5.95402     911   12
    42   3.59153   1.59815   6.20242     978   14
    43   3.50748   1.44147   3.04432    3040   18
    44   0.47907   1.67113   4.71046     466   11
    45   3.57049   1.64435   6.16497     684   12
    46   0.58564   1.57174   6.27178    1449   13
    47   5.13696   0.10685   3.18030    2024   17
    48   5.05649   0.10505   0.06010     622    9
    49   1.97659   1.61690   3.22980    3033   20
    50   6.14283   3.05236   2.42725     933   12
    51   0.59657   1.72436   1.53639     861   13
    52   2.14958   1.54810   4.75790    4943   25
    53   5.23922   1.71724   4.79448    1954   16
    54   1.92752   1.45005   1.55849    1563   14
    55   5.31231   1.60795   3.15077    1415   15
    56   2.06289   1.61880   6.24344    1651   17
    57   3.65055   1.47983   1.48094     291    8
    58   0.41246   1.72251   4.81186    1153   15
    59   5.21193   1.63934   1.41693     463   10
    60   5.17726   1.62311   1.44171     456   11
    61   0.51163   1.61967   6.21743     870   11
    62   3.49236   1.52744   3.12057     766   13
    63   0.50297   1.69522   4.77171     457   10
    64   5.64774   0.07704   5.89414     430   11
    65   1.94605   1.60035   0.14142    1104   14
    66   0.51346   1.49632   4.72881     774   14
    67   5.14155   1.65021   3.14095     595   10
    68   2.11072   1.50481   4.73015     535   10
    69   1.78997   3.02171   6.12339    1809   13
    70   3.67749   1.43315   6.18906     442   10
    71   2.04000   1.46443   3.27048     453    8
    72   5.12389   1.53170   1.41873    5037   26
    73   3.68549   1.50404   1.59452     806   12
    74   3.66120   3.06402   4.77038    1844   15
    75   1.98872   1.55861   6.24718    1314   16
    76   0.60641   1.64762   4.87341     556   11
    77   3.48483   2.98872   6.24520    4706   26
    78   0.39959   1.51181   4.78066     786   11
    79   1.96605   1.58359   3.27122    1897   11
    80   3.60921   1.47513   0.05036    1960   17
    81   0.37909   1.58457   1.65436     917   13
    82   0.50725   1.62206   1.54729    1535   14
    83   3.52367   1.60768   4.57217    1852   13
    84   0.56811   1.61463   3.15674     264    9
    85   1.92315   1.44306   3.25987    1610   16
    86   6.27172   3.07330   4.34288     354    9
    87   2.06086   1.53046   1.71712     755   11
    88   0.50441   0.10843   4.81655     521   10
    89   0.56154   3.06548   0.06180     782   12
    90   2.99454   3.02120   1.07058     596   11
    91   3.69639   1.56062   3.12177     508   10
    92   5.15234   1.53764   1.57855     441    9
    93   2.11706   3.10347   0.10347     576   10
    94   3.53367   1.51117   6.22774    3261   21
    95   2.00867   1.42764   4.77690    1943   13
    96   3.69267   1.53300   4.53247    1570   14
    97   0.55116   1.60327   3.08150     513   11
    98   2.06086   1.53046   1.71712    1075   12
    99   0.46330   1.65605   3.07436    3716   19
   100   5.30148   1.76458   4.63236     538   13
   101   1.54183   3.10903   0.98061    1042   12
   102   5.12324   1.53774   6.21845    3091   20
   103   4.61419   0.17644   0.56862    3638   24
   104   6.07898   0.15239   5.39837     351    7
   105   3.19140   3.12858   1.22713    2424   22
   106   2.01204   1.59234   6.24350     421    8
   107   2.01192   1.41633   4.79494    2270   16
   108   2.07263   1.57187   1.69367     319    6
   109   4.21480   0.10834   0.87042     962   12
   110   3.55034   1.61572   3.09710    3105   18
   111   0.46600   1.56142   0.01253    3119   19
   112   0.47971   1.62289   0.07830    1412   12
   113   3.52602   1.53771   3.17730    1793   16
   114   2.19501   2.97740   3.41293     434    7
   115   1.95481   1.47400   0.13293     712   13
   116   5.25913   0.17528   4.74854     547    9
   117   1.94329   1.64412   3.16435     382    7
   118   0.56259   1.70930   1.65051     854   14
   119   2.29368   2.99137   0.27498     680   10
   120   0.40345   1.57036   4.68548     545   13
   121   0.50811   1.69348   4.77686    5017   27
   122   1.94605   1.60035   0.14142     309    9
   123   2.12992   2.96797   0.11662     257    9
   124   0.35528   1.63332   4.87928     838   12
   125   2.66228   3.00904   2.10253     902   12
   126   3.67749   1.43315   6.18906    1772   15
   127   2.09119   1.52458   3.13450     384    9
   128   4.98863   0.12708   1.67177     444    7
   129   5.69501   0.15507   5.78967    3701   20
   130   1.35331   0.08981   3.83954    4458   25
   131   0.47671   1.66662   0.03774    1847   18
   132   3.49236   1.52744   3.12057    2262   18
   133   3.62476   1.67489   3.02126     498   15
   134   5.29830   1.70926   0.00075    1912   18
   135   6.27172   3.07330   4.34288     649   11
   136   3.49236   1.52744   3.12057     791   13
   137   0.47481   1.61613   1.56106    1587   17
   138   5.05867   0.03203   1.67516     998   15
   139   1.01801   3.07381   3.66749    1261   13
   140   4.47018   0.15385   2.26000    2795   19
   141   3.91573   0.07042   4.51761    5348   23
   142   3.63874   1.65429   1.51255    5158   25
   143   3.56254   1.65430   6.28127    1225   17
   144   2.00020   1.44140   3.15743     856   12
   145   2.11552   1.56298   4.71511    1616   18
   146   3.55206   1.55681   3.12595    1368   18
   147   3.70401   1.62210   1.57212    2224   17
   148   3.68549   1.50404   1.59452     723   10
   149   5.10391   3.08934   6.15457     630    8
   150   0.51163   1.61967   6.21743     848   13
   151   3.57528   3.10654   1.50641     631   11
   152   5.17135   1.62237   1.54044     336    9
   153   3.15207   2.98152   5.92995    4320   24
   154   2.13123   1.49149   0.00273     311    8
   155   0.65551   0.09870   3.00347    1154   12
   156   4.34779   0.11621   0.79916     425    8
   157   5.35283   3.10079   3.43483    2544   20
   158   5.81751   0.17670   0.98018     434    9
   159   3.54663   1.63709   1.55300     789   11
   160   1.99382   1.52478   4.63652    1244   15
   161   1.94605   1.60035   0.14142     897   12
   162   5.14564   1.57006   6.25955    3303   20
   163   3.66957   1.53331   3.17288    2212   17
   164   2.04000   1.46443   3.27048    2158   18
   165   0.45913   1.57617   1.68309     575   10
   166   3.52619   1.50895   1.55643    2087   19
   167   2.02379   1.60583   4.86300     558   10
   168   3.64510   1.66894   1.45598    2733   20
   169   2.05193   1.41027   4.76016    1939   15
   170   3.63413   1.53071   1.61271    3070   25
   171   0.50907   1.63251   4.74089    1239   13
   172   5.31849   1.72125   0.07642    4553   22
   173   3.67749   1.43315   6.18906     323   10
   174   3.62952   1.63371   6.27546    2877   19
   175   5.46376   0.16039   2.96158    2587   17
   176   2.10071   1.43492   3.06409     868   13
   177   3.63122   1.53526   4.58504    5424   30