     1   0.00000   0.00000   0.00000       0    0
     2   1.84172   1.50823   2.49695    1112   15
     3   1.85200   1.54850   5.60941    4893   20
     4   3.34978   2.18263   2.96861    1740   11
     5   3.47266   0.79778   6.05405    1726   13
     6   0.16621   0.93516   4.76698     536   10
     7   0.35123   2.59819   3.29979    3501   18
     8   0.13353   2.49806   1.45650    1923   17
     9   3.45707   0.56839   4.50883    5428   26
    10   0.01741   0.87496   1.81275    3771   16
    11   3.55824   0.69682   6.16951    2283   14
    12   3.33211   2.11932   6.22641    1687   14
    13   3.49922   0.80702   6.08613    4978   20
    14   3.47725   2.11272   0.01037    4980   20
    15   1.78162   1.42342   4.02267    2059   14
    16   0.23477   0.97189   0.08824    1734   12
    17   3.38544   2.22139   4.78260     822   12
    18   5.01090   1.57935   0.75556    3396   18
    19   3.20786   2.23747   1.41569    1429   15
    20   4.99573   1.60430   2.12440    2497   14
    21   4.88599   1.63207   3.92680    1933   15
    22   4.91057   1.51045   0.69271     888   11
    23   0.16896   0.97773   1.74177     701    8
    24   4.99274   1.68350   3.85836    1697   10
    25   3.22532   2.15796   4.60505    1728   13
    26   3.60534   0.65597   1.44059    2972   15
    27   3.37571   2.10010   4.68875    3777   20
    28   3.20786   2.23747   1.41569     533    8
    29   4.97234   1.70346   3.80215    3270   19
    30   0.46220   2.37811   3.33645     951   11
    31   0.46333   2.40106   1.81828    4009   16
    32   0.46548   2.42449   0.22017    1766   15
    33   0.13697   0.88712   4.79874    1270   11
    34   3.59130   0.68918   2.92057    1713   13
    35   4.97363   1.62296   3.86236    2819   18
    36   4.97849   1.67719   5.51716     775   11
    37   1.86223   1.49626   4.05231    1975   14
    38   0.50199   2.44951   3.39052    4948   21
    39   0.12348   2.47903   4.63529    1525   14
    40   5.03050   1.58413   0.60211    2644   17
    41   0.08540   0.99496   4.77799    1739   13
    42   4.98248   1.55704   5.31094     650    9
    43   0.33151   2.55958   1.67867    1154   12
    44   1.77504   1.52838   2.59027    2110   17
    45   3.42803   2.19229   4.73174    4073   17
    46   3.43000   2.27400   0.01878    1656   14
    47   1.68129   1.51690   4.06786     909   10
    48   1.77504   1.52838   2.59027    1410   14
    49   0.14679   1.00274   3.29653    1046   11
    50   3.33479   0.62832   3.28677    1557   11
    51   4.96815   1.50548   3.82443     937   13
    52   3.34470   2.18951   6.11599    4100   17
    53   0.30197   2.58084   0.01443     365    7
    54   1.73591   1.51289   2.45963     998   11
    55   3.29554   2.27258   3.18903    1560   14
    56   3.44660   2.17190   3.06726    2390   13
    57   4.99336   1.60418   0.76064     982   13
    58   0.13353   2.49806   1.45650    2605   15
    59   3.62424   0.68537   4.47089    2337   16
    60   4.91080   1.56394   2.09392    2714   18
    61   3.22038   2.27894   2.95403    1006   11
    62   3.28131   2.26220   6.14930    3778   17
    63   3.53984   0.64731   4.55195    5521   21
    64   3.33758   0.60252   4.84669    2508   15
    65   0.41574   2.50265   1.69713    3355   15
    66   1.89568   1.63973   0.88501    2549   15
    67   4.82476   1.58918   0.61861    1302   14
    68   0.20944   2.52337   4.58982    3714   18
    69   5.03560   1.70862   3.80817    2263   12
    70   4.97159   1.64626   0.68024    4429   21
    71   1.73591   1.51289   2.45963    2172   16
    72   0.32694   2.49237   3.15646    2152   13
    73   0.30643   2.41416   4.83987    2826   14
    74   4.98248   1.55704   5.31094    2270   15
    75   3.23394   2.25140   3.08442    1696   10
    76   0.14679   1.00274   3.29653    1031    9
    77   0.25447   0.88629   1.65322    3368   16
    78   3.58070   0.71460   4.62052    1793   13
    79   1.73591   1.51289   2.45963    1180   11
    80   1.75243   1.51569   5.54965    2904   16
    81   0.17990   0.86669   4.65377     607    9
    82   0.14679   1.00274   3.29653    2826   18
    83   1.81527   1.63409   2.53815    1305   11
    84   4.98648   1.58606   2.23329    3848   17
    85   1.73110   1.45032   5.57205    1090   10
    86   1.76456   1.51674   0.91937     888   14
    87   5.04957   1.59880   3.88254    3225   15
    88   3.52908   2.34473   4.78957    3475   19
    89   3.35988   2.19704   3.00063    3227   16
    90   4.87066   1.55067   0.65685    3990   18
    91   0.30197   2.58084   0.01443    1368    9
    92   3.57765   0.72451   3.05435    1817   11
    93   3.53946   0.74678   4.55337    1014    8
    94   3.52030   0.60654   6.23959    2255   15
    95   3.22532   2.15796   4.60505    1221   10
    96   4.94804   1.64284   2.18215    1832   13
    97   3.43550   0.77212   4.51714    1877   12
    98   3.36798   2.17645   4.65963    2224   16
    99   3.55097   0.68638   1.42467    2002   14
   100   0.44762   2.42917   1.83483    3922   19
   101   1.70572   1.48259   0.93141    2978   14
   102   3.27209   2.32296   4.55816    1901   15
   103   0.24729   0.85303   0.02166    2263   14
   104   3.50234   0.78819   3.13444    4061   17
   105   1.73591   1.51289   2.45963    1913   13
   106   1.77839   1.59765   5.51791    3230   16
   107   0.12508   2.61181   1.52488    3316   16
   108   3.20786   2.23747   1.41569     930   11
   109   0.13353   2.49806   1.45650    1229   15
   110   4.97980   1.63229   0.57922    3731   21
   111   1.82192   1.58260   2.50374    3043   17
   112   0.11672   0.85246   4.79600    2287   14
   113   3.21023   0.68252   1.61330    2469   16
   114   3.40436   2.16998   6.26838     419    8
   115   1.82314   1.49274   1.03047    3202   16
   116   0.35984   2.51520   1.70697    1661   13