     1   0.00000   0.00000   0.00000       0    0
     2   2.53166   1.26523   1.07792    1003   14
     3   5.69809   1.85719   5.40724    1165   14
     4   4.73052   0.74834   2.55665    1150   15
     5   5.66985   1.95732   5.21958    1110   14
     6   2.53894   1.19384   5.72613     699   10
     7   3.90352   2.08586   4.22413    1149   14
     8   3.90284   2.04122   4.49362    1041   14
     9   4.62777   0.71772   5.57454    1487   17
    10   0.93310   1.01995   1.79680    1641   14
    11   0.71269   1.00037   4.99965    1295   13
    12   5.69895   1.83380   5.31086    1295   15
    13   4.42234   0.54575   4.29439    1833   19
    14   0.84564   0.95900   1.85989    1188   14
    15   2.65379   1.30592   5.79255    1776   17
    16   2.51961   1.13161   4.13861    1511   13
    17   2.45162   1.24192   4.15404     867   11
    18   2.45673   1.18002   2.58378    1087   15
    19   0.64409   1.04066   5.15699    1235   13
    20   5.83643   1.96150   5.27824     748   11
    21   2.53166   1.26523   1.07792    1254   16
    22   0.81644   1.09550   0.32928     666   13
    23   1.22010   2.49946   3.60858     863   12
    24   1.38566   2.52921   2.19663    2012   18
    25   5.66431   1.79304   0.62235    1458   17
    26   1.31998   2.60444   5.12899    1267   14
    27   3.86703   2.23002   2.68008     938   12
    28   5.66568   1.77286   5.28709     960   13
    29   0.78037   1.04244   0.46156    1602   14
    30   3.86107   2.00333   4.34188    1740   17
    31   5.68886   1.77061   0.60494    1441   11
    32   1.52334   2.35311   2.08917     723   12
    33   0.64881   0.90371   1.93553    1115   14
    34   1.56728   2.47155   0.75385    1865   19
    35   1.44036   2.47482   5.21946    1233   15
    36   2.69087   1.24242   1.01530    1412   18
    37   3.85837   2.08633   4.40974    1758   19
    38   2.56821   1.25848   5.57194    1278   14
    39   1.48645   2.51798   0.51212    1654   13
    40   3.78029   2.04627   4.24837    1847   17
    41   0.91405   0.93444   3.40867    1327   15
    42   2.48201   1.32069   4.07198     811   13
    43   4.51711   0.75543   2.61183    1116   11
    44   4.37574   0.62378   5.92229    1030   16
    45   3.92496   2.10632   5.91152    1663   17
    46   4.01920   2.18449   2.81335    1006   14
    47   3.91372   2.04429   1.19865    1162   13
    48   4.63257   0.66477   4.11635    1322   14
    49   2.55592   1.22091   4.13521    1955   20
    50   2.42938   1.23070   4.26933    1479   16
    51   3.83950   2.01481   1.20294    1950   19
    52   4.55681   0.76884   1.15834    1369   14
    53   1.44366   2.58503   0.43957     965   14
    54   3.93528   2.15476   6.02938     821   12
    55   5.83450   1.92996   2.14878    1049   13
    56   2.54589   1.25282   2.64306     959   12
    57   0.80115   1.04330   2.06041     827   13
    58   5.75361   1.85118   3.67478    1610   16
    59   5.83450   1.92996   2.14878    1074   14
    60   5.68370   1.82838   5.28902    1099   15
    61   2.53166   1.26523   1.07792    1380   13
    62   4.66875   0.79128   4.12334    1172   15
    63   3.85596   2.14517   1.24113    1408   15
    64   2.55503   1.35582   5.63506    1570   18
    65   4.02350   2.06194   2.88718    2056   18
    66   0.70854   1.05300   5.16613     868   13
    67   0.68522   0.96474   1.96285    2075   20
    68   2.47982   1.30553   1.10106     968   13
    69   2.46915   1.16363   4.19222    1033   13
    70   4.56121   0.78460   5.87388    1141   16
    71   1.57717   2.53665   2.15596    1441   16
    72   5.59531   1.95130   3.82946    1010   14
    73   0.59666   0.97906   5.28148    1359   14
    74   1.53000   2.57070   0.60544    1270   15
    75   4.43683   0.64019   4.26373    1099   12
    76   4.49200   0.70771   4.26725    1106   13
    77   5.60932   1.90815   2.11389    1106   12
    78   0.96160   1.10769   3.43612    1180   15
    79   1.53422   2.59104   0.50816     960   15
    80   2.49777   1.32436   1.04127    1266   15
    81   3.81239   2.18162   4.27188    1283   13
    82   4.64527   0.75028   3.94797    2633   23
    83   3.80932   1.95238   4.25469    1887   20
    84   4.37799   0.51960   4.30174    1057   13
    85   4.62325   0.65520   4.00869     762   13
    86   4.59115   0.61308   5.79513    1218   16
    87   0.69466   0.90249   3.56006    1074   15
    88   2.47844   1.21416   4.15883    1002   17
    89   4.48763   0.68585   5.75036    1730   16
    90   3.98898   2.03315   4.42255    1351   18
    91   3.84131   2.17049   2.65757    1086   15
    92   2.54748   1.28368   1.00180    1177   15
    93   5.81521   1.96414   5.22507     724   12
    94   3.95737   2.14094   1.25999    1627   15
    95   0.75475   0.88273   1.89396    1316   16
    96   0.66141   1.01402   3.59993    1871   14
    97   4.64697   0.66448   4.01973     660   13
    98   3.83847   1.99291   1.21205    1952   16
    99   4.60928   0.72457   4.00075    1123   11
   100   0.77436   1.13433   1.94407     799   14
   101   2.58558   1.33327   5.69452    1373   14
   102   4.46260   0.58868   2.73335    1336   13
   103   0.75355   0.95514   3.48451    1717   17
   104   1.31998   2.60444   5.12899     943   11
   105   1.18754   2.38109   3.54930     738   11
   106   0.71601   1.03943   5.16059     744   14
   107   5.60448   1.79650   0.58527    1834   17
   108   5.83450   1.92996   2.14878    1412   14
   109   4.41590   0.77380   5.76922    1551   15
   110   5.69809   1.85719   5.40724     944   12
   111   2.54304   1.23971   2.67388    1868   16
   112   5.83450   1.92996   2.14878     968   11
   113   0.76415   1.06042   2.05470    1313   16
   114   0.77410   1.07228   2.01296     715   12
   115   2.45673   1.18002   2.58378     792   13
   116   5.70191   1.83746   3.62465    1975   19
   117   0.77488   1.10153   3.60107    2203   18
   118   3.84722   2.06237   4.47673    1368   15
   119   5.66718   1.89351   2.19979     636   11
   120   5.83723   1.94105   5.29338    2661   23
   121   4.56022   0.75301   1.14619     609   12
   122   1.43311   2.42281   5.18745    1034   14
   123   0.69285   1.04032   1.94442    1241   14
   124   5.83450   1.92996   2.14878     688   13
   125   2.44930   1.29717   0.89438    1283   15
   126   1.48645   2.51798   0.51212     898   11
   127   5.68117   1.92764   5.24208    1147   12
   128   1.43311   2.42281   5.18745    1306   14
   129   4.46749   0.60697   5.85895    1062   14
   130   5.83450   1.92996   2.14878    1942   15
   131   5.75787   1.95428   3.72117    1176   13
   132   0.75897   1.07536   3.37022    1939   18
   133   4.42869   0.77760   2.71140     686    9
   134   0.65997   0.93868   3.61096    1643   18
   135   5.67196   1.90350   5.41969    2158   16
   136   4.36914   0.52609   2.76877    1464   16
   137   1.31998   2.60444   5.12899    1856   18
   138   5.64526   1.93162   0.56106    1856   16
   139   4.49867   0.66862   1.04813    1292   12
   140   1.48679   2.42324   0.54899    1274   15
   141   5.82044   1.83774   5.37524    1139   11
   142   2.59622   1.25127   2.49818    1285   16
   143   5.70453   1.80158   2.10411    1932   18
   144   5.76203   1.81241   2.09340    1314   16
   145   4.50634   0.65808   2.59739    1531   18
   146   1.33017   2.43554   0.41861    1778   16
   147   1.47811   2.53350   3.72252     783   14
   148   5.68076   1.81765   2.04753    1891   16
   149   5.74123   1.87758   5.39607    2398   20
   150   2.54505   1.36642   5.77990     576    9
   151   0.64871   1.05254   0.51935    1509   16
   152   0.71291   0.91285   2.00832    2337   18
   153   2.53308   1.18108   5.85372     923   11
   154   5.79450   1.99447   5.38207     922   14
   155   4.41550   0.75623   4.29508     840   14
   156   2.53166   1.26523   1.07792    1084   11
   157   4.60692   0.68769   5.59474     707   11
   158   5.63102   1.96377   0.62391    1448   19
   159   2.60762   1.33115   4.12092    1262   17
   160   1.31224   2.36162   0.57278    1179   14
   161   5.79899   1.84670   5.32945    1580   19
   162   1.32740   2.42855   0.40039     877   13
   163   1.59159   2.46521   5.41053    1815   18
   164   2.64194   1.21955   4.09645    1262   14
   165   3.86165   2.10361   1.08882    1877   17
   166   1.31249   2.42649   3.64260    1547   18
   167   1.45472   2.56980   5.22926    1443   14
   168   4.50314   0.71862   4.11440     938   10
   169   1.62231   2.41032   2.22840    1157   18
   170   0.83844   0.97404   5.12828    1432   12
   171   0.82370   1.02930   3.51232    1873   17
   172   1.37900   2.38168   0.49896    1584   16
   173   5.79497   1.93303   2.12923    1124   12
   174   3.90175   2.04816   1.08865    1875   19
   175   2.56911   1.22964   0.97459     795   13
   176   4.45426   0.69724   1.01631    2061   16
   177   0.73796   1.08962   1.79920    1824   16
   178   0.76415   1.06042   2.05470     922   13
   179   5.75536   1.81017   5.24073    2524   19
   180   1.56728   2.47155   0.75385     868   13
   181   5.79147   1.86876   2.08058    1375   15
   182   1.40207   2.44273   0.49496    1756   16
   183   0.85722   1.08209   0.38240    1811   17
   184   1.34837   2.51280   2.05056     661   14
   185   4.39421   0.73795   2.76004    1242   15
   186   0.71178   1.06849   0.40975    1950   16
   187   2.46691   1.26743   5.76070    1164   13
   188   0.63849   0.91395   3.53073    1503   14
   189   1.30102   2.42568   1.98871    1603   12
   190   3.96344   2.08273   2.88112    1925   18
   191   1.37026   2.46562   5.31492    1508   16
   192   0.77781   0.97723   3.41548    1529   13
   193   1.52142   2.59532   3.76808    1018   16
   194   5.68996   1.96774   0.66402    1426   17
   195   1.27069   2.40996   0.41783    1728   18
   196   5.83450   1.92996   2.14878    1525   14
   197   0.84472   0.89204   1.84079     892   10
   198   2.56911   1.22964   0.97459     907   11