     1   0.00000   0.00000   0.00000       0    0
     2   4.07727   1.03880   0.06539    1438   15
     3   5.23829   1.32778   5.90078    1421   16
     4   1.94561   1.70116   3.25880     896   14
     5   1.50241   0.91831   2.14027     982   14
     6   0.20767   1.28355   0.42855    1516   16
     7   5.50663   1.35240   1.90361    1271   15
     8   4.90841   0.87841   2.27290    2051   19
     9   5.94822   1.53991   5.89426     723   11
    10   2.62606   1.29031   3.55298    1115   14
    11   5.25188   1.76232   4.33478    1436   16
    12   0.69588   2.07661   4.73103     897   13
    13   0.81806   2.85217   3.61911    1276   14
    14   5.13068   2.00625   4.07164    1876   18
    15   5.77064   2.48010   3.44628     828   13
    16   0.09902   0.33992   4.11531     779   11
    17   1.93380   2.72823   1.00993    1904   18
    18   1.23050   0.99613   5.75567     924   13
    19   3.50926   0.40245   3.71645    1169   13
    20   2.33024   1.95607   0.35323    1237   15
    21   1.97142   2.19814   1.72937    1555   17
    22   2.90555   1.50647   0.25653    1007   12
    23   4.53579   0.78452   0.98524     625    8
    24   3.77369   2.46975   1.38835     884   13
    25   0.68542   0.73484   2.67209    1129   14
    26   4.04071   1.32886   1.13586    2592   21
    27   5.97965   2.32456   0.41659    1643   14
    28   5.44987   2.22926   3.66576    1145   15
    29   0.69408   2.55979   5.04054    1072   12
    30   4.42894   2.33231   4.66795     900   14
    31   5.03661   0.97896   0.76023    1649   15
    32   1.36075   2.13463   6.18980    1564   16
    33   4.58607   1.86396   2.66852    1919   15
    34   0.72661   2.62208   2.56673    1017   14
    35   4.20430   0.64953   5.51463    1132   12
    36   2.57729   1.30056   6.28246    1964   18
    37   1.02953   2.21663   4.09154     931   13
    38   3.69847   1.78070   3.98487    1034   13
    39   0.97567   2.36267   1.80099    1622   17
    40   1.28185   2.19770   0.04606     838   12
    41   3.17822   1.40976   2.61735    1378   14
    42   3.96726   1.25875   4.99354    1122   15
    43   5.44714   1.82300   3.98974    1656   16
    44   1.14353   0.96995   0.20112    1285   16
    45   0.77179   2.14641   4.68082    1263   16
    46   3.82575   1.95040   4.04216    1368   16
    47   1.71212   0.68185   0.29999    1027   11
    48   5.59096   1.05433   2.44025    1148   14
    49   0.16126   0.84749   5.38032    1944   16
    50   2.89308   1.65688   0.96709     959   12
    51   2.74286   1.22727   0.35769    1281   17
    52   0.80951   0.36381   1.96226    1197   14
    53   3.07715   1.65127   4.32427     935   13
    54   0.56083   1.24616   0.98636    1101   12
    55   3.28960   2.85564   1.52011    1253   15
    56   3.82516   2.21906   4.10973     909   14
    57   1.28188   2.87313   5.80735    1384   14
    58   3.75320   1.83639   3.96954     989   12
    59   4.82366   1.27249   1.62203    1158   14
    60   4.91012   1.81940   4.04530    1283   14
    61   1.51647   0.48905   0.10733    2154   19
    62   0.82296   2.41138   3.13685     979   12
    63   0.91692   1.32895   2.78487     592   10
    64   1.30845   1.43379   2.80618    1542   11
    65   0.73982   2.94311   1.76642    1724   18
    66   3.65686   2.48209   0.42361    1199   13
    67   2.58383   0.70462   3.17043     661   12
    68   0.14236   1.20458   5.10848    1823   15
    69   0.94706   1.48836   1.73908    1255   15
    70   4.81285   2.80078   1.59891     798   12
    71   2.14903   1.81451   0.53627    1197   14
    72   1.70815   1.80607   5.39825    1034   12
    73   0.77778   1.40486   3.24498    1018   13
    74   0.41941   1.61283   4.05458    1685   17
    75   1.61305   1.86521   5.09120    1614   14
    76   1.83104   1.91114   5.56363    1099   16
    77   4.78707   0.84260   2.38668    1353   15
    78   0.32160   1.15833   2.33808     841   14
    79   1.03018   2.56507   3.46295    1842   18
    80   1.74101   1.11977   6.20407    2522   21
    81   4.80242   1.46409   3.37947    1084   11
    82   0.68398   1.01906   3.67805    2077   18
    83   4.20671   1.74618   1.50658    1608   14
    84   2.23098   1.99557   0.36108    1094   12
    85   5.88204   1.40921   1.27198    2218   20
    86   5.80683   1.71863   1.48070    1043   15
    87   2.30665   0.39090   3.64177    1444   15
    88   4.36781   0.80070   1.58644     797   11
    89   2.63151   0.97990   2.52490    1399   14
    90   0.36930   0.59940   6.00611    1811   15
    91   2.65843   2.59154   4.25974     927   13
    92   0.32559   1.31985   1.29812    1494   14
    93   2.13702   1.84211   4.31500    1287   14
    94   1.77074   1.34663   3.31199    1620   19
    95   5.99141   1.99250   4.18745    2049   19
    96   2.57162   2.30244   5.06352    1552   14
    97   2.25939   0.72001   3.45225    1913   17
    98   6.23858   2.92907   4.63756     724   10
    99   2.27670   0.52463   4.26109     604   12
   100   1.32029   1.58122   5.61810     852   12
   101   2.35558   2.09139   4.78131     761   12
   102   6.09544   0.76414   2.24330    1337   15
   103   1.08317   1.09354   1.41354    1380   19
   104   5.03605   2.01990   5.82317    1087   12
   105   2.64482   2.35241   0.37461    1085   13
   106   5.35376   0.70316   2.04919    1345   14
   107   5.34771   0.10181   3.19443    1405   17
   108   3.41926   2.53666   3.19971    1481   17
   109   4.20350   2.01071   1.05932    1007   14
   110   4.47803   2.28100   5.62355    1209   16
   111   0.65506   1.94217   4.68392    1551   13
   112   5.37705   1.32863   5.40517    1607   15
   113   3.14349   1.67712   3.68597    1391   16
   114   2.08631   1.10226   2.93232     952   13
   115   3.75355   1.76427   5.32071    1683   16
   116   2.97532   0.93214   3.96732    1429   17
   117   3.82814   0.96720   3.53820    1240   16
   118   5.15016   0.90076   0.69015     866   12
   119   2.24996   1.29365   2.70691    1908   17
   120   4.67823   1.53951   5.26559    1252   14
   121   5.46702   1.21916   1.78907     894   11
   122   2.42394   1.26498   5.79517    1409   14
   123   5.48357   1.68135   2.92410    1290   16
   124   1.62563   1.17515   1.74446    1492   15
   125   5.14111   0.91635   3.29322    1106   14
   126   4.51481   1.71416   0.03879    1212   17
   127   0.34409   1.67010   2.64731    1112   13
   128   0.78484   1.58739   0.90787     888   10
   129   1.54547   1.04263   0.23858    1852   18
   130   0.08511   1.49682   1.56154    1700   14
   131   5.13960   2.20180   5.43926    1122   16
   132   4.22570   1.55421   0.47784    1749   14
   133   6.24705   2.13886   4.71361    1104   14
   134   2.43934   0.76154   1.34739    1308   11
   135   5.73657   1.70393   3.79428    1269   16
   136   3.81975   2.13644   1.16681    1500   17
   137   4.96750   2.12262   1.50192     692   12
   138   2.16104   2.43153   5.97758    1151   14
   139   3.77921   0.35263   2.70984     959   14
   140   2.76106   2.57273   6.12065    1127   15
   141   4.48464   1.99693   2.38829    1367   14
   142   3.77464   2.02122   5.40672    1066   14
   143   4.90497   1.11361   1.21402    1356   13
   144   0.11361   1.26433   1.09424    1356   14
   145   1.25139   1.28412   2.81282    1335   15
   146   5.98886   0.59625   4.77362    1387   14
   147   2.30334   0.69165   0.41142    1140   12
   148   4.90846   1.49285   3.19407    1485   16
   149   1.93956   1.66835   0.63363    2060   18
   150   1.29913   1.62093   3.96119     885   14
   151   0.19945   1.51665   3.47128    2395   18
   152   0.88761   1.80059   1.43563    1571   15
   153   4.82461   2.15873   1.05802    1211   15
   154   5.35210   1.28598   5.44184    1734   16
   155   1.32625   0.87252   5.52197    2592   20
   156   3.07440   1.35557   3.23688    1842   16
   157   4.24163   1.00723   2.50883    1122   13
   158   5.58839   2.49228   4.99590    1675   17
   159   1.27743   1.94502   2.59696    1070   11
   160   5.54958   2.66028   1.23728    1172   14
   161   1.41948   1.57069   4.70422    1139   14
   162   4.72459   2.25146   1.96312     650   16
   163   4.36821   1.02178   4.95356     892   13
   164   6.25047   2.04001   2.98919    1260   17
   165   0.37979   2.02928   5.78077    1177   15
   166   0.35701   1.95481   1.74470    1377   16
   167   3.13319   1.91659   4.51160    1188   14
   168   0.69513   1.90182   5.05680    1568   14
   169   4.79549   1.16420   4.08439    1118   13
   170   1.15308   2.90144   2.29132    1190   14
   171   1.17201   2.04242   0.01906    1687   17
   172   2.09284   1.58893   6.13531    1811   15
   173   0.02565   2.36740   0.42832    1581   18
   174   2.21014   0.80870   2.08202    1369   14
   175   1.46798   2.12852   2.85334    1294   14
   176   1.99078   0.70856   3.37669    1307   15
   177   0.66808   0.78948   3.58249    1472   15
   178   3.61707   0.64203   2.15296    1436   16
   179   5.00764   2.19981   3.45028     681   11
   180   5.52601   1.42168   4.53912    2290   18
   181   0.98815   2.06654   4.01937    1262   13
   182   3.26095   1.53965   2.56812     842   14
   183   6.18233   0.99893   4.77154    1472   15
   184   0.99631   0.84355   0.53081    1413   13
   185   5.83273   1.50788   5.39914    1028   15
   186   0.72430   1.22112   3.03109     991   12
   187   0.91692   1.32895   2.78487    1579   16
   188   2.79124   1.67489   3.81934    1211   13
   189   3.90847   1.57372   4.46706    1462   15
   190   2.52397   2.11726   0.06413    1471   16
   191   3.86035   0.56768   4.75921    1712   15
   192   1.77170   0.71912   5.00727    1381   16
   193   2.98184   1.28196   1.97656    1452   16
   194   3.85752   0.92756   2.19401    1035   13
   195   0.58647   2.37278   3.16768     874    9
   196   0.13610   0.70532   1.21478    2046   19
   197   0.33750   2.39215   4.01576    1149   13
   198   0.38711   1.07057   0.35964     905   12
   199   0.18450   1.60145   4.03275     964   13
   200   3.66355   2.47107   3.93725    1545   13