     1   0.00000   0.00000   0.00000       0    0
     2   5.84173   1.62176   6.24468    1479   12
     3   2.61272   1.34960   1.59347    1237   14
     4   4.09775   1.60559   3.01757    1098   14
     5   3.46191   2.92365   5.50653    1330   12
     6   5.79355   1.54981   6.12039    1397   14
     7   5.59618   1.67983   3.00197    1739   17
     8   4.17706   1.43917   1.40787    1722   14
     9   5.76531   1.65796   4.65469    1983   14
    10   4.11236   1.47690   1.46773    1868   15
    11   5.65010   1.57031   4.66944    1778   16
    12   2.13687   3.05667   2.70861    1782   16
    13   4.17103   1.58490   1.34897    1964   13
    14   4.12694   1.59315   4.68699    2352   18
    15   4.14767   1.58810   2.97191    1546   13
    16   1.11675   1.69545   3.27740    1747   15
    17   5.76531   1.65796   4.65469    3277   17
    18   4.25577   1.38558   4.51759    1875   17
    19   1.06849   1.64947   1.81627    1907   15
    20   0.98105   1.69822   0.16380    3043   19
    21   1.00324   1.63945   4.93088    1712   14
    22   4.14850   1.51956   1.52162    1804   16
    23   4.18980   1.52560   4.62024    2130   18
    24   1.00077   1.70993   1.71930    2418   17
    25   2.45669   1.54698   3.27977    1079   13
    26   1.02506   1.63284   3.17769    1997   16
    27   0.99073   1.67077   1.77877    1774   12
    28   3.50107   2.97744   4.05869    1742   14
    29   3.65897   3.05265   4.34609    2732   16
    30   2.76080   2.91782   3.21955    2054   16
    31   2.60840   1.41763   4.70934    1598   14
    32   5.76531   1.65796   4.65469    1246   14
    33   2.83436   3.04875   1.94558    2043   15
    34   3.84639   3.06723   1.29271     897   10
    35   5.63440   1.79449   4.72268    1436   14
    36   0.25724   0.12587   5.57474    2892   18
    37   4.21404   1.62906   1.46252    2122   15
    38   2.47774   1.56361   1.65742    2281   17
    39   4.11799   1.48869   6.20002    1493   14
    40   5.59808   1.62391   2.96762    1225   16
    41   5.62846   1.64918   1.41961    1666   15
    42   4.27267   1.58057   1.38065    2398   17
    43   5.83808   1.56370   1.51502    2009   14
    44   1.04168   1.57400   4.71570    1487   12
    45   2.42745   1.44992   4.93109    1423   13
    46   2.63639   1.35988   0.05522    2133   14
    47   2.63496   1.58667   4.85664    2127   16
    48   2.48396   1.54036   6.20781    1330   17
    49   0.27251   0.16258   0.71701    1386   12
    50   1.12538   1.64710   0.05271    1379   13
    51   2.58597   1.36182   1.67339    2071   14
    52   5.64229   1.62407   4.67285    1763   15
    53   5.82463   1.63658   3.02567    1966   14
    54   4.12195   1.58125   2.91175    2356   15
    55   5.42768   0.10383   5.02367     892   12
    56   4.16292   2.97257   3.27254    1595   12
    57   4.16056   1.45760   1.43912    1427   12
    58   5.59805   1.63028   4.74976    2004   16
    59   2.48628   1.49308   3.17566    2065   16
    60   4.07582   1.54494   1.55617    1757   15
    61   4.24968   1.64033   1.49280    1461   10
    62   5.80475   1.70315   2.94337    1903   15
    63   1.12559   1.73616   3.18276    2575   17
    64   2.78003   3.01169   4.83992    2016   16
    65   2.46662   1.53499   0.04104    2137   16
    66   0.23652   0.29002   0.79455    2225   17
    67   1.04494   1.78563   3.32867    2300   19
    68   5.74019   1.53982   4.57349    1541   14
    69   0.98473   1.61362   3.30348    2124   17
    70   0.00254   0.25850   5.68353    1804   13
    71   0.26224   0.26982   2.22334     700    9
    72   3.12240   2.88572   0.52716    1348   12
    73   5.70835   1.75981   6.17254    2581   17
    74   0.26224   0.26982   2.22334    1451   14
    75   4.22596   1.44077   4.49447     932   10
    76   1.31924   0.12162   2.89640    1118   10
    77   0.93180   1.72080   4.81082    3537   22
    78   4.21694   1.48296   4.56358    1995   18
    79   4.28426   1.44015   2.90771    1420   13
    80   5.66487   1.67975   6.21766    3215   23
    81   5.71817   1.62040   6.11132    2682   17
    82   2.07467   3.04849   4.15737     942   12
    83   2.47779   1.50593   4.65730    1978   16
    84   4.11199   1.40429   4.71005    1215   13
    85   5.74998   1.64021   1.46590    2117   15
    86   4.12195   1.58125   2.91175    1633   15
    87   0.02286   0.15402   0.90529    1222   13
    88   2.55425   1.47788   3.10301    1496   12
    89   5.96324   0.20202   1.21177    1618   15
    90   2.49984   1.54857   3.23176    1549   13
    91   2.82656   2.95111   5.04077     894   13
    92   1.09734   1.76706   3.24078    1421   14
    93   4.14927   1.49187   4.63509    1257   11
    94   3.12240   2.88572   0.52716    1871   16
    95   1.16945   0.05219   6.06232    1909   16
    96   1.08213   1.63450   3.20863    1937   16
    97   4.23236   1.46645   1.46373    2732   15
    98   3.73842   3.08504   1.13748    2599   17
    99   4.13092   1.38206   6.08538    2519   18
   100   5.71817   1.62040   6.11132    1222   12
   101   2.43999   3.00708   4.47038    2059   16
   102   2.45408   1.47776   1.60803    1431   13
   103   2.57340   1.48896   0.12360    2744   19
   104   4.11569   1.37894   1.47194    2051   18
   105   4.10822   1.45607   0.01242    1418   13
   106   1.07954   1.56240   1.79381    1049   12
   107   2.31980   3.00889   4.39462    1774   13
   108   4.27527   1.46635   3.05254    1678   14
   109   1.05090   1.64276   4.91795    2140   16
   110   2.54478   1.48547   0.14173    2208   17
   111   5.71189   1.65139   6.12745    1382   12
   112   1.04307   1.57730   1.79927    1510   16
   113   0.47137   0.19878   3.67508    2297   15
   114   3.51903   3.06652   5.59339    1041   12
   115   4.15834   1.53610   6.04710    2151   13
   116   5.71769   0.06619   1.59772    1308   12
   117   1.08008   1.58330   4.92409    1164   11
   118   5.67272   1.65022   6.19633    2433   17
   119   0.04297   0.10574   0.87559    2056   16
   120   0.99941   1.63621   4.88403    2458   17
   121   2.55525   1.55648   1.60638    1104   12
   122   5.71189   1.65139   6.12745    1757   19
   123   4.11133   1.60010   6.19626    1295   12
   124   6.23788   0.25815   5.85930    3000   17
   125   4.09078   1.47035   4.62455    1443   15
   126   4.01668   1.56949   4.54180    1436   14
   127   5.55344   0.09038   1.77721    2370   20
   128   5.76531   1.65796   4.65469    1398   16
   129   2.69434   1.41614   3.28946    1242   11
   130   2.63421   1.52400   1.63791    1919   14
   131   4.11799   1.48869   6.20002    1371   12
   132   5.69242   1.78365   4.57080    1327   12
   133   5.73112   1.74692   1.41357    1689   14
   134   1.08922   1.69136   4.94410    1137   12
   135   5.65605   0.25875   1.51164    2785   18
   136   5.71765   0.13368   1.52654    1342   13
   137   2.31770   3.03291   6.05015    1234   10
   138   1.07185   1.62123   3.26440    1168   10
   139   5.69816   1.74416   6.14804    2474   19
   140   1.04285   1.66041   4.90422    1839   17
   141   0.70798   0.11483   3.34674    1605   12
   142   5.60413   1.70721   6.14478    1492   15
   143   3.00598   3.06673   5.16134    1271   14
   144   4.26711   1.61242   1.39409    1551   12
   145   5.71725   1.69064   6.21260    4141   22
   146   2.60295   1.50457   4.75967    2173   17