     1   0.00000   0.00000   0.00000       0    0
     2   2.45584   1.28045   3.53216    3691   20
     3   0.48446   0.55015   3.52696     374    9
     4   3.21699   2.58813   2.41012     448   10
     5   5.48965   1.72174   1.11170    3745   22
     6   4.00852   1.05274   2.87285    2028   15
     7   3.45146   2.64088   4.13942    4237   23
     8   5.61193   1.78511   5.91327    1946   18
     9   4.07690   1.10730   2.97114    1875   17
    10   0.26314   0.48661   3.79614     441   10
    11   0.87700   2.03929   1.89504    5761   26
    12   0.39465   0.50093   3.65818    3910   21
    13   4.12177   1.19477   2.74278    1055   14
    14   4.02297   1.11345   5.92546     487    9
    15   3.58969   2.61634   1.23927    2250   19
    16   4.10421   1.25128   1.25018    1201   13
    17   0.32443   0.50433   0.55473     465   11
    18   2.45409   1.40121   1.95479    4940   27
    19   5.60820   1.72571   5.88676    1568   15
    20   0.89533   1.89475   3.34331    1331   13
    21   0.91712   1.94390   3.39296     294    8
    22   5.44705   1.93370   4.25763    1728   17
    23   0.89533   1.89475   3.34331     829   14
    24   5.45227   1.91442   5.85274    2782   18
    25   4.06435   1.17461   6.10898     708   12
    26   2.42106   1.29904   0.39695     456   10
    27   0.41531   0.51081   3.66912     877   11
    28   4.02398   1.21994   5.86547    4500   22
    29   5.62592   1.73401   5.93102    4540   22
    30   0.23490   0.50889   3.83293     807    9
    31   0.24544   0.50306   0.57435    4476   29
    32   0.43257   0.51302   5.17943    1159   14
    33   3.70078   2.66457   2.93001    1934   16
    34   0.31226   0.56171   5.28548    2273   17
    35   0.91222   1.95901   4.87754     446    8
    36   0.31696   0.52253   5.16482     560   10
    37   4.00036   1.09666   5.94321     632   10
    38   3.41895   2.52433   2.55205    3235   22
    39   0.91090   2.07041   0.20872    1613   15
    40   4.04893   1.17474   1.23080     806   12
    41   0.96749   1.98287   3.39285    2535   24
    42   4.03015   1.07833   2.85766    1836   18
    43   5.48419   1.85841   5.81069     512    9
    44   0.93270   1.94016   4.99795    3653   20
    45   0.93270   1.94016   4.99795     550   12
    46   2.41204   1.34222   5.09793     814   10
    47   0.90038   1.89578   0.26606    2782   19
    48   2.39005   1.42630   2.01658     848   13
    49   4.05344   1.26501   4.49719     670   13
    50   0.46606   0.45306   1.90914     770   13
    51   5.41049   1.80086   5.71243     614   12
    52   3.38921   2.70935   4.11171     469   10
    53   2.44330   1.31834   2.00628    1038   12
    54   1.03030   2.07628   0.38648     490   12
    55   5.45560   1.81292   2.81346    1859   17
    56   0.52945   0.53720   1.85608    1239   13
    57   5.53977   1.90900   2.68590    1081   13
    58   4.10734   1.21753   5.99473     414    9
    59   0.85335   2.08730   3.49009     440    9
    60   3.54001   2.70465   1.11813    1157   12
    61   4.02986   1.21017   2.94849     969   16
    62   0.00000   0.00000   0.00000     727   13
    63   0.41526   0.57682   0.46049     359   10
    64   0.84642   2.08732   5.05123    2300   23
    65   0.93270   1.94016   4.99795    1576   17
    66   3.98316   1.10571   5.94691     634   12
    67   3.54001   2.70465   1.11813     640   13
    68   0.24024   0.59484   3.78683     685   12
    69   3.97616   1.07381   4.51776    1519   13
    70   0.88714   2.02686   5.09407    2426   15
    71   2.38141   1.41363   3.64248    3731   26
    72   0.88189   1.95864   0.41305    4931   24
    73   2.29988   1.29821   0.40824     379   11
    74   5.53348   1.78550   2.66107     989   13
    75   0.83707   1.92772   3.31480    3832   24
    76   4.09337   1.15189   2.82934    1990   19
    77   2.36436   1.36112   0.54267     405   11
    78   0.00000   0.00000   0.00000     898   12
    79   0.32636   0.54287   5.26535    3489   24
    80   4.00036   1.09666   5.94321     680   12
    81   2.43398   1.43724   5.10355    2587   16
    82   3.13578   2.64376   3.90964    4070   22
    83   2.31517   1.36249   0.35538     602   11
    84   3.54001   2.70465   1.11813     622   10
    85   0.97913   2.03077   0.40227     877   12
    86   0.92100   2.11717   5.02783     368    9
    87   3.51932   2.52883   2.60914    1837   16
    88   4.00036   1.09666   5.94321     534   11
    89   3.97792   1.11407   4.45724    1831   15
    90   0.88049   2.08305   1.76163    1464   16
    91   5.48419   1.85841   5.81069     680   13
    92   5.55912   1.84502   4.38441    2407   21
    93   5.56459   1.75891   4.31106     771   12
    94   2.40112   1.35678   3.41510    1162   15
    95   5.51952   1.71966   5.90401     780   13
    96   3.60828   2.67362   1.17832     756   12
    97   3.49838   2.54062   1.09924     321    9
    98   4.06435   1.17461   6.10898    3824   22
    99   5.47755   1.76925   1.06208    2848   18
   100   4.08738   1.12539   1.19371    1656   15
   101   3.40838   2.66581   0.94607     675   11
   102   2.34201   1.43134   0.47399    1347   13
   103   5.49196   1.83852   2.83847     890   12
   104   3.60294   2.61862   2.81617     427   12
   105   0.97913   2.03077   0.40227    1132   13
   106   5.48419   1.85841   5.81069     636   10
   107   4.05660   1.12164   1.27480     601   13
   108   4.03382   1.09439   4.33201     689    8
   109   0.93270   1.94016   4.99795     808   12
   110   0.92356   1.99348   3.44381    1461   17
   111   0.40087   0.57993   2.03974     434    9
   112   0.38217   0.34584   3.67268    4981   24
   113   5.53977   1.90900   2.68590     847   10
   114   1.00697   2.04351   5.11082     466   15
   115   2.33357   1.23718   3.51300    1945   14
   116   4.03382   1.09439   4.33201     955    9
   117   2.33984   1.41376   1.93745    1227   11
   118   5.51149   1.82860   5.88028    3332   22
   119   3.43273   2.80344   4.21037     787   13
   120   0.89648   1.90196   0.33564    1660   13
   121   0.41531   0.51081   3.66912    2303   14
   122   5.53255   1.93668   1.10283    5968   30
   123   0.85578   1.95406   4.99823    1375   14
   124   5.42700   1.84385   5.82055    1318   13
   125   0.62807   0.50491   1.78733    1511   10
   126   2.29311   1.35518   3.58371    1091   12
   127   0.25108   0.63301   5.26134     981   12
   128   2.44576   1.43980   3.57855     507    9
   129   5.45870   1.72839   1.05350    1399   15
   130   4.10506   1.07029   4.33979     487   13
   131   5.44721   1.87332   2.78093    1058   11
   132   0.31380   0.62337   2.06258     468    9
   133   4.02841   1.18341   4.32950    1267   14
   134   5.56459   1.75891   4.31106     766    9
   135   0.24693   0.53978   2.23369    2624   19
   136   0.00000   0.00000   0.00000     821   14
   137   0.93138   2.02262   5.01543    1493   12
   138   3.57817   2.72134   2.62846     917   15
   139   3.52896   2.52392   5.78520    2420   15
   140   2.28051   1.28147   5.19231     263    7
   141   0.12578   0.56407   5.39209    1336   12
   142   5.46930   1.77593   5.97931     562   11
   143   0.97816   2.08262   5.07358     641    9
   144   5.56459   1.75891   4.31106     624    8
   145   0.94956   2.10494   0.31415    1165   13
   146   4.01527   1.23560   2.86832    2406   16
   147   5.41656   1.91428   1.19837    2740   20
   148   2.30598   1.27910   2.04301     916   10
   149   0.92100   2.11717   5.02783    1204   10
   150   4.09336   1.16899   4.44837    2240   17
   151   4.11272   1.07657   4.44897     364    8
   152   3.60809   2.60234   4.39625    3228   22
   153   3.33576   2.74814   5.65223     474   12
   154   2.30140   1.22203   2.07145     812   14
   155   4.00036   1.09666   5.94321     738   13
   156   5.48122   1.82402   1.15857    1122   12
   157   5.49520   1.83012   5.77638    3904   20
   158   4.03071   1.21122   4.45567     717    9
   159   4.03382   1.09439   4.33201    1208   13
   160   0.88049   2.08305   1.76163     592   12
   161   5.58009   1.88432   2.83824    1531   14
   162   4.08290   1.28788   1.26271    1815   15
   163   3.32074   2.76119   5.65218     485   11
   164   0.93270   1.94016   4.99795     571    8
   165   3.72159   2.71801   2.80407     573   10
   166   5.46155   1.78348   2.70605    1799   16
   167   5.41999   1.87697   5.83041     930    9
   168   0.08144   0.45589   2.38196     696   13
   169   0.97816   2.08262   5.07358     648   14
   170   0.16923   0.42144   0.69993     777   12
   171   3.66879   2.61999   2.73660     401    8
   172   2.39256   1.21812   0.33058    1167   14
   173   0.24671   0.58387   5.23517    3087   17
   174   0.82690   1.93642   0.20386    2999   20