     1   0.00000   0.00000   0.00000       0    0
     2   3.26531   2.50080   4.35698    2665   20
     3   0.13514   0.65876   3.41453     767   10
     4   1.84368   1.51158   0.76167     330   12
     5   3.55677   1.01463   4.56236     698   11
     6   5.12585   1.75833   2.64802    2450   19
     7   0.28903   2.17473   1.51263    2193   20
     8   5.06427   1.62178   4.06395    2525   17
     9   5.08297   1.70318   0.82048    2755   18
    10   4.96220   1.67534   5.54507    1245   15
    11   3.51914   0.94760   6.13794    1857   18
    12   5.14526   1.71155   4.09754     828   13
    13   3.56475   0.98623   4.60021    1369   15
    14   3.60492   2.50094   1.58743     395    9
    15   3.54057   0.95252   3.17141     319    6
    16   1.95736   1.48205   0.58670     720   10
    17   1.95547   1.52608   5.38282     907   12
    18   2.01288   1.43380   5.42126    1025   11
    19   3.69030   0.93797   3.11589    3311   19
    20   3.54072   2.44039   4.64344    3361   21
    21   2.05582   1.42717   0.67068    1318   13
    22   4.97610   1.61930   5.58180    4631   25
    23   5.07301   1.62082   4.05194    1291   14
    24   5.14526   1.71155   4.09754     516    9
    25   1.93969   1.45369   0.58299    1202   15
    26   3.43733   2.44888   4.69670     722   13
    27   3.22719   2.39319   5.97103    1601   13
    28   0.31656   2.19021   6.25043     443   12
    29   1.86707   1.40357   0.64180     517    8
    30   1.93425   1.40464   3.77137     480   11
    31   5.19239   1.68925   2.46083    2555   17
    32   3.71955   0.82482   4.49645     923   18
    33   0.50392   0.60701   3.15427    1543   13
    34   3.57445   1.01706   6.14615     744   15
    35   3.34447   2.38443   3.02918    4804   19
    36   3.62187   2.57897   3.16039    1091   14
    37   1.97671   1.49391   2.11888    3233   20
    38   0.27066   0.52839   1.60181    1184   14
    39   5.20574   1.68196   4.03476    1812   17
    40   3.62769   0.98684   6.11148    1041   12
    41   0.51394   2.31290   4.86304    2851   19
    42   5.06227   1.65511   4.01932    1302   14
    43   3.43803   2.43165   2.95957    3181   23
    44   5.08577   1.60730   4.04544    1403   10
    45   0.44173   2.32570   1.68633    1687   13
    46   3.60633   1.04088   1.37722    2546   17
    47   0.30983   0.64765   4.83395     405    8
    48   5.04592   1.67846   2.53371    2854   18
    49   0.39874   0.66294   4.75473    1946   18
    50   1.92913   1.53589   2.21849    2235   19
    51   0.33993   2.18234   4.64506     445    8
    52   5.04175   1.73306   0.90716    4413   26
    53   3.60633   1.04088   1.37722     716   12
    54   5.16057   1.63642   2.54405    5031   24
    55   3.60633   1.04088   1.37722     742   12
    56   0.19082   0.74009   0.27341     236    6
    57   0.41798   2.15350   1.76412    1470   13
    58   5.04912   1.75513   3.98396     777   18
    59   3.61470   1.02352   4.74586    1011   13
    60   1.97371   1.51246   0.69278    2683   17
    61   0.29871   2.22851   1.50540    3154   27
    62   0.38571   0.67608   1.55405     638   10
    63   2.01288   1.43380   5.42126    1586   15
    64   0.35949   0.66590   0.14831     462   11
    65   0.51899   2.27345   1.75296     814   10
    66   3.61806   1.03788   4.61889    1168   11
    67   3.60633   1.04088   1.37722     527    9
    68   5.13293   1.58268   2.60859     743   13
    69   2.00894   1.48848   0.73144    2900   19
    70   0.23450   0.70913   0.16093     732   12
    71   3.22101   2.56498   1.25506     480   12
    72   3.48821   2.58350   1.53958     637   12
    73   0.19082   0.74009   0.27341     584    9
    74   5.19857   1.66146   1.03510     548    9
    75   3.57604   2.48400   1.63169     768   10
    76   0.60025   2.20458   3.40395    1238   15
    77   5.04912   1.75513   3.98396    1590   17
    78   3.44141   2.38481   2.95999    1120   14
    79   3.75879   0.88552   4.39225     478   11
    80   3.62187   2.57897   3.16039     379    7
    81   4.98433   1.60850   0.85351    1436   12
    82   0.27014   0.65103   0.01748     745   11
    83   0.19018   0.63216   0.10106     663   14
    84   0.38678   2.08215   3.23755    3348   20
    85   0.35567   0.68008   0.09776     943   14
    86   3.55598   1.01789   1.44986     372    7
    87   0.30670   0.69022   3.11163     877   14
    88   5.14526   1.71155   4.09754    1055   13
    89   3.43812   2.48983   4.58829    1010   12
    90   0.34791   0.53340   4.80189    1395   15
    91   0.24510   0.69993   1.68352    4012   25
    92   0.21892   0.58166   4.79972     828   15
    93   5.01817   1.51243   5.59854    2090   19
    94   0.21373   0.68250   5.02234    3716   17
    95   3.59642   0.95707   1.37308    5012   27
    96   3.70156   0.94008   1.42073     426   12
    97   3.62187   2.57897   3.16039     339   10
    98   5.07301   1.62082   4.05194    1138   17
    99   1.91014   1.53720   0.56869     721   14
   100   3.62187   2.57897   3.16039    1010   12
   101   3.66447   0.94076   1.58107     700   13
   102   1.85093   1.56509   0.67296    2336   16
   103   0.30983   0.64765   4.83395    1055   15
   104   3.43812   2.48983   4.58829     434   11
   105   0.31834   2.09222   3.22404    1079   12
   106   5.08464   1.64926   4.07621    3749   26
   107   5.03312   1.64719   4.04543    3341   23
   108   0.27604   0.70178   0.12054    1109   13
   109   1.96834   1.53319   0.72916     387    8
   110   3.61715   1.00475   4.52476    3034   22
   111   5.07461   1.72863   5.70198    1362   13
   112   3.44642   2.51587   3.03266    3022   21
   113   0.10136   0.53026   3.41329    1723   17
   114   5.12764   1.64503   2.47187    3037   18
   115   0.40415   0.54882   4.67616    2568   18
   116   0.52500   2.19776   0.02644     885   15
   117   0.51190   2.27427   1.67027    1793   18
   118   5.04461   1.72666   0.97531     731   11
   119   5.19857   1.66146   1.03510     363    9
   120   5.10584   1.68564   5.50934    1288   15
   121   3.66540   2.57073   3.18356     391   12
   122   0.43903   2.15900   3.34338    2471   15
   123   4.97861   1.67078   0.97924     421    9
   124   2.05061   1.55669   5.38456     608   13
   125   5.08703   1.77139   5.69845     603   10
   126   5.00512   1.65779   5.57161    1046   15
   127   0.42025   0.64104   1.45858     940   11
   128   0.20828   0.55783   4.83401    2255   17
   129   1.97442   1.56291   0.61776    1469   16
   130   0.38678   2.08215   3.23755    1061   13
   131   0.32339   2.21479   6.24192     404    7
   132   0.38678   2.08215   3.23755     705   12
   133   3.60633   1.04088   1.37722     618   11
   134   3.56338   0.96713   6.16131    4209   21
   135   3.73088   0.87621   4.58006    4279   21
   136   0.31656   2.19021   6.25043    1189   15
   137   0.29858   0.66693   1.56504    2399   20
   138   5.06704   1.72391   0.96543    1951   14
   139   5.15616   1.61712   4.12366    1195   15
   140   3.62090   0.94916   1.46586    1122   12
   141   0.33935   2.11409   4.70363    4361   29
   142   1.91054   1.45119   3.68934     857   11
   143   3.60633   1.04088   1.37722    1917   16
   144   5.06227   1.65511   4.01932     603   11
   145   0.33980   0.66774   1.58513    1392   12
   146   3.60633   1.04088   1.37722     675   12
   147   0.46229   0.66782   3.18700    1619   15
   148   1.88185   1.55351   0.59802    1310   16
   149   3.34800   2.52754   6.08785    1643   16
   150   1.95079   1.43496   2.22111     632   10
   151   5.23371   1.61596   5.65003     535   10
   152   1.90185   1.48566   2.17316     537   10
   153   0.43389   2.10087   0.09237     571   10
   154   3.50261   2.40725   3.05607     496   11
   155   0.19809   0.72591   4.96071    1652   14
   156   0.00000   0.00000   0.00000    2291   15
   157   3.61686   2.59971   0.07119    4883   25
   158   3.35707   2.57262   6.07494    1224   13
   159   3.36549   2.47092   2.92544    1086   11
   160   1.83923   1.49763   5.27640     805   11
   161   3.62187   2.57897   3.16039     278    7
   162   0.51794   2.18089   0.23994     364    9
   163   1.88185   1.55351   0.59802     556    9
   164   5.14649   1.63701   2.60838    1233   12
   165   3.43401   2.52297   2.92582    1197   12
   166   3.67386   0.89994   6.12629     628   12
   167   5.09172   1.78714   4.04764    2214   22
   168   2.05399   1.56696   0.64324     773   11
   169   0.31204   2.12797   3.13559     620   12
   170   1.98374   1.54756   0.69038     487   10
   171   3.44027   0.93723   4.72900    2195   17
   172   0.19082   0.74009   0.27341     388    7
   173   3.28519   2.52575   4.39025    3607   21
   174   5.08193   1.65293   0.98139     451    9
   175   0.32339   2.21479   6.24192     364   10
   176   0.39732   0.70111   3.21910    2310   18
   177   0.28881   0.77725   1.55883    1071   12