     1   0.00000   0.00000   0.00000       0    0
     2   1.41621   2.13529   3.61980    3367   17
     3   0.41587   0.51989   2.33530    1228   11
     4   3.46691   2.52577   5.28808    3369   14
     5   4.67101   1.04511   2.60228    1680   14
     6   5.93493   2.08925   1.09799    2138   19
     7   1.36359   2.14502   5.15568    1541   12
     8   0.55869   0.75741   0.67573    3352   20
     9   1.29933   2.00625   0.54656    1356   13
    10   3.76728   2.58576   2.56798    2992   16
    11   6.01540   1.97858   4.35595    1079   11
    12   5.83263   2.02748   1.10946    1086    9
    13   2.79012   1.27262   2.08483    3064   16
    14   3.56537   2.52481   2.44165    2147   14
    15   2.59048   1.15751   3.67614    3767   15
    16   3.56952   2.53087   0.78768    1581   13
    17   2.64367   1.15132   5.25135     631    8
    18   4.38095   1.06567   4.26363    1960   12
    19   0.31485   0.63444   5.53455     843   10
    20   3.59973   2.50838   0.78419    2742   16
    21   3.81074   2.47724   5.67802    1444   12
    22   2.62244   1.12286   1.98790    2570   15
    23   1.34045   2.13785   2.05258    3256   16
    24   5.83263   2.02748   1.10946    1010   11
    25   3.53928   2.60810   3.77569    1191   10
    26   3.66308   2.56744   0.90832    3374   18
    27   5.71849   1.98043   2.59594    1882   15
    28   3.81210   2.49800   5.65440    1881   12
    29   3.54373   2.44360   2.37338    1329   11
    30   5.92123   1.98585   5.68793    1265   11
    31   3.68855   2.48983   3.88613    3165   19
    32   0.39444   0.58179   2.45366    2454   15
    33   0.46463   0.53305   2.24019    2599   12
    34   1.26963   2.07501   2.00307    1494   15
    35   2.85612   1.22060   0.37168    3511   20
    36   2.83028   1.24836   0.48788    5165   23
    37   0.44713   0.74955   3.81194    2357   13
    38   4.51961   1.15502   4.19969    2097   13
    39   0.55869   0.75741   0.67573    1156   11
    40   2.64367   1.15132   5.25135    1779   13
    41   3.95652   2.49756   1.04347    2008   14
    42   5.70070   2.04367   0.97638    3717   17
    43   2.61716   1.18462   5.12583    1539   14
    44   2.64367   1.15132   5.25135    1626   14
    45   4.35779   1.13568   1.16369    1072   11
    46   3.53928   2.60810   3.77569    1064   13
    47   1.22206   2.00815   2.00131    4447   19
    48   4.57832   1.21414   2.70787    1970   16
    49   5.83263   2.02748   1.10946    2144   14
    50   1.31699   2.02038   0.39770    2417   16
    51   0.60981   0.71001   3.76142    2174   11
    52   2.73853   1.05281   5.11633    1783   13
    53   2.63039   1.27059   0.54773    1563   13
    54   0.55869   0.75741   0.67573     876   11
    55   0.38798   0.68183   5.46132    1824   12
    56   4.61627   1.25266   2.63089    1414   13
    57   3.61246   2.52967   2.47104    2375   16
    58   4.48730   1.16666   1.10155    3632   17
    59   2.78620   1.13644   2.09583    2279   16
    60   5.87250   1.98748   0.98744    1807   13
    61   4.65388   1.04153   5.77165    1633   14
    62   0.64905   0.61373   5.44521    1689   11
    63   4.45718   1.13571   1.20863    2528   14
    64   0.56668   0.67718   3.76050    3811   19
    65   0.25692   0.66054   0.95238    2110   14
    66   2.64367   1.15132   5.25135    2492   16
    67   4.59312   1.09964   4.25143    1093    9
    68   2.63169   1.17656   0.49929    1127   12
    69   1.40699   1.90190   2.15501    1245   11
    70   1.29933   2.00625   0.54656    2022   13
    71   3.76131   2.61060   4.06214    1058   11
    72   0.53963   0.65407   2.34559    2206   13
    73   3.95652   2.49756   1.04347     368    7
    74   1.26333   2.04508   0.34790    2246   15
    75   0.78067   0.59240   3.66289    2076   14
    76   0.73859   0.54300   0.62669    3569   17
    77   2.86794   1.17873   5.16328    1632   13
    78   0.56665   0.63252   3.85913    3178   14
    79   0.53254   0.63691   2.33257     783   11
    80   0.54050   0.69775   2.35641    2155   13
    81   2.76866   1.09641   2.04739     970    9
    82   4.41161   1.08226   2.76301    4997   21
    83   2.78977   1.26576   3.62970    1656   12
    84   4.57672   1.12163   4.25265     700    7
    85   1.31975   1.93778   3.60014    3865   19
    86   2.78977   1.26576   3.62970    3368   17
    87   1.41628   2.05468   5.22031    1646   13
    88   2.64367   1.15132   5.25135    2764   12
    89   3.95652   2.49756   1.04347    1801   14
    90   5.90101   1.94253   5.77371    1555   13
    91   5.83263   2.02748   1.10946    4288   22
    92   1.37426   2.00082   3.61037    1221   12
    93   3.78023   2.62940   5.72459    4667   19
    94   5.83263   2.02748   1.10946     456    9
    95   5.83263   2.02748   1.10946    3708   17
    96   3.47209   2.43876   0.75418    5363   22
    97   3.56537   2.52481   2.44165     766   10
    98   4.57672   1.12163   4.25265     760    7
    99   5.82576   2.02210   5.63737    4293   21
   100   5.79435   2.06278   0.97913    1237   12
   101   0.55657   0.59872   2.39302    1954   14
   102   2.71322   1.24394   0.60166    3178   18
   103   4.44772   1.14660   4.36655    2387   17
   104   5.85473   1.98030   4.30743     878   10
   105   3.59725   2.44870   3.81377     455    8
   106   2.63747   1.09887   3.64061    5855   22
   107   2.73112   1.17177   0.45743    4795   19
   108   0.57806   0.55365   5.30130    2915   16
   109   5.82120   1.94886   4.21586    2293   15
   110   2.84850   1.22854   5.27926    4044   19
   111   0.80300   0.60430   2.03888    2645   15
   112   5.93546   1.91686   2.68445     913   11
   113   3.56537   2.52481   2.44165    1298   12
   114   5.85473   1.98030   4.30743     549    8
   115   1.43737   2.11187   3.71385    1521   11
   116   4.52548   1.15958   5.78908    2524   16
   117   1.25624   2.07694   0.49457    2927   15
   118   3.78091   2.60839   5.64606    5278   21