     1   0.00000   0.00000   0.00000       0    0
     2   5.72054   1.25717   0.32864    1139   15
     3   0.60196   1.80383   5.24786    1365   19
     4   4.24380   2.48189   3.71840    1776   21
     5   3.58109   2.35664   3.92492     731   12
     6   0.73190   2.99770   1.49326    1111   12
     7   1.53415   2.40328   1.46268    1087   13
     8   0.41688   2.20530   4.05189    1150   12
     9   0.31155   0.55795   4.93068    1485   18
    10   3.83968   0.53901   3.27141     892   14
    11   5.80198   1.73161   1.69663    1248   13
    12   4.09103   2.88241   1.17087    1622   16
    13   4.41302   1.02947   3.24989     942   12
    14   0.16291   0.92223   5.17883    1205   14
    15   5.27201   0.89428   4.28474    1957   18
    16   1.02977   2.75004   5.06018    1104   14
    17   1.19361   2.20853   2.56952    1374   14
    18   4.30684   0.34962   5.88799    2229   21
    19   0.43280   0.90306   0.30800    1619   16
    20   1.04641   0.88968   2.43565    2414   18
    21   5.66716   1.23746   3.52219    1999   17
    22   5.71566   1.97356   4.49523    1128   14
    23   2.72174   1.29981   1.55861    1340   15
    24   3.55841   1.85890   4.73590    1784   19
    25   1.02973   1.92469   1.85978    1302   14
    26   0.08617   1.34421   5.09199    1018   14
    27   5.27460   2.11264   2.49063    1083   15
    28   2.51723   0.76736   2.86771    2095   19
    29   5.29639   2.09103   5.24469    1422   13
    30   3.23989   1.61122   3.76260    1234   16
    31   4.18918   2.36173   4.69954    1514   16
    32   0.54793   1.24672   1.20968    1299   16
    33   3.05031   0.88532   1.81167    1910   16
    34   4.74266   2.87008   4.76950    1638   19
    35   2.65819   0.45432   1.66203    1178   15
    36   4.84765   0.43698   0.08972    1675   16
    37   2.88321   2.04163   4.07807    1216   13
    38   5.21811   2.04065   5.76634     777   12
    39   3.43025   1.44752   1.31881    1411   16
    40   3.98857   2.51946   1.55646    1487   16
    41   1.60820   2.21457   5.37206    1585   14
    42   6.17133   1.67487   4.57696     749   12
    43   0.26103   1.87947   2.46934     938   12
    44   1.51052   0.91127   4.87266    1844   18
    45   0.48246   1.24804   3.47289    1766   17
    46   3.53557   2.18718   0.62880    1158   14
    47   6.08227   1.25304   1.62469     920   13
    48   5.17490   1.79956   5.44698    1496   14
    49   0.91881   1.75677   2.95672     859   15
    50   3.83942   1.15202   1.94433     890   13
    51   1.04757   0.73324   1.01750     985   14
    52   3.75874   1.52906   4.74801     799   12
    53   3.42565   2.77117   0.82490    1914   17
    54   0.15849   1.42368   3.63358    1385   13
    55   0.46799   2.76425   1.82691     992   13
    56   0.87849   1.47876   5.57835     991   13
    57   6.02040   2.09724   4.31423    1625   14
    58   3.89413   2.19640   5.87969    1442   16
    59   4.10250   1.19543   3.56841    1524   14
    60   6.11861   2.32617   0.51597    1084   14
    61   2.15612   1.03026   5.28495    1929   18
    62   1.91068   3.00081   2.50484     935   13
    63   0.39451   0.92906   3.84201    1653   17
    64   0.23732   2.74388   5.81046     945   11
    65   2.21018   0.69466   6.10756     951   13
    66   3.27472   1.86364   2.91164    1724   16
    67   1.47430   0.90078   1.65532    1267   15
    68   1.92593   2.47209   0.08561    2235   19
    69   5.50554   1.10998   5.12335     982   13
    70   2.09686   1.96645   2.87218    1437   13
    71   4.28060   1.10325   0.86672    1224   13
    72   0.95746   2.05916   0.07922    1129   13
    73   6.02668   2.01163   6.04106    1969   18
    74   4.92132   1.05307   3.63993    1061   12
    75   3.60307   0.62875   2.37782     880   14
    76   6.14036   2.19618   3.17688    1044   14
    77   5.56266   1.40640   0.21164    1164   14
    78   1.77363   1.32237   6.22433    2884   18
    79   1.84235   1.62923   0.55623    1823   17
    80   2.82363   2.15211   0.56219    1175   12
    81   6.19520   1.18738   0.76953    1410   15
    82   1.37759   1.65558   2.51535    1413   15
    83   0.65439   1.29556   4.07387    1287   12
    84   1.53967   1.81580   5.58196     563   10
    85   4.10118   1.16600   2.44097    1327   14
    86   6.11936   1.15278   0.29677    1120   13
    87   1.72540   0.77636   0.19173    1275   12
    88   4.64070   1.56730   1.75331    1539   15
    89   2.57432   0.87998   5.75565    1411   16
    90   2.12910   1.23231   2.66572    2795   20
    91   1.92598   1.78360   5.69722     979   13
    92   0.14703   2.52333   5.30476    1593   16
    93   0.99926   0.42443   0.35996    1269   12
    94   0.65874   1.62226   1.74920    1118   11
    95   0.50450   0.92502   3.67465    1132   14
    96   5.61752   1.73273   2.60761     839   11
    97   4.28985   1.12622   0.58256     784   11
    98   1.27219   1.38971   0.96700    1441   14
    99   3.23417   2.02916   2.72695    1175   13
   100   1.71643   1.24766   3.70875    1260   16
   101   4.45875   0.38651   0.27889    2026   18
   102   3.57450   2.52148   0.45979    1758   17
   103   6.21207   2.66588   2.89941    1837   16
   104   5.89469   1.64893   4.79694    1364   15
   105   5.50571   0.94970   0.96602     697   12
   106   4.42263   1.01186   3.07463     978   12
   107   3.66877   0.94333   5.46139    1398   17
   108   3.34054   0.45953   2.83398     796   12
   109   5.73956   1.35402   2.41184     947   13
   110   6.20480   0.57794   5.28839    1241   13
   111   5.65253   0.80080   1.39919    1012   11
   112   0.29648   1.34231   2.45494    1190   13
   113   3.18391   0.55888   2.94030     760   12
   114   1.58679   1.03650   5.49204    1367   13
   115   0.65194   1.26219   1.06915    1259   12
   116   0.05729   0.79844   5.23149    1157   14
   117   2.47428   0.62917   4.36105    1569   17
   118   1.98527   0.32121   1.77732    1135   14
   119   2.68490   2.50878   2.35508    1191   17
   120   6.03908   1.88256   2.51935    1306   16
   121   5.23140   2.86514   2.53136    1588   15
   122   2.66013   2.01228   2.51101    1352   17
   123   3.90090   1.70987   6.25910    1018   13
   124   4.30055   2.09288   0.39003    1237   18
   125   1.77958   2.40145   2.79717    1343   17
   126   0.72775   0.89683   1.13869     958   12
   127   3.04424   1.38069   4.03474    1851   15
   128   5.61445   1.44632   3.01031    1481   17
   129   0.38234   2.42004   0.03067     991   14
   130   4.27852   1.77436   3.48300    1308   14
   131   0.96130   2.79404   0.24036     564   10
   132   3.51939   2.27513   5.52210     865   12
   133   3.20285   1.72906   3.89902    1218   14
   134   5.40127   1.48520   0.72627    2019   18
   135   0.53808   1.79637   1.11003    1026   13
   136   4.92312   1.67047   3.95175    1285   16
   137   4.72843   0.78935   3.95566    1744   15
   138   3.69527   0.87496   4.17189    1224   16
   139   5.69252   1.73074   1.61964    1864   17
   140   5.48440   0.48999   0.69917     663   12
   141   3.59413   1.28921   3.13509    1290   15
   142   0.01049   0.88103   3.02060    1203   16
   143   3.34773   2.29485   1.59521    1100   13
   144   3.96098   1.60921   3.84879    1649   14
   145   3.59884   1.80217   0.92997     928    9
   146   5.81597   1.59871   4.07402     996   13
   147   5.26895   2.32921   2.96123    1198   16
   148   5.88580   0.52748   5.29324     723    9
   149   1.01359   0.41937   4.65823    1088   12
   150   3.22102   1.34743   1.42221    1375   14
   151   1.75906   2.07950   5.88460    1252   14
   152   0.06877   1.04306   2.18691     803   12
   153   1.59752   0.43413   5.67546    1698   19
   154   3.20075   2.35119   2.76881     854   12
   155   3.11246   0.23403   1.43787     544   10
   156   5.29478   2.81479   5.34082    1661   17
   157   1.81781   1.68067   1.36281    1974   16
   158   6.20083   1.73665   4.30155    1162   15
   159   1.20418   1.19502   3.92500    1076   14
   160   0.27370   0.40633   0.74162     794   10
   161   4.94464   1.93703   2.39442    1570   17
   162   5.10436   2.30516   0.94771    1858   20
   163   5.38364   2.55881   1.06933    1760   18
   164   6.10769   0.48852   4.85637     954   12
   165   6.09464   0.70177   3.52746    1844   17
   166   0.28214   1.88216   1.49047    1560   17
   167   4.50278   1.72787   5.64563     875   13
   168   0.70700   0.46799   5.43371     771   13
   169   1.29941   0.76999   5.25143    1363   14
   170   4.78945   1.88814   2.58558    1320   14
   171   5.95303   0.77063   4.85824    1221   15
   172   1.62463   1.34585   6.07946    1597   18
   173   3.16002   0.93746   0.82342    2544   23
   174   3.83429   1.06404   3.46696    1679   15
   175   5.12023   2.21321   0.63154    1747   15
   176   4.80565   2.07784   4.86487    1116   16
   177   0.86945   1.59558   1.27302     854   13
   178   2.52174   2.83763   0.73255    1490   17
   179   1.13618   0.55635   5.03805    1217   15
   180   4.72925   2.47994   0.14027    1371   18
   181   4.46732   2.48964   2.09360    1889   16
   182   4.58737   0.77375   5.71830    1254   13
   183   1.21919   1.50563   0.18329    1426   16
   184   2.19758   2.40044   6.02931    1835   16
   185   5.01270   0.97208   4.06836    1703   16
   186   2.19672   0.64737   3.86485     675   13
   187   0.06076   2.14994   2.22998    1060   12
   188   3.71702   2.09586   0.87318     723   13
   189   2.24044   0.16579   4.78136     679   12
   190   3.58555   2.14324   4.36557    1617   19
   191   5.04052   0.83433   4.02759    1456   13
   192   3.40884   0.27111   1.80027    1102   13
   193   5.46696   1.21772   5.30820    1383   15
   194   0.67815   1.33950   3.26808    1432   15
   195   3.87073   1.15022   1.54118    1159   11
   196   3.12783   1.91896   0.97415    1102   14
   197   2.53538   0.25728   2.66892    1417   19
   198   6.06458   0.84769   5.01404    1301   16
   199   4.57335   2.48282   3.64704    2218   18