     1   0.00000   0.00000   0.00000       0    0
     2   2.85243   1.25873   1.98272     746   12
     3   1.61530   2.15498   0.44567    1206   14
     4   0.77933   0.55707   0.69244    1307   18
     5   6.09926   1.80696   5.89343     897   13
     6   4.61150   0.98288   4.32336    1132   14
     7   4.65118   1.19698   2.75312    2702   20
     8   1.50530   2.10110   2.08053     860   15
     9   3.98885   2.52262   4.13158     573   11
    10   2.93978   1.19695   2.16598     511   12
    11   2.81206   1.22277   5.18550    1671   16
    12   4.65850   0.96454   1.15131     765   14
    13   2.89567   1.18511   2.18767     574    9
    14   3.76433   2.58194   4.01066     483   13
    15   4.08113   2.49194   4.24587     686   10
    16   0.78076   0.68371   3.85753    1018   16
    17   3.00657   1.24413   5.16621    2364   21
    18   0.71123   0.64991   5.46797     766   14
    19   3.00752   1.17899   0.59376     939   13
    20   1.50519   2.04000   3.60487     734   10
    21   3.89876   2.46269   5.71492    1008   14
    22   2.88923   1.25750   0.64531    1681   17
    23   5.97010   1.92859   4.09017     989   11
    24   4.02020   2.45174   2.61519    1254   17
    25   4.83551   1.02234   2.59446     652    9
    26   3.00701   1.18964   2.05625     690   11
    27   6.01168   1.88536   2.62655     789   15
    28   4.77431   1.11672   1.26946    2214   21
    29   2.93282   1.30851   5.35530     734   11
    30   4.56675   1.06317   1.14711     602   12
    31   0.51606   0.60381   2.37068     661   11
    32   1.64301   1.96680   1.92747    1042   14
    33   1.62242   1.92106   5.00549    2468   21
    34   6.04447   1.79464   2.65553     838   14
    35   6.16689   1.93888   4.20354     679   11
    36   4.68900   0.99809   4.25083    1923   23
    37   1.53330   1.95838   3.43794     985   14
    38   4.75089   1.19732   5.88155    1031   13
    39   6.02704   1.88272   1.02591     678   10
    40   1.61530   2.15498   0.44567    2026   17
    41   2.80479   1.17885   3.62388    1856   20
    42   6.13086   1.83012   5.66540    2252   18
    43   0.87384   0.65206   2.23102    2486   19
    44   2.93387   1.26972   2.18658    1264   17
    45   4.79255   1.07567   4.21511     885   14
    46   0.88124   0.53282   3.66937     726   11
    47   4.55164   1.07471   5.86785     399    7
    48   0.89755   0.46619   5.22647    1160   17
    49   3.65037   2.53874   5.48567    2157   18
    50   1.42366   2.15798   0.39435    1334   16
    51   6.11413   1.87738   4.24150    1282   17
    52   0.73684   0.63369   2.24047     556   11
    53   1.55412   1.94921   5.15008    1829   15
    54   1.60199   2.17770   3.66672    1217   15
    55   1.51324   2.03351   0.30704     585   14
    56   6.10945   1.91089   4.27617    1317   15
    57   0.71703   0.68249   5.38544     479    9
    58   4.06292   2.64717   2.49314     710   13
    59   6.03055   1.90816   1.00163    1278   14
    60   1.46238   2.12586   2.02293     344   10
    61   0.85694   0.66797   2.09917     377   11
    62   4.78191   1.11367   2.73729    3099   22
    63   4.72778   1.13120   2.82120     250    7
    64   4.57205   0.95756   4.34474    1812   19
    65   5.97634   1.89968   4.17313    2074   20
    66   4.76846   1.04296   5.82905     573   10
    67   2.93782   1.18361   0.43275    1295   15
    68   1.64903   1.98569   3.53100    2011   16
    69   5.96683   1.78808   2.56425    1371   15
    70   1.68119   2.07987   5.14586     493   11
    71   2.76818   1.17584   0.55571     357    9
    72   1.53563   1.98059   1.94485    1321   18
    73   1.68794   2.12613   0.49183     698   11
    74   3.02356   1.19074   3.68823    1278   12
    75   3.89583   2.51733   3.90538    1197   15
    76   1.62761   2.11560   3.59968    1314   16
    77   2.83952   1.24725   2.12497     775   12
    78   6.08436   1.85639   2.70392     655   10
    79   6.11894   2.03383   0.92801    1761   20
    80   2.95003   1.33037   0.53411    1654   16
    81   2.75619   1.15620   0.68094     849   14
    82   5.94200   1.91380   2.62780    1120   17
    83   2.89418   1.19630   0.58340     496   11
    84   6.07469   1.78055   4.14539    1244   16
    85   3.85863   2.58336   0.84222     931   12
    86   2.76818   1.17584   0.55571    1132   16
    87   3.86549   2.45094   0.87663     425    9
    88   1.43262   2.07427   1.82100     762   13
    89   2.85298   1.20068   2.18565     964   11
    90   6.12983   1.96308   5.65514     243    7
    91   3.94255   2.53544   5.60491    2168   19
    92   6.13809   1.91621   4.19312    1751   18
    93   3.66499   2.51924   3.81842    1209   16
    94   4.68351   1.06153   2.76460     563   12
    95   6.05486   2.02547   4.10627     840   12
    96   4.06614   2.61702   4.20847    1396   17
    97   0.00000   0.00000   0.00000    1214   14
    98   2.76818   1.17584   0.55571     767   15
    99   1.50986   2.03738   1.98104     703   13
   100   0.78509   0.63858   0.74941    2308   19
   101   4.69204   1.00302   1.06017     937   13
   102   6.17541   1.95265   5.84075    1153   18
   103   4.03010   2.58094   1.14410    1633   18
   104   1.59389   2.07239   0.38825     555   11
   105   0.96333   0.67334   5.19273    1266   16
   106   0.85472   0.67570   2.11831     603   14
   107   1.52155   1.99503   3.45399     450   13
   108   5.94157   1.99121   4.14729     832   13
   109   6.18817   1.86706   1.16216    1367   20
   110   2.90601   1.18743   0.51098    1376   17
   111   2.88973   1.28399   2.08742     933   13
   112   1.48478   1.95531   3.42714     633   15
   113   3.98885   2.52262   4.13158    1251   15
   114   0.00000   0.00000   0.00000     402   10
   115   0.90471   0.60117   3.75955     509   11
   116   2.89750   1.14397   3.78371     542   10
   117   5.96399   1.83694   4.19752    1380   17
   118   1.67032   2.04723   3.56705    1033   14
   119   0.80289   0.63688   0.69621     949   14
   120   0.99442   0.63254   1.88087     908   13
   121   6.15297   1.86768   5.78886    2400   17
   122   0.76857   0.60577   3.84736    2137   17
   123   4.76846   1.04296   5.82905    1447   17
   124   1.53711   2.00540   3.48753    1350   18
   125   1.61530   2.15498   0.44567     478    9
   126   4.61579   1.13840   4.35367    1363   17
   127   6.05222   1.95053   1.06664     420   10
   128   4.57834   1.12375   2.73684     952   14
   129   6.06619   1.83949   2.76124     658    8
   130   2.90667   1.26599   2.07143    1513   14
   131   1.49142   1.93584   1.89856    1156   12
   132   4.16189   2.54041   5.90865    1788   17
   133   3.87338   2.55374   2.44240     533   10
   134   4.03743   2.57540   4.27716     864   13
   135   1.39831   2.15574   0.27322    3620   26
   136   4.56892   1.00178   1.23814    2100   19
   137   6.20015   1.90696   1.20253    1291   14
   138   6.05790   1.81795   5.83854    3339   23
   139   0.68617   0.53667   2.34742    3088   23
   140   4.01456   2.43288   5.82734     605   10
   141   6.13013   1.93717   2.59573    1983   21
   142   0.81479   0.72747   2.28296     768   13
   143   4.06292   2.64717   2.49314     541   11
   144   5.94962   1.87306   1.03183    1326   17
   145   4.71371   1.01345   2.78203    1294   16
   146   4.66142   0.96278   2.84664    1042   15
   147   1.56091   2.05029   5.23443    1988   21
   148   3.72589   2.56078   0.72918     770   11
   149   6.16416   1.99485   5.89637     990   14
   150   6.03190   1.86030   4.18442     960   13
   151   2.96729   1.22135   3.69202    1839   16
   152   0.71703   0.68249   5.38544     367    8
   153   0.88124   0.53282   3.66937    1108   15
   154   4.58708   1.04042   5.96739    2091   19
   155   4.74017   1.20114   1.15726    1185   15
   156   4.70352   1.18058   5.78370     490   13
   157   0.85510   0.56188   3.60480    1387   17
   158   3.00302   1.16650   5.21466     827   13
   159   4.06292   2.64717   2.49314     587   11
   160   3.86549   2.45094   0.87663     570   13
   161   0.60892   0.60730   2.49392     962   14
   162   6.04902   1.93867   5.67915    1872   17
   163   6.12983   1.96308   5.65514     943   14
   164   3.05001   1.27276   3.68103    1456   18
   165   0.80289   0.63688   0.69621     913   14
   166   3.98333   2.69204   1.03887     686   10
   167   4.74417   1.09216   1.22070    2659   20
   168   1.50519   2.04000   3.60487     483   13
   169   0.77741   0.54444   0.67517    3476   25
   170   4.06292   2.64717   2.49314     685   13
   171   3.90008   2.60427   0.88643    4785   26
   172   4.71812   0.98883   2.82461     948   15
   173   6.00578   1.91722   4.09530     784   13
   174   1.58411   2.06012   0.50601    1446   14
   175   2.80610   1.31337   0.65862     802   12
   176   1.62264   2.14121   3.44159     545   11
   177   1.38820   2.04692   3.47366     243    7
   178   6.19546   1.88632   1.20316     899   14
   179   2.82290   1.17206   0.54412    2112   24
   180   0.90471   0.60117   3.75955     875   12
   181   0.68729   0.50742   0.62114     896   10
   182   4.02212   2.50114   2.59615    1283   12
   183   4.70805   1.05890   5.82222    1561   17
   184   4.71007   1.08696   1.18071     691   10
   185   2.83627   1.25844   5.20266     771   13
   186   0.71703   0.68249   5.38544     587   12
   187   2.85590   1.27506   5.19422    1410   19
   188   4.65172   1.04268   2.75958    1056   18
   189   0.80289   0.63688   0.69621     599   13
   190   1.49733   2.05123   1.94548    1815   17
   191   6.00481   1.90356   5.63001     712   12
   192   1.57721   2.01148   2.04890     762   12
   193   1.59813   1.91832   3.51845    1616   17
   194   1.44985   1.97055   3.41184    1156   15
   195   6.10721   1.97881   5.74378     431   12
   196   0.61014   0.67798   5.47401     493   10
   197   3.75529   2.45761   2.41699     596   15
   198   6.14700   2.00045   1.01676     608   12
   199   1.61975   2.15972   3.57960    1825   13
   200   5.96295   1.83964   4.13705    1061   12
   201   2.82412   1.24916   3.74268    1266   10
   202   4.77331   1.15915   2.78066     714   13
   203   0.88506   0.65242   5.33858     439   10
   204   6.19584   1.84146   1.06743    1717   18
   205   3.79452   2.42812   0.90269    1365   17
   206   4.70352   1.18058   5.78370    1558   15
   207   4.08257   2.50466   4.11118    1126   13
   208   1.49911   2.06257   0.36276    1141   13
   209   6.02835   2.00574   5.68881     817   12
   210   1.07403   0.65191   0.49273    1855   20
   211   2.98159   1.24874   5.11659     676   11
   212   1.57997   2.15564   3.51412     644   12
   213   3.89079   2.64393   2.54720    1144   16
   214   5.99992   2.01867   4.04287     444   12
   215   2.93178   1.30778   3.60827     836   14
   216   0.81288   0.64170   5.20928    1290   17
   217   4.72778   1.13120   2.82120    1605   17
   218   6.17501   1.92900   2.62797    2261   18
   219   0.65152   0.64166   0.81112    1200   16
   220   1.56303   2.12442   5.20349     664   11
   221   1.54498   2.08922   1.96897     689   10
   222   2.96624   1.15361   3.64694     799   14
   223   0.71703   0.68249   5.38544     574    9
   224   0.95140   0.59555   3.54346    1160   18
   225   2.92449   1.32805   2.01585     520   10
   226   3.03975   1.18381   5.14978     758   10
   227   1.42454   2.11850   1.88133    1484   16
   228   6.03393   1.94665   4.09889    1524   15