     1   0.00000   0.00000   0.00000       0    0
     2   6.02798   1.76644   2.97773    1801   16
     3   2.80229   1.47103   3.39504     977   15
     4   6.11917   1.59136   6.02720     592   10
     5   2.90386   1.36844   1.93806    1492   13
     6   1.42535   1.73410   1.72654    1349   15
     7   2.92181   1.58673   3.34597     833   13
     8   6.07285   1.75377   5.95714    2272   18
     9   5.95048   1.53934   4.50331    1298   15
    10   2.89591   1.46210   3.32929    1074   17
    11   4.60431   1.33805   6.19189    1148   12
    12   2.90579   1.41920   0.32669    4652   22
    13   0.86907   0.29397   3.64579     368    9
    14   4.58732   1.25008   4.70358     574   11
    15   6.00405   1.73758   1.30338     972   14
    16   4.24908   2.89902   1.40278    2106   18
    17   1.39744   1.77566   3.24753    3964   16
    18   4.18118   2.89360   2.79151    2117   21
    19   2.91224   1.45949   4.94158    2529   19
    20   3.73655   2.95229   2.50836     296    7
    21   6.03735   1.74162   1.40508     985   15
    22   0.28110   0.24504   1.10905     522    9
    23   4.53390   1.34601   1.42942     520   10
    24   0.63024   0.19004   2.34817    3426   16
    25   5.95685   1.72714   1.28496     343   10
    26   4.60883   1.34605   6.18501    1334   16
    27   1.47571   1.85977   4.79920     819   13
    28   6.01687   1.77036   1.43383     414    9
    29   4.61436   1.23348   3.14711    2699   21
    30   1.24605   1.79946   4.83593    1049   18
    31   6.17459   1.71224   5.99706     768   12
    32   4.44703   1.39507   3.15180    3688   23
    33   2.87293   1.55360   4.90771    1748   14
    34   4.20307   3.00503   4.41587    1151   14
    35   2.81764   1.48980   3.39448    3180   19
    36   4.38625   1.43101   6.14980     759   10
    37   4.54728   2.94468   0.13406     284    8
    38   4.52900   1.38831   1.38516     693   11
    39   4.01329   2.90309   1.08448    2382   15
    40   4.52222   1.40613   6.06732    1816   20
    41   0.92063   0.29300   0.54122     385    9
    42   2.89264   1.42166   3.41749    2922   19
    43   0.78300   0.20572   2.10968     884   14
    44   4.54700   1.36444   3.00449    1684   11
    45   2.85567   1.50387   1.81259    1456   15
    46   1.13969   0.35341   3.43223    1079   13
    47   2.91775   1.42193   4.91709    2781   19
    48   4.48430   1.34654   1.33965    1312   14
    49   4.56477   1.29873   1.36557     526   11
    50   0.86907   0.29397   3.64579     703   10
    51   6.05326   1.79267   1.20723    1604   14
    52   1.14362   0.29514   3.42739     318    8
    53   4.58127   1.34512   6.23280    5490   24
    54   5.95745   1.60540   1.21577    1354   16
    55   6.14836   1.64700   1.40033    1098   13
    56   3.42998   2.91823   3.66964    4028   27
    57   6.07630   1.56049   5.97461    1318   16
    58   4.38572   1.37988   1.58863    2442   14
    59   0.60410   0.27659   5.55697     504    8
    60   0.49751   0.28822   4.05654     702   10
    61   2.89073   1.49735   4.81489     473    7
    62   4.62302   1.42581   3.13270    1288   16
    63   4.56477   1.29873   1.36557     675   12
    64   1.37864   1.70367   0.20453    1028   11
    65   0.63218   0.32013   0.60197    3501   19
    66   0.86907   0.29397   3.64579    2541   18
    67   2.99546   1.57452   1.70577     803   10
    68   2.93338   1.36297   4.99022    2938   18
    69   4.38683   1.33172   4.67927    1919   17
    70   2.88035   1.34998   4.93481    3472   22
    71   4.61112   1.41832   1.33330     796   10
    72   2.81209   1.51852   4.85646    3570   22
    73   3.01791   1.40323   0.18900    1222   12
    74   3.76804   2.85512   0.89987    3159   19
    75   4.32654   2.84672   1.29975    2577   15
    76   2.94214   1.51377   5.06205    1105   13
    77   1.27079   1.68654   0.07011    1687   15
    78   4.32362   2.92149   6.16486    4448   27
    79   0.95651   0.24952   0.37665    1526   12
    80   1.39575   1.70054   3.37458     369    9
    81   1.00730   0.22062   1.99643     681   11
    82   2.87759   1.50590   0.13522    2752   19
    83   2.85731   1.45715   3.41569     637   11
    84   1.34361   0.31180   1.49964    1008   13
    85   0.86907   0.29397   3.64579    1942   18
    86   2.89064   1.45050   0.33346     597   14
    87   0.87912   0.42669   0.58133    1169   13
    88   2.90005   1.36924   1.76611    1299   12
    89   6.08757   1.79815   4.35286     932   10
    90   1.24705   1.75848   3.14059    2120   18
    91   1.33149   1.77735   1.80026    5180   26
    92   3.02135   1.43688   0.19194    2814   21
    93   6.11280   1.66810   1.40709     469   10
    94   2.89073   1.49735   4.81489     493   10
    95   1.23540   0.15597   1.59454    1725   17
    96   1.34912   1.79746   3.22653     624    9
    97   4.61112   1.41832   1.33330    2518   16
    98   2.95990   1.41898   1.84807     532   10
    99   1.08911   0.32489   1.72648    1344   13
   100   6.12675   1.79593   4.49792    2081   15
   101   4.61662   1.32791   1.37754    1941   13
   102   4.53118   1.40595   4.66073     993   13
   103   6.04683   1.68455   5.95217     747   11
   104   2.89073   1.49735   4.81489     797   15
   105   4.56253   1.38818   1.49987     909   15
   106   6.09849   1.62085   4.41202     317    7
   107   6.08078   1.65893   2.87127    1562   12
   108   5.94062   1.64422   2.79236    1758   16
   109   1.43802   1.90093   3.28599     499   10
   110   4.13149   2.97320   4.25241     454    9
   111   4.47237   1.34086   3.06725    2590   15
   112   0.70673   0.33583   3.75333    3281   19
   113   0.86907   0.29397   3.64579     396   11
   114   6.12626   1.67452   1.28175     566    8
   115   6.03375   1.68230   5.96947    1135   12
   116   2.95202   1.44052   1.70017    1901   22
   117   6.07630   1.56049   5.97461     290    8
   118   1.50283   0.12983   4.67019    1197   14
   119   4.21253   2.85727   2.94235    3762   30
   120   1.12343   0.18392   1.78138     835   13
   121   0.62132   0.24082   2.24812    3069   22
   122   2.86162   1.35104   0.25571     620   11
   123   4.54728   2.94468   0.13406     400    8
   124   4.38625   1.43101   6.14980    1222   15
   125   2.93751   1.33974   4.92079     675   12
   126   1.32613   0.14562   4.78602    1629   16
   127   4.05630   2.77708   4.29568     609    8
   128   1.19465   0.30450   1.62804    4611   22
   129   6.04072   1.57607   2.83774     936   11
   130   2.99546   1.57452   1.70577     775   13
   131   5.98415   1.74298   4.58170    1128   13
   132   4.60427   1.40125   1.38947     723   12
   133   5.95732   1.73019   2.84725    3842   21
   134   0.86907   0.29397   3.64579     611   11
   135   4.10879   2.82990   4.21636    1050   11
   136   1.02421   0.36670   3.52948    2165   16
   137   6.17800   1.73638   1.45606    4124   22
   138   4.60427   1.40125   1.38947     630   10
   139   1.31778   1.86146   1.66847    3958   19
   140   4.61112   1.41832   1.33330     396    8
   141   4.53533   1.29076   1.43092     953   13
   142   4.56477   1.29873   1.36557     730   10
   143   0.76837   0.23144   0.71415     442   11
   144   0.74231   0.24723   0.72072     579   11
   145   0.94854   0.31852   0.29898    1721   15
   146   1.16013   0.24812   0.19373    1250   16
   147   1.41628   1.90804   1.57654     786   12
   148   0.91642   0.32180   3.55541     794   11
   149   4.38625   1.43101   6.14980     334    7
   150   2.89791   1.35414   0.22811     390    8
   151   4.54728   2.94468   0.13406    1330   17
   152   0.85714   0.29832   3.61240     892   14
   153   6.16561   1.79144   1.31400     779   15
   154   1.08194   0.34504   1.90034    1536   13
   155   0.95111   0.10920   1.99280     677   10
   156   4.59871   1.39317   1.54712    1940   16
   157   4.19101   2.88321   1.16502     428    9
   158   0.92718   0.28776   5.23225    1651   15
   159   3.93745   2.86958   0.93242    1846   14
   160   4.18138   2.82057   1.17087    1315   15
   161   5.95048   1.53934   4.50331     847   16
   162   4.30790   2.86984   1.31472     713   10
   163   6.17195   1.59871   6.09817    2048   20
   164   2.93473   1.33128   3.29813    1272   16
   165   1.38158   1.81301   0.17233     483   11
   166   0.67269   0.32617   3.92709     417   10
   167   1.40698   0.32211   6.27104    2151   16
   168   2.98617   1.57118   3.33923    5546   25
   169   0.26021   0.27132   4.17987    2067   15
   170   2.87769   1.52417   0.25205     694   12
   171   6.09846   1.68240   1.29739    1746   14
   172   4.57886   1.25653   6.11444     679   12
   173   0.57854   0.27392   2.35695    2407   24