     1   0.00000   0.00000   0.00000       0    0
     2   3.24564   0.66828   3.49298     912   13
     3   5.84279   1.59161   3.98292    1161   12
     4   0.23198   1.96450   0.24991    1736   15
     5   0.98464   1.90196   1.65963    1728   17
     6   2.12269   2.46832   3.20612    2131   18
     7   1.50396   3.02714   3.77409    1171   13
     8   5.69249   2.63923   0.59811     918   13
     9   1.19805   2.43327   2.44488    1575   16
    10   1.55007   0.67062   6.16140    2311   17
    11   5.57869   1.87858   6.04380    1133   14
    12   2.34568   0.79732   1.30871    1299   14
    13   4.99447   1.64334   2.23214    1810   19
    14   2.14555   1.80982   4.34763    1335   15
    15   4.13402   0.35232   1.80264    1121   17
    16   0.38244   0.66738   3.68061    1212   15
    17   2.72317   1.39400   4.41739     746   13
    18   4.85245   1.50857   2.75797     721   13
    19   4.05011   0.72090   3.69179    1276   15
    20   1.47183   1.94100   0.71085    1499   16
    21   3.18777   1.16796   4.64203    1344   17
    22   1.79107   2.10204   0.08362    2071   20
    23   1.80853   2.14860   1.27722    1124   13
    24   1.49402   1.59462   0.50909    1266   18
    25   4.67629   1.93173   3.25680    1914   17
    26   2.24914   1.74406   1.80601    1034   12
    27   2.66794   0.89022   3.69242    1702   17
    28   4.88256   1.07651   4.03320    1301   14
    29   2.18950   1.13586   1.47529    1150   13
    30   3.71016   2.74175   0.77117    1145   13
    31   0.58752   1.57543   0.11521    2294   22
    32   5.47511   1.45670   3.68259    1738   15
    33   2.01459   1.50962   3.13535    1272   15
    34   5.53742   0.43062   3.58875    1538   15
    35   5.46694   2.58167   3.93147     779   12
    36   1.66884   0.83894   4.79977    1031   16
    37   1.55782   1.96396   3.33595    1489   16
    38   5.59447   0.72512   0.18209     999   12
    39   2.21663   2.03259   4.31333    1361   13
    40   1.64970   1.59815   1.36433     606   14
    41   0.19633   1.61631   1.39991     712   12
    42   2.82313   0.76914   0.30512    2462   19
    43   1.23515   2.00205   3.03059    1733   14
    44   3.06056   1.32325   1.60136    1162   13
    45   5.56721   2.17212   3.72590    1882   18
    46   6.11509   1.69049   3.78984    1313   17
    47   1.00314   2.37852   2.16098    1514   16
    48   5.43188   2.04330   0.88382     976   10
    49   0.09256   1.25636   2.37392    1258   16
    50   4.65250   2.33530   4.66426    1357   17
    51   2.49475   2.11443   0.47160     984   14
    52   2.56363   1.14563   6.25756     885   13
    53   4.91441   1.59360   2.48800    1488   16
    54   6.16263   2.73834   4.46731    1120   16
    55   1.23890   2.50807   0.45477    1049   15
    56   2.98023   2.38982   3.10584    1364   15
    57   3.27512   1.99749   0.95832    1645   19
    58   5.52158   1.06396   0.17364     972   12
    59   0.59207   2.32108   0.40864    1176   15
    60   5.32454   0.82322   3.35192    2085   20
    61   4.73380   1.52557   2.03135    1112   15
    62   4.23076   1.27558   3.25126    1651   13
    63   5.03271   2.03218   2.38428     602   11
    64   2.89509   2.36670   4.15180     824   13
    65   5.93358   2.36623   0.48672    2387   22
    66   5.80953   0.97942   4.26659    1385   15
    67   2.54257   1.89383   0.97062    1061   15
    68   2.75528   1.62791   0.94003    1100   16
    69   6.23460   1.01320   3.29958    1120   13
    70   2.90421   1.58722   5.10206    1669   19
    71   5.17172   1.61366   5.20209    1179   16
    72   2.87128   1.17209   0.97154     966   13
    73   0.26171   0.73555   5.16222    1259   13
    74   2.31615   0.11492   5.52380    1278   12
    75   5.25290   1.77244   2.50477    1448   13
    76   6.10774   1.62354   3.16682     982   13
    77   3.91490   1.46249   3.99639    1425   15
    78   2.67467   1.37333   4.93277    1001   12
    79   1.84085   2.25535   2.93951    1298   13
    80   5.31599   2.69962   0.29659    1506   14
    81   3.80915   0.49395   6.15774    1127   16
    82   6.08983   1.64099   3.72157    1640   15
    83   3.07648   2.35867   5.04311    1580   16
    84   0.10260   1.23848   1.37436     811   12
    85   4.75077   2.53093   2.49038    2270   22
    86   3.40766   2.32950   4.14088    2176   19
    87   0.18501   1.64471   3.30537     944   14
    88   3.21115   2.77415   0.33334    1322   14
    89   1.30710   2.74892   0.04568    1707   17
    90   0.93749   0.96730   4.72414    1643   13
    91   3.54310   2.45579   0.12958    1271   13
    92   4.43693   0.95554   6.12016     753   11
    93   6.01000   1.38851   5.32283    1130   13
    94   2.68841   1.43384   5.31567    1634   16
    95   1.68019   1.30360   0.65056    1181   14
    96   6.16478   2.56024   5.99660    1247   16
    97   2.21944   2.42771   1.10664    1022   15
    98   3.31191   1.82035   4.06799    1483   16
    99   0.36086   2.31577   2.65888    1692   20
   100   1.03191   0.94926   0.67504     789   12
   101   5.25286   2.65285   0.63350    1554   16
   102   3.92164   1.22561   4.76093    1075   11
   103   4.05675   2.27094   3.33469    1454   14
   104   5.78481   1.52826   3.30117     528   10
   105   0.09135   1.38421   0.95571     899   15
   106   0.91362   2.19386   4.20430    1678   14
   107   0.67705   0.41344   0.26508    1322   14
   108   5.44800   1.21036   5.46842    1118   15
   109   5.90553   2.04398   3.12156    1170   13
   110   5.41441   1.08745   4.29971    1264   16
   111   5.52691   2.51229   2.49629    1769   17
   112   3.25903   0.41466   5.29960    1551   16
   113   0.92293   1.37084   6.12255    1264   14
   114   0.26612   2.53883   4.44856    1894   15
   115   0.82399   1.06624   4.48956    1165   12
   116   4.43980   1.19086   0.70730    1456   15
   117   3.43648   2.94718   3.92235    1185   14
   118   0.85961   2.33892   3.12469    1394   17
   119   0.27752   0.82696   4.47061    1004   12
   120   2.90385   2.26015   5.08945    1084   15
   121   4.87442   1.90995   0.65731     619   12
   122   2.66217   1.20929   3.15930    1199   15
   123   0.94539   1.70675   3.86209    1711   18
   124   1.02623   0.47372   0.60836    1133   15
   125   1.46174   2.05468   5.01681    1297   14
   126   3.54511   1.83079   0.63811    1291   17
   127   2.84251   2.37027   4.91078    1454   14
   128   1.54836   1.59207   1.60624     959   15
   129   5.19238   1.82810   3.97486    1807   15
   130   4.06942   1.61746   2.40651    1110   10
   131   2.57752   1.79409   3.43834    2333   18
   132   0.49796   1.16369   1.68403    1338   14
   133   2.92466   1.05236   5.37501    1614   18
   134   5.40074   1.91731   4.01984    1197   15
   135   1.39415   1.03666   4.85384    1027   12
   136   5.58816   1.68130   2.31917    1302   15
   137   4.33714   1.39870   1.45002    2415   21
   138   2.48465   0.75243   1.45045    1519   18
   139   2.60399   1.78319   2.74612    1057   15
   140   1.55027   1.58052   5.61558    1240   15
   141   5.01595   2.79440   4.17812    1484   15
   142   5.68268   0.77573   4.02677    1351   15
   143   4.17561   1.39784   2.85996     973   10
   144   1.85034   2.93582   4.46881    1323   14
   145   2.33357   1.07931   0.78398    1550   18
   146   1.55856   0.74420   3.44916    1778   16
   147   5.62899   1.17803   5.87681     952   15
   148   5.38556   0.72889   2.31528    1287   13
   149   0.19734   2.12810   3.66797     708   11
   150   2.82432   2.22554   6.02258    1328   14
   151   3.63669   0.84201   2.58360    1138   14
   152   2.83808   1.10930   2.57846     807   13
   153   4.68741   2.26718   6.28091    1321   15
   154   5.53283   1.73107   4.24046    1769   17
   155   1.38579   1.17855   5.09982    1844   20
   156   2.59335   2.99578   5.75330     933   10
   157   4.49187   1.50777   4.35944    1098   11
   158   3.35257   1.84554   4.46018    1278   13
   159   2.41519   1.45197   1.40357    1876   19
   160   1.20227   1.16940   5.86194     924   14
   161   0.95802   1.79100   5.41418     783   10
   162   2.80827   1.63371   2.02638    1391   13
   163   2.33398   1.79420   4.30862    1677   17
   164   0.28547   0.67654   2.41249    1526   14
   165   2.40045   1.67001   0.62239    1671   18
   166   3.72320   1.42065   0.23020    1152   13
   167   5.15444   1.63855   5.74228     630    9
   168   1.92498   2.52732   1.67014    1256   16
   169   3.17878   0.08115   4.03158     703   10
   170   4.61429   2.43810   2.26590    1807   15
   171   4.66532   0.75212   2.16279     889   11
   172   6.22274   1.50900   1.75363     971   13
   173   2.09036   0.91542   4.57286    1003   15
   174   5.71235   1.44253   3.13807     752   10
   175   5.47466   1.68873   0.61586    1200   17
   176   5.37932   1.31854   6.27850     862   14
   177   1.88577   2.59506   3.62148    1313   15
   178   0.74571   2.53348   1.53687    2644   21
   179   5.51567   1.74632   0.26420    1295   16
   180   1.91619   1.84699   5.37655    1349   14
   181   5.74753   1.41826   0.56867    1015   11
   182   5.50337   1.56714   5.67285    1492   13
   183   3.52893   0.98448   3.19024     825   13
   184   0.23638   0.64856   1.93960    1125   15
   185   4.89266   1.35446   5.37740     835   13
   186   3.61877   1.53708   1.71049    1579   18
   187   1.06969   1.25910   2.16850    1453   16
   188   3.91973   0.54716   1.39914    1669   19
   189   3.92301   0.99267   4.79394    2481   19
   190   3.97274   1.69984   1.62179     807   12
   191   2.36054   0.94434   0.51731    1149   16
   192   2.29580   1.10914   3.61584    1265   14
   193   4.30374   1.99199   4.54509    1350   17
   194   1.89917   2.16851   5.62817    1806   17
   195   4.50962   2.54339   3.31997    1045   14
   196   6.21143   1.91930   3.54261    1464   14
   197   1.78356   2.48612   5.30553    1415   13
   198   1.07153   0.41957   3.85274     904   12
   199   3.66052   1.92849   3.12862    1654   17