     1   0.00000   0.00000   0.00000       0    0
     2   3.07392   3.01281   1.79493    1119   15
     3   3.20041   1.78773   3.98462     961   14
     4   0.00434   0.74716   5.12045     958   14
     5   3.17869   1.68077   2.27847    1000   11
     6   0.29427   1.64766   0.40840     922   11
     7   5.86096   2.53887   6.00297    1955   21
     8   0.94711   1.01748   3.35511     907   17
     9   5.23667   1.79931   4.55369    1362   12
    10   2.47733   1.40802   4.38172     780   12
    11   5.60271   2.63374   2.85580    1074   14
    12   4.22184   2.36136   3.35117    1299   13
    13   5.74026   1.81755   2.93054    1316   12
    14   0.84539   2.02028   3.58344    1755   15
    15   2.33710   0.69986   0.60976     834   12
    16   1.31264   2.07328   0.26206    1238   14
    17   3.77280   1.31700   3.92710    2978   22
    18   5.89227   1.94890   5.56015    1444   15
    19   0.33852   1.59906   0.01811    2424   20
    20   6.07837   0.95910   2.50670    1049   16
    21   0.05922   2.47427   3.44758    1033   16
    22   2.34625   1.11381   1.55633    1331   18
    23   5.16091   2.19576   3.60826    2169   20
    24   2.07828   2.32253   4.87103     990   12
    25   2.24779   2.50664   5.49022    1067   12
    26   3.89541   1.97370   0.79185     841   13
    27   3.22608   2.02947   5.98205     894   13
    28   0.88208   1.08197   2.07433    1376   14
    29   1.65372   1.24013   5.68679    1033   13
    30   1.94775   1.99007   0.18037    1188   16
    31   4.30423   1.22547   4.40418    1877   19
    32   0.18828   1.32633   2.21226    1230   16
    33   4.36385   1.24715   2.60264    1594   20
    34   4.97889   1.11948   1.01715     775    9
    35   2.45473   1.22616   1.63395     797   11
    36   5.95150   2.32224   3.05771    1146   14
    37   4.42852   1.89490   1.14587    1766   21
    38   0.68800   1.16329   5.83582    1751   21
    39   2.22080   0.82338   1.45585    1928   20
    40   5.84218   1.87084   2.95413     914   16
    41   3.49111   1.61643   0.07994    1385   16
    42   1.92968   0.89058   4.90549    1600   14
    43   2.63183   1.33960   2.76554    1469   14
    44   5.18695   1.67545   6.08889    1737   17
    45   0.98569   2.92883   1.06280    1431   16
    46   3.42013   2.25174   0.73303    1161   11
    47   0.52120   2.12558   2.22596    1264   17
    48   3.92882   1.22618   5.75803    1976   16
    49   0.96504   1.96280   6.16801    1764   17
    50   5.37384   1.18363   1.48469    1247   17
    51   4.05191   2.32394   5.08639    1108   11
    52   1.73045   2.31772   0.87110     640   12
    53   3.84738   2.77416   2.41811    1908   19
    54   1.68662   2.70886   4.27813    1762   18
    55   0.71329   0.54387   2.03307    1331   14
    56   6.10427   1.26874   4.68021    1556   16
    57   1.43709   2.26790   2.25908     788   13
    58   5.13178   2.12269   4.59697     696   11
    59   3.56705   1.75934   4.01127    1454   15
    60   5.25177   0.85843   4.89427     957   11
    61   0.66829   1.05956   5.29619    1539   15
    62   3.14017   1.17727   3.04428    1555   14
    63   3.25110   2.07252   0.03809    1051   12
    64   2.35194   1.35410   4.99146    2807   25
    65   1.18534   2.09780   1.89205    1481   15
    66   4.40965   1.95688   1.04594     923   13
    67   5.60629   0.39851   0.54273     584   10
    68   3.43532   1.48698   3.57127     990   13
    69   0.11330   0.58708   1.72485    1274   15
    70   4.54486   0.31228   1.75228     641    8
    71   0.25497   2.69279   2.56408    2176   18
    72   0.65306   1.36228   0.82008    1641   16
    73   6.00223   1.25938   1.39652    1695   17
    74   0.88933   1.91039   4.28950    1477   18
    75   0.09366   2.37914   5.90600    1770   15
    76   5.01222   2.85224   5.52506    1612   15
    77   1.71636   2.36948   2.78026     920   13
    78   5.58580   0.26552   3.88562    1030   12
    79   2.14365   1.81817   0.25991     970   10
    80   1.69446   0.89738   2.77790     963   11
    81   5.38077   0.86236   5.49772    2027   19
    82   5.01542   0.69441   5.83284    1290   16
    83   2.42390   0.86407   0.10374    1058   12
    84   1.98602   1.86647   2.89042     872   14
    85   0.94922   0.95625   0.74473    1215   14
    86   2.65532   0.32374   5.36482    1386   14
    87   2.90298   2.32608   0.72841    1568   13
    88   5.43691   1.57674   5.26677    1453   18
    89   2.54501   1.00883   0.34483    1110   15
    90   3.77829   1.21338   0.68302     848   14
    91   6.09689   2.29418   0.74887    1029   14
    92   5.65693   1.11324   3.25178    2385   17
    93   4.08702   0.42942   5.51931    1316   16
    94   1.43016   1.80805   6.28139    1980   20
    95   2.91806   0.04999   5.23045     980   13
    96   2.43828   1.28265   5.85886    1366   14
    97   2.51656   2.19598   5.82196    1402   14
    98   4.04583   0.53277   2.90512    1221   14
    99   3.45352   0.37594   0.14380    1354   16
   100   6.21359   1.72297   3.30629    1728   17
   101   3.21374   1.61031   4.91952    1234   13
   102   0.32393   0.73008   1.36591    2328   21
   103   3.78405   1.47360   5.45641    1314   14
   104   4.11106   1.49871   1.15722    1590   20
   105   0.77543   1.43718   3.16291    1693   15
   106   4.78905   0.96007   4.65708     977   11
   107   0.61414   1.81747   3.87970    2007   20
   108   1.75405   0.41069   5.44036    1740   14
   109   6.25255   2.46479   3.71983    1239   14
   110   4.73291   1.84936   5.22625     939   12
   111   4.00405   1.70594   0.94568    1901   14
   112   1.99505   0.90057   3.74992    1354   17
   113   3.65914   1.31295   1.26010    1331   14
   114   5.22665   0.86781   4.23444    1524   13
   115   2.70700   2.23084   2.81581    1068   11
   116   3.66224   1.77099   3.97481    1397   15
   117   1.40302   1.91683   3.21971    1488   15
   118   5.48940   2.13033   1.00825     911   12
   119   1.80972   0.85117   5.00026     930   10
   120   0.49432   0.66191   2.82595    1758   19
   121   3.02302   1.10793   4.82312    2716   20
   122   4.49307   1.37587   1.29119     579   13
   123   0.29612   0.87405   0.78712    1765   16
   124   4.91494   2.28623   3.68965    1352   15
   125   4.10237   1.94764   2.63731    1734   18
   126   0.22652   2.49916   3.46465    1171   15
   127   2.27253   1.27851   5.42763    1396   13
   128   1.87699   1.14280   4.27665    1326   13
   129   0.65956   1.91856   1.82143    1407   16
   130   2.28304   2.10095   0.98563    1297   15
   131   1.50118   1.95881   0.10238     812   10
   132   0.78484   0.81407   5.55089    1613   17
   133   0.69946   1.43944   4.75246    1208   11
   134   5.35851   2.17038   5.37411    2108   17
   135   4.99528   2.08680   4.18626    1283   18
   136   5.99486   1.77262   4.74134    1578   16
   137   1.37587   1.82575   3.47513     937    9
   138   5.79919   2.51120   3.97896    2036   19
   139   0.29851   1.96077   5.63392    1438   15
   140   3.45468   1.23055   5.40300    1543   19
   141   2.97973   1.44346   3.53070     792   10
   142   3.63889   0.72308   2.06868     624   11
   143   6.22470   0.79381   3.56525     779   12
   144   0.64943   2.46623   4.24233    1098   14
   145   0.54776   0.92910   1.99173    1561   19
   146   0.78257   1.56077   3.61860    1142   13
   147   3.55765   1.92210   0.57085    1250   15
   148   1.99534   1.76496   3.26413    1419   14
   149   4.64056   0.20009   1.08078    1095   14
   150   6.04396   0.80116   6.24982     872   15
   151   1.75763   0.99098   3.14720    1332   17
   152   5.68015   2.68610   0.17351    1098   13
   153   5.32909   1.61298   6.14977    1086   13
   154   1.74665   1.64756   0.54841     822   12
   155   1.63677   1.17469   1.31921    1201   14
   156   4.63118   1.03641   4.67899    1462   12
   157   3.98693   0.37709   2.75257    1334   18
   158   3.04017   0.37755   5.41947    1042   16
   159   3.94385   1.29120   3.00267    1856   19
   160   0.35194   1.55505   4.34592    1301   17
   161   4.91814   2.03243   1.23533    1605   14
   162   2.62878   0.92262   1.65983    1034   14
   163   2.26427   1.97170   4.03238    1607   13
   164   1.32679   2.42503   2.19542    1908   18
   165   2.98456   1.74446   5.80257    1206   14
   166   3.72350   1.04144   1.46072     984   10
   167   6.27975   1.03841   4.99705    1036   14
   168   0.20392   1.57915   4.08278    1284   15
   169   1.60205   1.61002   5.32494     751   10
   170   3.77744   2.44197   4.59516    1738   16
   171   4.63104   1.09477   3.02103    1070   15
   172   3.24368   2.24301   0.23870    1140   15
   173   5.88817   2.03365   2.31852    1255   12
   174   0.63917   1.07042   0.40016    1281   16
   175   5.87746   0.64391   2.92833     846   14
   176   1.31851   0.90753   5.54893     647   12
   177   2.16688   1.23421   2.21785    1536   17
   178   1.46026   1.51230   4.54331    1467   19
   179   1.42158   1.67829   0.14566    1236   14
   180   5.57451   0.45567   3.77057     976   14
   181   5.16228   1.46281   3.61326     959   13
   182   5.70371   1.44694   1.50424    1413   17
   183   5.06269   1.95282   5.45216    1549   15
   184   3.69377   2.67548   1.85507    1328   19
   185   1.45633   1.71416   2.01430    1437   17
   186   4.59359   1.73900   0.77968    1088   12
   187   5.24329   2.12542   0.90046    1500   15
   188   0.29150   1.50706   1.18752    1625   17
   189   2.25408   2.01517   2.67075     633   11
   190   2.06692   0.82850   2.11959     974   12
   191   5.68521   1.57799   5.74160    1872   16
   192   1.96793   2.09762   0.80592    1104   15
   193   2.96039   0.35675   4.97092    1768   18
   194   0.18706   1.78539   2.52066     959   14
   195   0.97376   1.94757   1.56742     951   10
   196   0.41467   0.89201   1.48000    1550   15
   197   0.86234   0.32889   0.22995    1113   15
   198   1.33791   1.30929   3.67326    1530   14