     1   0.00000   0.00000   0.00000       0    0
     2   0.70184   2.41849   3.04129     769   11
     3   0.96369   2.56688   0.07196    2192   19
     4   3.96370   0.70610   4.69977     971   15
     5   0.84136   0.95917   6.22913     803   14
     6   5.53633   1.56903   3.73541     620    9
     7   2.36269   1.57142   4.10882    1543   15
     8   0.86965   2.56704   4.66051    1704   18
     9   0.75716   0.90386   0.11315    1280   14
    10   5.54390   1.50238   3.79279    1945   18
    11   2.33998   1.65178   2.44799    1648   15
    12   3.94196   2.24639   6.26718    1955   19
    13   5.51661   1.70925   3.76873    2292   18
    14   0.00000   0.00000   0.00000     660   15
    15   0.92424   2.59320   3.21795    1179   17
    16   2.34578   1.61974   5.75905     535   12
    17   3.94116   2.16873   0.12273    1813   20
    18   3.86658   0.64045   4.88464    1412   16
    19   5.50049   1.57170   3.68855    1793   17
    20   3.95593   0.51514   0.00895     927   12
    21   0.93943   2.53505   3.18690    2347   19
    22   4.11399   0.70782   1.47829    4689   25
    23   5.45948   1.45412   2.11572     574   11
    24   0.87916   2.62997   3.15436    1670   18
    25   2.36604   1.56774   5.80124     933   15
    26   0.84370   1.04790   4.57073     631   10
    27   5.52950   1.55034   2.13330    3999   25
    28   0.67248   2.46677   1.46501     643   10
    29   4.06629   2.25150   3.12218    1191   17
    30   0.82368   1.05564   3.12228     785   14
    31   4.00920   2.21138   1.45739    1786   19
    32   3.87647   0.66069   1.63808     811   12
    33   4.07429   2.11958   0.01591     744   15
    34   0.81717   2.46753   3.11219     665   12
    35   3.96563   0.70101   1.56218     697   13
    36   5.53735   1.60628   3.79114    1556   19
    37   0.91343   1.04748   1.41370    1974   20
    38   2.32544   1.70938   5.73761    1324   14
    39   5.63410   1.59144   2.28579    1756   17
    40   0.92424   2.59320   3.21795    1608   15
    41   0.75688   0.84670   6.26301    1082   15
    42   3.93242   2.14685   3.13259    1679   16
    43   4.00345   2.12828   3.09192    1327   14
    44   3.92968   2.23906   3.12549    1458   14
    45   2.39212   1.58143   5.81538     489   10
    46   2.39423   1.69492   4.09795     400   11
    47   2.40112   1.64148   1.03127     943   15
    48   2.42315   1.52255   0.93752    1474   17
    49   0.80804   0.92542   3.12767    1296   16
    50   5.55539   1.56931   0.54154    1103   13
    51   3.87522   2.15435   3.01590    1859   19
    52   0.71246   0.95157   3.28984    1760   16
    53   4.06078   0.56041   1.45184     556   12
    54   0.71695   2.60474   1.45552    2032   21
    55   3.99404   2.22131   1.68559    1421   21
    56   0.79228   2.66987   3.06781     805   14
    57   0.91457   1.00911   4.64277     965   14
    58   5.62729   1.54401   0.65048    1527   17
    59   2.35536   1.52800   0.96432    1039   15
    60   0.92973   1.02459   3.06169     701   12
    61   3.84655   0.68002   4.87633     571   10
    62   3.92497   2.04154   1.51430     625   10
    63   0.65907   2.48515   3.03011    2229   19
    64   4.00416   0.70445   4.75466    1081   14
    65   5.56852   1.64876   0.52397     945   12
    66   3.87684   2.22020   1.50710     414    9
    67   0.77339   1.00604   3.20230     666   14
    68   5.66578   1.62315   2.11445    1108   15
    69   4.09220   0.70829   6.16257    4392   24
    70   0.68430   2.45268   2.99913     797   14
    71   0.87039   2.63720   1.53018     746   10
    72   4.00740   2.17385   4.72245     884   11
    73   5.49408   1.45324   3.67512     794   15
    74   5.51998   1.50630   5.25973     576   14
    75   3.87247   0.60074   1.64805     461    9
    76   4.06629   2.25150   3.12218    1428   20
    77   0.86901   1.00696   4.77293     505   13
    78   0.87798   2.45557   1.59196    1822   21
    79   0.80481   0.95753   6.20059     653   13
    80   0.92973   1.02459   3.06169    1150   14
    81   3.94333   2.06253   6.27003    1209   15
    82   0.77607   1.06356   0.07523    1630   17
    83   3.96580   0.65904   4.72272    1853   15
    84   4.00298   2.09436   4.64777    2709   20
    85   5.58971   1.47437   0.49883    1958   19
    86   3.96337   0.58559   0.01639    3247   21
    87   0.77605   0.98760   0.07404     699   12
    88   1.07739   2.60226   4.85588    1225   14
    89   5.50548   1.64473   2.24903     630   13
    90   5.56670   1.72356   3.78958     655   10
    91   5.48111   1.58044   0.50723     532    9
    92   5.51998   1.50630   5.25973     604   11
    93   4.00649   2.22203   4.71533     977   14
    94   3.99618   2.15992   3.22388    1619   16
    95   0.62930   2.53891   4.57971     839   15
    96   4.06629   2.25150   3.12218     758   10
    97   2.43449   1.60006   2.63266     778   13
    98   0.82539   0.97073   6.16640     538   12
    99   5.54697   1.59727   0.62205    1359   14
   100   0.91385   2.52209   3.16385    1504   13
   101   5.56088   1.50198   5.27559     661   10
   102   4.06629   2.25150   3.12218     821   14
   103   3.90735   2.16766   3.13925     751   12
   104   0.65908   2.51418   1.39546     981   11
   105   2.48509   1.62590   4.14551    3324   23
   106   0.72788   2.50299   3.08514     360   10
   107   3.86394   0.69072   4.76187     527   11
   108   3.79089   0.62422   3.31962     970   11
   109   3.89198   2.15431   1.53419     641   13
   110   2.46181   1.61507   1.05931     666   13
   111   0.68430   2.45268   2.99913     779   13
   112   0.74605   0.96855   1.68014     746   16
   113   2.42659   1.55218   4.14743     654   11
   114   4.06629   2.25150   3.12218     620   12
   115   0.86491   1.04076   3.19310    1780   19
   116   2.44525   1.68987   0.94224    1183   18
   117   4.06134   0.63382   4.64225    1648   16
   118   2.33881   1.60729   4.18836    1312   15
   119   5.51585   1.45716   0.61736    1409   18
   120   2.44632   1.66012   3.95973    2134   21
   121   0.75716   0.90386   0.11315     668    9
   122   3.98246   2.21751   1.63533    1031   13
   123   5.53917   1.61838   3.78805     626    9
   124   5.57050   1.53293   5.37336     592   10
   125   2.45683   1.48631   4.06564     503   10
   126   4.09475   2.18624   3.25295    1088   16
   127   3.86013   0.64764   3.33975    1180   18
   128   5.61490   1.50932   5.37710     509   11
   129   0.76664   2.60377   4.70870    1183   15
   130   3.88811   0.54027   1.67864     855   14
   131   2.31349   1.60367   2.49657     782   13
   132   3.91019   2.24790   6.25519    2511   19
   133   0.83315   0.98085   4.59021     759   13
   134   3.74889   0.56856   0.20606     661   13
   135   3.93464   0.52252   1.57473     738   12
   136   3.92484   2.18112   1.51527    1195   16
   137   0.85840   2.56475   6.20868    1632   20
   138   3.93461   0.65081   3.17714    1124   14
   139   2.45335   1.49362   5.77834    2206   22
   140   4.08578   0.64245   6.13164    1461   15
   141   4.07429   2.11958   0.01591    1492   18
   142   0.82807   2.66886   1.55521     411   10
   143   0.81220   2.50086   1.51309     806   14
   144   0.75594   0.98318   4.72931    2040   20
   145   4.03558   2.27218   4.69429     802   13
   146   0.81437   2.65014   4.70633    1164   12
   147   5.60694   1.71266   5.36715     850   13
   148   0.88258   2.58117   0.05620    1274   15
   149   5.53556   1.46845   0.64013    2550   21
   150   0.00000   0.00000   0.00000     608   10
   151   0.80832   2.54142   3.17644    1091   13
   152   5.46537   1.56669   0.70174     623   14
   153   5.61194   1.58802   5.27059    1393   16
   154   0.81379   2.62695   6.21435    2320   18
   155   0.78431   2.45820   1.55695     628   15
   156   0.70128   2.46609   1.37642    3836   27
   157   0.89665   2.54020   3.10355    1412   16
   158   0.94556   2.62124   3.17140     679   11
   159   3.92189   0.55501   3.12357     769   15
   160   5.61558   1.66010   2.12988    1025   12
   161   4.06629   2.25150   3.12218    1125   15
   162   3.88512   0.72062   3.18961     858   12
   163   5.63278   1.66323   5.30132     458   10
   164   0.86258   2.49503   1.60986    1049   15
   165   5.61046   1.61800   3.73955     602   11
   166   0.81147   0.98527   1.52603    1289   17
   167   3.93506   2.23543   6.19566    2858   23
   168   3.97472   0.68059   1.54593     693   13
   169   4.07429   2.11958   0.01591     968   11
   170   1.04735   2.47703   1.83006    1209   16
   171   3.89910   2.11448   6.19260    1182   15
   172   5.58678   1.64205   3.71762     915   12
   173   5.56371   1.50575   5.26483    1125   13
   174   2.34640   1.63254   4.13468     562   11
   175   5.47572   1.48921   3.76329     928   13
   176   0.63802   2.54571   3.01085     634   12
   177   4.17142   0.64042   6.14896    1124   14
   178   2.46122   1.60026   0.97510    1338   23
   179   3.93189   2.12175   4.70343     902   12
   180   3.91773   2.11987   4.74966     922   15
   181   0.64088   2.49489   1.42898     286   10
   182   4.04141   2.08455   4.75179     524   10
   183   0.94897   2.50303   3.27128    1075   13
   184   0.78006   2.58466   4.67646     442    8
   185   5.54299   1.64816   0.45098    1184   18
   186   0.87820   2.66113   3.23080     594   11
   187   3.93551   2.14096   4.76449     824   13
   188   2.46232   1.63625   4.20831    1283   18
   189   0.84582   2.50326   3.07102     339   10
   190   5.50730   1.55242   0.50698     807   13
   191   0.82056   1.09007   4.69796     386   13
   192   0.82386   0.92248   1.54838    1544   16
   193   4.02298   2.17970   1.61572     537   12
   194   2.47618   1.61127   4.05608    4813   28
   195   0.90795   0.95186   6.25162    1065   16
   196   2.35894   1.70078   5.74148    1314   18
   197   0.91343   1.04748   1.41370     879   14
   198   0.66590   2.50114   4.48729     385   10
   199   3.97517   2.21650   4.59679    1057   14
   200   4.06360   0.59712   3.15235     474   11
   201   2.46181   1.61507   1.05931     653   10
   202   4.01285   2.14930   4.84628    1120   13
   203   3.95662   0.61231   0.04405    1457   15
   204   0.92339   0.94709   4.70091     567   11
   205   0.90083   0.95557   3.05397     718    9
   206   4.11915   0.63361   1.38067     955   15
   207   0.80923   2.61019   4.74129     329    9
   208   3.89393   0.60769   1.60938    1278   16
   209   0.79664   0.93636   1.47326     643   11
   210   5.48425   1.59077   3.82057     963   15
   211   0.89310   1.09362   6.23015    3080   25
   212   5.58077   1.54576   2.11971     308    9
   213   0.71975   0.85116   4.78162     353   10
   214   2.34578   1.61974   5.75905    1257   18
   215   2.46131   1.47450   1.00457     728   11
   216   2.44935   1.61203   4.10830     878   14
   217   3.96494   2.15013   3.16747    1416   17
   218   2.51436   1.51418   2.66717    1117   14
   219   0.88604   1.07246   3.16926     413   10
   220   5.61663   1.56131   0.56556     884   15
   221   3.76332   0.55285   3.37143     819    8
   222   0.80923   2.61019   4.74129     539   12
   223   0.89548   1.08944   0.00973     587   10
   224   4.07899   2.09840   3.15797    1023   15
   225   5.54791   1.54046   5.38778    2952   25