     1   0.00000   0.00000   0.00000       0    0
     2   2.02816   1.48444   0.02308    1496   18
     3   0.33073   1.57611   1.74537    1027   11
     4   4.15018   0.23481   4.11428    1668   15
     5   3.48798   1.64010   1.54396    1784   17
     6   0.47117   1.49408   3.25361    1611   16
     7   3.52959   1.67740   4.63457    1913   19
     8   4.26041   0.20472   0.80220    1500   14
     9   1.96674   1.58965   3.19248    1686   15
    10   1.93731   1.48922   4.63315     861   11
    11   3.52174   0.14326   6.24270    1290   15
    12   2.30211   0.09041   5.90803     911   11
    13   4.34277   0.19087   0.74263    1437   14
    14   5.10389   1.64707   1.66466    2326   17
    15   0.25472   0.05672   3.34406     739   12
    16   2.64761   0.08030   4.06010    1434   17
    17   3.09222   0.14718   0.34373     934   13
    18   5.19778   1.60242   1.66159    1367   18
    19   5.17696   1.71028   0.04836    1791   16
    20   4.40837   0.16834   0.75702    1069   14
    21   5.08084   1.52411   4.79279    1094   14
    22   0.34798   1.61136   0.06418     962   13
    23   5.60038   3.03922   3.65076    1194   16
    24   1.59134   2.97760   2.66547     751   11
    25   5.03928   1.59869   4.74200    1798   18
    26   1.85781   1.51217   4.56050     921   12
    27   2.05139   1.58157   4.56284    1350   15
    28   1.94065   1.47160   0.02911    2365   23
    29   0.47390   1.51882   4.76743    1222   14
    30   5.12800   1.63881   3.25435    1490   16
    31   5.22695   1.62844   0.12918    1557   14
    32   3.60307   0.12180   3.03068    1139   15
    33   2.03173   1.66021   3.05674    1148   15
    34   1.93358   1.51867   1.60423    1485   16
    35   3.57711   1.63341   0.09076    1139   11
    36   3.49700   1.61330   4.68548    1195   16
    37   2.05599   1.60707   4.63051    1384   16
    38   0.36688   0.07091   1.48922     777   12
    39   4.86637   0.02889   3.49039    1383   14
    40   5.07359   1.47646   1.63988     811   11
    41   5.13211   1.69655   1.67104    1077   10
    42   1.36505   2.96136   1.01222    1892   18
    43   4.64771   0.14582   5.23076     829    9
    44   3.53093   1.64163   3.01365    1827   14
    45   0.49977   1.47301   6.22008     884   11
    46   0.40861   1.64203   0.07352    1495   15
    47   0.37689   1.53782   3.21283    1246   15
    48   3.61759   1.64717   4.64829    1886   17
    49   4.08644   3.10639   5.17427    1413   13
    50   1.95163   1.56011   4.59623    1335   15
    51   0.36688   0.07091   1.48922    1003   13
    52   2.06093   1.52092   1.53964    1186   15
    53   3.44459   0.04854   0.07464    1251   16
    54   3.48866   0.12197   6.25682    1891   16
    55   3.41783   1.66994   4.79276    1176   12
    56   1.48447   2.96897   2.61212    1271   18
    57   1.39326   3.01643   4.22510    1012   12
    58   5.05729   1.66368   3.18919    1450   13
    59   0.29824   1.46917   0.13346     924   15
    60   1.38678   3.01437   5.72801    1689   13
    61   0.32181   1.59728   1.60208     775   10
    62   1.83820   1.47533   3.01218    1390   15
    63   0.31391   1.43550   1.55477    1071   13
    64   5.07443   1.60208   6.21537     852   10
    65   3.63668   1.58489   4.70137    1009   14
    66   0.39544   1.61860   0.04334     941   14
    67   4.40837   0.16834   0.75702     707   13
    68   0.35905   1.58554   3.17954    2365   21
    69   3.49496   1.64384   1.64880    1147   14
    70   5.14607   1.65561   1.66061     692   12
    71   4.98977   1.70025   3.23907     774   10
    72   0.39541   1.50664   4.75902    1967   19
    73   4.97941   1.60517   4.64541     856   14
    74   0.59860   3.04765   3.31482     931   13
    75   3.54527   1.60701   3.07353    1695   16
    76   5.04093   0.13206   6.28145    2136   19
    77   5.09564   1.67369   4.80097    1640   17
    78   3.41783   1.66994   4.79276    1018   14
    79   4.97196   1.64154   1.55492    1907   18
    80   0.26661   1.50684   1.63472    1222   13
    81   3.56274   0.06805   4.55369    1294   15
    82   0.39544   1.61860   0.04334    1610   17
    83   3.53797   1.66110   4.57714    1272   13
    84   5.19163   1.69698   4.81311    1160   10
    85   5.01404   1.49137   4.76266    1519   14
    86   0.48765   1.57747   6.24449     979   14
    87   3.48659   1.56569   6.28029    1295   14
    88   3.66908   0.11648   3.07527    1507   18
    89   4.98977   1.70025   3.23907     886   15
    90   0.35035   1.44602   4.74572    2015   18
    91   1.92027   1.38790   1.62162     701   12
    92   0.47280   1.54771   4.82616    1468   13
    93   3.51813   1.53735   4.61211    1683   18
    94   6.16798   2.96659   0.94436    2157   20
    95   5.06986   3.05696   4.75960     720   11
    96   1.88422   1.47144   3.13765     994   13
    97   0.39541   1.50664   4.75902    1867   19
    98   2.09511   1.48666   6.20210    1449   15
    99   1.44422   0.03969   0.50575     992   15
   100   1.68750   3.00449   2.87767     791   12
   101   0.51369   1.47992   4.78798    2481   21
   102   5.14624   1.52886   3.16157    1079   13
   103   2.01860   0.05196   3.00157    2285   17
   104   0.76595   3.03251   5.21367    1143   13
   105   0.35173   1.56043   6.27944    1783   19
   106   3.63659   1.66423   4.71483    1535   14
   107   0.39544   1.61860   0.04334    1285   16
   108   3.68528   0.04928   4.66536    1563   18
   109   4.89052   0.16417   1.70746     959   11
   110   0.35217   1.54697   6.20181    1559   18
   111   1.30436   3.07266   5.68195    1998   16
   112   4.03137   0.21343   5.76841    2623   19
   113   0.34798   1.61136   0.06418     937   11
   114   3.52734   1.59884   0.06611     945   12
   115   3.21458   0.16948   0.27005     755   11
   116   0.63446   2.96378   1.90728    1593   16
   117   3.52281   1.66910   0.01762    1449   15
   118   3.21458   0.16948   0.27005     975   15
   119   0.27765   1.56416   3.07888    1240   15
   120   0.36588   1.60401   0.01803    2809   20
   121   5.12189   1.68466   0.04658    1091   12
   122   5.04758   1.55966   1.73328    1733   17
   123   0.38388   1.58127   3.17686    2355   21
   124   5.01415   0.04447   3.10703     933   14
   125   3.63009   1.68721   4.67971     806   13
   126   3.21458   0.16948   0.27005    1421   16
   127   3.59394   1.66566   0.06098    1768   17
   128   0.30810   1.54632   4.71873    1013   14
   129   2.05119   1.64064   3.18657     902   13
   130   0.33232   1.47700   6.20603    1155   16
   131   5.22546   1.54554   1.59313    1120   15
   132   2.87721   0.02601   2.13092    1969   15
   133   3.39954   0.13917   3.27501    1479   16
   134   3.54242   1.49581   0.06916    1229   11
   135   5.13582   1.54255   3.26246    1374    9
   136   1.83898   3.09168   1.48780     928   12
   137   2.08605   1.62605   0.01583    1055   13
   138   3.53148   1.69812   1.55167    2419   19
   139   5.09169   1.69222   3.18623    1572   16
   140   3.58891   1.61423   4.69856    1229   15
   141   5.18297   1.51633   3.15616    1047   15
   142   2.03156   1.60128   1.44381    1854   18
   143   3.61752   1.68645   3.16082    1101   14
   144   0.42708   1.46261   4.66566    1470   18
   145   0.33073   1.57611   1.74537     868   14
   146   0.00410   3.10183   1.29872    1098   15
   147   1.94966   1.50226   3.15932     776   14
   148   0.37905   3.10240   1.43494     768   10
   149   5.09012   1.50204   4.66583    1524   13
   150   0.38289   1.47488   6.26604    1267   12
   151   2.06943   1.56625   3.05637    1124   12
   152   1.98304   1.46223   3.09285    1256   14
   153   3.45391   1.75632   3.06024    1156   13
   154   5.23670   1.62920   3.24469    1271   14
   155   0.39543   1.60385   6.24078    1351   14
   156   3.63009   1.68721   4.67971    1081   12
   157   0.43305   2.97366   0.03471     971   13
   158   2.07638   2.97600   1.60810    1466   13
   159   0.34550   1.41274   3.15609    1406   16
   160   3.76910   0.16811   4.60660    1287   13
   161   4.97706   1.63563   1.66512    1242   13
   162   0.35407   3.12662   3.02911    1291   14
   163   0.36688   0.07091   1.48922     789   13
   164   2.02512   1.49763   4.61810    1048   13
   165   0.34550   1.41274   3.15609    1699   15
   166   5.15694   1.54633   4.71786    1312   12
   167   5.33361   0.14739   2.95077    1639   14
   168   0.27327   3.08808   3.14446    1660   15
   169   5.10505   1.68361   1.63156     989   12
   170   3.58108   1.63588   0.06383     642   11
   171   1.86790   1.59833   3.10551    1655   16
   172   0.69022   2.98944   3.40536    1347   13
   173   5.02579   1.66141   4.82996     926   11
   174   4.88310   0.05988   0.30607    1250   14
   175   0.37794   1.47013   6.20431    1334   18
   176   3.41062   1.53386   1.44572    2095   15
   177   1.49264   3.05114   5.91025    1235   17
   178   0.33073   1.57611   1.74537    1392   13
   179   0.61759   3.06838   1.88367    1366   17
   180   5.17520   1.60676   0.05860    1425   14
   181   3.38770   0.13854   0.03802    1260   16
   182   0.42167   1.59583   4.80710     919   13
   183   2.07913   1.51009   1.57321    2640   20
   184   0.25329   3.05427   3.02626    1156   11
   185   1.53494   3.03199   5.93114     819   13
   186   5.05143   1.64291   4.89324     978   14
   187   5.94608   0.10030   3.94904     933   14
   188   0.46038   1.63064   0.09694    1304   16
   189   5.06850   3.11713   1.49752    1407   16
   190   5.09146   1.59850   4.73360    1854   14
   191   0.69022   2.98944   3.40536     793   10
   192   4.50458   0.12265   5.28503    1420   17
   193   0.60600   0.06642   2.85556     801   12
   194   1.34565   2.96640   5.64614    1998   18
   195   4.22128   0.21036   4.02098     946   11
   196   0.57145   3.11251   1.62868     979   13
   197   1.07623   3.04912   0.62164    1551   15
   198   0.68511   3.02250   3.41460    1161   14