     1   0.00000   0.00000   0.00000       0    0
     2   0.06063   2.02534   4.80613     994   13
     3   1.53383   1.61693   5.08790    1026   11
     4   4.78838   1.61109   5.87073     990   13
     5   3.11656   1.29777   4.55026    1471   17
     6   3.08131   2.72651   6.15781    1098   14
     7   3.00055   2.65002   6.25040    1864   14
     8   0.26071   0.31386   6.07861    2349   18
     9   4.75542   1.61424   5.85797     645   10
    10   6.26123   0.51957   3.12544     916   13
    11   4.57789   1.65377   2.79959    1238   15
    12   3.15250   1.08787   4.65902     700   12
    13   3.15275   1.06472   4.71928    1185   13
    14   4.54783   1.51089   5.96108    1093   15
    15   4.78838   1.61109   5.87073    2019   20
    16   2.99381   2.86339   1.39626    1830   16
    17   5.91711   0.50749   0.32760    1134   14
    18   4.58491   1.55241   5.91188    1121   13
    19   6.24406   1.96215   4.70815    1230   14
    20   6.11903   0.37835   4.90031     753   11
    21   0.21650   0.29001   1.35301     809   11
    22   3.14910   2.68132   1.67596    1002   12
    23   6.22732   1.94889   6.23510     940   12
    24   1.54058   1.57446   2.03427    1093   13
    25   2.99174   2.80960   4.69793    1301   16
    26   4.70166   1.51699   4.34377    1121   12
    27   3.07041   1.24649   3.09955     940   12
    28   6.13590   1.87103   1.50919     910   15
    29   3.06965   1.18540   6.26728    1225   16
    30   1.41560   1.57387   5.12161    1127   14
    31   4.59470   1.63593   5.86113    1308   13
    32   6.15616   2.00587   3.23336    1228   14
    33   1.65118   1.54369   5.10751    1897   18
    34   4.64576   1.48792   5.97394    1961   15
    35   4.78838   1.61109   5.87073     945   12
    36   3.15643   2.62294   3.08119     961   13
    37   6.17481   0.36254   3.19783    1832   16
    38   1.42005   1.52600   0.39509     888   11
    39   3.21833   1.26848   1.46435    1310   15
    40   6.26042   2.07842   4.80766     925   14
    41   2.91466   2.73452   4.66009    1033   14
    42   4.55277   1.70485   2.71896    1514   15
    43   1.62795   1.49815   5.11309     904   12
    44   1.47204   1.46247   0.47903     938   13
    45   3.13578   2.66882   1.65529    1254   16
    46   6.24584   1.93212   1.68038    1781   16
    47   0.05784   1.92019   0.05736     998   12
    48   3.29055   2.78211   4.83505    1096   16
    49   6.23752   1.99392   1.71444    1682   18
    50   4.68646   1.64882   2.87988    1647   18
    51   3.06739   2.70555   0.05909    1161   13
    52   2.97757   1.08006   4.67265     943   14
    53   4.70397   1.61731   5.87831    1485   18
    54   6.25539   2.01140   4.71840    1140   16
    55   5.92589   0.41929   1.86286    1802   18
    56   3.12559   1.26067   4.65366    1783   16
    57   6.26608   2.02926   3.20991    1146   15
    58   6.18642   0.39543   0.04723    1479   17
    59   4.69254   1.50095   5.98534    1317   14
    60   6.25682   1.84935   3.20536    1165   13
    61   2.75687   2.70995   6.00691    1354   17
    62   0.16249   0.44836   6.13237    1212   15
    63   0.11777   0.52240   6.08913    1676   16
    64   2.77056   2.64821   2.85235     949   12
    65   3.17314   1.19647   3.10859    1147   13
    66   6.12404   1.95135   1.56081    1083   12
    67   2.93519   2.70398   4.55371    1512   17
    68   0.26071   0.31386   6.07861     875   14
    69   5.89791   0.39221   3.53656    1049   14
    70   6.14069   1.96796   4.69667    1133   14
    71   6.22943   0.37852   1.65688    1576   17
    72   3.15521   1.15267   6.23972    2008   16
    73   1.57618   1.52267   0.38760    2604   19
    74   6.27768   2.02250   0.02238    1169   15
    75   3.08042   1.13018   1.66049    1058   15
    76   0.05427   0.50450   4.49087     824   10
    77   3.19025   1.29757   3.00003    1547   12
    78   0.06700   1.98239   1.71638    1745   17
    79   6.05504   0.37513   1.74752     984   13
    80   2.77411   2.70207   6.06412    1044   13
    81   1.51362   1.51959   3.52824     962   13
    82   2.75144   2.68603   4.43589    1970   15
    83   3.14312   1.22741   4.66651    1974   20
    84   3.07783   2.86666   3.03772    1890   18
    85   5.86172   0.36206   1.99209    1159   12
    86   0.02948   0.42625   4.59701    2345   18
    87   0.02628   0.37312   0.05313    1626   17
    88   3.10313   1.29854   2.97420    2106   19
    89   6.24349   1.89539   3.18787    1682   18
    90   3.10527   1.19821   1.42963    1298   14
    91   3.15306   1.11813   4.70902    1885   16
    92   1.40518   1.55997   0.40157     890   14
    93   3.01931   2.68612   4.69078    1124   15
    94   0.07199   1.92817   3.22334    1064   12
    95   4.65966   1.60571   2.67474     942   12
    96   3.07813   1.17317   1.52378    1236   14
    97   2.93752   2.72707   2.92800    1747   18
    98   3.09946   2.64778   3.04097    1367   15
    99   4.72952   1.74748   4.35599    1550   16
   100   0.15849   0.44385   2.93516    1001   14
   101   3.15443   2.73940   3.16716    1392   13
   102   4.78158   1.54339   1.19108    2223   17
   103   4.78900   1.61333   1.18391     988   14
   104   4.67307   1.49814   1.16464    1520   17
   105   3.13446   1.16213   1.55247    1526   16
   106   2.95638   1.09213   4.77070    1851   15
   107   3.16164   2.70017   0.08033    1128   12
   108   0.03823   1.85921   0.13839    1475   16
   109   1.41614   1.54733   5.19221    1380   12
   110   6.28255   2.01344   4.65040    1906   16
   111   0.03571   2.07772   1.71102    1919   16
   112   1.62498   1.50925   1.85435    1100   11
   113   3.00802   1.22777   3.22364     992   13
   114   4.78838   1.61109   5.87073    1603   13
   115   0.03350   0.37994   6.15345    2039   19
   116   6.10085   0.44802   3.22451    1548   17
   117   3.16954   1.17059   0.04701    1385   13
   118   4.54305   1.61406   4.41837    2226   16
   119   0.21650   0.29001   1.35301    1317   13
   120   0.04008   1.96506   3.29398    1371   16
   121   3.18726   1.19430   3.01186     786   11
   122   5.93318   0.45133   0.32071     929   13
   123   3.20158   1.24579   6.22871    1013   12
   124   2.80247   2.77373   1.24596    1487   18
   125   4.61008   1.62757   5.90569     846   11
   126   2.87407   2.77014   4.58505    1476   14
   127   0.04494   0.47538   2.97961    1193   14
   128   3.23079   1.09944   2.99573    1251   17
   129   4.56710   1.60065   4.43951    1477   16
   130   4.80499   1.51795   4.24490     897   12
   131   1.48905   1.56006   3.58376    1347   12
   132   4.78838   1.61109   5.87073     663   10
   133   0.21650   0.29001   1.35301     800   12
   134   4.68127   1.59257   5.87962     791   13
   135   2.84890   2.83094   6.02144    1271   14
   136   6.02696   0.27912   1.88722    1216   14
   137   3.22540   1.14971   3.08926     924   12
   138   4.69975   1.69955   4.39359    1577   15
   139   6.15748   0.35866   6.28071    1567   15
   140   6.03197   0.32876   0.27143    1473   20
   141   3.14945   1.16874   0.06612     619   12
   142   6.15152   0.40041   4.76157    1014   15
   143   3.08042   1.13018   1.66049    1680   17
   144   1.59576   1.64671   0.46700     969   12
   145   5.70457   0.32237   2.12441     861   10
   146   3.02073   2.64116   4.63000    1158   15
   147   0.07701   2.08547   1.54556    1234   14
   148   3.08121   2.66966   4.65297     734    9
   149   4.59076   1.53186   4.34850     958   15
   150   6.26163   1.89290   3.22184    1857   18
   151   0.05757   1.83033   0.11026    1279   15
   152   4.72952   1.74748   4.35599     603   12
   153   2.84696   2.72473   1.32549    1243   15
   154   6.15282   0.44806   3.30901    1913   17
   155   6.24530   0.39706   4.63488    1599   15
   156   3.12199   1.07293   0.07152    1066   15
   157   6.11811   0.51388   0.08048    1146   14
   158   4.65336   1.47516   4.27713    1329   11
   159   0.08321   0.46018   1.31809    1513   16
   160   3.08748   1.06707   3.10929    1681   18
   161   3.21505   1.18997   1.55072    1250   15
   162   6.24348   0.49508   0.04514    1453   13
   163   6.21185   1.93201   1.51857    1398   15
   164   0.04008   1.96506   3.29398    1420   15
   165   5.89245   0.37549   5.01982    1432   14
   166   3.09573   2.67018   3.07683    1643   14
   167   4.72952   1.74748   4.35599     855   14
   168   4.78838   1.61109   5.87073    1474   15
   169   3.05240   2.65305   6.25512    1247   13
   170   4.60632   1.62619   4.33894    1182   14
   171   4.72358   1.69296   4.37314    1426   14
   172   4.68127   1.59257   5.87962    1496   15
   173   3.08042   1.13018   1.66049     639   11
   174   5.94956   0.38328   1.85505    1342   16
   175   2.91062   2.74608   4.43610     717   11
   176   6.25360   0.48243   3.11700    1710   16
   177   1.55431   1.65849   5.20669    1727   15
   178   6.19790   1.99460   1.71228    1679   17
   179   4.70730   1.56937   5.89878    1232   14
   180   6.26714   0.40515   1.65702    1249   16
   181   0.08838   0.52223   1.42072    1517   18
   182   1.53495   1.52018   4.98381    1277   16
   183   0.02202   0.46777   3.09423    1407   12
   184   3.21943   1.21905   4.62790     935   13
   185   3.16109   1.14002   4.56166     996   12
   186   4.67335   1.57590   6.00332     887   10
   187   6.15476   1.97208   3.20415    1858   17
   188   0.16130   0.32463   6.02629    2127   21
   189   3.02659   1.22842   0.02777    1695   15
   190   2.96061   2.76460   3.11620    1361   16
   191   6.28208   0.40883   1.61710    1266   13
   192   3.13955   2.62558   3.14820     524    9
   193   0.01978   2.05179   1.61200    1402   14
   194   6.16273   1.96784   3.16398     808   11
   195   0.04008   1.96506   3.29398    1533   13
   196   1.49147   1.50037   3.55426    1640   18
   197   3.02817   2.62446   3.00805    1113   14
   198   2.78255   2.65005   1.34544    1074   16
   199   1.45297   1.43792   0.31602    2349   19
   200   3.07058   1.23198   3.13901    1461   16