     1   0.00000   0.00000   0.00000       0    0
     2   5.71584   1.04133   5.70109    3176   17
     3   2.92849   2.00818   3.10328    1699   16
     4   2.65123   0.69402   6.23943    1868   14
     5   4.70912   0.95334   4.05747    1268   13
     6   3.31457   2.41444   0.91814    1330   15
     7   0.53968   1.05006   0.91529    1261   16
     8   4.57316   1.87856   3.53926    1426   14
     9   2.12290   1.65323   4.66292    1266   16
    10   6.25173   2.40901   4.45349    1793   15
    11   3.38880   0.77972   5.06509    1258   12
    12   2.92117   2.53448   1.29257    2159   17
    13   5.46933   1.40915   5.86336    2051   20
    14   1.23844   1.43194   2.26039    1363   13
    15   1.50085   1.07411   5.94249    2516   17
    16   2.74440   2.38951   3.00658    1708   17
    17   2.53318   2.67064   3.55763    1447   13
    18   5.63657   0.74709   1.39494    1563   14
    19   2.41792   1.25058   0.06447    1095   11
    20   4.33278   1.62488   0.82133    1950   17
    21   3.65700   1.21128   2.44775    1506   15
    22   4.86575   1.07248   3.96662    2348   18
    23   2.27960   1.84242   5.38227    2326   18
    24   4.71135   1.39525   4.80510    1247   10
    25   4.41619   2.02729   2.31702    1681   20
    26   5.51385   2.21818   3.05805    1795   15
    27   1.26431   1.41229   0.72798    1932   14
    28   0.04319   1.20402   6.12560     713   12
    29   0.96575   1.84708   0.83370    1028   11
    30   4.28667   2.30023   5.86372    1879   15
    31   4.56254   2.79305   3.63653    1580   15
    32   2.76325   1.14341   5.95300    1603   13
    33   5.44851   1.76025   3.90768    1306   12
    34   2.69323   1.01666   2.06487    1258   14
    35   2.92032   1.41308   4.87653    1265   14
    36   3.91512   1.74199   4.58809    1100   13
    37   6.14052   0.72563   5.64190    2173   19
    38   3.57352   1.77989   1.65215    1917   14
    39   0.60936   1.10032   2.37256    1472   14
    40   1.72135   0.81982   0.89408    1453   15
    41   5.29084   2.25056   1.14550    1999   17
    42   0.99290   0.85412   3.18119    1108   12
    43   5.39609   1.77671   3.15709    1488   13
    44   3.00191   1.81242   4.41160    1601   15
    45   2.76149   2.37086   3.56909    1290   15
    46   2.21434   0.90346   0.28528    1523   12
    47   3.70569   2.16070   5.06393    1228   15
    48   3.97257   0.74900   4.17834    1224   14
    49   4.29733   0.74554   2.26945    1490   18
    50   6.07145   0.83515   2.81513    1650   15
    51   3.83095   0.14963   0.48596    1873   16
    52   1.92023   1.22720   5.91561    1904   18
    53   1.28533   1.33256   1.26916    1382   12
    54   5.57938   0.38541   3.90822    1443   15
    55   1.37554   2.40019   1.50193    1261   12
    56   0.29546   0.37411   5.31729    1421   13
    57   1.18019   1.89569   0.29193    1383   12
    58   4.71660   2.76745   0.14977    1250   11
    59   3.07307   2.32667   1.71947     992   10
    60   0.54365   1.53109   0.82840    2039   17
    61   3.37604   1.04219   4.54027    1468   14
    62   2.53236   2.32454   4.65527    1655   17
    63   4.75708   1.16049   0.72069    1323   14
    64   3.64208   1.92360   3.44423    1644   16
    65   5.59378   0.85122   1.90807    1606   15
    66   5.69044   0.62909   2.92548     680   10
    67   3.99717   2.29523   2.30366     895   10
    68   0.17707   1.22869   6.12743    1510   18
    69   2.15738   1.76191   2.37991     970   12
    70   2.57951   1.04497   2.54273    1216   13
    71   0.46180   1.74158   0.31945    1548   15
    72   1.87716   1.36151   1.68179    1174   13
    73   4.22771   0.26876   4.41197    1149   11
    74   2.38933   1.93824   1.24740    1583   16
    75   2.26381   2.02655   3.74927    1770   15
    76   3.64264   0.90347   1.54113    2398   19
    77   1.06003   0.92935   1.35887    1739   14
    78   5.20673   1.71903   1.18048    1667   16
    79   4.69417   1.33566   4.66976    1615   14
    80   5.96515   1.76198   1.85038    1288   14
    81   2.49018   2.11873   2.66484    1060   13
    82   1.21023   2.31413   4.29149    1202   12
    83   5.09346   2.40246   0.19023    1264   13
    84   5.98511   1.48798   1.08541    1157   11
    85   2.07217   2.42311   4.54460    1711   14
    86   0.65160   1.02824   2.38344    2150   17
    87   0.26054   1.54084   0.63868    1600   15
    88   5.89155   1.47231   3.19421    1507   14
    89   5.01280   2.35769   0.15204    1382   12
    90   0.53081   0.89552   0.35699    1611   13
    91   1.41215   0.51658   3.60568    2083   15
    92   1.61216   1.32335   2.01142    2060   15
    93   0.78871   1.43589   5.79879    1723   16
    94   3.00705   1.60067   0.60924    2083   17
    95   2.25871   1.33504   3.61586    2039   16
    96   4.07742   1.44891   2.12553    1493   17
    97   2.02034   1.39236   5.73676    1243   14
    98   2.25447   1.08064   0.62487    1589   16
    99   0.29548   2.86367   2.93655    1014   14
   100   0.91307   1.06467   4.41175    1674   15
   101   0.75739   1.78446   2.25123    1222   13
   102   6.06871   0.67257   1.84086    1373   14
   103   1.87711   0.40734   3.43569    1213   13
   104   3.57936   1.42366   0.69839    1271   14
   105   4.32954   0.96884   4.70890    1733   15
   106   3.29073   1.31521   2.15866    1651   15
   107   2.76118   0.68617   2.74595    1187   14
   108   5.26908   1.31212   6.08763    1558   16
   109   2.98163   0.85570   5.57164    1572   13
   110   4.46495   1.70812   4.74565    1582   14
   111   5.24365   1.70687   5.39272    1656   17
   112   5.27643   1.12547   3.20680    1322   14
   113   1.85960   0.98643   4.20052    1031   11
   114   1.31875   1.81874   1.71618    1550   14
   115   4.82268   2.07842   0.26133    2143   17
   116   2.72605   1.14695   0.59173    2095   15
   117   0.74923   1.38613   4.86345    1154   12
   118   6.14205   2.64235   1.30625    1472   14
   119   3.75556   1.48383   3.44800    1140   12
   120   2.10894   1.79697   5.57270    1705   15
   121   3.55171   0.79604   1.35591    1769   19
   122   5.20007   1.13663   3.83428    1439   14
   123   5.85983   1.99244   5.10994    2063   16
   124   2.62431   2.34091   1.28278     940   10
   125   1.32411   2.56050   5.15642    1088   13
   126   6.04774   1.57157   0.78223     865   12
   127   3.51573   1.60538   2.53178    1956   18
   128   4.68678   1.56514   3.98890    2005   15
   129   2.53665   1.40610   2.48460    1404   15
   130   3.62276   2.58676   0.90326    2209   21
   131   3.84518   2.00230   0.71412    1348   14
   132   2.53649   0.96742   1.08989    1189   14
   133   5.00076   2.29422   0.87644     542    8
   134   3.35802   0.97801   0.90416    1737   17
   135   3.04277   2.93146   1.83694    1136   12
   136   0.60429   1.22243   5.49429    1504   16
   137   0.24362   1.07210   1.07493    1437   15
   138   2.17542   1.88550   0.53851    1622   15
   139   3.88781   1.80283   4.16783    2426   19
   140   1.92448   1.94383   2.52619    1514   15
   141   0.91735   1.66594   0.16254    1655   15
   142   2.89441   2.38523   5.44297    2181   17
   143   5.80968   2.33113   1.06964    1253   15
   144   0.03624   1.48442   0.55463    2374   18
   145   1.66057   0.35800   5.48451    1132   12
   146   0.13777   1.08220   5.00337    2237   16
   147   1.59123   1.78804   4.31727    1309   13
   148   1.87654   2.13451   5.43772    1652   16
   149   1.26999   0.09811   1.54252    2424   19
   150   1.52225   2.58228   4.01519     766   13
   151   3.00594   1.35481   1.10023    1556   14
   152   4.24448   1.15525   3.24897    1103   11
   153   6.21028   1.27093   5.90523    1104   13
   154   4.12954   1.87424   4.84584     968   16
   155   0.01750   1.69402   5.46708    1883   15
   156   0.51593   0.86738   1.81593    2392   16
   157   4.18728   1.53034   1.29414     880   13
   158   1.05620   1.94828   0.23722    1260   13
   159   6.07176   2.32630   1.68540    1868   17
   160   4.50497   0.68448   0.01309    1403   13
   161   4.72506   1.63817   2.52012    1285   14
   162   3.84344   2.04106   2.56202    1441   15
   163   2.62761   0.47924   0.79830    1648   17
   164   2.07396   1.53129   6.25544    1381   16
   165   2.63323   1.45907   5.16835    2255   15
   166   1.42648   2.30888   1.86199    2087   19
   167   2.63306   2.34927   3.75631    1712   13
   168   3.00457   2.00782   1.84110    2567   15
   169   2.46507   0.87137   0.57187    1184   13
   170   2.68474   0.86230   4.36336    1490   15