     1   0.00000   0.00000   0.00000       0    0
     2   0.63535   2.03186   3.44602     289    7
     3   1.97196   1.34122   3.59728     498   13
     4   5.19418   1.75549   2.71000     494    9
     5   0.80484   2.09279   0.39047    1013   12
     6   2.00861   1.29242   1.96919    1723   14
     7   1.97996   1.42874   5.27922     525   12
     8   3.83694   0.99809   5.97636    1087   12
     9   6.11946   0.46949   5.34233    2029   19
    10   2.13546   1.31788   5.18368     975   15
    11   5.29233   1.73336   5.79752    2625   15
    12   3.90788   1.20865   1.24892     555   10
    13   3.73186   1.09108   1.16717    1533   17
    14   0.73193   2.17031   3.52629     293   10
    15   0.65938   2.00874   5.06080     479   11
    16   5.19418   1.75549   2.71000     688   10
    17   6.24449   0.61342   3.69775    1981   15
    18   0.00802   0.69625   2.05391     491    9
    19   3.87201   1.13652   6.07204     468    9
    20   0.58221   2.15395   3.42485     451   12
    21   3.66516   1.17155   4.45400    1405   15
    22   0.01146   0.47054   3.62611    1358   13
    23   2.06962   1.28118   0.63765     594   11
    24   0.66795   2.11555   0.25832     514   10
    25   3.08126   2.57604   3.98334     568    9
    26   6.19367   0.60811   3.90529    1780   17
    27   0.78022   2.11740   1.91379     686   11
    28   5.25779   1.73614   2.58604     894   10
    29   1.93360   1.28060   3.76663    1006   11
    30   0.56644   2.07036   4.97149     335    8
    31   3.72565   1.00658   4.36490     698   12
    32   3.21538   2.54380   1.17878     340   11
    33   3.12348   2.50800   5.55259     561   10
    34   0.11158   0.52912   2.02704    2635   17
    35   3.15134   2.53767   5.84037     606   11
    36   2.97422   2.53772   0.93943    3397   22
    37   0.29935   0.58602   0.34233    2294   18
    38   3.84285   1.01366   4.26374    1709   18
    39   0.62898   1.97499   0.15583    3891   22
    40   0.00000   0.00000   0.00000     444    8
    41   0.24456   0.43339   5.06572    1654   15
    42   3.84211   1.06417   4.33510    2492   16
    43   2.04314   1.33814   0.63155     603   10
    44   3.90788   1.20865   1.24892    1077   13
    45   3.91667   0.99615   1.23592    1758   14
    46   3.26252   2.56780   2.76085     352   10
    47   6.22019   0.61514   0.71870     731   10
    48   0.66654   2.12049   3.49079    1988   18
    49   0.59085   2.02735   3.45179    3672   20
    50   6.20566   0.64880   3.76221     520   10
    51   0.01249   0.71393   0.69961    1707   15
    52   3.73186   1.09108   1.16717    1416   15
    53   6.13065   0.50479   5.38157     436   10
    54   3.08126   2.57604   3.98334    1811   20
    55   1.94949   1.27973   2.16417    3238   21
    56   3.22385   2.49510   4.27347     725   10
    57   3.81023   1.15193   2.73012     782   15
    58   0.61404   2.03576   4.97041    1667   15
    59   5.23302   1.78808   2.69009     441   11
    60   0.73845   2.14598   3.46977     608   12
    61   2.09146   1.18822   2.11158    1533   13
    62   2.04314   1.33814   0.63155     372    7
    63   2.12868   1.38326   3.68562    3464   22
    64   3.28040   2.43683   0.99359     455   10
    65   0.25332   0.50270   3.46160     723   11
    66   3.88763   1.05196   2.86069    4864   24
    67   3.84083   0.93104   6.02830     792   12
    68   3.09644   2.59758   3.97234     650   12
    69   0.00000   0.00000   0.00000     767   11
    70   3.90762   1.14288   1.14022    1278   13
    71   0.00000   0.00000   0.00000    1067   15
    72   0.09103   0.56835   5.19069     696   12
    73   0.08995   0.61235   0.50284    3430   23
    74   2.09146   1.18822   2.11158    1614   14
    75   2.18950   1.35081   1.96049     392   11
    76   3.90446   1.14454   5.95205     664   13
    77   5.19418   1.75549   2.71000     870   12
    78   5.19343   1.86056   2.65224    1186   15
    79   2.07742   1.37012   3.56058     391    8
    80   3.90788   1.20865   1.24892     470   10
    81   6.22256   0.58401   0.62989    3427   22
    82   5.19418   1.75549   2.71000    1258   16
    83   3.03435   2.61735   0.89701     312    8
    84   1.98751   1.34560   0.65178    2365   13
    85   2.09343   1.35495   3.72073     667   12
    86   3.66520   1.10263   1.27831    1118   13
    87   5.26682   1.81075   4.14711     780   11
    88   0.09121   0.58755   0.55002    1481   11
    89   3.07471   2.63928   4.07312     551    8
    90   0.62197   2.09899   1.86151    1854   18
    91   3.29355   2.65175   2.67293    2295   18
    92   0.23481   0.57167   5.17899    1282   16
    93   5.30967   1.72309   1.11630    1618   12
    94   6.19565   0.51813   2.35705    2295   19
    95   3.36651   2.54720   2.65044    5156   26
    96   2.01735   1.29018   5.27985     819   10
    97   3.68704   1.07994   2.80311     747   12
    98   0.09103   0.56835   5.19069    4839   26
    99   6.19755   0.65971   0.67483    2385   16
   100   3.70404   1.19322   1.29698    1934   18
   101   0.27315   0.47548   3.51263    1321   14
   102   3.05113   2.67105   5.54976     525   11
   103   5.23302   1.78808   2.69009    1346   14
   104   6.13429   0.57827   2.33093     739   12
   105   2.01735   1.29018   5.27985    1201   14
   106   0.05770   0.49688   5.21412    2845   19
   107   0.17198   0.64929   1.86161     464   13
   108   0.65254   2.18388   0.28104    1151   13
   109   0.13151   0.64086   5.20643    1898   16
   110   5.16722   1.85087   2.72244    3195   21
   111   3.69793   1.06449   2.91838    3155   17
   112   0.59059   2.15368   3.38708     549   12
   113   0.00000   0.00000   0.00000     627    9
   114   0.23481   0.57167   5.17899     851   14
   115   0.10772   0.64705   0.37776    1115   15
   116   2.06282   1.35584   5.25576     780   11
   117   0.71019   2.12856   3.46433     414   11
   118   6.16593   0.51736   5.39915    2320   19
   119   0.78022   2.11740   1.91379    1677   14
   120   5.12751   1.78693   1.12083     447   10
   121   2.13843   1.27462   3.56920     694    9
   122   0.16922   0.57783   0.38123    2683   20
   123   5.17192   1.81797   2.73414     505   11
   124   0.59950   1.98800   0.30274     736   14
   125   0.78022   2.11740   1.91379     550   12
   126   3.84476   1.12365   5.84645    1092   14
   127   2.12069   1.40694   2.02721    2594   21
   128   2.15468   1.20969   1.95032    1088   13
   129   2.07742   1.37012   3.56058     315    8
   130   3.19464   2.59306   2.69533     318    9
   131   3.16134   2.66838   1.04139     849    9
   132   3.26252   2.56780   2.76085     374   10
   133   3.89501   1.08029   1.22861     371    8
   134   0.72956   2.07229   1.86413    3480   21
   135   0.78022   2.11740   1.91379     621   10
   136   3.79984   1.14340   4.49024     436   10
   137   0.08713   0.67495   0.54861     391    9
   138   0.17198   0.64929   1.86161     460    8
   139   5.16371   1.93852   2.62704    1122   13
   140   2.07063   1.29806   2.08992     750   11
   141   2.03512   1.34195   2.06083     341   11
   142   5.19418   1.75549   2.71000     706   12
   143   3.04953   2.46987   2.44528     766   12
   144   3.32373   2.54353   1.28553     694   13
   145   0.03859   0.48740   3.57746    3142   20
   146   3.65427   1.10657   6.10075    2328   19
   147   3.17082   2.56784   1.03151     968   13
   148   0.78022   2.11740   1.91379     477   11
   149   0.62811   2.11585   3.41314    1169   13
   150   3.27292   2.59561   2.81163    1271   14
   151   2.15442   1.36364   2.07382     659   13
   152   0.57932   2.10645   3.46346     794   15
   153   3.41852   2.61488   5.95746    2062   18
   154   5.16990   1.89826   2.50498     460   11
   155   3.09419   2.59001   5.77707    1158   13
   156   3.37875   2.57571   5.94039    2251   18
   157   1.97196   1.34122   3.59728    3543   19
   158   3.62824   1.05540   2.98936     928   11
   159   3.73745   1.06143   6.01329    1659   15
   160   0.27743   0.58808   0.40616    1616   16
   161   3.45343   2.46538   4.31549    2277   18
   162   3.27292   2.59561   2.81163    1520    9
   163   2.19192   1.31574   3.66174     829   13
   164   3.78388   1.16576   1.28504    3136   21
   165   3.14353   2.49065   4.08440    4244   22
   166   2.16990   1.27528   0.51159    1150   14
   167   3.46486   2.47576   1.23048    4409   26
   168   2.18400   1.24519   5.13570     843   10
   169   0.70722   1.99104   1.85122    1499   13
   170   3.78369   1.03289   2.81332    4047   24
   171   5.22888   1.86978   1.00556    1264   13
   172   0.70979   1.99285   0.32472    1470   17
   173   3.30551   2.49497   4.21358    1085   12
   174   3.82213   1.11653   6.06449     836   12
   175   3.29597   2.59340   4.32942     790   14
   176   5.22749   1.86278   5.84550    5394   32
   177   3.08024   2.53769   0.82018    5048   31
   178   0.62423   1.95236   4.99005    3680   23
   179   1.92950   1.25312   2.16265    3446   19
   180   5.34292   1.83372   0.94575     375   11
   181   3.10952   2.55254   4.17569    1743   16
   182   0.79380   2.00251   1.93129    3936   22
   183   2.07742   1.37012   3.56058    1631   18