     1   0.00000   0.00000   0.00000       0    0
     2   2.40359   2.69826   0.81899    4671   12
     3   5.50793   1.85647   4.97988   14817   22
     4   0.53493   1.35328   6.27290    5044   19
     5   2.61949   1.30999   2.82977    4890   14
     6   0.33035   1.37901   0.92266    3319   11
     7   3.54801   0.59690   5.11105    2197    9
     8   4.67468   1.84364   5.39610    3203   12
     9   4.78049   0.95604   3.25449    7866   22
    10   1.50843   1.93239   5.92123    5164   13
    11   1.65688   0.65025   4.40530    2366    8
    12   2.08931   1.97693   1.69652   13250   22
    13   4.06640   1.16694   2.41509    5454   19
    14   4.88267   1.25507   3.18991    4403   15
    15   1.88625   1.54733   1.19945    4084   11
    16   5.31023   0.76646   3.83011    4465   15
    17   3.93518   2.31713   1.51787    2864    9
    18   1.46252   2.12204   1.82312    4343   13
    19   0.30454   2.38574   1.09423    3578   10
    20   1.65317   2.09419   5.09207    3614   12
    21   0.36687   1.21680   2.47827    3149   11
    22   4.62608   1.57636   2.57903    7145   16
    23   1.60155   2.20991   6.15489    4892   14
    24   4.95909   1.48130   1.96734    1795   11
    25   4.32206   0.86885   2.14828    6325   15
    26   1.78603   1.28978   3.28728    7116   14
    27   4.53149   3.03167   4.36237    6693   18
    28   3.23409   2.72839   5.23969   12547   17
    29   2.07549   0.99523   5.33370    4835   17
    30   5.74381   1.64914   1.69468    3274   13
    31   1.43825   0.79932   5.52549    4090   13
    32   4.83475   1.02057   1.36007    7175   14
    33   0.04022   1.89395   3.64522    2547   12
    34   2.07875   2.52123   0.16875    6248   17
    35   2.57748   1.32322   0.22270    3177   15
    36   1.32881   0.42263   5.59144    1277    7
    37   3.37992   2.04224   4.48328    5817   16
    38   3.96875   2.09001   4.78985    1672    8
    39   3.25984   2.75937   5.03729    2533   13
    40   2.68896   1.89509   3.81088    3146   14
    41   1.24995   1.70711   3.67862    6440   20
    42   6.04520   0.53783   5.17807    4573   13
    43   6.26165   0.92325   4.99163    8923   18
    44   1.49637   0.63929   1.69673    9613   23
    45   5.62016   1.03295   4.14848    4720   14
    46   1.86758   2.50372   0.23504   12081   20
    47   5.04436   1.53932   2.26201    2915   11
    48   2.29166   1.27796   3.78382    4876   15
    49   4.37036   1.95952   2.14840    5297   16
    50   1.12677   1.78765   2.91712    4621   17
    51   0.53903   0.85017   5.84483    3040   12