     1   0.00000   0.00000   0.00000       0    0
     2   4.15674   2.89043   1.49202     809   12
     3   2.60109   1.55454   3.29147    2324   16
     4   0.82634   0.23629   4.85532    1270   13
     5   3.95297   2.87975   4.38815    1127   11
     6   4.27134   1.48176   4.75044    2401   17
     7   1.15440   0.15416   1.53589    2095   16
     8   5.67839   1.52262   1.38221    3336   18
     9   5.89571   1.61037   3.05671    2377   15
    10   4.83104   2.95113   0.59400    1517    9
    11   1.00253   1.70073   3.22855     424    7
    12   5.77466   1.69678   4.52826    2225   17
    13   4.03912   2.86770   4.56201    1847   13
    14   1.06848   1.57115   1.52360    3060   16
    15   5.86763   1.55891   6.22380    3592   17
    16   1.06923   1.64530   1.71949     524    8
    17   3.76394   2.99436   1.13030    3175   15
    18   5.75343   1.56137   1.47432    1310    9
    19   5.70796   1.46827   2.91380     668    8
    20   4.23068   1.53287   1.48899    1594   12
    21   0.99306   0.14119   1.68468    1516   14
    22   0.05724   0.16081   4.09960    2326   13
    23   0.00004   0.15425   1.19470    1694   13
    24   1.01896   0.23483   4.84143    1018   12
    25   0.97362   1.66753   1.55034    1884   12
    26   0.91498   0.24017   4.76222    1057   11
    27   5.89950   1.54761   2.93206    2514   15
    28   0.80382   0.08537   3.51474    1719   12
    29   5.80957   1.67432   4.52162    2383   17
    30   4.21212   1.34625   6.21902    2939   16
    31   0.74151   0.22550   3.39265     947   11
    32   4.19482   1.53388   1.51682    3204   20
    33   2.58152   1.56495   0.25609    5122   23
    34   0.25810   0.17491   5.46842    2068   13
    35   1.17335   0.12409   6.10953    1887   12
    36   3.32214   3.01489   3.75170    3793   18
    37   1.04969   1.85292   0.06572    4106   21
    38   0.96719   1.78341   1.55532    3921   18
    39   1.37726   0.25827   2.91436    3607   19
    40   0.86061   0.15570   1.79679    1813   15
    41   3.16185   2.99571   3.67935    1705   12
    42   4.33224   1.43523   6.13985    1639   16
    43   1.33452   0.24130   1.30612    1491   12
    44   0.73801   0.29167   5.05054    2945   18
    45   2.67598   1.54227   4.84545    1031   12
    46   1.14112   1.70007   3.12947    3492   17
    47   5.70738   1.67461   4.63060    4105   20
    48   4.13396   1.47049   3.08328    3157   18
    49   5.83814   1.66043   3.02976     939   11
    50   0.97600   0.02868   4.83044     631    9
    51   5.83814   1.66043   3.02976    2823   15
    52   5.76252   1.62154   4.66381    2741   16
    53   4.27598   1.44905   6.18205     919   11
    54   4.36675   1.46261   1.48169    1100   12
    55   0.84027   0.16993   1.72150    1186   13
    56   4.34853   1.38211   0.00330    2414   14
    57   4.13949   1.39511   3.17286    4809   19
    58   1.03894   1.67702   0.00423    2261   19
    59   2.67598   1.54227   4.84545    1436   12
    60   4.16597   1.57046   4.76855     660    8
    61   4.22603   1.45076   3.14650     723   11
    62   1.07967   1.71700   3.07422    2760   17
    63   4.09217   3.10812   2.95404     829    9
    64   2.67598   1.54227   4.84545    2750   15
    65   0.97163   1.79136   4.71137    1554   11
    66   5.68250   1.57057   4.68463    3589   18
    67   5.84650   1.64854   1.48904    1569   13
    68   0.56836   0.13823   3.72797     580   10
    69   5.87520   1.65315   1.33554    1312   12
    70   1.07340   1.69547   1.54149    4582   21
    71   5.76892   1.53777   1.40198    2010   13
    72   5.85107   1.47556   2.90803    2660   15
    73   4.33064   1.48119   6.18649     855    9
    74   1.16783   1.60424   4.74026    2162   13
    75   2.61446   1.44774   4.88661    3442   16
    76   4.15674   2.89043   1.49202     732   13
    77   4.84633   3.03293   5.37630    2216   17
    78   0.56836   0.13823   3.72797    2122   14
    79   4.59547   3.00582   4.98368    1598   11
    80   5.88943   1.64263   3.00268     474    8
    81   1.69760   0.09592   5.65544    2194   15
    82   1.13418   1.72074   0.10878    2933   18
    83   5.83814   1.66043   3.02976    2870   15
    84   2.63721   1.53287   0.04287    4708   22
    85   4.47685   2.94807   4.83376    2534   14
    86   4.55424   2.90651   4.95682    2491   17
    87   4.18832   1.49870   3.20803    1197   12
    88   5.83149   1.60338   1.52865    2809   17
    89   5.72571   1.57546   3.11543    3808   18
    90   3.47747   2.96059   4.07781    1632   13
    91   0.56836   0.13823   3.72797    2632   17
    92   0.36624   0.15940   2.17538    4066   20
    93   1.14704   1.69855   0.04016    5719   25
    94   1.42532   0.12068   6.08021    1727   13
    95   1.09220   1.66441   6.21946    1234   10
    96   2.77159   1.43915   3.26888    1447   13
    97   1.04278   1.65950   3.17735    1242   12
    98   4.15674   2.89043   1.49202     640    7
    99   2.58985   1.65683   4.82653    1920   15
   100   3.16185   2.99571   3.67935     361    9
   101   2.71571   1.59278   3.28147    2239   16
   102   0.85887   0.13743   0.33419    2662   19
   103   2.63862   1.59040   3.39769    5142   23
   104   5.89571   1.61037   3.05671     998    9
   105   5.68497   1.45602   1.34468    1367   13
   106   1.07539   1.71628   6.23413    2832   15
   107   0.97328   1.59582   0.01957    2935   18
   108   2.77107   1.45656   1.63242     863   12
   109   5.89571   1.61037   3.05671    4721   19
   110   3.52388   3.04383   0.75114    2373   18
   111   1.83593   0.12522   2.43505    1844   15
   112   4.23265   1.38370   0.05373    1587   11
   113   1.17335   0.12409   6.10953    3475   21
   114   0.94630   0.08432   4.96059    3768   20
   115   5.86616   1.66200   1.43765    1412   13
   116   4.15674   2.89043   1.49202    3807   21
   117   4.33178   1.48281   0.03351    2598   13
   118   5.70680   1.52341   1.42064    1748   13
   119   0.56836   0.13823   3.72797    2413   15