     1   0.00000   0.00000   0.00000       0    0
     2   5.48161   1.54651   1.29021    1667   16
     3   3.89885   2.79616   1.63752    3856   19
     4   3.79904   1.39639   3.16928    1669   15
     5   3.89943   3.01241   1.58717    2434   13
     6   3.92016   1.41052   3.12679    2038   14
     7   3.79904   1.39639   3.16928    1990   14
     8   0.79101   1.72765   0.09902    3466   15
     9   2.29687   1.49107   3.35545     775    8
    10   2.19856   1.56375   3.29993     926    8
    11   5.33829   1.69666   4.52167    5215   21
    12   5.39664   1.75131   4.42164    2066   15
    13   0.80070   0.35712   4.53564    4619   20
    14   3.92312   1.39147   4.56731    3859   19
    15   0.32978   0.29325   5.03679    3183   19
    16   0.76619   0.30643   0.02217    3393   20
    17   3.83531   2.80356   3.08906    4406   21
    18   3.84119   1.37821   3.13026    1387   11
    19   0.17426   0.29337   0.58652    2830   16
    20   3.06742   2.99244   2.35674    1842   15
    21   5.44301   1.61283   5.95731    4145   17
    22   3.79904   1.39639   3.16928    1924   14
    23   2.23712   1.49138   1.69144    3962   20
    24   0.79389   1.85296   0.03097     585    8
    25   3.83301   1.30354   3.11804    1304    9
    26   0.58100   0.31582   0.15426    1603   13
    27   3.86585   1.34820   4.69148     714   12
    28   2.22388   1.47104   3.40747    2708   15
    29   2.32865   1.46545   0.32212     773   11
    30   5.33381   1.52970   1.42293     344    8
    31   2.28578   1.44858   3.41634    5230   18
    32   3.37871   3.01705   1.09789    2576   13
    33   3.88803   1.28088   6.25130    2331   16
    34   0.73447   1.80708   3.18122    5488   21
    35   0.76179   1.83843   3.12500    1953   12
    36   3.93991   1.26620   6.13555     582    7
    37   2.22909   1.46328   4.90845    1781   12
    38   5.44358   1.70638   2.99922    2420   14
    39   0.59001   0.28350   0.11745    1458   11
    40   3.84226   1.22319   1.59950    2075   15
    41   4.13086   2.84792   1.81383     674   10
    42   3.91951   1.29666   0.01382    1811   14
    43   2.24490   1.56049   3.42057    1075    9
    44   5.43100   1.67985   6.10414    1854   13
    45   3.84085   1.22260   4.70758    1433    9
    46   0.66913   1.90621   1.60311    2453   14
    47   5.42197   1.54312   1.21200    2250   13
    48   5.44089   1.65357   6.18687    1747   12
    49   3.83780   1.40679   3.25913    1263   11
    50   5.40746   1.62280   6.13499    2413   13
    51   3.13089   2.98182   0.81493    3818   18
    52   0.95738   0.25458   1.39973     562    9
    53   5.45072   1.62554   4.38609    4222   21
    54   5.44031   1.60607   1.41050     953   10
    55   5.42502   1.71557   2.93873    4748   21
    56   2.20228   1.60091   1.78264    1211   12
    57   5.44031   1.60607   1.41050     881   10
    58   3.71368   2.91751   1.39717    3926   17
    59   0.62240   1.84899   0.02944    1417   12
    60   2.34283   1.52144   1.85067    3257   18
    61   3.89130   1.36322   4.58990    2334   14
    62   5.43100   1.67985   6.10414    1382   13
    63   5.43880   1.66887   2.92950    1657   10
    64   0.39146   0.32294   3.41048    1740   14
    65   5.45149   1.61452   2.95309    1735   12
    66   3.79904   1.39639   3.16928    1513   12
    67   5.48628   1.52193   1.37099    2143   11
    68   3.42442   2.96625   5.90978    2259   17
    69   5.33381   1.52970   1.42293    3078   16
    70   5.48161   1.54651   1.29021    1819   16
    71   0.66913   1.90621   1.60311     729   10
    72   5.43100   1.67985   6.10414    2794   13
    73   5.38451   1.61608   1.29994    1634   14
    74   0.56635   0.28537   1.65174    1189   11
    75   2.29152   1.54408   3.40959    3436   18
    76   2.24085   1.50106   0.17229    6109   26
    77   4.11088   2.90279   5.04613    1327   13
    78   2.96569   3.02903   5.37116    1286   10
    79   0.68535   1.64114   0.10089    1730   13
    80   0.66913   1.90621   1.60311     949   11
    81   0.76375   1.73407   1.65458    2997   15
    82   3.84600   1.32855   4.77134    2248   14
    83   2.24719   1.40324   0.22251    1780   13
    84   5.35102   1.64316   4.48557    1828   13
    85   3.74878   2.92101   1.45236    1630   12
    86   2.30666   1.47786   4.98348    3031   16
    87   2.29314   1.51770   0.21045    1528   11
    88   3.84435   1.25406   4.61820    3248   15
    89   5.39245   1.59676   1.26144    4069   20
    90   2.20545   1.47049   0.31286    3411   15
    91   0.75907   1.84834   4.66467    1504   13
    92   0.70161   0.35501   1.53643    3315   17
    93   5.36164   1.61595   4.48635     849   11
    94   3.84381   1.39744   4.79283    2965   14
    95   0.74810   1.77869   1.57834    1340   13
    96   0.64071   1.69746   3.26303    2015   17
    97   3.97882   2.76825   3.22094     474    8
    98   0.41998   0.29134   3.45213    3729   18
    99   0.68296   0.23692   0.04725    4268   20
   100   3.54466   2.92412   5.94419    1204   11
   101   3.71879   2.85621   2.95651    4371   21
   102   0.14780   0.29409   0.62465    5782   23
   103   0.63055   1.86532   3.19447    2083   16
   104   3.83301   1.30354   3.11804    3422   20
   105   0.76619   0.30643   0.02217    3534   19
   106   5.44031   1.60607   1.41050    1446   15
   107   5.48161   1.54651   1.29021    1029   11
   108   3.39515   2.94412   1.11555    2267   12
   109   5.45576   1.67614   6.13921    3540   17
   110   0.37352   0.32473   1.98854    2630   13
   111   0.45150   0.10035   0.28529    1132   12
   112   5.33381   1.52970   1.42293    1999   14
   113   5.43154   1.57452   3.00903    3088   16