     1   0.00000   0.00000   0.00000       0    0
     2   2.89060   1.69773   4.81083    1653   15
     3   3.84310   2.36226   4.03982    2285   18
     4   2.20591   0.90177   4.20727    1022   12
     5   2.20826   1.92175   1.18219    1261   16
     6   5.53365   1.00833   3.60951    1268   17
     7   0.88091   1.76209   5.34185    2245   18
     8   3.09464   0.75019   2.37014     946   13
     9   3.39853   2.57631   2.76040    1867   16
    10   4.86991   2.76821   1.90963     995   13
    11   4.06897   0.84542   4.45939    1159   13
    12   3.67266   0.89843   5.86976    1898   16
    13   1.65809   1.97077   0.75977    1057   14
    14   0.96026   0.89072   5.96157    1211   14
    15   5.52241   1.32434   2.32315    2282   21
    16   3.67110   1.17494   2.55918    1184   15
    17   0.72399   2.23266   6.07956    2165   18
    18   1.61313   2.01573   4.49281     786   11
    19   4.78378   1.86528   4.44471    1182   13
    20   0.73366   1.39362   1.49063    1217   16
    21   1.93868   0.77879   1.14905    1435   15
    22   4.38401   2.02634   2.30516    2012   18
    23   3.41341   1.03493   3.22328    1469   16
    24   2.48726   0.75033   6.01763     951   12
    25   3.47315   2.69452   1.36884    1779   17
    26   4.85004   1.46138   4.33746    1535   16
    27   1.11329   1.48662   5.00560    1012   15
    28   5.60332   1.10381   1.01184    1553   17
    29   2.26527   1.25766   2.53814    1235   12
    30   4.77101   0.69305   4.02050    1740   17
    31   1.06912   2.12790   1.91263    1560   17
    32   5.96013   2.55592   2.01237    1249   18
    33   0.20098   1.13991   4.44946     824   12
    34   1.35607   0.70174   6.23899    1573   16
    35   1.45423   2.29205   2.26758    1404   15
    36   5.49453   1.76762   4.14111     871   13
    37   3.39887   2.27259   2.40174    1767   18
    38   4.01010   2.48434   1.33995     978   11
    39   1.30861   1.16473   2.68038    1172   14
    40   2.83346   2.08938   5.61276    1993   20
    41   5.86590   2.10695   1.07762    1284   13
    42   5.12030   1.83232   0.78875     661   12
    43   3.77478   1.05613   3.57153    1199   12
    44   4.28600   0.78170   5.15719    1592   16
    45   5.64282   0.62764   3.34213    1429   16
    46   4.43218   0.80529   2.19893     694   11
    47   2.18251   2.02771   0.90454    1580   19
    48   1.55119   0.60314   4.73006     691   10
    49   6.16271   1.32557   2.53283    1349   15
    50   0.93362   1.83669   0.19118    1203   13
    51   0.16160   0.96428   5.38569    1941   17
    52   2.86748   1.71977   1.63174    1203   14
    53   4.78071   1.41132   2.10533    1554   16
    54   0.36384   0.84594   5.63217    1273   10
    55   4.56609   0.48174   3.07707    1783   15
    56   3.09436   1.74639   4.66198    1571   18
    57   3.48046   0.91664   0.73896    1189   17
    58   1.87222   1.85641   3.37270    1452   15
    59   2.68968   0.91678   4.21146     917   11
    60   3.52016   1.69408   5.33738    2037   19
    61   1.05056   0.30912   2.25562    1399   13
    62   6.05498   0.40751   6.01091    1702   18
    63   2.83075   2.22306   6.20619    1320   15
    64   1.79855   0.76915   2.85800     962   14
    65   3.67209   2.13922   1.13962    1327   16
    66   4.94258   2.18792   4.48756    1576   15
    67   5.72133   1.34595   4.53059    1886   17
    68   3.32027   0.82332   1.79163    1153   15
    69   0.33001   2.75901   0.29560    1415   18
    70   0.84161   1.33241   0.37648     752   11
    71   5.57447   1.38637   0.32814     957   13
    72   0.64067   1.90469   0.84942    1935   17
    73   2.46977   1.50570   3.65225    1730   18
    74   3.39180   0.77633   4.86620    1124   11
    75   1.84654   2.09495   1.49098     833   12
    76   6.01816   1.66220   1.25594    1146   15
    77   3.28286   1.54552   2.98631    1201   11
    78   4.54585   1.92922   5.26970    1306   13
    79   0.48351   1.08945   1.60295    1644   16
    80   3.89909   1.62577   2.94005    1836   16
    81   4.00802   2.84700   1.82876    1380   15
    82   3.46060   2.22257   3.68654    1970   16
    83   3.44699   1.61171   1.78601    1192   12
    84   4.90499   1.74277   2.35486    1436   14
    85   0.87570   2.19301   0.47384     639   10
    86   1.67815   2.12445   4.67935    1579   15
    87   5.55683   2.51635   5.70705    2001   18
    88   4.48478   0.71933   2.40038     873   13
    89   3.76043   2.33493   3.79529    1372   15
    90   5.47410   0.71813   4.61913    1157   16
    91   2.16488   0.95478   5.35190     891   14
    92   0.41337   1.82160   6.18076    1756   18
    93   0.91902   2.38774   0.76916    1416   13
    94   0.44055   2.56467   0.05289    1491   16
    95   5.01482   1.94058   1.82728    1358   15
    96   5.42729   1.59014   4.76031    3007   21
    97   3.82944   0.84249   5.82562     946   11
    98   2.46084   0.87448   6.24892     741   14
    99   5.77701   1.23716   1.38803    1187   14
   100   5.59963   0.76268   3.38651    1616   16
   101   0.93997   1.97158   4.63392     779    9
   102   4.73874   1.34461   5.24851    1351   14
   103   3.45591   0.86686   3.05272     815   10
   104   3.60399   1.97472   4.89519    2128   17
   105   2.08221   0.44663   4.49125     795   13
   106   4.62841   1.79881   4.48122    1209   14
   107   0.36121   1.91697   3.26542    2300   17
   108   0.52119   2.13923   2.58033    1491   17
   109   2.74518   0.21379   4.05660     700   10
   110   5.61777   0.74616   5.99800    1110   13
   111   1.28040   1.36176   5.04960    1163   14
   112   1.96843   2.23676   6.21752    1030   14
   113   3.58351   0.95573   5.89697    2166   18
   114   5.40133   1.36588   3.46005    1011   15
   115   5.89980   2.32230   1.84663    1890   18
   116   2.38555   1.86356   2.27419    1345   13
   117   1.94806   2.50149   0.94061    1030   11
   118   3.11078   0.83974   2.33617     965   12
   119   3.20823   2.00003   0.96032     887   12
   120   5.37874   2.09436   4.83754     663   12
   121   1.01263   2.06582   0.69237    1138   14
   122   0.00683   2.50940   6.26775     820   11
   123   4.65510   1.29840   3.16322    1047   11
   124   4.97567   0.74540   4.61208     893   13
   125   0.92572   2.54192   1.06148     791   12
   126   6.16553   1.48263   5.91522    1517   18
   127   2.28884   1.35837   3.24154    1482   16
   128   0.62620   2.19877   1.10752     695   10
   129   6.11913   2.27386   0.75699     675   11
   130   0.34189   1.47027   2.56618    1322   15
   131   1.45941   1.82436   5.30255    1124   13
   132   2.42514   2.40563   1.70353    2026   15
   133   2.41862   1.28871   1.00540    1592   14
   134   3.67892   1.16742   1.41327    1440   14
   135   0.75853   1.28842   0.60201    1341   14
   136   5.99866   2.05664   6.02223    1401   14
   137   5.13627   0.40185   5.70506    1162   13
   138   4.87324   1.68159   2.21820    2163   18
   139   2.13386   1.17377   1.73541    1108   13
   140   3.63248   0.88350   4.82073    1235   12
   141   4.06570   0.38246   2.14648    1445   13
   142   2.26391   1.73316   0.83698    1219   17
   143   5.76680   1.70212   2.54011    1478   17
   144   2.00803   0.67230   5.08484     768   10
   145   5.69545   0.93160   2.67367    1082   11
   146   2.33738   1.97856   5.96738    1134   15
   147   4.76114   0.20305   6.16646    1159   14
   148   4.73821   2.31707   2.32693    1186   18
   149   2.61247   1.01142   2.92010    1213   11
   150   3.10565   1.78289   2.81389    1570   15
   151   2.17956   0.80268   6.15722    1493   15
   152   5.70686   2.81578   2.38652    1031   11
   153   4.23446   2.45938   0.25616     874   12
   154   3.00554   1.06010   2.66670    1394   15
   155   2.68841   1.31571   2.86101    2610   21
   156   3.67470   1.67726   0.13408     972   14
   157   0.87461   0.83564   4.18249    1126   15
   158   6.10565   1.03076   3.46579    1091   13
   159   5.21655   0.29994   2.39922     942   13
   160   2.91022   1.99925   5.42833    1004   15
   161   2.97310   2.65105   6.27988    1145   16
   162   3.97130   1.63679   5.33790    1008   13
   163   4.10979   0.82674   0.22351     930   12
   164   1.19087   1.48961   1.08647    1648   14
   165   5.08875   1.55396   2.20075    1268   14
   166   3.25000   2.87470   3.99677     938   11
   167   2.61926   0.65726   3.41100     841   13
   168   5.78197   1.50610   3.17670     854   10
   169   2.38299   1.83139   0.98659    1756   16
   170   1.57764   2.25675   6.00580    1269   15
   171   2.73666   0.56127   0.22883    3042   20
   172   6.27588   1.17024   2.14078    1220   13
   173   2.08024   0.69821   5.40307    1921   20
   174   5.23698   1.49246   3.83642    1717   18
   175   0.22616   1.06435   4.48256    1430   14
   176   5.08432   0.56516   0.35363    1773   14
   177   4.64041   0.81657   5.87323    1716   14
   178   0.36752   1.66903   4.32077    1214   14
   179   0.33312   2.48898   4.10049     916   13
   180   0.11936   1.53346   4.19472    1496   19
   181   4.92569   2.81251   5.88396    1583   18
   182   0.89619   0.08949   5.89573     763   12
   183   4.20129   1.13223   1.09776    1499   16
   184   4.66611   2.27215   4.24496    1360   17
   185   2.32246   1.37607   1.35452     986   12
   186   2.51512   2.07920   2.15664    1180   15
   187   0.31816   1.84046   2.61058    2802   21
   188   2.63727   0.66457   1.13814     973   15
   189   0.11721   2.30078   5.54733    1504   15
   190   0.29259   0.99784   2.07823    1088   14
   191   2.46849   0.14722   1.44934    1708   17
   192   2.43678   2.10593   1.73552    1232   14
   193   3.02330   1.36794   4.32554    2115   17
   194   5.46347   2.11203   1.85864    1341   16
   195   0.65388   1.59308   3.81055    1708   16