     1   0.00000   0.00000   0.00000       0    0
     2   0.03573   0.29720   5.07887     520   10
     3   2.11559   1.47873   1.72730    1096   13
     4   3.58550   1.32941   6.26048     724   14
     5   0.44791   1.94538   1.70667     571   12
     6   0.42681   1.98914   3.16281     648   10
     7   3.60569   1.24966   4.60027     714   13
     8   3.86994   2.86180   0.17017    1516   17
     9   3.59271   2.71781   6.16641    1225   16
    10   5.18874   1.57417   4.27241    1321   14
    11   1.99053   1.55768   5.08887    1508   18
    12   3.33067   2.93232   2.74001     715   14
    13   0.71608   0.33022   1.28240    1804   20
    14   2.15785   1.60615   1.89375    2049   18
    15   0.41209   1.91388   0.04575    1576   18
    16   3.51181   1.32721   0.03843     639   12
    17   2.05130   1.64858   5.00961     814   13
    18   2.02246   1.51238   3.36312     979   14
    19   0.62584   0.30144   6.08764     918   14
    20   1.93552   1.56969   1.76905     657   13
    21   0.04082   0.25063   0.43805    1402   16
    22   3.72760   1.31682   4.60255    1323   20
    23   3.56538   1.29118   4.59400    1244   16
    24   3.28188   2.91856   1.19358     974   14
    25   3.47349   2.94331   4.46730     863   14
    26   0.20898   0.20495   1.72642     705   15
    27   5.16209   1.65381   4.45242    2335   22
    28   3.55142   2.91054   4.57406    3448   24
    29   0.02218   0.26853   2.13712     848   12
    30   5.21576   1.51732   1.21644     968   12
    31   2.12505   1.43706   0.20040     385   11
    32   2.07773   1.56011   0.32874    1035   16
    33   3.23856   2.81828   5.91257     668   10
    34   0.10834   0.43129   5.19858     639   11
    35   3.66780   1.18065   6.18301    1835   20
    36   0.65470   0.22600   4.51967     580   10
    37   3.78027   2.84512   4.91115    1123   18
    38   0.67673   0.26922   6.11100     697   14
    39   0.56520   1.90396   3.20508     858   15
    40   1.97632   1.59499   1.88848    1459   18
    41   5.11434   1.65044   2.90824    1318   14
    42   5.15108   1.63113   2.84017     929   11
    43   0.28337   0.35251   1.83171     986   15
    44   2.05433   1.57861   5.04259    1738   21
    45   3.45211   2.84882   6.17887    1547   17
    46   5.25154   1.58389   1.14912    1087   14
    47   3.78105   1.17109   4.58134    1671   16
    48   0.75566   0.28487   2.89037     824   17
    49   5.07244   1.68356   2.72524     603   11
    50   0.40783   1.83102   4.68480    1491   14
    51   0.42354   1.92755   3.13884     777   13
    52   5.08253   1.54473   4.45107     908   14
    53   5.13243   1.57415   6.05109     461    8
    54   0.42119   1.91371   3.23706     795   11
    55   1.97138   1.54629   5.06970     655   12
    56   3.63912   1.27330   4.61014    1186   16
    57   2.11365   1.57388   5.01460    1995   19
    58   0.55812   0.18357   3.03236     550   15
    59   3.62809   1.26308   1.52975     758   12
    60   5.10537   1.58653   2.80954    3973   23
    61   2.05099   1.59788   1.77641    1073   15
    62   2.11181   1.44442   0.32067    4902   26
    63   3.52316   1.21276   1.50148    2323   18
    64   3.59717   1.23273   3.22960     435    9
    65   3.76722   1.30187   6.13935    2965   21
    66   0.39739   0.35093   0.00608    3076   22
    67   0.46176   1.93549   3.28304     532   13
    68   1.97138   1.54629   5.06970     948   15
    69   0.51902   0.30239   6.22176    3036   19
    70   5.19897   1.71791   1.33435     435   11
    71   0.23139   0.23436   3.50813     947   12
    72   3.61817   1.24564   3.10774    1842   17
    73   0.63871   0.22316   3.00233     558    8
    74   0.36046   1.76759   1.47841     877   14
    75   0.12792   0.41301   1.83740     536   10
    76   5.22795   1.70587   2.87688    1064   14
    77   5.09359   1.55202   6.03034    2493   18
    78   3.46522   2.94320   6.24982     901   12
    79   5.19055   1.62945   2.96215    1993   17
    80   3.65997   1.27710   3.05914    1023   13
    81   5.18552   1.68053   1.27698    1567   16
    82   5.16277   1.55124   2.90414    1432   20
    83   5.19459   1.50716   2.91323    1377   18
    84   0.55856   0.32471   1.60615    1117   17
    85   2.16008   1.45942   0.30646    1009   10
    86   0.40898   1.84832   4.74317    1460   18
    87   3.91308   2.87903   5.00229     470   10
    88   0.49192   1.91898   1.54178     450   11
    89   5.17043   1.65916   2.80583     970   16
    90   5.31642   1.61187   2.80493    1882   19
    91   0.33008   0.33409   4.99006    3427   26
    92   5.26904   1.58713   1.23759    1039   13
    93   2.08218   1.55382   0.36644     968   14
    94   0.88338   0.27176   4.25922    1619   17
    95   5.17511   1.49624   4.45590     882   15
    96   2.06355   1.52195   1.79796     759   10
    97   5.17676   1.72535   5.92985    2016   16
    98   0.33458   0.31765   1.70120     818   14
    99   3.55793   1.31986   0.04891    1127   14
   100   2.15033   1.45379   1.83239     541   13
   101   2.19281   1.61968   0.39131     642   12
   102   0.79655   0.20197   2.93732    1246   17
   103   2.03508   1.42552   1.81324     811   14
   104   3.50851   1.21443   6.22261    1460   19
   105   0.09725   0.21686   0.44146    1041   17
   106   2.05755   1.51251   1.90703    1029   12
   107   0.35879   1.92077   3.07703     407   10
   108   3.47115   2.83182   6.17266     474    9
   109   5.18714   1.51890   5.89746    1817   21
   110   2.17330   1.58807   4.93985    1622   18
   111   3.53404   1.27017   1.61810     635   10
   112   3.49061   2.85383   1.32240     922   10
   113   3.41062   2.85178   4.51574    1342   16
   114   3.70769   1.22083   4.76624     541   11
   115   2.11012   1.44692   1.89028    1391   16
   116   5.20735   1.69125   4.54437     771   14
   117   3.62483   1.39108   3.02731     658   15
   118   2.08102   1.65543   0.33391     442   12
   119   3.55484   1.35043   3.12355    2439   20
   120   5.15507   1.69072   5.89457    1360   17
   121   0.40810   1.97450   6.23784     687   10
   122   5.09879   1.58047   2.75372    3373   24
   123   5.30653   1.59478   6.09618     925   11
   124   5.21229   1.52024   5.95762    1130   15
   125   5.17142   1.63060   2.93184     396    9
   126   0.71608   0.33022   1.28240     819   13
   127   5.25154   1.58389   1.14912     983   15
   128   3.75074   1.38311   3.01735    1839   21
   129   3.59717   1.23273   3.22960     457   13
   130   3.11456   2.94263   1.00665    1499   16
   131   0.57253   0.35715   3.02664    1925   18
   132   3.61596   1.19988   4.56216     590   13
   133   2.16409   1.52493   3.35203    1384   16
   134   0.29001   0.31228   0.27032    1167   13
   135   3.69828   1.28704   3.23597    1750   17
   136   5.21278   1.54284   1.12046     688   11
   137   0.39154   0.32186   0.10674    1373   16
   138   5.23912   1.76535   5.89049    1500   14
   139   0.54105   1.81625   1.62847     611    8
   140   3.86994   2.86180   0.17017     953   12
   141   2.14929   1.40441   3.47670     704   14
   142   0.71608   0.33022   1.28240     751    9
   143   3.48124   2.92743   4.68935    1616   15
   144   0.79890   0.32571   4.42753     675   13
   145   0.85112   0.24374   1.20875    1521   15
   146   0.40272   1.82571   1.53503    1411   18
   147   2.02812   1.66556   0.32272     402   10
   148   0.05536   0.34582   5.25907     726   15
   149   3.48770   2.87670   6.22531     619   11
   150   1.91799   1.52683   1.96773     869   11
   151   0.26787   0.18377   3.37791     802   16
   152   3.52580   2.73720   6.09977     697   14
   153   2.12505   1.43706   0.20040     911   11
   154   5.19142   1.69647   5.90995     847   12
   155   2.09134   1.57060   3.32615    1887   20
   156   0.75566   0.28487   2.89037     905   13
   157   0.50730   1.89509   1.72565    2596   24
   158   5.21432   1.54020   5.86988     572   13
   159   5.32484   1.54091   4.41804     504   10
   160   2.03418   1.44724   5.02534     799   12
   161   0.67673   0.26922   6.11100     487   13
   162   0.56496   0.40046   4.51550     413   10
   163   2.01574   1.51437   1.86080     793   13
   164   2.02329   1.61651   1.89751    2465   19
   165   0.33458   0.31765   1.70120     742   14
   166   5.18357   1.61991   4.37956     965   14
   167   0.07928   0.30126   3.59337    1237   15
   168   0.39718   1.73520   0.10206    2083   20
   169   5.07980   1.62774   2.87968     563   11
   170   3.67945   2.71130   6.25140    2011   16
   171   0.26787   0.18377   3.37791     609   12
   172   3.77749   2.83431   0.04102    1763   17
   173   0.44821   1.83730   0.03254    1777   19
   174   2.15033   1.45379   1.83239     715   14
   175   0.57191   1.94443   4.75108     454   13
   176   3.67131   1.17062   4.76989    2548   22
   177   3.35328   2.80880   1.24278     970   14
   178   0.48582   1.90674   1.67609    1254   15
   179   5.05275   1.67706   1.38099     369    9
   180   3.55413   1.23269   1.42337    1268   19
   181   0.87275   0.27077   4.33471     704   10
   182   5.21583   1.68320   1.28883    2664   21
   183   3.34466   2.95422   2.81052     728   15
   184   2.10988   1.43248   1.93947     695   11
   185   0.12136   0.23741   5.10115    1511   16
   186   0.70128   0.38014   1.38590    1151   13
   187   0.66782   0.28070   1.37601    1573   16
   188   0.58324   0.41522   3.07914     597    8
   189   5.25622   1.66402   4.31140    1135   16
   190   0.49197   1.76915   0.03272     891   14
   191   2.15646   1.62093   4.90910     522   13
   192   0.37304   0.39822   4.70859    1424   19
   193   3.38836   2.86556   1.42809     600   14
   194   3.74743   1.18816   3.05338    1454   14
   195   0.55812   0.18357   3.03236     759   13
   196   0.75909   0.31403   6.12111     309   10
   197   5.15108   1.63113   2.84017     526   10
   198   5.23959   1.46773   2.93410    1037   14
   199   3.74006   2.92503   3.23310     374   10
   200   0.74781   0.36376   6.11018     864   13
   201   0.21076   0.21735   4.98995     656   14
   202   3.58868   1.15851   4.63912     582   12
   203   3.64568   1.27952   6.16914    2228   18
   204   0.65794   0.41037   1.36340     609   13
   205   3.74623   2.89386   3.29050    1212   17
   206   0.15021   0.30598   0.34625    1531   18
   207   5.20839   1.48511   5.92094    1122   13
   208   0.02730   0.42879   3.54332     450    9
   209   5.15944   1.54365   2.77702     890    8
   210   0.35407   0.31909   0.13876    2431   23
   211   5.21583   1.68320   1.28883     372   12
   212   0.51485   0.18798   1.58524    1098   16
   213   0.46135   1.93892   1.72455    2530   21
   214   3.59322   1.25126   2.99928    1579   17
   215   3.59322   1.25126   2.99928     426    9
   216   3.71269   1.29845   4.66931    1170   14
   217   2.01040   1.45938   3.45051     544   10
   218   2.03239   1.49867   3.31141     778   13
   219   0.60486   1.82220   0.05427     435    9
   220   2.00391   1.66224   3.47836     978   12
   221   3.59322   1.25126   2.99928     315    9
   222   0.65726   0.28571   1.36166     968   17
   223   1.97666   1.60103   3.40206     709   12
   224   5.11174   1.66032   2.86061    1260   17
   225   0.38397   1.76427   3.17220    1522   19
   226   5.21576   1.51732   1.21644    1178   16
   227   0.13167   0.22551   0.34465     605   14
   228   5.10508   1.55004   2.93582     873   12
   229   0.29173   0.40008   1.85669     652   13