     1   0.00000   0.00000   0.00000       0    0
     2   4.23424   1.00134   6.18996    1276   13
     3   2.49784   1.33051   2.16094    1185   16
     4   2.66349   1.41099   5.27356    1115   14
     5   3.94149   2.56910   2.77811     823   13
     6   2.61418   1.30885   0.56282    1483   14
     7   0.68539   0.61433   5.17904    1136   12
     8   0.79775   0.53214   4.88527     999   13
     9   3.75909   2.63985   2.61824     865   11
    10   4.08298   2.53812   4.61759    1426   14
    11   4.12766   2.60295   1.41593    2758   19
    12   2.55432   1.49614   5.19407    1855   14
    13   3.83863   2.58650   2.77232     853   15
    14   4.25928   1.11319   2.80979    1300   16
    15   4.17180   1.04183   4.60802    1114   14
    16   1.07449   2.13770   3.37161    1980   18
    17   3.84401   2.68991   5.95256    1142   15
    18   1.25028   2.11701   3.29135    1275   14
    19   3.86373   2.58930   5.93459     808    9
    20   2.67773   1.49080   2.05728    1148   15
    21   3.82489   2.42607   5.93193    1454   19
    22   1.01098   2.12161   3.22721    1645   17
    23   1.24612   2.00727   3.33685    1590   17
    24   3.77552   2.48651   5.78499    1471   14
    25   2.53582   1.40502   5.29933    1285   11
    26   5.80013   1.80212   0.96436    1349   13
    27   1.14806   2.01323   0.26290    1000   14
    28   1.14541   2.11165   4.87498    1099   13
    29   3.80535   2.40483   2.82789    1352   16
    30   5.60381   1.82327   2.59566    1742   17
    31   0.87466   0.58151   4.81542    1196   13
    32   4.40091   1.09626   6.00731    1034   11
    33   2.46490   1.43575   0.65786    1394   14
    34   3.66691   2.59713   2.62503    1565   18
    35   0.65580   0.54861   3.45850    1128   12
    36   0.83944   0.46371   3.40658    2004   18
    37   4.29909   1.09868   2.83378    1357   16
    38   5.77090   1.78049   4.29037    1195   15
    39   5.68552   1.63436   2.64521    1713   14
    40   2.58665   1.34143   5.15970    1541   16
    41   4.28239   0.97385   4.55053     789   13
    42   4.33277   1.11155   4.50321    1467   18
    43   3.96132   2.50702   6.06533    1194   11
    44   2.60686   1.50430   5.19130    1101   12
    45   0.84032   0.59553   1.74404    1267   17
    46   2.55386   1.38506   5.30922    1252   17
    47   1.24151   2.14982   1.81401    1330   12
    48   5.73748   1.78105   5.61801    1222   13
    49   5.76382   1.74613   2.72920    2767   21
    50   3.99785   2.56844   2.88002    1081   13
    51   4.37965   1.07228   5.94136    1084   14
    52   2.52908   1.54597   3.72532     728   13
    53   3.95901   2.56722   4.41361    1955   16
    54   1.26876   2.22962   5.05297    1213   15
    55   0.73372   0.64176   1.92375     932   15
    56   5.59742   1.77959   1.03561    1605   16
    57   2.66936   1.40790   5.22903    1761   17
    58   2.53287   1.31978   5.31529    1496   17
    59   3.85174   2.47630   4.46246    1565   17
    60   0.67997   0.49666   5.19688    1546   15
    61   5.75668   1.76616   2.56705    1432   17
    62   0.87709   0.63314   3.42011    1526   16
    63   0.55191   0.55378   0.48483    1293   12
    64   5.67998   1.65440   4.08783     708   11
    65   2.52089   1.31899   3.73607    1101   14
    66   2.50779   1.30452   3.70384    1170   13
    67   1.22222   2.24747   1.89230    2147   19
    68   4.35999   0.93400   1.26941     784   14
    69   3.86640   2.50347   4.50005     846   12
    70   0.96990   2.10386   4.74146    1285   13
    71   4.05717   2.51676   1.40224    2239   18
    72   0.73592   0.44304   1.87718    1199   14
    73   5.66745   1.75149   0.89189    1335   12
    74   1.15386   2.07617   0.12415    1736   16
    75   3.94149   2.56910   2.77811    1250   13
    76   2.66665   1.30047   5.18328    1578   16
    77   4.05457   2.48034   4.53801    2286   17
    78   2.55591   1.52454   5.20714    2013   18
    79   5.83709   1.84493   4.23467    2928   20
    80   1.14541   2.11165   4.87498     714    9
    81   4.25463   1.05157   4.63989    1265   15
    82   5.73466   1.63628   5.69448    2214   19
    83   2.60836   1.50315   5.13653     850   15
    84   5.66890   1.80660   0.91208    2491   20
    85   5.75521   1.77958   4.13216     622   10
    86   0.68539   0.61433   5.17904     813   14
    87   4.04537   2.61905   3.02202    1965   18
    88   5.82127   1.64497   1.04105    2542   20
    89   3.96442   2.67429   1.24302    2551   21
    90   5.68422   1.75705   5.69043    1309   12
    91   2.65884   1.48098   3.58468    1250   14
    92   2.55275   1.36630   5.30848    1428   16
    93   5.67998   1.65440   4.08783     815   13
    94   0.65580   0.54861   3.45850    1444   14
    95   1.14806   2.01323   0.26290    1054   15
    96   0.71789   0.71956   1.87662    1185   13
    97   0.77399   0.52768   1.80789    1245   13
    98   2.49884   1.37275   0.49838    1188   14
    99   2.53358   1.39756   2.21054    1196   13
   100   0.77243   0.51030   0.41171     712   10
   101   4.40480   1.08614   2.85762    1135   14
   102   5.73375   1.65820   2.50961    1278   15
   103   5.74442   1.63277   2.69086    1018   13
   104   0.96378   0.64228   4.81474    1121   16
   105   5.70243   1.73904   2.62354    1209   12
   106   4.06797   2.59739   6.02189     952   12
   107   3.87496   2.54510   5.83131    1672   16
   108   4.32114   0.90743   4.41249    1236   16
   109   5.83206   1.81537   5.82840     755    9
   110   2.66183   1.37945   0.53231    1301   14
   111   1.09060   2.13447   3.43416    1613   15
   112   1.13447   2.09017   1.81421     555   11
   113   5.87541   1.78489   1.12348    2145   21
   114   1.18809   2.03568   1.69908    2491   22
   115   0.56182   0.53276   0.54828    1358   14
   116   4.40480   1.08614   2.85762     732   13
   117   4.26267   1.06221   6.12827     857   13
   118   2.60312   1.37582   2.19420     832   13
   119   0.83546   0.51250   3.39252     921   11
   120   3.83814   2.44013   5.92773    1736   19
   121   4.33264   1.03353   5.97853    2349   19
   122   1.13447   2.09017   1.81421    1367   15
   123   2.54665   1.46473   0.41155    1158   15
   124   1.27846   2.12612   1.92894     778   11
   125   3.82961   2.54073   5.95355    1024   17
   126   0.59752   0.67118   3.48845    1988   17
   127   3.79788   2.56302   2.70815     767   11
   128   2.55715   1.48252   3.53740    1647   16
   129   0.80107   0.61959   1.86226    1142   13
   130   3.82211   2.59585   2.85699    1418   16
   131   0.70380   0.48091   5.19653    1121   17
   132   2.65542   1.47311   3.59996    2501   21
   133   1.12876   2.09061   4.96398    1521   16
   134   2.65021   1.46160   0.44002    1216   12
   135   5.71230   1.68312   2.67917    1367   16
   136   2.58419   1.50588   5.15605    1384   16
   137   1.19256   2.00228   1.77676    1448   16
   138   2.55637   1.28041   2.02393    1474   15
   139   4.15705   1.04532   6.09419    1218   15
   140   3.89344   2.58791   2.72513     883   14
   141   2.51130   1.48112   2.06129    2582   17
   142   3.87133   2.67050   5.83852    2113   18
   143   1.13195   2.12111   0.12201    1172   14
   144   0.79988   0.50426   3.50204     968   13
   145   4.27553   0.93008   1.39467    1533   17
   146   2.45542   1.36190   5.30421    1030   14
   147   5.74429   1.77576   4.15365     878   14
   148   4.31036   1.07115   4.60559    1414   14
   149   4.35999   0.93400   1.26941    1330   14
   150   2.60822   1.40898   0.47162     962   12
   151   2.54314   1.34118   0.54996     883   12
   152   4.40216   1.14298   5.96478    1408   14
   153   4.40216   1.14298   5.96478    1623   15
   154   5.64507   1.72583   4.13097     965   13
   155   0.89123   0.53480   3.19518    1400   12
   156   4.30712   1.07049   6.07037    1976   18
   157   5.79535   1.86979   4.25229    1792   14
   158   1.20393   2.20050   3.22360     987   14
   159   4.25254   1.18493   6.17838     836   11
   160   2.62102   1.48153   2.15022    2098   19
   161   4.08370   2.54951   1.36327    1427   13
   162   4.33099   1.15331   1.41472    1156   14
   163   0.75080   0.46231   3.58798    1959   19
   164   4.31873   1.02970   3.06156     908   15
   165   3.87701   2.59531   2.68935     830   10
   166   1.09959   2.05316   0.07667    1024   12
   167   0.55191   0.55378   0.48483    1132   12
   168   4.33271   0.96727   1.26437    1612   16
   169   1.16814   2.15689   5.03913     936   12
   170   5.86226   1.63685   2.59831    1733   17
   171   4.16220   1.01085   4.56866     706   13
   172   3.95652   2.56328   1.23035    1181   14
   173   1.12208   2.17380   3.29190    1287   16
   174   3.90581   2.49623   4.51949    1184   16
   175   5.77065   1.73427   5.75866    1999   17
   176   2.61418   1.30885   0.56282    1432   16
   177   1.14471   2.02048   1.71479    1905   16
   178   2.55160   1.33950   5.16031    1337   14
   179   5.73466   1.63628   5.69448     916   14
   180   4.40216   1.14298   5.96478    1774   17
   181   5.76869   1.86186   2.59816    1222   17
   182   1.01094   2.21488   3.23483    1199   15
   183   4.41499   1.00708   6.03967    1379   13
   184   1.13991   2.07945   3.37420     947   13
   185   0.78058   0.70266   3.54292     759   11
   186   1.25104   1.98270   4.99648    1348   14
   187   1.22826   2.08367   1.83475    1341   14
   188   2.68868   1.42390   5.12905    1598   17
   189   3.87911   2.63674   4.33357    1893   17
   190   0.70757   0.66926   3.41022    1720   16
   191   0.57679   0.50255   1.97942    1201   16
   192   3.70016   2.67796   4.27387    1066   15
   193   4.07608   2.61843   4.53774    1676   15