     1   0.00000   0.00000   0.00000       0    0
     2   0.09534   0.14014   3.27852     397   11
     3   3.85643   3.01091   5.35186    3170   20
     4   0.00000   0.00000   0.00000    1910   17
     5   3.32124   1.31070   4.51729    3724   20
     6   0.35326   0.24097   4.59724     465   10
     7   3.38196   1.26615   4.66487     865   12
     8   4.89426   1.60315   2.94351    1967   19
     9   4.70898   1.64386   6.11871    1227   14
    10   3.38706   1.40120   1.39979     945   14
    11   3.34691   1.47231   0.03316     657   11
    12   3.16950   1.37105   1.51011    3596   23
    13   0.05816   1.80686   1.74820     854   13
    14   0.02726   1.74934   1.74159     674    8
    15   0.09216   1.83438   3.09138    4357   21
    16   3.35248   1.40374   4.67186    1778   17
    17   5.91622   0.30685   3.60092     886   13
    18   0.06021   0.23480   1.70289    2586   20
    19   3.53315   2.96296   5.02268     435    9
    20   2.80652   3.01275   5.83397    1604   17
    21   3.28951   1.32770   1.42716     411   10
    22   4.73806   1.51847   4.49576     236    6
    23   0.08687   1.86242   1.66534     806   13
    24   3.42488   2.90429   0.23470     409   11
    25   3.38196   1.26615   4.66487     384   10
    26   4.82822   1.63387   4.50420     297    8
    27   1.73331   1.48560   0.11658    3973   23
    28   4.73806   1.51847   4.49576     340    8
    29   3.42488   2.90429   0.23470    2581   18
    30   3.28914   1.43477   4.69943     874   12
    31   2.99899   2.81644   6.04803     845   11
    32   1.81224   1.50793   3.38525     553   10
    33   3.35303   1.43785   6.15519     756   12
    34   4.82822   1.63387   4.50420     678   12
    35   5.94916   0.18018   5.22837    4160   22
    36   1.78396   1.47468   1.88069    1087   11
    37   0.21164   1.78311   4.70984    3021   17
    38   0.17008   1.82933   3.21915    1495   13
    39   6.20398   0.30832   4.82841    2933   19
    40   1.59245   1.57634   0.13002    1115   12
    41   3.21732   1.27307   0.04489    1951   16
    42   0.05538   1.78218   4.87393    2380   16
    43   0.06782   0.33407   0.04575     348    8
    44   3.42488   2.90429   0.23470     376    8
    45   4.76958   1.62522   1.40484     704   13
    46   1.71728   1.41987   3.45740    1784   18
    47   1.71294   1.62782   1.79682    5254   22
    48   0.09472   0.25354   3.16544    1603   14
    49   4.82822   1.63387   4.50420     771   11
    50   2.60510   2.95197   2.43997     389    9
    51   0.17034   1.82356   4.69117     779   10
    52   0.14481   1.68619   3.32106     334    7
    53   1.66237   1.42490   0.26030     634   13
    54   4.86881   1.71221   6.10415    2851   17
    55   3.58804   2.94412   3.50883     393    7
    56   3.27358   2.88805   6.21012    1416   15
    57   3.25059   1.37041   1.54650    1982   18
    58   4.76958   1.62522   1.40484     760   12
    59   1.62121   1.53894   0.20914     407   10
    60   0.17034   1.82356   4.69117     691   12
    61   3.38196   1.26615   4.66487    1033   11
    62   4.95639   1.66587   1.38467    3775   22
    63   1.77331   1.61093   1.82996    2917   22
    64   6.12876   0.10763   3.52551    1946   19
    65   3.25260   1.36237   3.16444     658   12
    66   1.61536   1.56198   0.20672    1138   12
    67   0.08233   1.68174   3.06424    3450   22
    68   3.05796   2.82654   4.40425    1236   12
    69   3.42488   2.90429   0.23470     490   11
    70   4.94863   1.63133   4.56172    3976   21
    71   5.46225   0.14525   4.16890    2746   20
    72   4.75827   1.68636   4.44418    1623   14
    73   1.61639   1.40075   1.85814    1212   13
    74   1.74728   1.49224   0.15354    1468   13
    75   2.81001   3.03763   5.83009     579   10
    76   3.70318   3.01695   3.46298    1973   19
    77   3.30152   2.84847   1.59978    1902   18
    78   4.90948   1.59828   6.10507    1404   12
    79   1.78666   1.45190   0.29216    1322   16
    80   1.62121   1.53894   0.20914     393   10
    81   4.81982   1.65672   2.92503     591   10
    82   3.23323   3.03978   1.47417     408    8
    83   0.38729   0.23631   2.85494    1957   16
    84   4.81882   1.61179   6.16297     408   10
    85   3.29892   1.48013   4.64611    3436   21
    86   1.59517   1.60547   4.99144    1622   16
    87   1.80071   1.45020   4.88438    2304   21
    88   3.42488   2.90429   0.23470     443    9
    89   1.56633   1.47683   4.99319     405    9
    90   6.18244   0.21468   3.33333    1391   12
    91   6.19267   0.30302   0.18981    3686   20
    92   3.24257   1.44351   3.18748     618   10
    93   1.57980   1.61226   3.38728    1106   13
    94   4.78848   1.49785   2.97429     797   11
    95   0.05576   1.85896   1.63204     795   11
    96   4.82822   1.63387   4.50420     440   12
    97   2.75901   2.83816   4.09772    2828   17
    98   1.70293   1.38687   1.77408    3479   20
    99   0.12561   1.69286   3.17789    2831   16
   100   0.15419   1.84098   4.81113     965   10
   101   3.38196   1.26615   4.66487     960   11
   102   3.35693   1.45903   6.15357    1033   10
   103   3.35546   1.34869   3.14063    4837   20
   104   6.16473   0.12010   3.28576    1983   16
   105   0.14564   1.89624   4.75642    1496   14
   106   2.96095   2.87625   2.89678     420   10
   107   6.23769   0.33164   1.63917    2706   16
   108   5.79234   0.30567   3.67103    1863   19
   109   1.67519   1.52450   3.42618    2153   16
   110   0.00703   0.19304   1.67997    1516   17
   111   2.76510   2.82907   1.15962    1260   14
   112   4.82822   1.63387   4.50420    3704   22
   113   4.78459   1.68388   1.36819     570   13
   114   0.17034   1.82356   4.69117    1448   12
   115   1.59245   1.57634   0.13002     368    9
   116   3.16417   1.45070   4.61705     672   10
   117   0.16579   1.76096   3.28756     268    9
   118   4.83927   1.63518   4.55801    2588   19
   119   2.97686   2.88158   1.31367    2399   17
   120   4.84088   1.56410   1.36085    4220   20
   121   0.47128   0.21933   1.31810    1020   13
   122   3.29502   1.23677   0.00319     515   12
   123   2.93370   2.89629   6.03233    2506   20
   124   3.21732   1.27307   0.04489     451   11
   125   1.70138   1.55298   0.30121     379    9
   126   3.38196   1.26615   4.66487    1237   13
   127   0.07825   1.72029   1.57661    1788   14
   128   5.79148   0.29193   0.62034     576   13
   129   0.19670   1.78525   4.83621    1547   16
   130   2.82280   2.99057   2.65501    1989   13
   131   1.68987   1.43030   3.34376     642   10
   132   3.25260   1.36237   3.16444     829   11
   133   1.66090   1.47542   1.81247     681   12
   134   0.35650   0.09513   6.03837    2117   13
   135   3.28579   1.31025   0.04967    1260   16
   136   1.63066   1.59477   1.84845     902   10
   137   3.11796   2.95531   6.05826    1051   13
   138   1.66851   1.58422   1.69974     833   12
   139   3.25260   1.36237   3.16444    1164   13
   140   3.17666   1.38728   6.27452    1199   11
   141   3.17056   1.39973   3.07262     675   12
   142   4.76600   1.55142   1.39441    1523   17
   143   3.54426   2.87843   4.85541    1475   15
   144   3.38196   1.26615   4.66487     489    8
   145   0.19318   0.19680   2.96409    2132   15
   146   3.17077   1.34631   4.58157    4664   27
   147   0.02849   1.71780   0.09970    1064   13
   148   3.35658   1.40400   6.21946     709   11
   149   0.23361   1.70571   3.25746     757   16
   150   0.00000   0.00000   0.00000     518   10
   151   0.03620   1.69585   3.30094     422    8
   152   2.70956   2.95902   1.05503    3957   22
   153   1.60959   1.39932   0.10468    1228   11
   154   0.27748   1.75694   0.19966     897   10
   155   3.31826   2.96022   3.11086    1062   10
   156   1.77236   1.47792   1.77449     870   14
   157   2.99899   2.81644   6.04803     855   13
   158   2.75901   2.83816   4.09772     431   11
   159   0.04959   0.31010   1.63112     667   10
   160   1.72090   1.62021   3.33965    3575   19
   161   0.20857   1.71485   1.51390     731   12
   162   1.62471   1.51560   3.28036    1602   14
   163   0.04959   0.31010   1.63112     422    9
   164   0.06627   0.33044   4.81292    1577   15
   165   0.10461   1.76586   4.78550    4733   25
   166   3.39039   1.38040   4.56378    1374   15
   167   3.70318   3.01695   3.46298     810   15
   168   4.84352   1.66734   4.54190    4195   27
   169   4.92017   1.56572   4.47298     829   13
   170   0.19818   1.87236   3.25502    1157   15
   171   0.19280   1.81647   1.54441     429    8
   172   3.15473   2.95507   2.95756     285    8
   173   0.06192   1.86036   1.55975     893   11
   174   1.76045   1.55563   4.91611    1984   14
   175   0.11411   1.66948   1.62625    3394   20