     1   0.00000   0.00000   0.00000       0    0
     2   3.15288   1.50442   2.57316    1263   13
     3   1.90542   2.00927   3.58914    2276   20
     4   6.11929   0.65186   2.06369    1170   16
     5   2.68528   1.29897   3.73118    1067   15
     6   0.72597   2.70660   5.84979    1500   17
     7   5.36600   1.38381   5.33452    1337   16
     8   5.58950   2.14762   5.14857     616   12
     9   3.15276   0.72090   1.23835    1202   14
    10   5.04374   2.23447   2.34886    1993   18
    11   4.94172   1.60095   3.87962    1388   16
    12   4.04414   1.69959   0.91623    1865   18
    13   2.64690   2.23365   1.87203     771   11
    14   5.26012   1.21885   5.61421    1125   13
    15   2.06568   1.36343   1.01161    1920   19
    16   2.46299   0.14766   0.12211     959   13
    17   0.87396   1.04943   4.18291    1734   17
    18   2.74607   1.85851   1.42682    1109   13
    19   0.44191   0.51463   4.92727    1631   15
    20   3.34221   1.44852   0.17341    1010   14
    21   4.13143   2.15754   3.59178    1687   19
    22   4.37202   0.38841   6.05696    1389   14
    23   4.54719   1.07718   3.72820    1645   14
    24   0.93480   2.16432   3.55034     888   11
    25   3.47322   0.26279   4.74825     716   13
    26   4.29189   1.65459   5.25894    1259   16
    27   5.05239   1.55180   2.32518     759   14
    28   3.54421   1.53086   5.92036     780   12
    29   4.00602   2.31944   3.76711     602   12
    30   4.15983   0.96741   1.21499     808   10
    31   0.12442   1.36336   3.80550    1341   13
    32   0.10680   1.36715   2.97612     956   12
    33   2.42549   2.70790   3.77136    1294   13
    34   0.57198   1.02153   6.23469     979   11
    35   0.32100   2.25501   5.04084    1557   16
    36   6.11735   1.81919   2.21927     851   13
    37   4.87088   1.57187   2.47952    1752   17
    38   6.08952   1.46409   2.32169     930   16
    39   6.08088   2.05386   1.34662    1383   15
    40   5.75841   1.41051   4.35803    1005   14
    41   2.50604   1.37682   1.90159     934   13
    42   4.42280   1.89664   4.26001     866   12
    43   5.55519   1.81856   4.80426    1054   16
    44   1.08385   1.61398   1.23207     898   10
    45   4.10628   1.09004   5.68250     780   11
    46   3.11782   1.61325   3.13917    2068   17
    47   4.85867   1.49349   2.66789    1264   15
    48   2.76811   2.32658   5.70574    1128   15
    49   3.48492   1.12304   5.08519    1411   14
    50   3.92966   1.26645   4.71273    2011   15
    51   1.51091   1.65560   0.27593    1808   16
    52   0.93601   0.68834   3.00975    1531   14
    53   5.00446   1.88770   1.69033    1699   15
    54   1.99852   2.42681   1.26244     801   11
    55   2.83433   0.90881   5.64309    1289   13
    56   3.44587   2.28572   3.73077    1192   13
    57   0.64667   1.14386   0.65690    1036   17
    58   5.38254   1.73220   6.10650    1222   16
    59   0.57370   2.23513   2.67641     985   15
    60   6.03765   1.60835   6.27900     836   15
    61   3.81093   1.16461   1.93846    1854   17
    62   0.80743   2.05198   3.00612     935   15
    63   6.21708   1.03176   2.65397    1752   17
    64   3.99605   1.35398   3.98916    1142   13
    65   2.21589   1.84220   0.01787    1273   15
    66   0.04780   0.35310   1.59538    1089   12
    67   4.76100   0.45024   0.01712    1186   14
    68   2.24760   2.28868   1.32591     787   10
    69   5.66332   0.48616   4.37662    1685   18
    70   0.66026   1.76359   0.55692    1547   15
    71   1.00883   1.07840   5.85389    1196   15
    72   1.69155   0.52621   5.76585    1166   16
    73   4.12848   1.52054   2.44519    1403   15
    74   5.69059   1.21771   2.16583    1655   15
    75   2.45374   2.09113   2.25112    2693   22
    76   2.97044   1.90409   1.29160     695   13
    77   5.76090   2.06174   2.13989     635   11
    78   2.01415   0.96950   2.88123    2130   19
    79   1.14800   1.97783   3.77141     854   11
    80   3.64266   2.19402   0.30752    1016   15
    81   5.46709   2.33115   1.51468    1331   14
    82   6.12820   1.76223   2.59775    1002   14
    83   0.65615   1.99629   3.78520     754   10
    84   4.75026   1.88758   1.04391    1524   14
    85   3.16678   1.06973   1.78599    1206   14
    86   1.91130   0.32636   4.64204     758    9
    87   3.17702   2.21532   2.69819     703   12
    88   5.60759   1.09132   4.25853    2104   15
    89   5.91850   0.47358   2.70127    1129   13
    90   3.26278   0.41134   2.08343    1155   14
    91   3.48787   0.92308   5.52021     746   12
    92   5.46705   1.21404   2.21822    1196   12
    93   5.53115   0.94031   1.26657    1338   15
    94   3.21917   1.46392   4.11639    1283   13
    95   5.95066   2.08673   5.69761     960   13
    96   2.28366   1.59985   6.11240    1185   12
    97   0.81854   1.72196   2.56212    1058   13
    98   4.79809   2.03479   6.19082    1148   14
    99   3.12869   2.71983   6.26379    1206   12
   100   3.79071   2.15630   1.66795    1550   15
   101   6.26370   1.61257   1.16932     769   11
   102   3.47404   0.63826   2.00533    1676   16
   103   5.39983   2.11351   5.62625    1126   13
   104   4.67881   2.16912   2.83377    1017   13
   105   5.28778   2.48759   5.10561    1353   16
   106   4.91077   1.44788   1.90192    2476   18
   107   1.61251   0.54676   5.40964    1660   17
   108   1.12421   1.18401   1.62625    1155   12
   109   4.18275   0.14588   4.90489    1070   16
   110   1.29485   1.98053   5.06176    2548   19
   111   4.11410   0.80817   0.27718    1186   13
   112   5.83332   0.89686   5.19262    1285   16
   113   2.44728   1.21787   2.30489    1930   20
   114   5.29504   0.44072   0.17699    2102   23
   115   4.03104   0.31851   1.88355    1938   20
   116   2.72880   0.50125   1.64353    1572   19
   117   2.18644   2.39267   2.51499     599   10
   118   1.00622   1.02597   3.78172    1012   12
   119   0.20592   1.80945   1.45895    1393   13
   120   1.89425   2.05952   4.28953    1150   13
   121   0.24249   2.17050   1.06346    2185   17
   122   4.59520   1.40903   2.51688    1382   14
   123   4.37408   1.80262   0.55909    1444   15
   124   1.14966   0.71493   0.64575     864   10
   125   4.90505   1.33308   5.65312    2425   22
   126   2.57868   0.66160   3.57747     807   11
   127   3.77483   0.89874   3.35493    1168   11
   128   4.35748   2.55342   1.15457    1650   16
   129   2.06043   1.76876   0.24150    1379   15
   130   3.95379   1.70873   4.46578    1227   15
   131   2.05585   0.82783   3.53201    1390   16
   132   2.50469   2.17141   1.01610     797   11
   133   5.27058   0.96686   3.77077    1580   15
   134   3.46281   1.97300   1.95173    1319   11
   135   0.66942   0.90131   0.61616    1023   13
   136   3.02351   1.97071   1.79519     755   11
   137   1.30968   2.58647   3.62718    1340   17
   138   0.58806   0.25074   2.02236    1130   14
   139   0.77093   2.76013   3.60221    1153   14
   140   5.37916   2.36745   2.64074    1495   17
   141   1.08586   0.18449   2.93816    1697   17
   142   0.89503   2.47485   5.51755     551   11
   143   2.42704   2.90945   6.10894    1492   18
   144   0.28776   0.64008   0.60712    1314   16
   145   3.03872   2.63820   1.06244    1331   13
   146   1.08117   1.33756   0.50663    1411   14
   147   0.63201   0.80704   4.84348    1047   13
   148   1.98898   2.13850   5.77270    1652   18
   149   5.36956   2.22756   1.93272    1466   16
   150   6.21274   2.13664   2.02764     796   12
   151   1.05458   0.78666   5.85991     969   13
   152   5.91489   1.26712   0.47874     999   16
   153   3.06983   1.30835   5.89281     735   13
   154   4.99039   0.92330   5.28214     730   12
   155   2.58472   2.51773   0.93900    1338   13
   156   2.82801   0.70441   1.04439    1216   15
   157   5.01975   1.13624   4.77669    1328   16
   158   3.81499   1.06717   5.25662    2167   20
   159   0.29542   0.63757   0.60942    1230   17
   160   4.48430   1.67218   5.36612    1393   15
   161   4.46978   1.27237   3.08121    1674   16
   162   2.42760   1.08699   3.85697    1563   15
   163   0.45513   2.41897   3.51135    1680   16
   164   2.52421   1.55704   4.11303    1281   15
   165   5.30988   0.35846   3.79160    1405   16
   166   0.85894   0.84778   0.54485    1092   14
   167   0.89631   1.87255   4.09335    1512   15
   168   2.98762   1.38571   3.03021     655   11
   169   5.56026   0.74044   0.64648    2014   19
   170   0.25710   1.57414   4.68097    1866   18
   171   2.13680   0.64634   0.44657    1617   16
   172   6.15141   2.39457   0.54948    1433   16
   173   0.72941   1.20309   1.18888    1171   16
   174   2.23649   2.42222   4.81806     943   13
   175   3.50437   0.89586   2.83363    1411   14
   176   4.98174   1.13552   3.69806    1731   15
   177   6.11146   1.95872   5.59239    1604   19
   178   4.01782   1.78212   1.54335    2252   22
   179   2.95366   2.15559   3.40948    2237   22
   180   3.83161   2.41352   4.07201    1682   15
   181   2.17778   1.21460   5.47399    1425   15
   182   1.62595   1.06985   5.64462    1453   17
   183   0.51669   1.85911   3.34462    1349   19
   184   2.80829   1.99488   3.57793    1558   15
   185   6.12160   0.96410   4.17654    1216   15
   186   3.98819   2.35029   6.14462    1478   18
   187   3.04882   1.70925   1.83224    1156   12
   188   4.84504   1.72778   5.68066    1097   14
   189   2.31228   2.47878   4.58415    1012   14
   190   4.50616   1.76632   2.50063    1752   18
   191   2.44977   2.93602   0.40829    1234   13
   192   0.23458   1.43633   3.51983    1562   15
   193   4.08284   2.52775   3.59609    1124   11
   194   0.27598   1.34737   4.81928    1468   15
   195   2.63072   2.41432   6.04751    1537   18
   196   3.03877   2.40445   2.23071    1157   15
   197   3.36754   2.20174   0.39895    1405   17
   198   0.83896   1.29118   1.68323    1207   11
   199   1.28845   2.57932   5.11049    1978   20
   200   2.33937   1.13593   0.53613    1402   16