     1   0.00000   0.00000   0.00000       0    0
     2   2.30696   1.05789   5.48606    2200   19
     3   5.43055   2.06453   5.49630     754   12
     4   0.27254   1.01346   0.56707    1507   12
     5   0.21505   0.90177   3.74212    1834   15
     6   1.22485   2.20282   0.68346    1378   15
     7   4.32401   0.84314   5.51924    1108   14
     8   4.12037   0.87813   4.08538    3100   18
     9   2.34086   0.98434   2.42004     983   10
    10   2.23635   1.00512   4.04207    1317   13
    11   2.26208   1.05724   5.51287    1262   10
    12   0.09386   0.97059   2.30094    1957   18
    13   0.19813   0.80127   0.75589    1078   13
    14   4.16723   0.98349   0.94426     853   11
    15   3.43741   2.16613   2.47775    1286   13
    16   4.24532   0.89366   5.57120    1403   13
    17   1.05699   2.30842   3.81303    1700   11
    18   5.29521   2.13420   5.43625    1216   12
    19   0.99165   2.24980   0.61479    2007   18
    20   0.25000   0.87710   2.20801    2185   15
    21   5.32472   2.09413   2.42105    4403   23
    22   1.10304   2.12867   2.22671     763   11
    23   2.16483   1.03760   5.56635    1494   12
    24   4.21228   0.98396   3.96199    1849   15
    25   0.09392   0.90415   2.35426    1714   17
    26   2.26382   1.00036   5.52795    1803   13
    27   3.46685   2.16260   0.97836    1585   13
    28   4.21228   0.98396   3.96199    1579   13
    29   1.02961   2.13053   2.24667    2077   13
    30   3.27129   2.20115   5.61090    1072   11
    31   4.25234   0.96096   5.56094    2261   14
    32   3.21546   2.21368   5.59515    1659   16
    33   4.19341   0.94633   5.63440    2117   17
    34   5.41141   2.16132   0.77526    1652   12
    35   3.34436   2.12953   2.45521     872   10
    36   4.33725   0.83723   0.81619     901   13
    37   4.21881   0.82494   4.09305     969   10
    38   0.95239   2.23124   3.76969    2051   18
    39   0.00473   0.83953   2.34021    1719   15
    40   2.23013   1.06757   5.41996    1704   17
    41   3.35893   2.23613   0.85297    1119   11
    42   3.23119   2.06267   2.41050    2868   20
    43   2.27402   1.08535   5.45442    2431   16
    44   3.15502   2.22087   5.49079    1956   15
    45   4.14501   0.99278   2.52839    1205   13
    46   1.11638   2.16507   2.18410    1431   13
    47   4.35057   0.89933   5.58976    1842   14
    48   4.35878   0.87173   5.57500    2651   19
    49   5.34869   2.16120   2.34807    2289   17
    50   3.31602   2.16097   4.06279    1034   14
    51   4.36290   0.86537   3.92504    1800   14
    52   5.28446   2.04829   4.01773    2164   19
    53   5.34725   2.13160   2.28323    2584   16
    54   3.33072   2.32313   5.58941    1501   13
    55   1.09629   2.30115   3.84505    1962   15
    56   2.12629   0.99536   5.58634    2095   17
    57   2.18967   1.11870   5.43776    1965   16
    58   1.02489   2.34024   3.88502     873   11
    59   4.20934   0.87595   5.66128    1619   15
    60   3.45524   2.26208   1.03584    1027   13
    61   5.29475   1.99862   5.54660    1249   11
    62   0.12630   0.88801   5.49059    1716   16
    63   3.36068   2.21655   2.48816    1546   14
    64   5.37439   2.04044   5.56332    1285   14
    65   3.24057   2.23516   4.03767    3085   20
    66   2.11983   1.02583   2.28474    1228   13
    67   1.18363   2.24448   5.36204    1810   14
    68   3.37804   2.09838   5.67000    2213   19
    69   1.13594   2.31447   2.24612    1313   13
    70   0.31299   0.96412   3.86179    1138   13
    71   3.33072   2.32313   5.58941     731   11
    72   2.10786   1.00895   4.01195    1194   10
    73   4.23856   0.83896   2.55485    2052   17
    74   0.32243   0.85496   3.77206    2344   15
    75   3.34024   2.16350   0.98691    1853   14
    76   1.02863   2.24680   3.80014    1534   12
    77   3.23771   2.20539   4.08130    1625   15
    78   1.09199   2.25264   0.73178    1100   15
    79   0.22090   0.87021   3.84785    2164   18
    80   1.11250   2.30051   0.82852    1737   16
    81   0.16015   0.99467   5.30932    1619   16
    82   2.25594   1.16106   3.91613     992   11
    83   5.19159   2.06023   3.80378    1687   16
    84   1.10304   2.12867   2.22671    2129   16
    85   4.31182   0.87583   3.83535    1206   13
    86   4.24026   0.83906   2.53664    1319   11
    87   0.20042   0.90985   3.73926    1247   15
    88   4.25736   0.82124   4.07092    2135   18
    89   2.36011   1.06583   0.64535     996    9
    90   3.36478   2.22689   2.42286    1531   14
    91   1.07246   2.28110   5.41540    3287   20
    92   0.18525   0.81751   5.33771    1300   12
    93   5.25445   2.14410   3.83232    1758   17
    94   0.26258   0.83764   0.61460    1280   13
    95   4.19126   0.83960   0.95300    1882   16
    96   1.08498   2.21850   5.48115    2613   15
    97   0.29602   0.95088   5.43251    1748   13
    98   4.30986   0.92757   0.74219    2159   14
    99   2.18967   1.11870   5.43776    1680   17
   100   5.17591   2.06839   2.24162     898   11
   101   2.19868   1.12142   2.37683    1697   15
   102   4.23798   0.99788   1.01906    2739   20
   103   0.19630   1.02870   0.60486    1985   13
   104   5.36009   2.06551   5.58735    1605   14
   105   2.26613   1.19221   3.87082    1377   14
   106   4.21881   0.82494   4.09305    1518   14
   107   1.07293   2.25626   2.30362    1091   14
   108   0.12949   1.05648   2.30608     750   11
   109   3.33037   2.31822   2.48934    1463   15
   110   1.09199   2.25264   0.73178    2143   16
   111   3.45524   2.26208   1.03584    1428   14
   112   4.24579   0.86358   4.11515    1535   16
   113   5.29412   2.18367   2.29652    1976   14
   114   2.16819   1.09344   2.44712    1558   13
   115   3.35814   2.29435   5.69445    2038   15
   116   4.21228   0.98396   3.96199     837   12
   117   0.24939   0.98958   5.38644    1349   10
   118   3.35893   2.23613   0.85297    1617   15
   119   4.25986   0.83240   2.53800    1657   14
   120   0.24879   1.01542   0.66972    1435   15
   121   4.16860   0.85522   0.92249    2982   17
   122   3.23500   2.17456   4.09391    2358   17
   123   0.23243   0.87736   2.13755    1936   16
   124   2.15807   1.04373   5.38154    2339   16
   125   2.08986   1.10230   0.84193    1760   17
   126   3.28963   2.17107   3.99085    1856   17
   127   5.44838   1.94988   4.02835    1080   12
   128   3.34801   2.20469   5.61084    2175   15
   129   3.22568   2.29886   5.48973    1942   17
   130   4.14501   0.99278   2.52839    1655   15
   131   1.05620   2.19394   0.56099    1925   15
   132   2.25044   1.08827   0.66053    2205   17
   133   3.23273   2.25784   2.43462    2608   15
   134   3.42806   2.29132   5.74293    1360   15
   135   3.22950   2.17995   2.44789    3144   18
   136   2.24391   1.13823   0.84506    2120   17
   137   3.33733   2.13459   4.12472    2348   18
   138   4.19978   0.80354   3.94595    1772   14
   139   3.40407   2.29149   4.04082    1171   13
   140   4.21319   0.95150   0.95173    2164   16
   141   2.11319   0.98698   5.54688    3323   19
   142   2.07688   1.07391   5.68133    1422   14
   143   3.20671   2.20429   3.97385    2238   16
   144   3.22618   2.11401   0.83254    1703   13
   145   4.43953   0.88845   0.75844    1598   14
   146   0.31207   0.83085   3.77833    1648   15
   147   4.14501   0.99278   2.52839    1455   13
   148   0.17340   0.86828   3.84055    1582   13
   149   1.11841   2.22582   0.66407    1627   14
   150   5.47180   2.03465   2.41755    2433   16
   151   4.19722   0.85225   3.94811    1476   12
   152   0.93472   2.21179   2.10118    2770   15