     1   0.00000   0.00000   0.00000       0    0
     2   1.38785   0.09347   1.54352     475    8
     3   4.53090   1.51206   4.61772    5025   25
     4   4.42644   1.48324   1.43667    1491   16
     5   6.17801   1.51750   4.71520    1364   12
     6   6.01063   1.73711   4.67331     416    9
     7   3.05056   1.54508   4.84871    1700   16
     8   2.79690   1.50977   3.16337     637    9
     9   6.15477   1.61432   4.56231    2045   18
    10   1.43251   1.49364   4.80492    2860   17
    11   6.10238   1.66011   6.25801    2221   20
    12   4.56026   1.43792   1.59021     864   14
    13   4.51226   1.42530   4.67035     828   15
    14   1.39216   1.60364   1.65240    4252   23
    15   2.94349   1.53621   0.04479    1464   15
    16   2.95326   1.41144   3.28949     358   10
    17   1.37962   1.71577   0.05233    2831   24
    18   1.58721   3.07672   4.95834     787   14
    19   4.59465   1.58024   3.20415    1336   13
    20   0.40022   0.05345   5.55260     351   10
    21   6.16087   1.53403   3.00608     982   15
    22   0.15527   0.17671   5.92671    2541   16
    23   6.01340   0.01057   0.03757     525    9
    24   5.97469   1.68608   3.05374     634   12
    25   1.44787   1.57783   6.24068    1662   17
    26   4.43116   1.44571   3.19665    5270   30
    27   3.03330   1.53584   1.64290     553   10
    28   3.03330   1.53584   1.64290     426    9
    29   3.05507   1.63947   1.60004     421   12
    30   2.77116   3.06705   3.03061    2406   21
    31   1.25130   1.53993   1.64732    1053    9
    32   3.83266   2.90774   5.64075    3477   20
    33   4.62214   1.53370   4.68509     585   10
    34   2.89889   1.63942   4.73523     505    9
    35   2.97114   1.59348   0.07926     804   12
    36   3.00230   3.05157   3.27320     297    8
    37   2.08978   0.04318   0.76039    1861   18
    38   5.99250   1.62813   1.53202    2311   17
    39   3.03330   1.53584   1.64290     268    9
    40   4.42644   1.48324   1.43667     392   10
    41   4.48936   1.55327   4.77296     567   13
    42   6.16014   1.65406   3.13542    1086   11
    43   1.30318   1.54521   1.54043    2075   16
    44   6.03067   1.51923   0.04695    1974   18
    45   1.32321   1.61418   1.54663    1250   14
    46   1.37787   0.07828   6.16188     468    9
    47   5.96695   1.67347   6.21183    2058   18
    48   2.83951   3.11589   4.71658     413   10
    49   3.05507   1.63947   1.60004    1793   16
    50   3.24289   3.02907   1.92106     701   10
    51   2.91926   1.51180   4.69501     983   14
    52   1.44787   1.57783   6.24068    1159   13
    53   1.37150   1.70775   3.19833    1257   19
    54   4.55859   1.47564   1.59089     562   11
    55   4.39217   1.63233   4.64532     756   10
    56   4.39842   1.49743   3.03469     913   12
    57   4.42644   1.48324   1.43667     407    9
    58   4.32616   3.00227   2.94689     420   13
    59   4.59553   1.53965   4.64201    1710   14
    60   1.28779   1.73592   4.85451     683   12
    61   4.61362   1.52357   6.22070     531   10
    62   5.95347   1.61981   4.62780     766    9
    63   4.48936   1.55327   4.77296     453    8
    64   4.48098   1.60331   4.79321    1331   16
    65   6.09337   1.56673   4.60554     943   10
    66   4.41480   1.57494   1.60159    1572   14
    67   2.92884   1.45019   3.18530    2675   18
    68   5.95440   1.65823   4.74112     328   11
    69   1.43300   1.57093   4.87857     663   12
    70   1.41506   1.52744   1.70643    1655   15
    71   6.09597   1.67439   6.25746     766   10
    72   2.89187   1.60661   4.84619    1072   12
    73   0.01550   0.15907   6.12453     735   10
    74   4.80932   2.96844   0.19494    1987   16
    75   2.91158   1.46132   4.72453    1229   13
    76   5.20807   3.05087   0.60078    2928   24
    77   3.03694   1.50452   4.63246    1375   14
    78   2.89429   1.59645   3.08297    1024   13
    79   4.43277   1.56259   0.08613    3757   20
    80   4.49599   1.54956   1.56489     582   10
    81   4.56050   1.45730   4.68768    1418   16
    82   0.50624   0.01400   4.02512    1100   14
    83   2.96646   1.56263   1.57167     305    8
    84   5.95440   1.65823   4.74112     736   10
    85   4.51229   2.99217   6.27087    1477   16
    86   4.42644   1.48324   1.43667     804   11
    87   5.96695   1.67347   6.21183     322    8
    88   4.57013   1.59517   1.53679     568   10
    89   0.80814   0.17558   3.65390     447    9
    90   4.44650   1.48609   0.06365    2869   17
    91   4.47377   1.62802   1.43061    4919   26
    92   3.82340   3.12726   3.92954     433    8
    93   4.35627   3.05270   1.44174     787   11
    94   4.39419   1.54067   6.26423    1167   13
    95   5.00100   3.08720   2.11872    1472   15
    96   0.98039   0.15685   0.46578    4235   23
    97   1.44787   1.57783   6.24068    1472   17
    98   4.37046   1.55603   4.64040    1522   14
    99   1.37162   1.59914   4.67925    2591   17
   100   4.61413   1.64478   0.06047     716   12
   101   4.54033   1.64956   6.23312     481   13
   102   6.14850   1.60653   1.53407    1999   18
   103   2.46427   3.06721   2.59721     813   16
   104   5.95440   1.65823   4.74112     956   15
   105   2.86357   1.52678   4.78149    1503   14
   106   4.50245   1.55925   4.60384     611   12
   107   6.00757   1.47698   6.22842     443    9
   108   2.87898   1.44169   0.11941    2400   16
   109   2.88854   1.59112   1.54954     842   15
   110   0.81107   0.14267   0.53598    1950   14
   111   0.33524   0.09804   0.98922     742   11
   112   3.63209   3.02182   0.62973     447   11
   113   1.17800   0.14604   1.64640    1040   11
   114   6.06385   1.55783   4.70698     571    9
   115   4.42109   1.40843   3.21287     671   13
   116   1.63517   3.07763   0.32291    1212   13
   117   0.02175   0.15008   4.34944    1117   12
   118   4.47790   1.56235   6.17772    1985   19
   119   1.28008   1.54997   3.19600     424    9
   120   2.88296   1.61443   3.19345    2570   17
   121   3.48341   3.12262   0.52252    1111   13
   122   3.47583   3.01468   0.57513    1172   14
   123   2.90543   1.43270   0.02094     598   10
   124   3.93476   3.03222   1.00028     657   12
   125   4.52068   3.05980   1.59762     798   11
   126   1.29899   1.65992   1.63590    1900   17
   127   4.78313   0.06466   2.84089     416   10
   128   5.96080   1.47768   4.63282     521   10
   129   1.44787   1.57783   6.24068     572   13
   130   2.99595   1.52297   1.65200    2621   20
   131   4.54896   3.03232   0.14717     781   15
   132   2.07943   3.08830   2.24699    1386   14
   133   1.35044   1.70013   0.01265    1085   15
   134   1.32672   1.69925   0.07220     375    8
   135   4.11484   3.12781   1.16870    1958   16
   136   3.00230   3.05157   3.27320    1192   13
   137   4.54896   3.03232   0.14717     413    9
   138   4.36978   1.47028   0.00940     963   11
   139   4.46770   1.64434   1.47725    4376   23
   140   4.61578   1.53519   4.70008     334   11
   141   4.46690   1.41673   1.52345    1063   12
   142   6.07582   1.57061   6.22687    3371   23
   143   1.32963   1.56703   6.23052    3594   20
   144   6.04694   1.70204   4.59019    1796   15
   145   6.11014   1.57696   3.06846     297    9
   146   4.57526   1.45383   6.13989    4106   23
   147   1.44787   1.57783   6.24068     562   10
   148   2.76122   2.97352   4.61594    2479   20
   149   6.13301   0.11206   6.23115     650   11
   150   3.00514   1.59109   4.86701    3286   23
   151   2.93887   1.53272   0.09171    2328   16
   152   4.08817   3.11712   5.94162     423   10
   153   5.94362   1.62104   1.53021     589    9
   154   3.00396   1.47969   3.20197    1312   15
   155   1.62284   0.14090   1.31520    3925   24
   156   2.23138   3.07722   0.95081    2589   23
   157   3.03162   1.42791   0.07884     603    9
   158   1.47071   1.65240   6.23611    1343   15
   159   2.96117   1.57244   1.49498     654   11
   160   4.54896   3.03232   0.14717     780   13
   161   6.03255   1.71291   4.67104    1306   14
   162   2.99496   1.51294   0.09559    2089   18
   163   5.61231   0.13187   2.10185     465   11
   164   3.69358   2.94347   3.88811     861   14
   165   3.03330   1.53584   1.64290     426   12
   166   0.00000   0.00000   0.00000     990   13
   167   4.53833   1.53351   1.50221    3125   22
   168   1.46389   1.71368   3.23748    2817   15
   169   4.57008   1.59924   4.63611     832   12
   170   2.46427   3.06721   2.59721     456   11
   171   2.55877   3.00713   5.87447    1287   19
   172   1.29692   1.61897   0.05775    5350   25
   173   4.49880   1.50097   1.55105    3654   22
   174   2.26280   3.07708   4.16965    2880   19
   175   1.25002   1.54754   4.66929    3773   23
   176   3.03330   1.53584   1.64290     932   13
   177   4.02081   2.94312   4.15970    1739   15
   178   3.02516   1.57742   4.64206     908   14
   179   2.91147   1.46918   0.05788    3429   20
   180   5.61231   0.13187   2.10185     925   14
   181   1.27904   1.73058   1.70108    3155   18
   182   6.03377   1.69192   6.18603    3744   22