     1   0.00000   0.00000   0.00000       0    0
     2   2.06230   1.86337   0.81815    1454   14
     3   5.79449   1.91202   5.47389     835   14
     4   1.63791   0.37499   5.30486     840   14
     5   1.54426   1.38854   1.41226    1316   13
     6   4.75137   0.92696   1.09113    1802   17
     7   1.33490   1.84490   3.92863    1284   15
     8   1.87105   1.21380   3.46368    1275   17
     9   0.38413   2.37326   2.58261    2660   21
    10   1.80615   2.62270   3.86434    1498   15
    11   5.32006   1.30189   2.60853     965   11
    12   3.36731   1.10164   3.41777    1971   18
    13   1.65182   1.69458   1.57740    1195   14
    14   2.15495   2.91802   5.75338    1223   17
    15   3.67686   1.24297   3.76719    1679   14
    16   5.10155   1.76270   3.71355    1071   12
    17   0.85813   0.36404   5.99981     863   11
    18   3.28404   0.31748   1.58866     942   10
    19   3.20522   0.75991   3.87256    2661   21
    20   1.19477   0.45348   0.44390    1028   13
    21   3.60966   0.44313   5.73627    1826   19
    22   1.38045   2.11236   6.20548    1121   14
    23   3.32538   2.33937   4.23464    1216   17
    24   0.54187   2.21423   2.67615    1591   14
    25   3.96332   1.97607   5.28840     792   13
    26   0.12549   1.88376   6.17628    1034   12
    27   1.45722   0.73494   5.98417    1532   15
    28   3.82386   1.66993   3.31455     852    9
    29   2.83750   1.35456   6.18147    2074   16
    30   3.35815   2.41185   0.94810     742    9
    31   2.87570   1.61386   1.27168    1937   18
    32   5.52973   0.79411   4.67742    1297   16
    33   3.01337   1.40474   3.45555    1362   17
    34   5.51970   0.98370   1.27805     931   12
    35   3.48399   0.64358   3.51699     569   10
    36   0.98372   1.49107   0.62088    4852   27
    37   0.96182   2.24109   5.61690    1853   18
    38   4.59666   1.67395   5.82095    1327   13
    39   4.16762   1.28318   0.57595     718   12
    40   2.38252   0.98786   4.08399    1185   14
    41   4.86950   2.65714   6.06678    1005   13
    42   4.11994   0.29421   5.48570    1027   14
    43   2.20787   0.35213   0.85283    1324   13
    44   1.48478   0.85869   4.11513    1220   13
    45   0.69490   0.37783   3.33946    1651   16
    46   4.78224   2.38107   0.78113    1090   12
    47   4.61731   1.76526   4.45651    1200   14
    48   5.41409   2.17890   1.93260    1100   16
    49   5.15915   0.18590   6.26408    1694   19
    50   1.11940   1.20726   0.74489    1663   18
    51   6.03630   1.17896   0.94037    1405   18
    52   4.45080   1.66948   3.40644    2514   19
    53   2.51682   2.49635   0.43015    1889   18
    54   3.23440   2.11747   4.89292    1206   14
    55   3.72514   1.97213   3.77933    1422   16
    56   3.13553   2.11179   2.34167    1632   16
    57   1.99543   2.13538   2.35895     781    9
    58   3.74290   2.60985   2.17610    2165   18
    59   3.49553   1.66127   1.81744    2147   18
    60   5.60611   1.34743   2.00800    1031   14
    61   5.56473   0.45502   3.10713    1698   18
    62   4.21797   0.53918   1.48671    1251   13
    63   5.60073   0.73024   3.04459    1204   15
    64   2.23723   1.07176   4.09096    1235   11
    65   1.73928   1.58164   3.82408     873   12
    66   0.56570   1.94301   6.01047    1848   15
    67   5.51409   1.89640   0.79528    1188   17
    68   5.00135   1.70544   0.82855    1330   17
    69   3.24585   2.27622   4.70137    1233   12
    70   3.61538   0.72872   0.83428     949   11
    71   0.48574   1.96057   0.88479    1871   17
    72   3.34900   2.31396   5.19695     796   10
    73   4.25348   1.72692   5.22326    1418   14
    74   2.76882   1.31679   1.58298    2084   17
    75   0.11350   2.09210   6.27504    1231   12
    76   2.36642   1.39412   5.06502    1205   14
    77   4.47004   1.61070   2.58951    1284   13
    78   5.15024   0.14524   3.25695     970    9
    79   2.37081   1.11554   5.35227     568   10
    80   2.00378   2.24094   5.65659     958   12
    81   6.22260   2.67481   3.98017     961   11
    82   5.67040   2.12427   2.04292     898   14
    83   4.65325   1.97962   0.94042     731   12
    84   0.02612   2.63673   3.01693     886   11
    85   5.60073   0.73024   3.04459    1418   18
    86   0.32594   1.81173   3.00554    1657   16
    87   1.39376   2.33610   2.34823     865   13
    88   1.62014   0.82378   1.15337    1275   15
    89   3.71504   0.62889   5.63315     977   15
    90   4.54694   2.73469   1.65957    1705   16
    91   4.45636   0.52186   1.93694     755   12
    92   2.18683   2.21782   3.73785    1475   15
    93   0.86315   1.22078   5.28694    1326   14
    94   1.91584   2.53245   0.74697    1622   16
    95   5.53073   2.27439   4.18069    1090   11
    96   2.36985   2.41687   1.51374    1560   19
    97   0.53900   1.65373   1.99066    2088   20
    98   1.59775   1.55246   2.64842    1508   17
    99   2.20413   2.56209   1.99995    1199   17
   100   4.49547   0.81970   2.09432    1014   12
   101   1.65182   1.69458   1.57740     965   13
   102   2.48316   2.26859   3.22090     883   12
   103   4.94363   2.22145   5.06959    1066   12
   104   3.85757   1.99718   1.19609    1349   14
   105   4.28958   1.29577   2.51662    1766   17
   106   5.14247   1.31907   6.09364    1637   16
   107   3.21721   1.01327   6.24990    1150   15
   108   5.11090   0.08158   3.50705    1040   16
   109   4.88036   1.91398   5.83168    1036   14
   110   0.55723   0.82693   4.88300    1602   14
   111   0.83092   1.75165   0.61949    1569   15
   112   5.33036   2.22543   3.69968     961   12
   113   0.05613   1.02722   5.30016    1343   16
   114   5.19667   0.85157   3.10594     940   11
   115   0.22599   0.45533   3.89203    1048   11
   116   1.27814   1.79924   1.94549    1041   14
   117   4.71958   1.94795   6.03784    2227   17
   118   3.71335   0.48895   0.40516    1486   15
   119   4.72069   0.14960   2.95597    1652   18
   120   1.86451   1.34014   6.06245    1618   15
   121   0.63899   0.88443   1.79780    1254   14
   122   4.18363   2.74907   3.44511     727   11
   123   4.13707   0.93724   1.07815    1649   14
   124   2.65401   1.96508   5.98054     914   11
   125   5.14742   2.34641   5.77162     881   14
   126   3.15863   0.40952   3.22253     885   12
   127   5.96937   2.37376   5.52438    1777   18
   128   1.83433   2.32278   3.86061     819   13
   129   2.28156   1.09276   2.16301     629   13
   130   4.33098   2.16109   1.74504    1799   19
   131   1.68819   2.49182   3.12230     876   11
   132   0.72248   2.61569   2.77211    1615   16
   133   5.42051   0.88428   0.34221    1207   14
   134   5.93604   1.91227   1.06194    1584   16
   135   0.92964   0.76832   5.85023     723   11
   136   0.28318   1.34999   0.44242    1487   14
   137   1.55168   2.62298   2.70326    1201   15
   138   2.13357   0.63995   0.37749    1706   15
   139   2.61673   0.43330   6.22436    1275   14
   140   0.76488   1.37647   3.88726    1417   16
   141   1.29428   1.77594   4.62983    1565   17
   142   3.78246   1.06272   2.13123    1925   21
   143   3.45602   1.00424   3.79580    2837   23
   144   4.34300   2.16285   1.24137    1179   14
   145   4.28122   0.90854   4.30390    1024   15
   146   5.43659   2.39524   2.99106     916   15
   147   5.59412   2.37649   3.11608     854   12
   148   2.78105   1.83606   5.50800    1454   17
   149   1.48207   2.78444   3.74892    1889   17
   150   2.86880   2.39107   3.46729    2302   21
   151   2.67562   1.24865   4.74960    1262   16
   152   0.98356   2.27682   5.63048    1160   14
   153   3.63184   0.63439   6.03882    1549   17
   154   2.19494   1.81180   5.59280     854   14
   155   3.44676   1.69834   5.50634    1725   17
   156   2.38479   1.28152   6.23904    1551   15
   157   2.42020   1.00464   0.83876    1652   14
   158   3.47019   1.38536   3.80005    1277   13
   159   3.87121   2.00581   1.36969    1220   13
   160   3.29951   1.59589   0.19503     891   11
   161   5.12467   2.69920   2.82158     878   12
   162   2.61926   2.07241   5.33721    1668   15
   163   5.51540   2.28274   6.16846    1680   16
   164   1.36231   1.94053   3.66518    1718   16
   165   2.25239   2.08123   2.34034    2074   17
   166   4.73417   2.25215   2.40656    1390   13
   167   3.62725   2.28156   2.53194    1375   13
   168   5.23661   0.31554   4.90550    1750   13
   169   3.63825   2.36287   1.87076    1251   18
   170   0.37861   1.97713   0.96496    1068   14
   171   1.35998   1.83250   4.37886    1717   17
   172   3.09376   1.44921   2.19899     631    9
   173   5.31015   2.36770   6.22808    1466   15
   174   1.88734   0.77828   3.68931    1463   13
   175   2.41408   1.48002   0.93152    1993   14
   176   5.60234   0.88192   4.52534    1001   10
   177   2.74220   1.53978   4.05984    2164   20
   178   2.97355   1.05817   2.26496    1515   17
   179   4.38192   0.93039   5.68509    1584   16
   180   2.33136   1.57841   2.50549    1255   11
   181   4.97242   1.24058   1.12983    1751   18
   182   2.17671   2.97845   6.10903    1109   15
   183   2.20802   1.95968   3.76824    1368   16
   184   5.18713   1.86990   4.51309    1495   16
   185   5.03066   2.23807   5.30831    1453   16
   186   4.26571   2.85587   0.44934    1752   16
   187   5.06257   1.51102   5.48093    1225   13
   188   1.65183   1.46116   3.74817    1262   17
   189   1.57859   0.97977   3.89239    1248   14
   190   2.53971   2.62831   6.00431    1023   16
   191   4.03075   1.67839   2.48555    1363   15
   192   1.86451   1.34014   6.06245    1743   15
   193   3.38785   2.33494   2.20467    1078   11