     1   0.00000   0.00000   0.00000       0    0
     2   0.71939   0.80687   0.07219     934   13
     3   4.43959   1.95316   0.71627     586   12
     4   5.71850   0.68901   5.93828     774   13
     5   1.21770   1.07948   4.39253     637   13
     6   2.14043   1.89013   4.47216    2256   21
     7   3.01218   2.11081   0.79392     495   11
     8   5.61825   2.25303   0.69371    1216   14
     9   5.22159   0.85642   1.30787     600   12
    10   5.83793   0.53482   0.78182     554   12
    11   0.82688   0.64219   3.69410     274   11
    12   3.63559   2.40245   2.63127     751   11
    13   2.00639   1.69818   5.52144    1925   17
    14   2.96587   1.89402   1.59553    2031   18
    15   0.28558   0.88252   0.00378     693   14
    16   2.24112   2.09693   1.66822    2650   24
    17   4.40300   0.64329   2.46244    1122   13
    18   3.06994   1.82919   0.67154    2027   18
    19   3.68239   2.31632   1.26062    1430   15
    20   4.25801   0.85724   1.03307    1043   16
    21   1.98733   0.11972   1.51078     544   10
    22   4.81873   1.78658   2.39246     657   14
    23   3.26591   0.49614   0.14687    1498   17
    24   1.14930   2.88886   2.69166     380   10
    25   4.49888   2.17304   3.13428     921   14
    26   2.52464   1.99939   3.85159     676   11
    27   0.26180   2.50710   1.14076     828   11
    28   2.01410   1.85368   5.91655     768   14
    29   1.01289   1.04268   1.06525     786   14
    30   3.22396   0.69076   1.21361    1404   19
    31   1.15395   1.88288   2.17027     496   13
    32   0.77256   1.53290   5.30982    3165   21
    33   0.55292   1.72208   3.19288    1125   12
    34   3.51895   0.91720   4.01050     936   17
    35   1.33646   2.62400   5.36322     756   13
    36   5.75012   1.65924   3.50970     930   14
    37   2.63983   0.96528   5.81061     610   10
    38   0.68163   0.38133   3.26556    1517   17
    39   4.49609   1.15290   3.33370    1017   14
    40   2.53431   0.82817   4.35335     667   13
    41   1.08613   1.61816   0.86101     964   16
    42   4.91087   0.45346   4.29898     691   13
    43   3.51471   1.91128   3.83496     624   15
    44   5.58114   1.28969   6.22096     777   14
    45   4.48569   1.48529   1.67074     574   12
    46   3.52952   0.91124   5.38425     767   15
    47   0.60217   2.14909   2.60338     260   10
    48   1.84573   2.05341   6.22797    1545   18
    49   1.94804   2.08676   2.81338     613   13
    50   3.71265   2.46621   4.83601     895   12
    51   5.25574   2.12987   4.78598    1381   17
    52   1.40223   1.01518   0.13408     480    9
    53   0.75996   1.87099   5.04755    1725   17
    54   0.55123   1.49584   5.27145    1482   16
    55   0.68672   1.75432   5.59484     350    8
    56   4.24663   0.97964   4.39026     683   12
    57   5.08667   2.14367   1.20863     818   15
    58   1.83449   2.51011   5.55659    1921   19
    59   4.56688   0.86660   0.56176     756   13
    60   5.05311   2.61662   5.77568    1249   17
    61   3.86969   2.42094   3.03754    1804   17
    62   4.00112   1.47521   3.60823     881   14
    63   0.80150   2.71261   5.41551     758   15
    64   4.48825   0.95596   0.95933     865   17
    65   0.57114   1.09184   2.21726    1972   18
    66   1.57280   1.98788   6.16603     905   15
    67   6.17945   2.42419   5.12757     417    9
    68   5.75900   0.31511   5.64427     354   10
    69   5.46471   1.72485   5.10920    2202   20
    70   0.45038   2.31170   4.22406    1401   13
    71   3.83372   1.48064   3.41210    1707   16
    72   1.43647   1.58360   2.34897     422    9
    73   1.25811   1.09690   3.41403    1355   17
    74   5.83968   1.35866   2.97203     590    9
    75   1.69269   0.61735   3.88143     809   14
    76   1.01947   1.60094   3.24143     548   11
    77   3.29892   0.83161   5.05707    2647   26
    78   2.50887   2.45926   3.55668    1112   15
    79   1.80214   2.08580   4.27907     650    9
    80   0.49333   1.31806   3.01754     502   12
    81   4.47715   1.09067   4.71478    1071   11
    82   3.49782   2.32327   2.70550    1203   17
    83   0.99744   1.57991   3.93692    1517   18
    84   5.74098   1.11475   2.40782     879   15
    85   4.85561   0.85882   3.35985    1119   15
    86   2.10514   0.99258   1.53320    3753   25
    87   1.10868   2.23628   5.12205    1178   13
    88   0.74206   2.08814   4.45111     152    7
    89   2.37487   1.98465   5.31910    1023   11
    90   5.51653   1.83736   3.71974    1421   21
    91   6.13494   1.48663   2.73113    1311   18
    92   3.21497   2.08011   4.72307     715   10
    93   5.90725   1.93281   2.35624     810   14
    94   0.76402   1.36648   3.25973     422   11
    95   2.38073   1.44535   2.34781    2444   24
    96   1.74088   1.30857   4.96804     397   11
    97   1.80485   2.10729   0.45256    1440   16
    98   4.22710   0.63097   1.62341     369   10
    99   5.35432   1.77610   2.18309     373   10
   100   5.65624   0.76256   1.52126     701   10
   101   3.33474   1.12496   0.43083     569   11
   102   0.45062   2.31419   0.62140    1285   16
   103   0.56816   0.80594   1.62462    1200   12
   104   1.82064   2.04772   5.22959    1908   18
   105   1.30755   2.59424   4.14077     579    9
   106   4.55299   1.13193   5.99959     906   15
   107   1.89264   2.68044   1.95198     643   12
   108   4.11864   1.71824   4.54041    2455   19
   109   3.69487   0.58776   3.61754     515   10
   110   2.43464   1.83865   4.30075    1589   18
   111   0.59925   1.97423   3.26802    1904   20
   112   5.93809   2.12915   3.97447     925   14
   113   4.66141   1.64233   1.70000     871   12
   114   1.20495   1.17169   3.58133     479    9
   115   0.52485   2.57546   4.47912     822   11
   116   3.52952   0.91124   5.38425     311   11
   117   5.87562   0.80903   5.58925    2116   20
   118   3.62349   2.18117   1.78804    1287   17
   119   1.16812   2.66075   5.03501     735   13
   120   4.96293   1.38467   6.11950    1818   17
   121   0.31405   1.71674   5.33881    1387   15
   122   3.24812   0.66208   6.02579    2334   21
   123   6.21857   3.01625   4.14447     730   12
   124   3.74999   1.04068   2.01961     916   11
   125   4.84030   2.43164   6.06474    1134   17
   126   1.43500   2.96000   5.79314     485    9
   127   1.34919   3.06209   3.13173     429   10
   128   5.99060   2.01978   1.57197    1816   19
   129   1.60737   2.02887   5.15581    1900   18
   130   3.67394   1.47023   5.24908     516   10
   131   1.54928   1.48653   2.09738     413   11
   132   0.74732   1.22543   2.68937    1674   18
   133   1.33001   2.08715   1.89241    1974   18
   134   2.07293   1.37669   1.89378    2281   21
   135   0.67040   0.96172   3.64226     981   15
   136   0.51766   2.24182   0.21858     804   12
   137   5.60590   1.86246   4.81006     534   10
   138   0.82223   0.98730   6.16973    1177   18
   139   4.45830   1.46382   1.00960     687   10
   140   4.30808   2.90301   6.23442     358   11
   141   1.89648   1.41036   3.89420     712   12
   142   2.46004   1.22133   4.83100    1077   14
   143   4.18855   1.64650   4.55289    1115   17
   144   0.28684   2.21932   3.27755     716   13
   145   0.24282   0.88385   2.35377     450    9
   146   5.81805   1.51974   1.85063    1795   19
   147   3.07544   1.17174   4.65594    1215   14
   148   4.79530   2.22247   0.21340     318   10
   149   5.23575   2.22744   4.19166    1215   16
   150   5.09929   2.49316   3.50188     431   11
   151   0.93031   1.72747   5.01563     908   13
   152   0.78995   0.56834   4.47372    2325   18
   153   1.62400   1.44603   4.85967    1061   13
   154   1.17898   0.21041   0.78528     813   12
   155   3.75470   1.69792   0.91519    2518   23
   156   0.36484   0.81312   0.69822    2617   24
   157   0.06369   1.48393   1.97454     620   12
   158   0.02414   2.18420   4.96645     720   15
   159   0.34775   0.67961   5.60186     650   12
   160   4.43924   1.69775   4.43202     860   14
   161   2.34336   0.90551   4.34369     248   11
   162   2.77693   1.77942   4.95254     953   12
   163   4.32289   1.28386   2.05348     647   14
   164   0.10596   1.14018   4.66096    1393   16
   165   2.79411   2.36106   5.15427     313   10
   166   0.21025   2.88738   5.70523     412   10
   167   5.85876   0.95019   4.54612     912   12
   168   5.25749   1.03357   5.19106     316    8
   169   5.64193   0.99952   3.31722     632   11
   170   0.71886   1.81599   1.66430    1803   19
   171   0.00104   0.89594   2.84207     624   10
   172   5.10705   2.19973   2.94183     954   13
   173   3.49194   2.30306   3.43816    2471   22
   174   4.24787   2.30630   0.02356     953   17
   175   5.17721   1.90174   2.49669     689   16
   176   5.44435   2.16608   1.33566    1074   17
   177   3.45020   1.72199   3.60381    1276   16
   178   0.17548   2.78333   3.73909    3630   28
   179   0.58456   2.32074   0.43760     711   14
   180   0.14814   0.91249   4.95646    1493   16
   181   2.13731   1.72010   0.84698     926   11
   182   5.33880   2.13989   0.99657     534   12
   183   1.58322   1.15237   5.70695     580   12
   184   0.90288   0.72269   3.07906    1088   15
   185   4.72237   0.98641   2.22732    1328   13
   186   5.46385   2.28972   1.60324    1000   13
   187   3.42274   2.03328   5.12174    1387   17
   188   5.59761   1.04199   0.13027    1518   19
   189   4.59599   1.77127   4.99868    1042   15
   190   6.19199   1.21284   3.60264     416    9
   191   4.12014   2.60017   5.39256     950   18
   192   5.99750   1.04564   0.44873    1170   14
   193   2.34440   1.50070   5.49434    1141   14
   194   2.37141   2.04096   2.33974    1584   15
   195   0.40393   1.50166   2.39757     994   17
   196   4.56245   1.23855   1.14293    1456   15
   197   2.31821   0.48569   0.47402    1013   14
   198   0.11167   1.90428   2.25269    1784   20
   199   3.33302   1.00908   0.73522    1043   16
   200   2.86388   2.52945   3.86422    1807   18
   201   2.28570   1.42363   1.57764    1307   15
   202   1.91088   2.75060   2.79018    1138   17
   203   4.66565   0.25464   1.01697    1587   19
   204   0.56596   1.00266   4.84683    1824   19
   205   5.26987   1.27368   5.62389     745   10
   206   3.31110   2.25921   3.02416    1008   17
   207   1.45538   1.94208   3.61234    1168   16
   208   5.73827   0.50286   1.61272    1023   11
   209   2.93078   0.86690   5.56661    1328   17
   210   4.65906   0.99232   3.17116    1513   17
   211   0.90124   1.89669   1.36409     768   11
   212   0.22743   1.11178   1.42696     471   12
   213   2.23200   1.23292   0.91845     860   14
   214   1.23370   0.87972   2.36640     681   13
   215   4.88764   0.92789   4.71751     787   11
   216   3.95175   2.03774   3.63359     867   13
   217   5.23707   1.70182   2.45539     928   17
   218   1.68328   1.55280   2.13727     885   14
   219   0.51198   2.77191   2.50780    2409   19
   220   5.92412   0.88288   2.15798     605   10
   221   0.33514   2.65266   3.18943    1565   17
   222   4.34373   0.06929   3.38224    1290   13
   223   5.42426   1.33164   3.88470    1013   10
   224   2.13340   1.32989   1.48102    3226   24
   225   5.69033   1.87808   0.49162    2770   22
   226   2.87168   2.05481   5.16247     822   15
   227   0.30765   1.33357   2.81965     365   10
   228   2.59899   0.77499   2.29599    1151   15
   229   2.29346   2.14065   6.18007     407   11
   230   6.19154   2.21579   2.95551     966   12
   231   2.01713   0.57617   4.90373     865   14
   232   4.04990   1.45059   3.74201     687   13
   233   6.01791   1.02225   2.46038    1957   20
   234   4.23846   2.61834   2.65185    1352   13
   235   5.43905   1.94845   4.34661    1007   13
   236   4.84124   2.42810   0.58335    1908   19
   237   5.45352   1.27308   0.88011     582   12
   238   1.30928   0.64205   5.22791     599   11
   239   2.01466   1.56002   0.66756    1429   16