     1   0.00000   0.00000   0.00000       0    0
     2   2.53009   1.15355   2.62434    5759   16
     3   3.93980   2.09766   1.23778    3421   14
     4   0.75661   0.94623   5.07101    3314   13
     5   5.70319   1.85707   3.79412    4437   16
     6   4.53221   0.67263   4.16300    3521   13
     7   5.59607   1.91206   3.69888    3477   15
     8   3.90291   2.23512   1.16026    5109   18
     9   2.50120   1.18098   2.51159    3594   12
    10   4.54625   0.64396   2.75330    2948   10
    11   0.71411   1.06359   3.59873    4156   14
    12   1.20236   2.46746   1.99721    4251   17
    13   3.88224   2.19798   1.24346    5362   15
    14   5.77604   1.90029   2.23213    2920   12
    15   5.65387   1.78336   2.15355    5766   17
    16   3.94306   2.18433   1.15014    3487   15
    17   4.44395   0.62805   1.29248    4922   20
    18   0.87694   0.92415   5.01396    3970   14
    19   3.99121   2.24604   1.15596    4880   16
    20   5.67411   1.85477   2.21277    3479   14
    21   2.53746   1.25390   2.49647    4298   15
    22   4.68612   0.77135   5.62137    5099   15
    23   2.54868   1.31436   4.01926    5219   17
    24   0.75712   0.92505   1.99087    4129   14
    25   5.60861   1.87165   0.62117    3614   11
    26   2.71668   1.21772   0.85530    4014   15
    27   3.81832   2.17294   2.63582    3263   13
    28   0.74424   0.91789   0.30023    5147   16
    29   1.33649   2.41625   5.29200    2105   10
    30   2.46435   1.25641   4.10843    3672   14
    31   4.58201   0.75783   5.60834    5007   18
    32   2.55114   1.30015   0.87253    4752   17
    33   1.51720   2.44068   3.89852    4571   16
    34   3.96052   2.23558   5.84502    3321   13
    35   1.48179   2.44717   3.68165    3878   15
    36   2.62993   1.34167   5.61250    4520   16
    37   1.33649   2.41625   5.29200    1958    9
    38   4.43374   0.76903   5.84292    4352   15
    39   4.64294   0.71410   5.70088    2485   11
    40   1.29167   2.49013   0.44323    4421   16
    41   0.65382   1.03193   2.08766    5003   15
    42   4.68057   0.73313   5.54849    2704   12
    43   1.33649   2.41625   5.29200    3291   13
    44   3.91994   2.11713   4.42376    4799   17
    45   3.77789   2.16266   5.86343    4749   17
    46   1.32279   2.50212   3.53569    4899   15
    47   4.70247   0.80456   0.90541    4977   17
    48   0.72135   0.98602   2.10277    3145   13
    49   0.62907   0.95936   5.18853    4318   17
    50   3.77067   2.16053   5.81503    3480   14
    51   2.64192   1.24765   0.87648    2910   13
    52   3.90186   2.15596   1.27709    2754   12
    53   1.47717   2.49855   3.74439    4469   16
    54   2.59578   1.26947   5.69618    3856   14
    55   3.78690   2.12550   2.70826    2877   14
    56   2.52595   1.11607   0.96069    3420   15
    57   5.70302   1.83290   5.45117    3581   15
    58   1.51720   2.44068   3.89852    4399   16
    59   4.49206   0.74682   2.55899    3449   15
    60   4.57982   0.71242   2.63793    4514   16
    61   2.63192   1.15652   4.17061    3848   13
    62   2.55828   1.17169   0.88777    6398   20
    63   4.59651   0.65174   2.57299    2882   13
    64   1.50439   2.46782   5.33026    4691   16
    65   4.47548   0.67452   2.66462    4097   17
    66   0.72135   0.98602   2.10277    4036   16