     1   0.00000   0.00000   0.00000       0    0
     2   0.40944   0.41943   2.18450    1338   14
     3   0.91588   2.06185   4.83723     830   14
     4   2.51674   1.33483   1.93589    1546   16
     5   5.63785   1.87170   4.32213     917   15
     6   0.33595   0.48269   3.66452    1456   16
     7   3.44233   2.66447   2.52248    1255   14
     8   1.14947   1.88418   4.92370     786   11
     9   4.23323   1.29636   4.43408    1116   14
    10   3.71701   2.61046   2.85385    1323   13
    11   0.39542   0.45250   2.19548    1351   18
    12   2.40053   1.40311   1.97450    1983   16
    13   1.01920   1.99825   1.68651    1310   16
    14   2.41627   1.40694   1.97472    1640   17
    15   5.75217   1.66981   4.33442    1893   18
    16   3.71207   2.67152   1.03538    1332   14
    17   0.51330   0.50055   3.63014    1060   14
    18   0.96726   1.98008   3.35800    1106   17
    19   3.72025   2.75737   1.06228     771   14
    20   2.50525   1.23916   0.30573    1934   16
    21   3.68983   2.68114   0.99383     969   14
    22   3.89112   2.64775   6.06660    1384   18
    23   3.57982   2.80278   4.09328    1791   17
    24   4.10510   1.35438   1.45537     785   10
    25   2.56399   1.30344   1.88000    1630   13
    26   2.47470   1.35457   3.62189     506   10
    27   5.62305   1.77864   5.89761    1478   16
    28   2.45158   1.46256   3.36315    1022   13
    29   1.03637   1.88854   3.24634    1560   15
    30   1.15897   1.90358   3.34993    1253   17
    31   5.70056   1.85846   2.82307    1071   14
    32   2.57734   1.40385   0.43389    1350   14
    33   0.68364   0.46507   4.94740    1529   14
    34   2.61709   1.42973   1.90645    1030   12
    35   2.45837   1.36126   3.53073    1105   11
    36   3.43013   2.79188   0.95143     877   14
    37   5.80825   1.77344   4.40667    1841   15
    38   5.69477   1.89231   5.87261    3031   23
    39   4.16963   1.12636   6.12180    1636   14
    40   0.97937   2.04716   4.83052    2660   21
    41   2.54811   1.29109   5.14499    1134   14
    42   4.04123   1.12892   4.58234    1639   17
    43   1.00168   1.99870   3.30668    1644   16
    44   5.67346   1.83176   1.13059    1334   15
    45   0.31652   0.51629   0.65472    1005   14
    46   0.31176   0.35285   5.52168     722    9
    47   3.72069   2.82242   2.75523    1522   17
    48   5.52659   1.77600   2.64501    1369   13
    49   2.62364   1.31716   0.35644    1316   12
    50   5.57442   1.79419   2.70099     928   11
    51   5.79161   1.77009   4.41233    1305   13
    52   1.16947   1.87394   0.32816    1552   16
    53   4.08581   1.20789   4.54752     965   15
    54   3.52321   2.86182   2.63430    1492   17
    55   5.76813   1.89916   4.37247     997   13
    56   4.09655   1.30059   6.02942    1757   17
    57   4.25974   1.11443   2.97112    1213   15
    58   1.00236   1.95263   1.80181    1790   18
    59   2.57335   1.25988   5.11793    1825   21
    60   2.42009   1.44700   0.36688    1582   16
    61   4.04228   1.14526   2.99224    1074   14
    62   5.64861   1.82990   5.84509     983   12
    63   4.26882   1.17579   4.41720    1144   11
    64   2.43328   1.36957   3.54631     829   13
    65   4.07149   1.09131   1.47829    1572   18
    66   3.62087   2.78508   1.05302     822   10
    67   3.99743   2.70344   6.05645    1056   13
    68   4.14405   1.27011   1.22384    1482   14
    69   4.27580   1.29923   1.21036    1143   14
    70   2.53892   1.29901   3.66932    1210   13
    71   3.41026   2.66673   0.96300    1136   15
    72   1.07578   1.97087   3.44702     795   13
    73   5.60620   1.73347   2.67571    1281   14
    74   1.09542   1.93707   3.39641    1423   13
    75   0.29384   0.41422   5.37789    1489   15
    76   0.53499   0.33541   5.12302    1263   15
    77   5.64972   1.90916   1.21273    1334   12
    78   0.24849   0.43936   5.46622    1607   16
    79   5.57901   1.85531   4.25632    1318   17
    80   1.05521   2.03596   1.65190    1354   16
    81   1.02290   1.89061   1.70882    1285   13
    82   0.89913   1.92393   1.66388    1302   15
    83   4.14429   1.13890   4.40257     942   13
    84   5.63032   1.71504   2.66605    1400   15
    85   2.48431   1.33294   0.38921    2459   21
    86   0.97937   2.04716   4.83052    1469   15
    87   3.78697   2.83029   2.90265    1983   19
    88   0.46732   0.42128   0.39831    1348   12
    89   3.72069   2.82242   2.75523    1060   13
    90   4.24874   1.20253   1.31132     686   12
    91   4.23765   1.14346   2.93976    1336   15
    92   0.55693   0.34560   3.57888    1341   16
    93   3.78035   2.65981   2.71720    1496   15
    94   0.97423   1.92112   4.84973    1510   15
    95   4.14401   1.09935   1.36322    1304   15
    96   0.68364   0.46507   4.94740     838   12
    97   0.60736   0.46267   5.14980    1495   17
    98   0.49921   0.44904   1.99229     901   12
    99   3.64983   2.88285   1.00747     942    9
   100   4.08074   1.14545   6.23929     885   12
   101   5.67179   1.72257   1.11504    2082   19
   102   0.72709   0.35044   0.30538     908   12
   103   1.06524   1.88756   1.75804    1126   13
   104   4.11875   1.11251   6.07212     745   12
   105   1.08741   1.87220   1.77378    2586   20
   106   1.05726   1.92166   3.45948     883   13
   107   4.16833   1.26055   1.32431    1877   17
   108   2.60456   1.34662   0.28798    1434   19
   109   2.56177   1.30867   5.07384    1246   19
   110   0.71471   0.41416   1.98548    1301   15
   111   3.52066   2.64196   1.02622    1652   17
   112   0.98369   1.91682   0.21791    1066   14
   113   4.20493   1.11277   2.85982    1442   12
   114   4.11979   1.21947   4.56557     775   13
   115   0.95598   2.03400   0.26394    1066   15
   116   5.65668   1.86337   4.23433     674   10
   117   5.79712   1.76186   4.38075    1413   16
   118   4.06239   1.18028   6.19089    1548   16
   119   3.80532   2.82918   6.00905    1207   16
   120   1.11177   1.84547   4.94495    1176   16
   121   3.32074   2.75500   3.89077    1826   15
   122   5.55667   1.82595   1.18302     709   13
   123   0.46422   0.43153   5.25504    2852   19
   124   3.71271   2.78379   4.24942    1075   14
   125   4.14547   1.24006   2.94177    1134   14
   126   3.40108   2.64774   2.42546    1537   16
   127   0.51330   0.50055   3.63014    1080   12
   128   0.72243   0.42115   3.49401     914   12
   129   2.58183   1.40538   0.48395    1381   14
   130   0.90297   0.46669   0.14029     872   12
   131   2.43328   1.36957   3.54631    1143   11
   132   5.52539   1.78994   5.74688    1378   15
   133   5.65657   1.79143   1.13406    1262   15
   134   2.44732   1.35914   0.41691    1473   18
   135   5.53855   1.75307   2.68138    1431   15
   136   1.02969   2.01965   1.66358    1183   16
   137   4.12930   1.20597   6.09728    1650   20
   138   1.12814   1.92224   1.79248     949   13
   139   5.73505   1.69295   5.96049    1097   14
   140   1.00746   2.07575   3.41601     917   11
   141   2.57002   1.43383   0.27943    1343   14
   142   4.20103   1.31032   6.00950    1410   18
   143   2.45936   1.32789   5.23840    1212   14
   144   3.68983   2.68114   0.99383    1495   15
   145   4.16256   1.14989   1.43830    1220   12
   146   0.52735   0.50782   3.62955    1188   14
   147   1.14743   1.91903   3.37920    1616   17
   148   3.70681   2.72336   5.95223    1935   17
   149   0.42209   0.42486   3.58348    1003   13
   150   5.64542   1.65772   1.17391    1016   14
   151   3.55285   2.61639   1.02172    1741   16
   152   3.68983   2.68114   0.99383     974   14
   153   1.20094   2.03498   1.90531    1288   15
   154   4.10691   1.16045   1.37353     958   12
   155   3.68983   2.68114   0.99383     797   12
   156   4.22484   1.29816   6.09862    1991   18
   157   3.60024   2.77187   0.91186    2009   19
   158   4.28907   1.21558   4.42674    2654   18
   159   0.68632   0.37829   0.24337    1131   14
   160   0.55799   0.30216   0.45105     990   12
   161   0.43789   0.28656   3.64512    1116   15
   162   3.72069   2.82242   2.75523    1923   19
   163   4.06655   1.13562   6.18737    1661   20
   164   0.65227   0.39481   3.52946    1184   14
   165   4.17411   1.22757   1.43670    1127   16
   166   5.62882   1.91333   1.26533    1915   19
   167   1.12814   1.92224   1.79248     699   11
   168   4.25688   1.17374   4.50359     801   14
   169   3.48943   2.82244   0.86026    1179   13
   170   2.44358   1.37527   5.17567     914   13
   171   1.15489   1.90706   0.35427     956   13
   172   4.10855   1.31207   1.46477    1248   15
   173   2.42577   1.46049   1.89152    2483   22
   174   0.78309   0.49239   5.03050    1342   17
   175   2.46473   1.29060   5.03088    2233   20
   176   0.43832   0.45249   0.51116    1742   17
   177   0.91576   2.01089   4.74920     800   13
   178   5.68144   1.84873   1.12686    1581   15
   179   4.31483   1.30523   4.33205    1214   16
   180   4.28414   1.11740   1.22833    1222   14
   181   2.43328   1.36957   3.54631     810   11
   182   5.59766   1.70271   1.34131     797   13
   183   2.39969   1.44825   0.48792    1190   13
   184   1.15996   2.01834   3.42029    1017   13
   185   1.10805   1.99320   0.14842    1120   13
   186   4.24520   1.17713   6.18772     789   11
   187   3.58378   2.67225   0.96346    1982   19
   188   5.56824   1.84489   2.74995    1144   14
   189   0.36478   0.48601   3.75400    1579   15
   190   1.17226   1.91089   1.87711    1137   14
   191   4.23194   1.20293   4.46824    1761   16
   192   4.25974   1.11443   2.97112    1305   13
   193   0.97937   2.04716   4.83052     688    9
   194   3.79115   2.69719   5.94618    1509   16
   195   1.12709   1.92324   1.77061    1473   16
   196   5.60698   1.70756   4.31687    1942   16
   197   5.77264   1.85260   5.87955    1199   12
   198   0.23777   0.37740   5.48764    2478   22