     1   0.00000   0.00000   0.00000       0    0
     2   3.88168   2.17074   2.30525     397    8
     3   2.91563   0.98873   0.83261    2179   20
     4   3.93507   2.15223   5.49859     858   13
     5   4.12794   2.15983   3.97716    1899   16
     6   5.03081   1.00422   0.89345    2882   20
     7   6.06554   2.20903   3.91613     779   14
     8   1.03466   0.95680   5.38158    3695   20
     9   5.99326   2.28906   0.75540     400   10
    10   4.06257   2.20980   5.46482     248    8
    11   1.93033   2.14089   0.71949    1679   16
    12   2.01659   2.10727   0.94394    1797   15
    13   2.98486   1.06977   3.97325     990   13
    14   1.99571   2.13099   3.92312    1059   11
    15   0.97376   0.95026   2.23170    3872   21
    16   5.01759   1.03402   2.37644    1224   13
    17   1.91010   2.14492   5.49607    1446   17
    18   1.99797   2.22312   4.01817    1868   19
    19   3.00185   0.90016   3.86379     343    7
    20   1.92807   2.15140   0.87152    1816   15
    21   2.09724   2.11753   5.55294     852   11
    22   5.18613   0.92751   0.64326    1866   17
    23   1.04450   0.89280   0.74374    1075   12
    24   1.83674   2.14966   0.75101    1964   18
    25   0.84270   1.03383   0.86364    1263   12
    26   2.88489   0.96540   2.42024    5469   24
    27   6.14732   2.31161   5.47373     461    9
    28   0.94068   0.98998   5.55222     285    6
    29   3.99335   2.23482   3.90930    2316   17
    30   5.08730   0.92419   2.30584    2044   14
    31   4.09754   2.15331   3.95135    2138   13
    32   3.95692   2.11093   5.40463     684   11
    33   3.00190   1.05620   0.78785    2797   19
    34   6.23865   2.21696   5.63079     810   12
    35   4.08914   2.29328   5.49873    2807   16
    36   0.87726   0.98096   5.42059    4487   23
    37   1.83156   2.20573   0.75692    1711   18
    38   2.84672   0.84322   0.84582    2002   15
    39   1.99759   2.11436   5.40457     564   12
    40   1.93838   2.14425   2.26255    3349   22
    41   2.93436   0.97025   0.87868    1148   14
    42   4.08090   2.19197   2.34291    2650   18
    43   5.12723   1.01023   0.63512    2545   17
    44   4.14725   2.20675   0.86323    1765   17
    45   2.91289   0.95028   2.40710     855   12
    46   4.15096   2.17188   2.44113    2461   17
    47   6.24656   2.13126   0.83386    1671   19
    48   0.98331   0.87855   5.42719     464   11
    49   0.97157   0.94728   3.98107    1915   16
    50   1.84480   2.27762   2.27765     851   13
    51   1.94062   2.20176   5.39794     407   11
    52   2.99700   1.00027   5.48603     823    9
    53   2.96446   0.96874   3.84103    1910   18
    54   3.93601   2.12291   0.77016     741    9
    55   3.09432   1.00686   2.26125     828    9
    56   5.13771   0.89990   3.86924     878   11
    57   5.14070   0.96444   3.88111     403   10
    58   3.98273   2.09499   3.97629     759   11
    59   5.26718   1.02900   3.80832    1104   12
    60   2.03384   2.16718   2.38352    1033   11
    61   4.08193   2.08206   5.38958    3240   26
    62   1.98411   2.12652   3.99669    2224   18
    63   2.99700   1.00027   5.48603    2136   18
    64   2.81923   0.85440   0.94923    1021   17
    65   2.07664   2.18689   5.58309     957   14
    66   4.01650   2.08236   2.22082     594   11
    67   4.06089   2.27217   0.65003    1282   15
    68   3.95268   2.25346   2.29576    1380   16
    69   5.07079   0.95156   2.32642    1901   18
    70   0.80180   1.01619   5.64593     801   12
    71   3.09951   0.96158   5.41098     662   11
    72   0.87069   0.92713   0.81500     306   10
    73   1.91383   2.28387   2.32762     678   15
    74   2.91060   0.94742   4.00762    3165   22
    75   5.99326   2.28906   0.75540     486    9
    76   0.96589   0.83739   0.85343    1042   13
    77   3.18987   0.99566   5.39869    4062   28
    78   4.04629   2.07108   5.46301     439    7
    79   3.91459   2.13204   0.62279     398   10
    80   0.01048   2.23385   5.55640    3350   21
    81   4.92367   0.99131   0.89038     453   10
    82   1.03571   0.95320   0.67621    1399   13
    83   1.99759   2.11436   5.40457    1188   15
    84   0.80180   1.01619   5.64593     826   12
    85   0.90505   0.92685   5.57148     675   12
    86   1.97061   2.23413   2.38448    3548   23
    87   4.06257   2.20980   5.46482    1014   14
    88   0.73907   0.98997   4.08918    1874   17
    89   5.11294   1.00443   0.90552     761   13
    90   0.84372   1.02824   0.78190    1033   15
    91   4.06357   2.20242   4.03042     717   13
    92   3.00385   0.96298   5.46832     418    8
    93   0.82998   0.90856   3.96014     825   14
    94   6.07535   2.21370   5.42507     552   12
    95   5.04895   0.94612   0.71351    1110   14
    96   3.04174   0.92219   0.78127     910   10
    97   5.14304   0.96372   5.33076    1560   15
    98   6.18429   2.21534   3.85936     567   10
    99   4.08296   2.13970   2.29767    1137   14
   100   2.98169   0.82071   2.30501     719   12
   101   5.19396   0.97500   5.50588     985   13
   102   1.94394   2.15449   0.71465    3651   23
   103   0.03711   2.23140   4.05048    1741   15
   104   6.04296   2.14573   3.91464    2033   15
   105   6.02614   2.14653   0.70208     795   10
   106   0.98097   0.97152   2.31418     519    8
   107   5.24988   1.00811   3.87654    1347   17
   108   1.86191   2.11469   3.99138    1004   14
   109   2.88457   0.89689   3.88673     770   11
   110   2.04345   2.21444   2.53032    3350   18
   111   0.94068   0.98998   5.55222    1964   14
   112   6.08552   2.25055   0.68546     991   11
   113   1.84031   2.12145   2.37035    1028   14
   114   4.09096   2.13225   3.94655     484    8
   115   0.92236   1.03012   0.84413    1642   18
   116   3.97800   2.21186   2.24108    1352   13
   117   6.11152   2.32028   2.28346     735   12
   118   6.18457   2.16289   0.85610    3339   18
   119   2.04349   2.22951   0.78426     698   11
   120   2.06792   2.17925   5.45551     552   11
   121   2.93818   0.88706   5.60732     422    8
   122   6.14991   2.30237   3.91812    4023   20
   123   6.21184   2.12917   3.93416    2220   17
   124   4.19113   2.22773   2.40624    4240   23
   125   1.94062   2.20176   5.39794     470   12
   126   1.87322   2.24642   5.43961    2765   18
   127   2.11941   2.15316   2.46687     851   13
   128   3.98273   2.09499   3.97629     904   13
   129   6.14968   2.21018   3.89114    1047   13
   130   1.00205   0.92555   5.52410     347    9
   131   2.92325   1.01852   0.78469     642   12
   132   6.22179   2.22729   5.52106    1915   14
   133   6.16726   2.14738   2.29906     560   11
   134   0.88508   1.00194   5.46954     542    9
   135   1.00498   0.93165   2.32388    3046   17
   136   0.83676   1.03664   0.88015     579    9
   137   0.80180   1.01619   5.64593     609   15
   138   5.18146   1.10980   0.71892     703   13
   139   1.97862   2.09681   3.96462    1005   13
   140   4.08745   2.14871   5.52901    2401   19
   141   3.05047   0.96417   3.82720    1538   15
   142   5.08236   1.02474   0.72382     606   10
   143   2.11941   2.15316   2.46687     611   11
   144   4.11144   2.20642   3.97310    1209   17
   145   4.09715   2.22124   4.07965    2883   20
   146   2.05576   2.23398   3.90674    1579   15
   147   6.22916   2.21699   0.89668    1378   14
   148   5.98889   2.23763   0.72872    2395   15
   149   6.25582   2.17798   3.97828     530   12
   150   2.05816   2.13033   0.88378    1275   14
   151   2.87254   0.86884   2.49376     869   11
   152   6.20826   2.15501   2.42102    1672   18
   153   4.03125   2.12890   0.78039    3372   22
   154   1.99759   2.11436   5.40457    1264   12
   155   3.99910   2.15259   5.44165    4993   26
   156   1.93864   2.12512   3.90425    1200   11
   157   4.16051   2.21907   0.76231     826   14
   158   5.17152   0.93586   3.90951    4624   27
   159   2.08137   2.12063   0.95977    2602   18
   160   0.80180   1.01619   5.64593    3238   17
   161   0.84372   1.02824   0.78190    4637   28
   162   3.99784   2.16387   2.31312    1683   16
   163   4.09096   2.13225   3.94655     725   10
   164   0.87882   1.04425   0.78962     487   10
   165   6.19258   2.12155   5.54263     476    8
   166   5.13792   0.94871   0.74858     630   10
   167   0.90505   0.92685   5.57148     944   10
   168   0.86432   1.07135   0.87198    3253   19
   169   2.99861   0.89486   5.57967    5160   31
   170   0.00000   0.00000   0.00000    2218   14