     1   0.00000   0.00000   0.00000       0    0
     2   2.23060   1.54569   1.76368     457    9
     3   3.50772   3.00809   2.84047     625   13
     4   2.10150   1.49351   0.15752     484   10
     5   5.29258   1.49786   2.82045    1497   11
     6   3.45955   2.85427   5.90264    1258   11
     7   5.49725   1.56206   6.09701    1513   12
     8   3.74144   1.34759   6.24621    1828   15
     9   2.16819   1.64688   4.82619     582   10
    10   0.60705   1.74393   6.24203    1085   15
    11   5.48049   1.53898   2.84916     746   14
    12   3.71064   1.37984   4.66521    1903   16
    13   5.33380   1.48025   4.45482    1103   10
    14   0.64792   1.70319   4.66067    3461   20
    15   2.19348   1.48052   3.44850    4034   24
    16   0.95044   0.12364   2.88760     461   11
    17   1.01968   0.18324   2.83427     519    9
    18   0.60508   1.72035   1.65662    3829   21
    19   3.67826   1.31198   0.07040    1018   10
    20   3.80795   2.82105   0.13422     598   11
    21   3.50772   3.00809   2.84047     448    8
    22   3.95762   3.02654   4.75572    1391   13
    23   3.79792   2.98762   0.00745    1555   16
    24   0.98718   0.21190   2.67825     434   10
    25   2.20174   1.56150   3.38636    3779   21
    26   0.92659   0.21518   2.81156     910   13
    27   5.37260   1.62444   6.11695     552   10
    28   0.66438   0.26883   4.72956    2060   17
    29   3.54784   2.90208   6.06374    1230   16
    30   0.78853   1.82315   3.22482     638   12
    31   5.34928   1.56900   2.79381    2478   18
    32   2.23465   1.57247   1.88143     679   10
    33   3.50772   3.00809   2.84047     465   10
    34   2.18733   1.59794   3.36180    4053   22
    35   0.60787   1.75333   3.08764    1176   14
    36   3.50772   3.00809   2.84047     447   12
    37   3.77841   1.37913   4.67791    1314   13
    38   0.71797   1.81962   4.72382    2824   23
    39   0.73671   1.83691   1.71683    2572   17
    40   0.21317   0.22008   5.13680    1987   17
    41   5.38679   1.62652   1.36981     940   11
    42   4.13488   2.98016   1.78902    1859   17
    43   5.36911   1.61837   4.38711     383    8
    44   3.54784   2.90208   6.06374     993   13
    45   2.10608   1.49310   0.28226    2489   18
    46   3.98952   2.87459   3.27443     823   10
    47   3.62060   2.84934   1.38919     549    9
    48   2.35337   1.59663   4.81645     635   13
    49   2.97907   3.03952   0.85466    1859   15
    50   0.72037   1.65043   1.67534     910   11
    51   0.71040   1.83288   1.74371     498    9
    52   2.08763   1.50497   5.02864    2764   18
    53   2.31361   1.40643   4.99580     272    7
    54   4.18132   2.96302   3.55291    1019   12
    55   0.95044   0.12364   2.88760    5377   27
    56   0.60705   1.74393   6.24203     394   10
    57   3.62060   2.84934   1.38919    2453   17
    58   1.01968   0.18324   2.83427     456    9
    59   0.58243   0.12416   1.63032    2376   19
    60   2.15991   1.58214   0.25764     543   12
    61   2.22526   1.60994   4.95549    1793   17
    62   4.27576   2.95497   1.97469     911   11
    63   2.15056   1.48209   4.97424    1510   13
    64   2.15056   1.48209   4.97424     263    7
    65   2.22956   1.60543   3.44844     434   11
    66   2.16130   1.53619   1.72781    1466   16
    67   5.35117   1.68756   3.04231     362    7
    68   3.88747   1.41134   3.20831    1229   10
    69   5.34914   1.69457   3.01867    4441   22
    70   3.66614   1.46629   1.57399     433    9
    71   0.61878   1.76827   0.08659    1302   18
    72   2.11277   1.51057   0.20602    1000   12
    73   0.95044   0.12364   2.88760     454    8
    74   3.73431   1.41531   3.13700     495    8
    75   2.35337   1.59663   4.81645     794   13
    76   0.71137   1.76552   3.07634    1498   14
    77   3.92413   1.28809   0.04109    1769   16
    78   2.20115   1.57415   4.86098    1444   15
    79   5.26467   1.63107   6.10104     767   11
    80   3.31030   2.93430   2.54528     881   15
    81   0.45328   0.33035   4.96070    1161   12
    82   3.92447   1.39461   6.20335    3727   19
    83   3.12095   2.93396   3.94021    2713   17
    84   0.61432   1.76023   3.16532     671   11
    85   3.88422   1.43010   6.15208    4126   20
    86   3.63070   2.86542   3.04589     567   10
    87   3.50772   3.00809   2.84047     866    9
    88   0.95044   0.12364   2.88760     978   13
    89   3.75343   1.45632   6.19748     771   10
    90   5.38114   1.46657   2.98940     889   10
    91   4.10482   2.91112   5.01270    1322   13
    92   2.19156   1.57281   4.94010     891   13
    93   0.53414   1.81484   1.54848    1242   13
    94   3.54784   2.90208   6.06374    1369   13
    95   5.45927   1.57000   2.96050     678   12
    96   2.21272   1.47665   3.41846     598   12
    97   3.83478   1.46095   4.64971    1245   15
    98   0.60705   1.74393   6.24203     519   10
    99   0.60616   1.72804   3.14585    2814   20
   100   3.72081   1.26966   1.65930    4040   21
   101   2.26882   1.45589   0.23106    1221   12
   102   0.71672   1.90725   4.76195    3743   22
   103   3.80012   1.40187   1.53199    1166   16
   104   0.30307   0.29895   0.39950     561   10
   105   0.67667   1.85952   0.05494     859   10
   106   0.95044   0.12364   2.88760     770   10
   107   0.58908   0.26046   0.10213    3388   24
   108   0.61432   1.76023   3.16532     684   11
   109   5.30004   1.49527   2.83201    2365   15
   110   0.71247   1.88447   4.78512    2883   24
   111   3.77977   1.39207   1.65893    2004   15
   112   4.01196   2.93108   4.99772    3618   21
   113   2.33654   1.63387   3.44220    2064   17
   114   3.50772   3.00809   2.84047     498    9
   115   0.38137   0.29413   3.43972     784   11
   116   6.14165   0.19112   2.34511    1932   17
   117   5.38679   1.62652   1.36981     833   12
   118   5.44580   1.61478   4.52472    2009   15
   119   4.12772   2.91443   3.57951    2124   19
   120   0.18365   0.32939   0.49629     771   10
   121   0.61432   1.76023   3.16532     726   12
   122   0.61432   1.76023   3.16532     962   13
   123   5.46767   1.56095   4.48957     801   11
   124   3.57198   2.81310   4.48257    1091   13
   125   3.56062   2.93281   2.85940    3145   21
   126   3.88496   1.39837   6.15909    1262   14
   127   0.61432   1.76023   3.16532    1662   15
   128   0.74507   0.13055   4.59843     667   13
   129   3.42690   2.87774   2.67112    1872   19
   130   2.14343   1.55665   0.17595    4462   21
   131   5.33823   1.51484   1.45893     844   13
   132   5.36955   1.61427   2.89995     857   12
   133   3.50772   3.00809   2.84047    2672   17
   134   5.33837   1.54682   1.33133     515   10
   135   5.31936   1.58176   2.89817    1152   14
   136   0.61432   1.76023   3.16532    3733   22
   137   3.62060   2.84934   1.38919     413   10
   138   0.61432   1.76023   3.16532     524   14
   139   0.08468   0.26890   0.51213    2937   17
   140   5.34291   1.64807   1.29439    1625   16
   141   3.50772   3.00809   2.84047     434    8
   142   0.58994   1.66549   4.78232    1825   18
   143   3.62478   3.00053   1.40255    1016   12
   144   5.36161   1.69896   1.39265     398    8
   145   3.89600   1.38956   6.23597    3213   20
   146   2.30235   1.56119   1.66847    3088   20
   147   0.75051   1.80016   0.09765     453    8
   148   3.71288   1.36859   1.64082    1398   13
   149   3.48901   2.87827   4.40676    1203   16
   150   3.71010   2.79366   2.97598    5090   23
   151   2.12037   1.64304   3.38492    2845   18
   152   3.62060   2.84934   1.38919     428    8
   153   2.09402   1.58351   1.67350     332   10
   154   5.27912   1.67482   1.33657    2798   16
   155   4.38591   2.93983   3.72745    1064   15
   156   3.80510   1.32477   2.97991     789   10
   157   3.84865   2.81481   1.64414     748    9
   158   3.62060   2.84934   1.38919     555   10
   159   3.77642   1.43912   4.67484    3189   20
   160   5.34316   1.55328   1.32503    1863   17
   161   1.01968   0.18324   2.83427     879   16
   162   5.34928   1.53845   5.95789    2454   20
   163   2.23573   1.64687   0.16035    4692   21
   164   2.31506   1.55278   3.34110     611   10
   165   0.67868   1.75581   1.60598    1128   13
   166   0.43045   0.11213   5.03492     564   11
   167   0.78270   1.85738   3.32860    3548   20
   168   0.61432   1.76023   3.16532     416    8
   169   0.56122   1.80480   6.22175     537   12
   170   0.48306   0.29689   3.27199    5137   24
   171   0.63453   1.80924   4.65347     798   13
   172   2.16130   1.53619   1.72781     366    9
   173   0.13209   0.33565   5.24984    2068   16