     1   0.00000   0.00000   0.00000       0    0
     2   3.31143   2.11422   2.40848     598   11
     3   1.26371   2.23928   3.88711     477   10
     4   3.60949   2.15306   2.44365     382    9
     5   5.37733   2.19643   0.51677     418   10
     6   0.42319   0.94517   0.68632    1187   18
     7   1.41306   2.21523   0.92876     787   11
     8   4.46947   0.98809   3.91361    4081   26
     9   1.37022   2.26179   2.45549    1030   10
    10   3.29095   2.09126   2.37924    3248   19
    11   2.40677   0.92894   3.94859    1169   16
    12   5.42572   2.29897   3.82071    2008   15
    13   5.43981   2.17671   0.78043     415    9
    14   4.55124   0.98456   3.88510    4529   25
    15   2.45891   0.95279   5.45081     804   12
    16   5.57906   2.14101   3.82561     795   13
    17   4.50293   0.83147   2.24995    1758   15
    18   1.39314   2.15692   2.27968     512   10
    19   4.44207   0.98375   0.64785    1836   17
    20   1.23506   2.22676   2.21707     675   14
    21   4.43492   0.92313   0.86627     923   11
    22   0.36394   0.92847   2.33545     945   13
    23   0.00000   0.00000   0.00000    1679   16
    24   5.39562   2.16654   3.78340    1196   13
    25   1.23365   2.20658   3.89741    1769   14
    26   5.45312   2.13117   2.31130     856   12
    27   4.49674   0.85963   0.89758     502   10
    28   3.36582   2.05875   2.32365     695   14
    29   0.42731   0.99337   2.22908    1545   15
    30   2.30007   1.00980   0.80987     469    8
    31   2.19423   0.94034   5.60948    1218   14
    32   3.46963   2.15919   0.82400     845   11
    33   1.41513   2.23434   0.87157    2550   16
    34   0.24200   1.07344   2.40297     707   11
    35   2.27853   0.86455   4.03526    5227   27
    36   2.33576   1.00429   2.36294     845   13
    37   4.58399   0.83323   3.85116    1281   14
    38   0.21425   0.94253   0.76776    1367   15
    39   2.19423   0.94034   5.60948    5075   26
    40   1.27165   2.29639   3.85139     539    9
    41   2.22638   0.95747   2.49258    1617   16
    42   4.43595   1.01030   2.30051    3457   23
    43   5.37733   2.19643   0.51677     632    9
    44   2.27041   1.04609   3.98012    1283   16
    45   0.25320   1.02022   0.70491     968   11
    46   1.37217   2.31689   2.43763     980    8
    47   5.47966   2.19035   2.17368    4361   19
    48   0.24200   1.07344   2.40297    1269   16
    49   3.43264   2.06884   2.29234     958   12
    50   0.33855   0.91163   0.70556    3904   25
    51   3.46325   2.16704   0.89454     608   12
    52   0.35775   0.95050   2.20695     308    6
    53   0.14683   1.03009   3.88616     561   12
    54   0.19709   0.90491   5.49351    1123    9
    55   0.24631   0.95459   3.99389    1837   14
    56   0.41569   1.04355   5.38503    2977   21
    57   2.30628   0.92408   0.77772    1227   14
    58   0.29945   0.86524   2.35993     229    8
    59   4.49334   0.99137   0.75980    1238   15
    60   4.61850   0.79695   2.24764     237    8
    61   0.37190   0.99371   0.68132    1778   15
    62   1.27466   2.13766   5.52460    3530   24
    63   1.25539   2.17182   0.80109    4645   26
    64   2.36522   0.95844   3.99540     858   14
    65   5.45957   2.10696   0.67223     836   17
    66   2.20661   0.93396   5.56641     796   12
    67   5.41605   2.15927   3.78672    2171   17
    68   5.45957   2.10696   0.67223     364    7
    69   2.48009   0.90860   0.83273     602    9
    70   1.20670   2.22627   0.75594    5520   28
    71   4.53735   0.81441   5.45507     338    9
    72   3.49452   2.26261   3.96299     541   11
    73   5.54273   2.14952   0.64076     542   10
    74   3.49452   2.26261   3.96299    4946   24
    75   0.39953   1.05360   0.71957     828   14
    76   1.29456   2.24992   2.37721    1844   14
    77   0.24200   1.07344   2.40297     460   11
    78   3.51131   2.13332   5.61512    4346   25
    79   5.39582   2.22407   0.58903     623   13
    80   1.23506   2.22676   2.21707    1363   16
    81   2.22030   0.89408   4.02908     549   10
    82   2.41794   0.89848   3.99630    1401   14
    83   1.37223   2.31796   0.79173     925   10
    84   4.48408   0.89453   5.53798    1945   17
    85   2.44798   0.98628   2.22527    1277   11
    86   4.40020   0.90814   2.29350     367    8
    87   2.19063   0.95071   2.44713     807   12
    88   3.43843   2.14327   2.45738     557   10
    89   3.33464   2.08500   3.98431    6350   29
    90   1.36921   2.18787   2.49326     262    6
    91   2.40996   1.02704   0.80982     998   14
    92   4.50738   0.89686   4.01006    2183   14
    93   1.30217   2.26847   2.38600    1088   16
    94   3.36582   2.05875   2.32365     687   10
    95   4.46943   0.91286   4.03550    1559   17
    96   3.29095   2.09126   2.37924    1644   15
    97   4.32439   0.90773   0.82607    3195   19
    98   0.29945   0.86524   2.35993    1109   17
    99   1.37107   2.24134   2.39922    1780   14
   100   2.42683   0.93182   0.75231     781   10
   101   5.45957   2.10696   0.67223    1570   17
   102   0.00000   0.00000   0.00000     579    9
   103   4.30481   0.93169   0.89871    1953   14
   104   4.52889   0.93895   2.21552    1061   14
   105   3.53355   2.07973   3.97322    1105   13
   106   4.38685   0.86096   2.30459    2717   16
   107   5.37733   2.19643   0.51677     740    9
   108   3.48650   2.16304   4.06045     703   13
   109   4.53338   0.82418   5.54880     633   12
   110   4.50882   0.93130   0.74575     654   11
   111   1.37570   2.30036   5.47231     495    9
   112   2.32277   0.96876   2.37267    1374   12
   113   3.52892   2.03472   2.47579     702   10
   114   5.48291   2.21134   0.79935    1002   10
   115   2.36455   1.02247   4.02197    1878   16
   116   1.15661   2.22138   3.77140    4325   25
   117   2.32401   1.01019   4.00872    1088   13
   118   0.23904   1.03826   2.34292    5270   26
   119   0.27352   1.06243   2.29073    1343   14
   120   0.24560   0.97123   0.76763    1017   14
   121   1.27676   2.14591   5.50582    4405   31
   122   5.47099   2.18990   5.42977    1611   12
   123   0.36173   1.01178   5.40660     651    8
   124   3.37426   2.29046   2.35565     664   13
   125   1.29948   2.28507   0.73063     678   11
   126   0.42163   1.08072   0.67106     984   12
   127   4.64403   0.92231   2.19494     457    9
   128   0.44279   1.03687   2.21940    1203   14
   129   1.23506   2.22676   2.21707     282    6
   130   2.30615   1.08610   2.32960    1408   12
   131   4.43609   1.00566   2.34689     239    6
   132   3.42359   2.10581   5.42847    2776   19
   133   3.42992   2.13392   2.40822    1646   15
   134   0.35123   0.95485   2.32060     722   10
   135   2.38277   0.99040   3.94944     409   11
   136   2.35285   0.93705   5.57545    1844   14
   137   4.51293   0.97580   0.82082    1500   11
   138   1.40483   2.30776   0.90657     516    9
   139   5.47026   2.09877   0.73449    2592   17
   140   5.50450   2.09145   0.69705    3520   21
   141   2.22415   0.92068   2.49754     573   12
   142   1.41627   2.26666   2.47800    2681   16
   143   3.48184   2.16518   5.54199     814   12
   144   4.54340   0.84753   2.32213     920   14
   145   0.41035   0.98696   3.77415    1936   16
   146   5.48187   2.26523   3.93359    3071   21
   147   0.26147   1.00254   2.25409     431    8
   148   1.23506   2.22676   2.21707     593   11
   149   1.31867   2.22676   5.63910     466    8
   150   4.51811   0.85355   5.34038    2982   17
   151   0.24200   1.07344   2.40297    2496   15
   152   0.26763   0.94148   2.27105    1880   16
   153   3.48419   2.21043   3.95481     531   12
   154   5.41071   2.28604   2.30155     923   15
   155   3.36437   2.14793   0.71413    2406   19
   156   0.26617   1.01859   5.43800    1163   17
   157   5.37733   2.19643   0.51677     704   13
   158   4.49674   0.85963   0.89758     387   10
   159   2.45257   0.97302   0.72869     342    9
   160   5.44730   2.19228   0.75180     443   11
   161   4.53735   0.81441   5.45507     446    7
   162   1.28851   2.15737   2.49796     355    8
   163   5.65152   2.16833   3.91295     571   13
   164   1.19426   2.21009   0.73805     794    9
   165   0.21854   0.96983   4.00873    3751   24
   166   4.42663   0.84191   4.02002    2685   19
   167   1.27642   2.27759   2.40125    2473   17
   168   1.49252   2.28964   2.47159    1443   18
   169   0.25993   1.08463   0.75504    3416   18
   170   3.43843   2.14327   2.45738    1103   14
   171   0.32196   1.09701   0.77278     735   15
   172   2.27105   1.00154   2.35691     565   12
   173   1.25490   2.17916   0.77740     416    8
   174   4.47363   0.97853   2.43625    3050   19
   175   5.37619   2.19079   3.86844    3172   20