     1   0.00000   0.00000   0.00000       0    0
     2   3.55440   2.60572   5.58979    1030   14
     3   2.75045   2.07384   3.18352     924   14
     4   6.07455   0.79740   5.60358    1633   16
     5   1.94710   0.89707   1.18579    2033   16
     6   3.23479   2.04892   4.62468    1026   12
     7   0.42853   2.61649   3.31369    1457   12
     8   1.08142   0.67457   0.37458    1696   14
     9   1.41038   2.14314   2.79699    1037   14
    10   3.35193   0.81566   3.51944     928   12
    11   2.18547   1.58104   1.71297    2153   18
    12   4.17017   1.54696   5.13271     726   11
    13   0.96782   2.35441   1.76942    1167   14
    14   1.82409   2.08786   0.93389    1098   12
    15   3.20840   2.27263   4.23704    1169   13
    16   0.78690   1.47188   2.28604    1858   15
    17   2.58721   0.38149   5.22272    2451   21
    18   0.89483   0.77706   0.25788    1409   16
    19   0.70423   1.97058   3.97196    1693   17
    20   2.34067   2.82577   2.49072    1070   13
    21   0.78203   1.74745   3.89898    1032   13
    22   5.10911   0.73025   1.51262     486   11
    23   3.39389   2.00776   0.36256     967   12
    24   0.20646   2.06469   5.57834    1697   16
    25   4.76294   0.82477   3.68515    1360   14
    26   1.01654   0.85517   2.03922    1284   15
    27   5.03984   0.89811   2.19873    1414   14
    28   3.75697   1.45143   2.99263    1210   16
    29   3.80356   1.84265   5.92239     803   11
    30   2.47771   1.53990   3.53059    2411   21
    31   0.34345   0.57071   4.91741    1201   12
    32   6.11345   1.51203   0.86722    1404   16
    33   1.54414   1.77899   3.30527    1056   12
    34   4.08272   1.18830   2.20545     829   12
    35   1.61036   1.09438   4.73837    1058   15
    36   2.54602   0.66936   5.94763    2625   22
    37   1.94750   2.97376   0.15991    1396   16
    38   2.83256   2.17319   2.11234    1076   14
    39   2.84049   0.83170   1.70226    1285   15
    40   1.11343   2.91546   0.44644    1089   14
    41   4.45826   0.27162   2.29681    1047   10
    42   3.95772   1.48551   5.73076    1481   18
    43   1.08765   0.98350   4.94444    1335   17
    44   5.02778   1.24255   2.05447    1035   15
    45   1.93891   1.44253   5.71607    1135   14
    46   1.63093   0.65600   4.98728    1508   17
    47   2.86358   0.73055   4.10471     835   11
    48   4.62073   2.51518   5.72268    1494   13
    49   2.78655   1.78074   1.48123    1220   10
    50   4.24843   1.20995   2.07517    1135   13
    51   2.87757   2.50344   0.13563    1770   17
    52   1.01623   0.82109   1.10890    1129   10
    53   5.23624   1.50337   5.94169    1681   17
    54   1.58323   2.08297   2.43123     897   12
    55   4.79697   1.63176   2.51171    1664   19
    56   2.60561   1.16977   3.86297    1501   15
    57   0.63022   1.83949   0.31823     970   12
    58   5.48968   1.65998   4.08318    1641   16
    59   1.67267   2.48865   4.82567     813   12
    60   6.05510   0.79765   3.23774     775   12
    61   0.79115   1.52971   5.63787    1488   17
    62   1.21047   2.33752   2.63207    1234   16
    63   2.37549   0.85970   3.58916     994   13
    64   4.95557   1.57110   6.27937    1742   15
    65   2.07370   1.99715   0.90222     630    9
    66   3.90382   1.42132   3.19975    1682   15
    67   1.39786   2.27686   5.72177    1699   17
    68   0.60075   0.40956   3.84798    1258   15
    69   0.86500   2.30107   0.87502     843   13
    70   2.05323   0.18715   0.28016     861   13
    71   0.98567   2.75045   5.04858    1163   15
    72   2.40319   1.74401   0.76464    1820   17
    73   0.76707   0.64011   5.36673    1046   11
    74   3.68770   0.73837   4.96508    1193   14
    75   1.26601   0.60115   5.41062    1348   14
    76   2.71817   1.87169   0.20503    1645   15
    77   5.65178   1.40990   0.30197    1608   17
    78   2.69224   1.44046   4.13724     979   13
    79   6.01303   1.35470   0.65264    1113   12
    80   0.88371   1.74883   1.47828    1667   18
    81   1.51102   0.86281   3.51767     902   13
    82   3.67873   1.82441   0.53416     967   12
    83   1.17056   0.85946   4.34618    1216   16
    84   1.96393   1.25959   2.30524     870   12
    85   3.48260   1.00841   2.20219    1676   16
    86   3.79697   2.14999   0.35971    1732   17
    87   5.03002   1.35293   4.50607    1055   15
    88   4.09238   1.21292   2.76303    1094   15
    89   4.79313   2.35484   5.36608    1120   13
    90   0.83763   1.75684   5.60851     910   13
    91   2.87974   1.28154   5.72327     580   10
    92   1.83829   2.51682   3.31774    1360   16
    93   2.98865   1.23112   1.84123    1391   14
    94   5.68716   2.31769   0.04735    1703   18
    95   1.45915   2.63521   1.54352    1038   11
    96   5.43829   0.68355   1.11696    1899   13
    97   5.11639   1.12679   0.11314    2182   20
    98   2.62930   0.73772   4.29167     806   13
    99   5.35753   2.06409   5.65239    1434   16
   100   2.08779   1.49640   5.80389    1221   15
   101   1.62598   1.55888   4.81269    1640   14
   102   4.56331   2.48984   1.89149    1435   14
   103   2.31211   1.24977   0.41555    1490   15
   104   0.41212   2.81072   2.86213    1470   16
   105   2.55089   2.14325   5.28563    1585   17
   106   5.03839   1.28841   4.52676    2187   17
   107   4.17935   1.12325   3.27130    2088   20
   108   2.20794   2.08931   5.24328    1378   15
   109   2.14402   1.13011   1.61320    1243   15
   110   5.97114   1.34432   4.18755    1759   19
   111   5.16330   1.62531   6.03233    1384   15
   112   0.37351   1.82750   1.61397    2094   18
   113   4.63617   1.13302   2.45907     775   11
   114   3.68097   1.73572   5.14095    1469   16
   115   4.15016   0.34436   0.63314    1229   16
   116   5.45712   1.42207   2.83295    1061   16
   117   2.69853   2.47255   5.39056    1364   13
   118   5.50906   1.30617   3.99368    1112   12
   119   0.46311   1.58404   1.26257    1229   13
   120   1.63078   0.57497   4.71280    1402   16
   121   0.17372   0.96398   3.52976    1496   13
   122   3.46101   2.15365   5.47996    1869   15
   123   1.50487   0.45389   4.98989    1486   18
   124   2.96774   0.70752   3.62119    1556   15
   125   2.13481   0.88589   0.15330     821   12
   126   0.13750   1.83400   2.07307    1283   15
   127   1.31477   2.12405   3.46863    1972   17
   128   3.21027   1.93391   5.77088    2516   20
   129   4.54001   1.70839   2.32490    1401   17
   130   0.71756   0.73231   3.62705     876   11
   131   0.96791   1.86707   5.63018     658   10
   132   1.82344   1.44094   3.80608    1711   15
   133   1.94135   1.91373   0.13407    1301   15
   134   0.28392   1.10595   1.29839    1064   15
   135   3.56313   1.23148   4.39082    1297   15
   136   3.74196   2.61621   0.75250    1232   16
   137   2.30763   2.34603   5.63837    1545   14
   138   0.90900   1.21051   2.11434    1834   17
   139   0.90132   1.85747   4.22909    1196   14
   140   1.20810   0.61213   3.01046    1066   13
   141   1.04020   1.92095   2.23275    2369   20
   142   3.60690   0.91897   5.73841    1995   16
   143   5.67606   2.66320   5.78806    1358   16
   144   0.02843   2.88734   1.07337    1568   16
   145   5.43154   0.95423   1.64436    1703   19
   146   4.34096   1.52384   0.37848    1501   15
   147   5.79040   1.14770   2.62939    1708   18
   148   0.88158   2.10509   1.62708    1145   15
   149   0.31423   2.27370   4.25332    1821   18
   150   2.41842   0.10842   2.78231    1991   17
   151   0.35765   1.36501   4.52854    1001   15
   152   4.05160   2.36899   4.69570    2826   21
   153   4.69600   0.73741   0.83635    1309   15
   154   0.82177   2.08543   0.84637     763   11
   155   3.04794   1.61134   6.22772    1083   17
   156   0.41324   2.10716   1.65690    1046   13
   157   6.06531   2.06030   4.37891    1586   17
   158   1.76962   2.24456   4.01785    1832   17
   159   5.46554   1.04124   1.64357    1081   13
   160   1.90591   1.64004   0.37589    1791   18
   161   1.07539   1.40457   0.33205    1480   14
   162   5.44072   1.94966   2.41360     799   13
   163   5.73102   0.48469   0.33267    1053   16
   164   3.50662   2.25062   0.64693     882   12
   165   2.33567   1.57257   5.44093    1267   14
   166   2.11227   1.56004   4.88052     861   12
   167   4.14346   1.76472   3.92520    1499   13
   168   5.91845   0.76560   4.24450    1316   15
   169   4.67567   3.03187   0.59808     906   13
   170   1.54730   1.21811   0.07931    1258   15
   171   1.50869   0.74112   0.31107     985   13
   172   2.05930   2.42836   0.06080    1519   17
   173   5.30163   1.70929   4.68654    1405   17
   174   4.11734   0.81573   2.26916     988   13
   175   1.46713   2.10146   4.99192    1320   15
   176   1.55921   1.74933   4.82294    1226   18
   177   3.89393   1.45676   3.19983     920   13
   178   0.04028   1.14216   2.68837     670   10
   179   3.87277   0.67922   1.64063    1699   19
   180   5.54000   2.68843   0.42089    1464   15
   181   5.98855   1.62555   0.42756    1140   12
   182   3.15451   1.34292   4.40224    1069   10
   183   0.48405   1.25576   4.95448     666   10
   184   5.68886   0.44056   2.26818    1623   16
   185   4.35368   1.22950   0.97129    1423   16
   186   4.09530   1.38055   6.01296    1866   17
   187   2.86435   2.09718   4.19180    1120   15
   188   5.36139   1.24318   4.82166    1270   15
   189   1.76727   1.38384   5.44833     851   13
   190   0.10175   2.28245   0.14644    1273   11
   191   3.88722   0.64715   0.98690     807   14
   192   0.59289   3.03878   0.38180    1611   15
   193   0.77189   1.68740   0.95140     973   12
   194   0.69557   1.23819   1.95849     855   11
   195   5.52294   2.03024   4.04626    1197   15
   196   2.16336   1.61009   5.22510     748   11
   197   6.12664   2.39348   5.15741    1459   15
   198   3.93664   0.67576   5.53395    1149   13