     1   0.00000   0.00000   0.00000       0    0
     2   4.26456   2.70552   0.16011    1930   16
     3   4.29152   1.57098   1.65683    1346   15
     4   6.16412   1.66652   2.83074    1587   17
     5   2.24154   1.83181   3.91096    1464   16
     6   1.60122   0.31411   3.34461    1213   17
     7   0.06254   1.46147   5.17879    1449   17
     8   5.19772   1.38609   5.86500    2271   22
     9   3.93521   1.19934   5.06326    1899   16
    10   5.16373   1.33605   5.92344    1489   16
    11   5.89316   0.30483   3.35845    1361   14
    12   5.56371   1.29911   4.35043    1212   16
    13   4.93926   1.66721   3.16863    1218   14
    14   3.58303   1.16426   0.22882    1581   15
    15   5.34581   2.71737   5.19260    1638   14
    16   3.23086   2.51309   4.53741     792   13
    17   1.99360   0.80345   0.34358    1613   17
    18   2.05626   1.73229   0.46109    2230   20
    19   0.31359   0.57669   2.02869    1098   15
    20   3.54015   1.14746   1.90343     868   13
    21   1.65424   0.59066   5.40440    1557   16
    22   0.67868   2.04509   4.34434    1091   14
    23   2.05337   1.79259   5.15428    1443   17
    24   5.76874   0.87453   2.50839    1183   15
    25   5.42596   1.45009   0.72095     794   14
    26   2.02381   1.69719   2.00884    1372   15
    27   5.53422   1.72128   3.68500    1375   15
    28   0.01946   1.24547   3.63251    1156   12
    29   5.67962   1.04445   2.62104    2242   20
    30   1.64144   1.12140   6.01769    1345   14
    31   4.55978   2.59252   2.19703    1909   16
    32   3.20965   1.76407   2.71654    1651   15
    33   0.23625   1.50746   0.23896    1231   16
    34   3.63098   0.80288   3.21514     847   10
    35   0.24078   2.43097   4.36914    1387   13
    36   4.61939   2.53883   3.68925    1398   16
    37   0.42628   1.96288   1.33471    1171   14
    38   4.71233   1.17541   3.87826    1292   13
    39   5.87108   1.47316   1.79475    1236   18
    40   1.02615   0.54075   1.07143    1477   14
    41   5.53207   2.34508   4.93118    1015   11
    42   0.52327   2.07692   4.44747    1592   16
    43   6.05841   0.89918   4.07402    1884   15
    44   3.18769   2.41704   2.59405    1757   18
    45   3.53872   1.16970   3.40949     806   11
    46   2.11360   1.79520   3.52280     969   13
    47   3.93182   1.09932   3.58399    1175   13
    48   5.31177   1.51907   2.71534    1141   14
    49   4.54035   2.57958   2.09950    1121   13
    50   0.35438   2.02441   4.45461    1267   15
    51   2.40292   1.43856   3.54889    1026   11
    52   3.84031   2.71603   4.89983    1194   15
    53   0.64678   2.05638   4.25801    1422   15
    54   5.42596   1.45009   0.72095    2144   19
    55   2.47870   1.64068   5.27029    1290   15
    56   0.80853   0.45907   4.25929     492   11
    57   4.87273   2.48026   4.05809     979    8
    58   0.52452   1.92840   2.92723     889   13
    59   1.44390   1.73557   5.94862    1792   18
    60   5.42482   1.90572   2.72872    1258   14
    61   1.04320   0.44364   2.66727    1558   13
    62   3.07752   2.12878   2.93504     597   11
    63   0.81382   2.04548   5.96468    1008   13
    64   5.04586   0.97230   5.67435    1634   19
    65   6.10421   2.20622   3.76592    1195   15
    66   1.60756   1.02667   0.88704    1098   13
    67   4.21080   1.00639   1.72619    1816   16
    68   0.46785   2.08754   4.59372    2186   20
    69   2.51169   1.91960   5.18591     661   12
    70   2.05548   1.78378   2.11098    1089   12
    71   0.43102   2.07463   2.37457    1263   14
    72   2.47571   1.85714   2.05676    1269   14
    73   1.90016   1.13699   0.96771    1490   14
    74   5.20608   1.37102   2.61875    1053   13
    75   3.71600   2.23115   1.00803    1896   17
    76   0.46082   2.38575   1.25519    1984   18
    77   4.66157   2.44501   2.31110    1749   17
    78   1.87598   2.96968   4.25226    1570   16
    79   2.20820   1.69279   0.44135    1460   16
    80   2.60109   2.40494   4.61634    1269   16
    81   4.93926   1.66721   3.16863    1416   14
    82   3.84663   1.07342   1.98816     665   10
    83   3.86224   2.60877   3.45455    1585   15
    84   2.74853   0.22900   5.99881    2282   18
    85   0.71707   1.18680   3.13800    1699   15
    86   4.08854   2.78827   2.03068    1089   14
    87   4.20302   2.63139   0.46037    1372   13
    88   4.77808   2.48133   2.28189     811   11
    89   1.69552   1.38132   4.06384    1488   15
    90   6.07188   1.59451   5.83574    1573   14
    91   5.51137   2.12751   2.26675    1559   19
    92   6.23259   1.87046   4.99698     959   12
    93   3.78637   2.30396   0.94181    1230   14
    94   0.05925   1.17450   1.94203     828   11
    95   6.12377   1.66813   1.29630    1174   16
    96   1.54345   2.15363   4.83471    1562   14
    97   0.57644   0.54686   4.50179    1238   11
    98   2.50358   2.41310   2.61477    1047   10
    99   3.96282   1.08945   5.08294    1396   14
   100   1.68038   2.22287   3.35006    1736   15
   101   1.49384   1.59246   3.45364     990   12
   102   3.25019   0.15560   3.24182    1291   11
   103   3.47628   2.27955   2.45401    1352   14
   104   0.71574   1.98716   5.90747     903   12
   105   1.40968   2.14303   1.34169    1644   17
   106   3.97098   1.59727   3.25425    1178   11
   107   5.44623   1.61021   3.53832    1759   17
   108   6.12517   2.70313   0.81931    1232   12
   109   5.50168   2.28817   2.74153    1530   15
   110   4.20870   0.80322   4.31357    1281   14
   111   5.20608   1.37102   2.61875    1372   15
   112   3.87417   0.63388   4.05390    1402   13
   113   1.15429   1.70841   2.06071    1160   14
   114   5.27484   1.48422   4.19242    1894   19
   115   4.64537   2.05511   4.23621    1145   12
   116   3.47151   1.02016   4.96268    1914   18
   117   5.68591   1.16437   2.59861    1223   13
   118   0.24030   1.12687   3.65379    1002   15
   119   4.08854   2.78827   2.03068    1037   10
   120   1.60190   0.46265   5.59181    1452   16
   121   5.74627   2.40819   5.03754     760   10
   122   3.81833   1.26708   3.78235    1543   17
   123   0.70004   2.03711   1.07012    1342   15
   124   5.24281   1.04814   2.48707    1153   14
   125   4.70192   1.44501   3.66751    1743   16
   126   3.88703   2.64774   5.03557    1414   16
   127   0.87010   2.10850   2.42644    1232   13
   128   3.69083   1.18667   1.90722    1213   12
   129   5.13679   2.45606   4.06077    1263   15
   130   0.64992   1.93430   2.60096    1838   16
   131   3.20121   2.54565   2.55534    1082   15
   132   4.01528   2.59285   3.57857    1523   15
   133   5.04586   0.97230   5.67435     796   16
   134   4.70452   0.90719   0.66772    1826   17
   135   4.85691   0.51351   4.79681    1178   13
   136   2.07836   1.04682   5.73675    1337   19
   137   4.93926   1.66721   3.16863     984   11
   138   0.71901   2.00689   5.91962    1384   13
   139   5.74627   2.40819   5.03754    1002   14
   140   4.63449   2.58643   2.23820    1645   17
   141   0.90268   0.49857   2.73057    1578   15
   142   5.28270   0.69805   0.28832    1736   19
   143   3.78637   2.30396   0.94181    1012   11
   144   3.57950   1.09937   3.38811    1475   14
   145   3.66561   2.10396   3.91505    1148   10
   146   3.55300   2.20302   5.52525    1536   17
   147   0.90056   1.99731   2.15397    1414   17
   148   4.08854   2.78827   2.03068     791   10
   149   2.41189   1.96307   0.32263     906   11
   150   0.18842   2.48627   1.35841     981    9
   151   3.19457   1.31480   3.48808     901   13
   152   0.79403   2.08171   5.58238    1723   18
   153   3.29722   0.65234   0.65881     915   12
   154   2.18833   1.73541   5.52871    1546   13
   155   0.50223   1.95482   3.03069    1693   16
   156   4.41890   1.40526   2.40579     853   13
   157   5.76898   2.06650   5.37666     948   13
   158   3.29285   1.52739   4.64361     818   13
   159   3.64014   0.59877   1.89572     673   10
   160   5.65403   2.66825   0.29109    1836   19
   161   5.61874   1.33135   1.16655    1616   14
   162   5.14754   1.15486   5.57670    1061   16
   163   4.08854   2.78827   2.03068     784   14
   164   2.10795   2.55400   1.42058    1200   12
   165   6.16412   1.66652   2.83074    1019   13
   166   0.96691   0.99699   1.96142     614   11
   167   1.73528   0.61633   2.30815    2565   22
   168   2.83860   0.95475   2.12044    1495   15
   169   4.82179   2.14095   3.40325    1108   14
   170   1.49384   1.59246   3.45364     560   10
   171   3.93193   1.10369   5.13622     984   16
   172   3.60477   2.25582   1.14886    1000   12
   173   1.26011   1.66659   6.19706    1707   16
   174   0.43235   1.98718   4.41846    1126   14
   175   3.46141   1.14597   1.72836    1794   18
   176   0.09037   2.15972   0.29021    1621   14
   177   3.72089   0.46645   3.73025    1145   14
   178   5.23355   1.41834   1.19458    2458   20
   179   1.15703   0.43639   1.01771    1047   15
   180   1.44390   1.73557   5.94862     664   12
   181   0.29067   0.47114   2.62400    1216   15
   182   2.37994   2.31948   1.68362    1701   17
   183   5.18440   1.35503   5.94575     769   12
   184   4.93926   1.66721   3.16863     783   12
   185   5.89132   2.21999   5.54555    1090   15
   186   2.44817   2.01559   5.23938    2131   18
   187   0.96691   0.99699   1.96142     933   13
   188   3.94470   2.11275   4.33898    1185   16
   189   5.61850   1.17602   5.95894    2661   24
   190   3.53997   1.05514   3.47346    1098   13
   191   6.19437   1.55796   5.60707    1399   14
   192   4.70267   2.13029   1.77090    1069   13
   193   5.12339   1.07840   0.30548    1365   14
   194   3.96474   1.08979   1.94473    1351   16
   195   2.51169   1.91960   5.18591    1221   15
   196   4.48336   2.50501   5.24830     990   13
   197   2.42041   1.98340   1.99657     963   13
   198   0.38255   2.02927   4.38433    1966   16