     1   0.00000   0.00000   0.00000       0    0
     2   3.36157   2.75412   0.60074    1211   13
     3   1.25205   1.70645   0.25676    1610   15
     4   3.50094   2.69543   0.67088    1195   14
     5   3.48922   2.70215   3.89716    2776   19
     6   4.41193   1.19489   4.38952    1082   13
     7   1.23013   1.91687   4.92810    1310   16
     8   3.30794   2.80364   3.70518    2130   15
     9   1.12841   1.86638   4.83148     421    9
    10   1.24178   1.80347   4.98473    4523   28
    11   5.87737   1.81644   6.03812     836   13
    12   5.87737   1.81644   6.03812     952   16
    13   3.68154   2.64997   0.90225     411    7
    14   4.38697   1.17981   4.39084     694   12
    15   5.83257   1.92281   4.36384    1374   14
    16   1.11393   1.75399   1.80997    3805   20
    17   3.54207   2.71729   2.43525     235    7
    18   1.23519   1.85027   1.75982    1956   15
    19   5.77020   1.83184   2.85916    2870   19
    20   5.76589   1.88619   2.88276     416   12
    21   4.29141   1.40317   4.44686    5104   26
    22   1.10790   1.80471   4.90853     799   11
    23   3.55852   2.82834   0.77909    5148   24
    24   0.08586   0.35688   4.25563    1924   18
    25   2.72119   1.21013   4.95669     735   10
    26   4.25250   1.37527   5.94745    1477   14
    27   2.76428   1.36882   1.70940    2832   18
    28   1.29049   1.80290   1.96459    4477   25
    29   2.65607   1.31389   3.39965     417   10
    30   4.41193   1.19489   4.38952     829   12
    31   1.28631   1.90290   1.84650    1415   13
    32   0.43688   0.33403   3.88215     560   11
    33   6.26305   0.42166   1.06493     512   10
    34   2.64567   1.41018   3.45092    2388   22
    35   4.38544   1.18105   1.31806     643    9
    36   2.69981   1.26583   3.30019    1412   16
    37   1.23694   1.83168   0.28447    1332   11
    38   4.42938   1.32818   4.54797    1571   14
    39   4.39278   1.39342   1.27839    2602   18
    40   5.80719   1.94598   6.00203     457   11
    41   4.36040   1.27335   1.32177    3597   22
    42   5.89685   1.90010   5.98595     769   10
    43   3.62755   2.88317   2.53410    1860   15
    44   1.28525   1.94485   4.95172     349   11
    45   4.37941   1.20662   1.40746     387    9
    46   4.22104   1.31897   5.99606    1165   12
    47   5.83164   1.78525   6.08382    3616   24
    48   4.37941   1.20662   1.40746     615   10
    49   0.47293   0.32354   5.39979    2245   18
    50   5.87472   1.81509   1.36070    4305   23
    51   3.48374   2.69502   3.87816    3982   22
    52   4.35824   1.42244   4.49084     563   11
    53   3.52826   2.73360   3.90962    2309   13
    54   4.37941   1.20662   1.40746     654   10
    55   2.72119   1.21013   4.95669    1221   14
    56   3.41034   2.67898   0.64652    2880   18
    57   4.26160   1.29365   1.41075    3337   16
    58   2.60248   1.18208   4.92564     736   11
    59   3.33528   2.79419   5.25162    2023   14
    60   5.87737   1.81644   6.03812    4544   22
    61   5.80755   1.82481   5.96390     953   12
    62   2.72132   1.38995   0.27918    2906   19
    63   3.68402   2.78782   2.48244    1314   14
    64   5.86523   1.92759   2.84385     353   11
    65   5.83118   1.88925   2.95022    1295   15
    66   3.32318   2.75267   2.14754     525   13
    67   5.86383   1.83882   1.35986    1226   14
    68   2.73142   1.37761   3.43087     416   11
    69   0.34559   0.37250   5.52953     319    9
    70   1.07232   1.78577   4.90322    3052   20
    71   2.64738   1.21459   1.80675    1924   20
    72   3.41022   2.83291   2.21625    2768   20
    73   1.33182   1.72856   0.37205     689   14
    74   0.34233   0.42447   5.57775     820   13
    75   2.73142   1.37761   3.43087     717   11
    76   4.40063   1.33345   2.91738    4082   20
    77   4.41868   1.34620   1.19285    3515   21
    78   0.44656   0.43228   0.81317    1080   12
    79   3.49013   2.76006   0.86210    2770   22
    80   2.82436   1.39133   1.83179     548   10
    81   3.49395   2.73938   3.79683    1397   15
    82   3.32318   2.75267   2.14754     592   10
    83   4.48739   1.32803   1.20801     700   10
    84   2.65417   1.33917   1.96860    1136   11
    85   3.50323   2.89179   3.80417     358    9
    86   3.32318   2.75267   2.14754     359    9
    87   2.73142   1.37761   3.43087     737   11
    88   1.31264   1.78211   3.42886    2226   17
    89   3.53526   2.63898   0.89246     711   12
    90   2.76640   1.37451   0.25400     433   12
    91   0.35959   0.50456   3.95407     614   10
    92   1.08096   1.72330   4.93383     393    9
    93   3.37685   2.67998   5.38237     562    9
    94   5.96191   1.74496   4.51862     846   12
    95   3.36326   2.86271   3.71837     471    7
    96   3.37518   2.77588   5.43190    1011   14
    97   3.50323   2.89179   3.80417     644   11
    98   0.38872   0.41100   0.91041     864   10
    99   5.86383   1.83882   1.35986    1550   15
   100   5.90149   1.74157   1.26476    1697   13
   101   0.44966   0.42690   3.89020    1415   16
   102   4.37941   1.20662   1.40746     501   12
   103   3.68848   2.72011   1.06546    1014   12
   104   5.86383   1.83882   1.35986     419    9
   105   2.75361   1.39151   3.30298    4114   20
   106   3.32318   2.75267   2.14754     344   11
   107   0.30998   0.39057   5.61976    2624   20
   108   4.37941   1.20662   1.40746     935   11
   109   5.90370   1.86340   2.86214     398    8
   110   5.89097   1.88687   5.94020    2102   17
   111   2.69026   1.32719   3.30772    3089   16
   112   5.74687   1.91937   1.34335    1732   13
   113   2.60519   1.33059   3.54630     595   11
   114   0.15951   0.32251   2.61367     398   11
   115   4.37941   1.20662   1.40746    1237   11
   116   4.35599   1.40762   2.76628     857   15
   117   5.74027   1.94214   4.51660    1021   15
   118   5.82828   1.74997   1.28489    1240   14
   119   5.82791   1.93978   4.53351    4584   21
   120   1.24591   1.80584   1.95341    1257   17
   121   0.28269   0.38008   0.94287     682   13
   122   4.39358   1.25081   1.27883    1048   12
   123   1.22646   1.77029   1.83895     771   12
   124   5.89843   1.82662   1.32740    3471   20
   125   5.86383   1.83882   1.35986     359    6
   126   3.27625   2.76347   3.64189    1781   14
   127   3.79229   2.76304   5.67020    1619   15
   128   3.79229   2.76304   5.67020     299    7
   129   3.24747   2.76254   0.47060     822   10
   130   4.40828   1.20568   2.83286     378    9
   131   2.61047   1.42114   5.02607     356    9
   132   3.50969   2.68787   4.00326    2091   15
   133   0.43776   0.37367   2.35663    4639   24
   134   2.80226   1.31535   0.29028    1839   13
   135   3.31484   2.67353   0.69105     416    9
   136   4.37941   1.20662   1.40746     490   10
   137   3.57323   2.62326   2.47278    5258   23
   138   1.34033   1.84053   5.00393    1877   20
   139   0.52609   0.47911   2.20335    1614   15
   140   3.86378   2.81662   5.70681    1167   16
   141   2.62605   1.43362   0.16616    3964   22
   142   3.24747   2.76254   0.47060     443    9
   143   4.32350   1.39395   6.11052     505   10
   144   5.74687   1.91937   1.34335     330   10
   145   0.40175   0.41760   5.60538     594   10
   146   3.57467   2.76265   5.65891    2752   20
   147   1.28790   1.82022   0.16451    1433   15
   148   5.86794   1.72712   4.38687     698   10
   149   0.34205   0.40704   0.86273    1692   17
   150   1.23959   1.79956   0.36602     437    8
   151   1.13629   1.82557   1.70805    1744   16
   152   4.29648   1.24278   5.94257    1554   14
   153   0.63138   0.34605   5.22760     792   10
   154   1.24591   1.80584   1.95341    1268   17
   155   4.33496   1.41995   1.26617    4004   22
   156   1.28525   1.94485   4.95172     611   12
   157   0.18213   0.39414   5.66139    2047   18
   158   4.37941   1.20662   1.40746     749    8
   159   5.74687   1.91937   1.34335     470   11
   160   5.74465   1.77870   4.37023    1132   12
   161   0.62656   0.26833   0.62935     722    9
   162   4.37266   1.32252   1.25249    2282   16
   163   2.68991   1.35315   1.93308    2617   16
   164   1.24940   1.83800   3.32136    4398   29
   165   0.15070   0.43009   4.13527    1247   15
   166   3.34370   2.78624   5.42167     560   10
   167   3.53519   2.64992   0.79365     598   11
   168   4.38054   1.29740   2.88437     406    9
   169   0.32997   0.49144   5.54870     582   10
   170   2.80952   1.17244   0.15822     966   16
   171   2.63883   1.40009   1.88652    1781   18
   172   0.16065   0.26198   5.67724    1742   20