     1   0.00000   0.00000   0.00000       0    0
     2   2.66750   1.33802   3.64565    2905   24
     3   1.01680   2.14337   4.90834    2846   24
     4   4.30130   1.19908   2.79220    2077   18
     5   0.70613   0.56522   0.38450     866   14
     6   1.12349   1.95882   0.21557    1390   13
     7   5.79165   1.88199   5.92805     727   12
     8   2.61803   1.29298   2.18401     443    8
     9   0.53414   0.67243   3.65621    2356   15
    10   1.13579   2.12656   1.89188     442   10
    11   4.33057   1.15988   4.33285    3165   20
    12   2.71964   1.35018   2.00470     496   12
    13   3.64846   2.75787   2.54649    2654   19
    14   4.39833   1.07285   2.78130     443    7
    15   5.76612   1.83763   4.33137     514    8
    16   1.08231   1.94941   0.27947    1507   17
    17   0.47760   0.55562   5.33269    1100   12
    18   5.61821   1.83205   1.12254    2290   18
    19   3.75536   2.63852   4.13231    1393   16
    20   5.72683   1.74691   1.07531     385    8
    21   0.37424   0.55008   2.28150    1589   18
    22   4.39833   1.07285   2.78130     768   12
    23   0.53976   0.63800   3.66518    1111   11
    24   0.35455   0.55841   0.85376    4690   21
    25   5.70162   1.79816   1.12428    1476   17
    26   5.79165   1.88199   5.92805     967   13
    27   4.19464   1.16274   5.98601    1176   12
    28   3.63065   2.52388   4.16382     552   12
    29   2.49826   1.30513   0.62414     902   11
    30   0.37424   0.55008   2.28150     934   15
    31   0.71003   0.48118   1.88391    3048   22
    32   2.59653   1.42088   5.16141    1352   16
    33   5.63601   1.96818   4.27371     965   12
    34   4.17465   0.98841   2.89464     909   12
    35   4.26668   1.19132   2.87838    1044   14
    36   4.27957   1.14671   2.96717    1507   16
    37   5.63859   1.78548   4.22173    1176   13
    38   1.11952   2.03335   3.46285     507   10
    39   2.59653   1.42088   5.16141     869   12
    40   5.78432   1.91909   1.15517    1448   16
    41   2.52499   1.26151   0.37383     890   11
    42   0.76070   0.60183   5.02562    2891   21
    43   0.51542   0.63585   5.25539    3102   16
    44   0.48923   0.69910   0.59312     562   12
    45   0.57284   0.63704   0.54980    1572   20
    46   5.78323   1.73380   2.67327     871   13
    47   2.64691   1.38469   3.50068    1654   18
    48   3.77826   2.58519   1.25450     716   13
    49   1.24981   2.15599   1.92535     872   11
    50   0.58973   0.56054   0.54086    1133   13
    51   4.43449   1.08914   1.16532    1623   15
    52   4.39833   1.07285   2.78130     495   10
    53   0.62515   0.58241   1.97764    1392   15
    54   2.70199   1.31651   0.52537    1474   18
    55   3.74512   2.56480   2.74945     884   13
    56   4.27604   1.11498   1.39355    1493   14
    57   5.68949   1.86121   1.11382     211    8
    58   4.34482   1.05738   5.87347    1920   16
    59   4.21363   1.19017   5.96039     661   10
    60   5.60645   1.82640   4.24288    1468   13
    61   2.63702   1.29921   5.15107     644   10
    62   0.66239   0.60090   1.94269    1158   19
    63   0.55940   0.57479   2.10474     714   10
    64   1.09455   1.95467   3.46625     624   12
    65   5.69414   1.91349   1.10265    2144   18
    66   3.62943   2.72488   2.59472    1044   15
    67   5.77199   1.93486   5.76036    3877   24
    68   5.78416   1.84063   5.81700     777    9
    69   2.50358   1.38293   0.46411    1091   12
    70   1.09121   2.00489   5.04046    1347   17
    71   1.06717   2.08776   3.44327     294    9
    72   3.62042   2.49569   2.60819    2269   17
    73   3.85110   2.65829   2.86554     706   10
    74   4.39833   1.07285   2.78130     305    9
    75   2.63355   1.32505   0.36808    2473   20
    76   5.70784   1.98670   2.69514    1784   17
    77   5.79165   1.88199   5.92805     810   11
    78   2.59220   1.29341   2.14054     418    9
    79   1.19926   2.00022   0.21112    1177   16
    80   0.56247   0.51946   2.09799    3161   21
    81   4.19539   1.09358   2.84317    1360   14
    82   4.26715   1.00323   4.42766    1028   15
    83   1.24981   2.15599   1.92535     680   11
    84   1.03279   1.92661   1.79489    1493   16
    85   1.20278   1.98657   3.44423    3494   18
    86   0.32744   0.55943   5.48494    1421   18
    87   0.60857   0.52369   3.48544    1928   15
    88   2.56729   1.30057   3.67844    1217   15
    89   0.56159   0.62137   3.62727     486   11
    90   0.43312   0.52134   2.31010    1610   18
    91   5.83335   1.77426   5.84613    1725   15
    92   3.63974   2.52418   0.97506     666    9
    93   5.76151   1.81248   1.05934    1048   15
    94   4.21832   1.10066   2.84300     488   11
    95   2.64862   1.26463   2.05416     811    8
    96   4.17673   1.09915   4.42396    3327   19
    97   1.00590   1.94955   5.00333    1463   15
    98   2.51681   1.43015   0.43338    1840   15
    99   5.79165   1.88199   5.92805     600    9
   100   3.50101   2.54822   0.89990     629    9
   101   0.53027   0.67767   0.50844    1363   14
   102   2.59589   1.39357   3.67236     474   11
   103   0.56159   0.62137   3.62727     714   13
   104   0.51542   0.63585   5.25539     294   10
   105   5.62917   1.88127   4.16858     363    7
   106   0.38667   0.52625   0.57282    3134   20
   107   4.20236   1.08414   1.23090    1562   18
   108   2.60171   1.33942   0.51877    1330   12
   109   4.26535   1.02101   1.35289    1085   15
   110   5.64287   1.72783   4.31415     823   13
   111   1.22603   1.99274   4.99131     718   12
   112   5.75056   1.90844   1.16814    3530   23
   113   1.24944   2.01579   1.93132     602   13
   114   5.72219   1.84705   4.15002    1395   17
   115   5.71538   1.80446   2.53532     984   15
   116   1.15089   1.89120   4.93111     506    9
   117   3.54446   2.67033   0.77861    1680   18
   118   4.32088   1.04173   1.26111     939   11
   119   2.64216   1.24918   5.20205     991   12
   120   0.59927   0.59266   0.57890    1722   12
   121   5.78416   1.84063   5.81700     999   13
   122   0.62515   0.58241   1.97764     724   12
   123   2.49284   1.27727   1.94379    1338   16
   124   1.26430   1.92909   1.97389    3548   25
   125   4.35343   1.16823   2.94201     273   10
   126   4.17192   1.14126   2.78228     496   12
   127   5.78028   1.76644   5.75984    1258   13
   128   0.99847   1.98522   3.32528    1468   14
   129   5.70784   1.98670   2.69514    1472   16
   130   3.76972   2.49167   2.72095    2944   20
   131   4.33334   1.18753   2.76443    2003   19
   132   3.87904   2.66542   1.20497    1095   17
   133   2.55321   1.40523   0.49015    2048   16
   134   4.26153   1.14475   6.06674     416   10
   135   4.22805   0.99184   1.29900     294    6
   136   4.39833   1.07285   2.78130     979   14
   137   3.66126   2.63320   1.01474     364    6
   138   4.24487   1.12675   5.90868    1624   17
   139   0.60252   0.57438   5.05564    1232   15
   140   5.70784   1.98670   2.69514     812   11
   141   0.43859   0.52391   5.37870    1890   19
   142   1.08544   2.01604   4.95023    2255   20
   143   2.55416   1.42540   0.42808    2091   19
   144   4.27864   1.07477   1.17941     322   10
   145   2.55569   1.23538   0.37520    1496   15
   146   3.59119   2.55280   4.20044     641   10
   147   1.24459   1.98625   3.47048    4267   24
   148   4.24329   1.14280   1.37212     329    7
   149   4.31681   1.14792   5.96549     508   11
   150   5.68332   1.83746   1.09665    4793   25
   151   2.59653   1.42088   5.16141     446   10
   152   0.55780   0.59084   3.58042    2317   16
   153   4.23556   1.07728   5.89153    4465   22
   154   3.77397   2.71682   5.71032    2358   20
   155   3.79922   2.51765   2.77251    3187   25
   156   2.59653   1.42088   5.16141     488    9
   157   3.78997   2.71632   4.32139     442    8
   158   5.84479   1.88098   2.73355     689   14
   159   0.70915   0.48842   0.34091    2219   12
   160   2.51211   1.35983   2.10799    2120   19
   161   3.41296   2.56381   5.43666     752   13
   162   0.56159   0.62137   3.62727     515   10
   163   3.67623   2.48246   2.49433    3417   20
   164   5.78416   1.84063   5.81700     778   10
   165   2.53596   1.39040   0.53464    4881   26
   166   0.49790   0.45298   2.17921    1740   17
   167   2.52187   1.38922   3.59431    2574   15
   168   4.18695   1.10786   1.19140     499    9
   169   1.19926   2.00022   0.21112    5259   26
   170   0.56159   0.62137   3.62727     305    7
   171   2.61803   1.29298   2.18401     399   10
   172   1.20320   2.08137   5.06119    1891   12
   173   0.55128   0.69633   2.10323    2243   18
   174   2.62127   1.28599   3.73554     695   14
   175   3.62696   2.67369   4.01830    2053   16
   176   1.11377   2.02803   5.14682    1978   17
   177   5.78416   1.84063   5.81700     448   10
   178   3.43335   2.57918   3.94752     572   11
   179   2.53412   1.35842   3.53593    4671   25
   180   3.83670   2.64906   5.88798     844   13
   181   4.20357   0.99260   2.92011     341    8
   182   1.19587   1.92159   0.42953    3366   16