     1   0.00000   0.00000   0.00000       0    0
     2   5.98107   2.02978   1.49630     983   13
     3   3.55959   2.34407   6.23555    1590   17
     4   3.16043   1.62024   2.85131    2600   21
     5   6.18182   0.90136   3.17224    1123   13
     6   1.37424   1.27756   0.95666     786   11
     7   2.13951   2.83837   1.17845    1221   13
     8   3.90727   1.62117   4.65835    1312   15
     9   2.30412   0.74215   3.46831     804   10
    10   4.01544   1.37956   2.96203    1512   15
    11   5.34163   1.38563   0.94609    2346   23
    12   0.69063   0.72069   3.61689    1908   17
    13   1.11025   0.84896   5.84790    1178   11
    14   3.92800   0.72194   2.71444     758   11
    15   3.74053   2.13604   4.02159    1486   17
    16   0.01098   2.53902   4.67075    2007   18
    17   5.64214   1.95436   1.48575    1495   15
    18   2.22186   0.84676   3.59518    1079   14
    19   4.76035   1.70080   4.46072    1439   14
    20   4.48508   0.84335   2.35113     766   10
    21   4.37253   0.49906   0.60377    2223   21
    22   3.83699   2.67561   4.50422    1031   14
    23   4.33988   0.97386   1.60444    1069   15
    24   5.68455   2.04680   2.10808    2658   21
    25   0.32562   2.26597   1.45324     953   12
    26   2.43581   1.18119   1.00832    1622   16
    27   0.92155   2.46986   4.23941    1221   17
    28   4.08345   1.33838   3.00871    2024   18
    29   2.47089   1.23865   5.65488    1060   12
    30   3.97032   2.09818   1.76037    1030   12
    31   2.58638   1.67705   1.49185     970   12
    32   4.58494   1.86682   3.20877    1172   12
    33   4.85791   1.27744   2.33095    1156   14
    34   3.97990   2.52304   0.92587    1058   11
    35   4.95075   1.53643   5.53323     942   12
    36   2.55267   0.68503   1.16873    1525   16
    37   6.17436   2.10119   5.24376    1191   16
    38   4.63596   1.07748   4.26210    1168   18
    39   2.26668   1.23051   0.01060     909   12
    40   0.34884   1.53637   0.03879     897   12
    41   0.04176   2.21438   6.21947    1505   16
    42   0.65884   1.57721   3.92020    1386   14
    43   5.08198   2.23693   0.26106    1326   15
    44   6.11053   1.76747   2.71298    1491   19
    45   3.81970   0.17172   0.50612    1237   16
    46   1.03085   1.45028   4.90052    1778   15
    47   3.22212   1.07372   5.73608    1045   12
    48   0.50903   1.45944   5.12765     919   11
    49   3.27632   1.15232   0.21202    1031   11
    50   5.76706   1.34061   5.82089    1802   16
    51   0.60424   1.43269   5.56431    1518   15
    52   2.98497   2.68000   5.28605    1231   13
    53   4.71413   0.91616   1.56914    1169   11
    54   2.80388   1.74180   5.38878    1304   14
    55   5.40279   2.64331   1.42513    1498   14
    56   5.95368   0.62254   2.68045    1599   15
    57   5.99936   2.35404   4.09668    1179   13
    58   5.65389   2.15583   4.85665    1149   13
    59   5.36143   2.21673   5.05463    1438   13
    60   1.88487   2.47960   1.28544    1551   14
    61   0.07569   1.28846   3.98216    1283   13
    62   3.49991   2.60764   1.10472    1444   14
    63   4.26886   1.72768   4.00053    1989   19
    64   0.52275   2.75181   4.15999     663   12
    65   4.56292   2.84498   5.92373    1149   14
    66   4.53754   1.05400   0.67745    1585   17
    67   2.95540   2.11030   2.21028    1210   13
    68   0.63751   0.56837   0.26196    1786   15
    69   5.50898   1.01003   1.48345    1578   16
    70   2.63885   1.96059   0.11343    1708   18
    71   5.51304   0.60553   2.36156    1520   17
    72   0.77072   1.84054   4.96576    1376   14
    73   0.82044   1.28700   0.41838     671    9
    74   2.88276   1.27244   5.12421     983   13
    75   2.15886   1.11501   6.16949    1983   18
    76   3.69515   2.18903   0.06248     893   12
    77   3.08168   1.40772   4.41237    1213   14
    78   4.03532   1.14899   0.37403    1240   16
    79   0.95753   1.80991   5.09561     776   11
    80   2.73459   0.99540   5.88143    1344   17
    81   5.01856   1.97709   4.72690     892   12
    82   4.82912   2.25631   4.11087    1409   16
    83   1.52177   1.39553   4.40086    1182   13
    84   4.79998   2.15038   0.56631    1269   19
    85   0.57686   1.98079   5.81773    1614   16
    86   1.47482   1.19014   2.30504     702   11
    87   6.20043   1.28741   3.21526    1262   14
    88   4.46441   1.29191   4.27238    1046   13
    89   5.73863   2.02350   3.66292    1330   15
    90   4.58784   2.02893   4.51008    1510   18
    91   3.97051   1.16109   2.21846    1066   16
    92   1.98811   1.60293   3.59013     876   12
    93   2.33940   0.85991   4.66916    1652   17
    94   2.80296   2.77822   4.55523    1267   14
    95   4.90984   2.53472   1.63518    1395   13
    96   3.63970   1.78516   1.44181    1730   16
    97   4.62573   0.58821   5.51733    1116   15
    98   4.34926   2.01449   0.38487    1379   15
    99   3.06441   2.33542   5.45909    1280   15
   100   5.15053   1.36788   2.46021    1252   13
   101   1.19437   2.79141   4.70871    1461   15
   102   1.36069   1.10853   0.72200    1402   13
   103   3.42385   1.52026   0.31540    1399   16
   104   0.25386   0.88728   0.15479     750   13
   105   3.42050   0.89162   2.77268    1396   15
   106   3.58924   1.37942   5.44994    1723   16
   107   6.24903   1.47901   4.12612    1729   14
   108   2.55688   2.16227   3.92176    1920   16
   109   3.21985   1.28038   5.40681    1521   15
   110   1.34931   2.17898   2.88616    2237   17
   111   5.14702   1.54438   5.90184    1040   14
   112   4.61484   0.70628   0.46615    1775   16
   113   5.10735   0.39713   5.46476    1268   15
   114   0.78714   1.37112   6.24959    1593   17
   115   0.36329   2.43293   4.66496    1286   14
   116   3.26419   1.93510   6.27683    1344   14
   117   3.90364   0.75910   6.26822    1635   16
   118   2.59903   1.46461   3.99440    2130   17
   119   2.72615   2.53521   6.09938    1925   17
   120   0.49158   2.54079   6.06550     979   13
   121   2.89154   2.88825   6.22454    1792   17
   122   4.81470   1.54701   4.08376    1526   16
   123   1.99438   2.46526   4.31935    1130   15
   124   1.55235   2.09854   3.62771    1227   12
   125   3.14641   1.74508   2.44272    2138   17
   126   2.31676   0.25367   6.04307    1810   21
   127   4.43634   2.50309   5.23792    1035   13
   128   2.17368   2.49642   2.19035    1592   15
   129   3.25805   2.35561   6.24344    1708   14
   130   5.14164   2.61338   2.93381    1118   15
   131   5.90596   2.10390   5.12825     847   12
   132   5.38664   1.36144   2.38001    1685   15
   133   2.30387   0.87921   1.04969     843   13
   134   2.08474   1.12456   0.81282    1428   16
   135   3.62368   2.30985   1.92195    1282   13
   136   1.30998   1.68746   2.52197    1265   15
   137   0.03298   0.37802   5.54357     682    9
   138   1.84434   1.43043   6.01194    1564   14
   139   5.84034   1.26622   0.43917    1642   16
   140   1.57593   0.52836   2.44253    1248   15
   141   0.58943   2.59878   1.84105    1148   15
   142   4.23181   1.94601   3.80221    1128   15
   143   4.63695   1.30976   1.68492    1107   18
   144   5.19387   1.92097   5.48135    1070   13
   145   3.97990   2.52304   0.92587    1508   17
   146   0.75506   1.77509   1.88501    1335   17
   147   3.80500   2.10590   6.02910     966   12
   148   2.54448   2.86955   6.18866    1708   16
   149   2.74425   2.55055   0.63274    1381   14
   150   0.81037   2.65038   0.94659    1125   12
   151   2.86109   1.79418   0.78453     650   11
   152   0.81652   2.88462   5.39474    2399   20
   153   6.20199   2.41297   5.93149    1413   16
   154   2.68287   1.40327   0.22915     867   14
   155   4.00772   2.22565   0.73220    1622   14
   156   2.31536   1.85811   2.44762     872   12
   157   1.28983   1.68137   2.66176     611   11
   158   6.21730   0.84197   4.03359    1337   16
   159   3.94593   2.19458   5.12192     707   12
   160   3.23202   1.66741   5.23227    1397   17
   161   5.29423   1.64671   4.48674    2375   19
   162   3.22221   0.80021   3.99533    1390   14
   163   3.89115   2.47527   1.33708    1971   17
   164   1.86990   2.76036   5.66254    1553   16
   165   4.20229   2.72429   4.06510    1282   16
   166   2.02533   1.82185   2.39421    1258   13
   167   1.72467   0.99420   2.93871    1033   17
   168   3.29124   2.54349   0.40030    1226   12
   169   3.34725   2.16445   5.85322     895   13
   170   5.32681   0.38706   3.81208    1467   16
   171   1.13560   2.66999   1.03417    1686   18
   172   3.46066   2.40040   5.66050    1394   16
   173   4.79297   2.10928   3.20693    1569   17
   174   1.00858   2.66364   5.87074    2902   20
   175   3.75789   0.74257   5.70821    1193   15
   176   0.62626   2.19586   4.17312    1049   13
   177   0.71133   1.24203   5.48067    1827   18
   178   4.08561   2.16061   2.49969     629   10
   179   0.85296   2.47133   4.92844    1221   13
   180   5.23881   1.44359   4.67575     787   10
   181   2.64054   0.67152   4.26046     557    9
   182   1.54203   1.56840   0.05513    1162   14
   183   5.76337   1.14579   5.66964    1123   16
   184   0.40144   1.26527   3.44937    1644   16
   185   5.37762   1.35089   2.22236     806   13
   186   2.95921   0.88549   0.94511    1296   17
   187   4.19283   1.32231   0.46578    1379   12
   188   0.44744   2.36413   5.15181    1119   14
   189   3.80792   1.70075   4.77236    1198   12
   190   5.92542   2.45901   5.36656    1227   19
   191   2.32512   0.66130   5.64731     900   12
   192   2.41049   1.36073   6.18307    1553   14
   193   4.79530   0.33051   2.46003    1393   16
   194   0.73654   2.35925   0.86215    1605   15
   195   0.69932   2.21182   5.78633     706   11
   196   2.33961   0.94230   0.08064    1273   15
   197   4.57692   1.55382   1.38352    1019   12