     1   0.00000   0.00000   0.00000       0    0
     2   0.25317   0.56352   5.72394    1803   15
     3   3.33230   2.55009   5.13330     823   14
     4   0.53140   0.65574   3.90700     631   12
     5   2.82829   1.09720   5.00312     916   13
     6   0.40822   0.43708   2.40109     663   12
     7   4.46622   1.30230   5.82771    1153   12
     8   0.37584   0.62030   5.48870    4894   27
     9   2.77866   1.07468   3.52407    1083    9
    10   2.60071   1.09347   3.72301     604   12
    11   3.60413   2.51666   5.46312     288    6
    12   1.39400   1.94297   2.02591    1153   11
    13   0.50977   0.48779   0.64801     715   10
    14   3.53047   2.54981   0.70717    5009   21
    15   5.99021   1.96834   4.21686     378    8
    16   2.73419   1.25674   5.08122    1841   18
    17   4.53636   1.20871   2.77502     612   12
    18   3.30128   2.52600   0.48090    1070   11
    19   2.72935   1.16909   2.01340     471   10
    20   5.74327   2.06561   5.85662     731   12
    21   4.41339   1.31318   5.87498     747   11
    22   5.85253   1.92020   4.19529    2529   19
    23   3.33230   2.55009   5.13330     780   11
    24   3.33230   2.55009   5.13330     288    7
    25   3.38731   2.59713   5.36810    1488   14
    26   5.74327   2.06561   5.85662    1310   13
    27   3.55359   2.56058   5.50028     489   10
    28   3.36952   2.64906   2.15981    3310   23
    29   4.49901   1.32944   4.32198    1188   15
    30   4.53636   1.20871   2.77502     513   10
    31   0.52150   0.52999   0.70258    3815   20
    32   1.45908   2.03475   5.19962    1557   15
    33   5.87199   1.86268   4.32681    1534   15
    34   4.49297   1.33975   4.24699     474    9
    35   4.60864   1.10074   1.06578    1348   16
    36   4.61304   1.25985   5.70369     812   13
    37   1.34219   1.90699   2.04096     851   10
    38   1.31637   1.95960   0.34822    1134   13
    39   3.54179   2.61443   5.50579    1552   18
    40   0.39748   0.65889   5.59513    2083   17
    41   4.45180   1.15828   5.94879     726   10
    42   5.97965   1.90524   5.83606    2139   14
    43   4.59408   1.16301   4.14481     498   10
    44   5.74327   2.06561   5.85662     422   10
    45   5.91031   1.88460   5.93751    1756   16
    46   3.33230   2.55009   5.13330     332    9
    47   2.78839   1.02277   5.00300     529   10
    48   5.94051   2.02757   4.41817     333    7
    49   4.40586   1.11729   2.61657    3005   21
    50   5.74327   2.06561   5.85662    1957   18
    51   0.51386   0.51547   3.99619     842   12
    52   1.34391   1.97984   2.07329    1140   12
    53   0.45681   0.68820   0.75772     268    7
    54   5.92645   1.91834   4.38957    1537   13
    55   1.25623   1.93676   3.49341    1324   13
    56   1.34884   1.96835   3.58776     386    9
    57   2.76287   1.15176   3.50454     706    9
    58   1.31964   1.88244   0.35230    1287   17
    59   0.00000   0.00000   0.00000     624   12
    60   1.21770   1.86023   2.03616    4236   24
    61   0.50846   0.55342   3.91956    1913   15
    62   2.79256   1.12146   3.48112    1358   16
    63   0.51909   0.73459   3.98550     447    8
    64   4.42121   1.11934   5.98821    2191   20
    65   1.20709   1.89897   3.63164     718   11
    66   4.53351   1.27202   2.76228    1993   15
    67   2.87228   1.07143   3.48667    1261   17
    68   1.43367   1.95024   0.37993    2886   20
    69   5.78239   1.92078   2.68976    1364   14
    70   0.46909   0.56090   3.85573     828    9
    71   4.50183   1.24287   1.20879    4713   23
    72   0.34554   0.56880   4.03382    1157   16
    73   3.63233   2.42455   0.77420     700   13
    74   0.00000   0.00000   0.00000     560   11
    75   3.75023   2.65036   4.06497    1890   16
    76   0.29474   0.53518   2.52163    1403   13
    77   3.74797   2.62326   2.42211     693   12
    78   2.74839   1.24377   0.35560    2665   19
    79   4.42896   1.24345   1.11939    4956   27
    80   5.84493   2.02209   5.89493     613    9
    81   0.69215   0.55599   3.64879     420   10
    82   2.85464   1.22023   3.55759    1937   16
    83   4.53636   1.20871   2.77502    1237   13
    84   3.67740   2.62537   5.53933    4458   27
    85   4.65707   1.12677   5.73179    1874   17
    86   5.74327   2.06561   5.85662     612   11
    87   3.52834   2.58549   2.19243     577   10
    88   1.32714   1.97124   5.25549    2342   15
    89   5.83605   1.83247   5.78666     324    9
    90   0.51967   0.67456   0.73114    5320   23
    91   5.89615   2.02975   2.60233    1142   15
    92   3.46608   2.63664   5.27528    2993   20
    93   1.35824   2.02938   3.65415     326    8
    94   5.88761   1.89958   1.18844     322    7
    95   5.90285   1.98368   4.38741     380   11
    96   5.87314   1.99210   4.29331     661   13
    97   0.48050   0.45705   2.41324     996   11
    98   3.33230   2.55009   5.13330    1465   18
    99   5.83070   1.84399   1.08888     691    9
   100   5.88958   1.99051   1.26757    4240   23
   101   1.40656   1.91736   3.61614     465   11
   102   1.41152   1.91301   2.02351    3035   25
   103   2.70988   1.16159   2.03435     447   11
   104   4.51270   1.23228   5.90091    1561   13
   105   5.95604   1.87183   4.32084    1043   14
   106   4.34268   1.28895   1.17601     474    9
   107   5.95392   2.03664   4.39709     455    8
   108   2.59487   1.09436   0.58232     926    9
   109   3.67592   2.63767   2.28402    1518   14
   110   5.79965   1.99032   4.32752    3084   21
   111   3.70684   2.50132   5.53723     449    9
   112   1.35904   1.90242   5.19462     386    7
   113   4.45180   1.15828   5.94879     442   11
   114   0.47275   0.59068   3.92021     850   10
   115   3.63859   2.61028   0.91469     573    9
   116   5.95817   1.96050   1.10409     813   11
   117   6.03216   2.01250   6.02154    1294   12
   118   2.66025   1.23971   1.86829    1212   13
   119   1.42695   1.96579   0.46759    2771   19
   120   1.30306   1.92175   0.50153     710   14
   121   0.19858   0.47355   4.13114    1495   15
   122   1.22524   1.98786   3.59709     700   12
   123   5.94832   1.93903   2.78904     412    8
   124   2.75696   1.22288   0.44225     626   12
   125   1.38388   1.97574   3.66245    4524   25
   126   0.29474   0.53518   2.52163     611    9
   127   4.61304   1.25985   5.70369     698    8
   128   1.35824   2.02938   3.65415    1390   15
   129   3.67552   2.52080   0.74825     755   12
   130   0.42350   0.60624   0.86217    4211   20
   131   2.84233   1.06530   2.00257     406   11
   132   5.78907   1.88154   1.11964     894   12
   133   4.39988   1.22482   4.36314    1245   12
   134   4.54064   1.30494   4.29380     957   10
   135   5.78943   1.94672   5.86035    1564   14
   136   1.43147   1.93152   2.03930    1216   14
   137   5.88243   2.00880   5.91515    1611   20
   138   4.47763   1.21645   1.04118    1133   15
   139   3.51661   2.55880   5.41410     863   12
   140   3.33230   2.55009   5.13330     771   13
   141   5.90689   2.04684   2.62908     684   11
   142   2.67672   1.12453   1.90117    1984   19
   143   4.53636   1.20871   2.77502    2955   20
   144   6.01485   2.00275   4.40660    2357   15
   145   5.74327   2.06561   5.85662     548    9
   146   1.27760   1.94271   1.88553    1785   16
   147   0.35748   0.62566   2.46643    3383   22
   148   2.91094   1.24270   0.22268    2526   18
   149   3.53686   2.63618   3.85379    1662   15
   150   0.29779   0.56006   1.04087    1623   17
   151   3.68445   2.45000   5.49133    1711   14
   152   5.91204   2.03263   1.10363    3261   23
   153   5.80350   1.96848   2.67139    1061   14
   154   4.44857   1.21322   2.71966    1809   16
   155   2.66330   1.04930   1.93046     662   11
   156   5.74327   2.06561   5.85662     745   10
   157   0.59342   0.49383   3.85724    1533   15
   158   2.84780   1.09234   3.55039     456    9
   159   3.33230   2.55009   5.13330    2436   18
   160   4.54406   1.18350   2.81042    1323   12
   161   5.94298   2.03505   2.72647     759    9
   162   0.32076   0.52634   0.86899    2971   19
   163   3.65848   2.58745   2.33088    1116   11
   164   0.46248   0.57147   2.43013    2651   23
   165   4.61304   1.25985   5.70369    1790   17
   166   5.74327   2.06561   5.85662     419   11
   167   5.74327   2.06561   5.85662     591   10
   168   4.59941   1.20900   4.15652    1841   16
   169   2.71073   1.24269   1.91409     760   10
   170   3.58088   2.63440   5.59035    4058   23
   171   4.61304   1.25985   5.70369    1839   18
   172   1.30008   1.99158   5.19814     768   12
   173   3.75776   2.63819   2.45760    1795   15
   174   3.79034   2.53832   5.60015     598   10
   175   3.39196   2.59414   2.24298    2921   18
   176   4.47874   1.09281   4.24879    2962   19
   177   0.59948   0.58732   5.37033    3102   17
   178   3.69585   2.46694   0.80298     912   10
   179   1.34884   1.96835   3.58776    3884   20