     1   0.00000   0.00000   0.00000       0    0
     2   2.83484   1.34905   5.96093     714    6
     3   0.06167   0.66780   3.39738   13329   10
     4   2.59892   1.92060   4.03212   48602   13
     5   2.29194   0.72481   5.40342     535    6
     6   1.80105   1.92288   5.71910    1454    7
     7   2.25160   1.85872   2.73616    5542    9
     8   0.59382   2.29667   3.59467     430    6
     9   2.07442   2.35354   1.25398   30877   13
    10   4.79347   0.90433   3.14665    4538   11
    11   6.10267   1.57462   1.96031    9476   10
    12   5.72505   1.94443   0.68048     533    5
    13   5.53168   1.16909   1.42856    7646   11
    14   0.33200   1.88699   2.96564    6559    7
    15   0.17295   2.04598   4.87726    1708    9
    16   0.29851   2.80087   4.94462     756    4
    17   0.27080   2.42904   2.07167    2200    7
    18   2.56551   1.19837   5.92984  127245   16