     1   0.00000   0.00000   0.00000       0    0
     2   6.21865   1.41246   6.26738    1682   12
     3   4.13662   0.17613   0.60336    1279   13
     4   4.84294   0.11878   6.22714    3498   20
     5   1.53598   1.41425   4.61026    2107   15
     6   3.01569   1.71599   6.23178     644   12
     7   6.21865   1.41246   6.26738     346    6
     8   4.78845   1.64445   6.26161     566   11
     9   3.16784   1.73683   3.12143     621   10
    10   1.59681   1.53241   4.55116    1211   14
    11   4.29600   0.06624   5.14865     704   11
    12   3.22278   1.58447   3.01290    1359   16
    13   6.24898   1.52930   3.21366    1025   17
    14   4.57954   1.64393   0.11099    3262   19
    15   2.61872   0.16667   3.70830     883   12
    16   4.55496   1.61540   3.13212    2513   18
    17   0.06522   1.52794   1.61049    2483   18
    18   3.09036   1.63281   4.56343    1878   17
    19   3.20735   1.57662   4.66731     436    9
    20   3.12944   1.57358   3.17174    4109   21
    21   1.58442   1.55902   1.51803     719   11
    22   1.55912   1.48298   3.19906    1469   13
    23   6.20837   1.53486   1.62844     247    8
    24   3.11950   1.73726   4.73128    1546   16
    25   1.62138   1.44759   4.54575    1820   14
    26   3.76564   0.15228   0.92729     356    9
    27   3.09318   1.64749   3.01811     412    8
    28   1.56642   1.46069   1.48903    1226   17
    29   3.12050   1.56218   3.20512     686   10
    30   0.06867   1.61890   0.08733     725   12
    31   3.61807   0.05457   0.97351     583   11
    32   0.32301   3.06258   0.32267    2553   21
    33   6.24281   1.62146   4.74206    5591   29
    34   3.12057   1.69252   3.17532    2602   22
    35   3.03365   1.70085   4.70323    1849   21
    36   6.21865   1.41246   6.26738    2140   18
    37   3.02614   1.68909   1.60728     489   11
    38   4.75098   1.65034   0.03463    2729   15
    39   3.18025   1.54514   3.18167    3292   22
    40   3.00655   1.58171   3.02194     700   11
    41   4.56295   1.58181   0.11149     781   12
    42   6.25874   1.60046   6.20999    2429   21
    43   3.60598   0.12489   0.99145    2754   19
    44   1.49603   1.54100   0.01582    2344   19
    45   3.09318   1.64749   3.01811    4084   24
    46   4.55496   1.61540   3.13212     873    9
    47   6.20715   1.51329   1.68267     428    9
    48   6.00155   0.00485   0.32267     690   10
    49   1.41717   1.41854   1.48885    2972   21
    50   4.65211   1.67262   3.17778    3454   19
    51   3.11950   1.73726   4.73128     425    9
    52   1.23754   3.10337   4.46444     479   14
    53   0.19354   3.06755   1.72047    1076   13
    54   3.39897   0.13508   5.87561    1249   15
    55   6.13827   1.53610   3.13158    3574   19
    56   1.58070   1.58250   1.64689     466    9
    57   5.61998   0.11059   5.41455    2276   17
    58   4.61417   1.56306   0.04978     316    9
    59   6.21865   1.41246   6.26738     625   11
    60   4.59440   1.63277   1.63687    1029   13
    61   0.85810   3.07426   4.03802    1502   13
    62   3.92389   0.18985   3.86989    2270   16
    63   4.69526   1.65206   4.84203     617   12
    64   2.99594   1.60420   1.54099     856    9
    65   1.54340   1.56986   3.06146     544   10
    66   3.19724   1.54432   6.14891    1322   12
    67   4.76846   1.60624   4.77460     824   13
    68   1.57171   1.56133   6.17488     762    9
    69   3.12926   1.67835   6.17279    1224   14
    70   4.68711   1.62280   4.62559    1778   17
    71   4.67740   1.66474   4.73160    1883   21
    72   1.59681   1.53241   4.55116     995   13
    73   3.09318   1.64749   3.01811     607   11
    74   1.57002   1.49318   0.00341    1946   18
    75   6.21865   1.41246   6.26738     373    9
    76   1.41583   1.63655   4.76361    3801   19
    77   0.51856   3.08145   5.18935     817   14
    78   1.52931   1.61295   1.42201    2683   19
    79   1.47209   1.43990   0.02180    1240   12
    80   0.47202   3.04702   3.57995     611   12
    81   0.08557   3.03488   1.74684    1020   11
    82   4.01561   0.15960   0.71424    1825   16
    83   3.87866   0.03001   0.82098    1803   17
    84   6.21865   1.41246   6.26738    1125   14
    85   3.53758   0.12161   4.22530    1266   13
    86   3.11343   0.07084   6.15415    1362   16
    87   3.47613   0.16549   6.02975    1748   19
    88   5.25752   0.11585   4.04847     473   11
    89   6.24003   1.47552   1.72093    2613   21
    90   3.16228   1.65992   6.20616    4119   22
    91   4.71842   1.66787   1.56578    1480   16
    92   0.26232   2.99466   0.32274     663   12
    93   1.51200   1.48271   3.03152    1435   12
    94   1.40581   1.56307   6.23833    2181   18
    95   3.10256   1.60694   1.55653    1197   15
    96   1.16911   3.07148   5.95549    1730   15
    97   1.59681   1.53241   4.55116     649   10
    98   3.19776   1.56890   4.65426    3168   18
    99   3.12846   1.54058   4.67395    1226   16
   100   1.62383   1.58430   1.59209    1625   15
   101   3.82975   0.21772   5.53381     605   11
   102   5.89769   3.08168   2.80417    1038   16
   103   3.14023   1.72569   1.54646    2947   20
   104   6.15232   1.58728   0.10423    3576   19
   105   1.54019   1.62145   1.50897     760   12
   106   3.12245   1.60739   0.06345    1309   13
   107   3.06385   1.63041   0.05419    4456   23
   108   0.01106   1.60874   3.29401    1013   16
   109   0.40697   3.00646   5.24222     991   10
   110   2.55870   0.12376   5.29382    3092   19
   111   4.62906   0.13754   4.84415    1340   13
   112   1.46003   1.48580   6.17509    2105   17
   113   1.59681   1.53241   4.55116    1970   16
   114   4.45944   0.12160   1.71081    1002   14
   115   4.16105   0.11998   3.73668    3298   22
   116   0.06531   1.50802   3.15138    2081   16
   117   6.15811   1.53225   4.77987     631   13
   118   4.66659   1.49978   4.76551    1336   15
   119   4.68711   1.62280   4.62559     543   13
   120   4.66366   1.63134   3.25293    1463   19
   121   1.73886   3.08697   3.31366    3338   23
   122   3.01569   1.71599   6.23178     420    9
   123   6.27408   1.49909   0.05315    3027   22
   124   1.30340   0.06695   0.19629    1611   11
   125   4.65540   1.48881   1.72135     320    9
   126   1.88003   3.04118   3.48411     707   12
   127   3.00243   1.63499   1.53291     591   11
   128   3.27441   0.11544   3.02715     799   13
   129   3.61178   0.08681   2.56599     840   11
   130   4.21240   0.18564   3.50096     562   10
   131   6.21865   1.41246   6.26738     322    7
   132   1.50543   1.57937   1.42565     558   12
   133   0.01727   1.63692   1.71812    1174   14
   134   6.10331   1.48226   1.72646    1036   13
   135   1.51435   1.53951   1.61663    1850   16
   136   3.09036   1.73839   6.19990     330    9
   137   6.00155   0.00485   0.32267     800   10
   138   0.32929   3.11523   3.55514     455   10
   139   6.14437   1.44833   3.08138    2727   18
   140   6.21865   1.41246   6.26738     380    9
   141   1.58070   1.58250   1.64689    1037   11
   142   1.41121   1.54393   3.06006    1083   15
   143   3.01569   1.71599   6.23178     577   12
   144   1.63504   1.58581   3.02834    1241   11
   145   3.24789   0.11181   6.12039     839   14
   146   6.15232   1.58728   0.10423    1622   14
   147   4.84294   0.11878   6.22714     434    9
   148   4.73866   1.73799   1.66013     650   11
   149   0.57064   2.95649   2.15389     851   14
   150   4.56674   1.73776   6.23931    1095   11
   151   3.09318   1.64749   3.01811    1264   15
   152   2.49084   3.04878   1.00628    3675   23
   153   4.45021   0.05325   4.94188     790   11
   154   0.57064   2.95649   2.15389     342    9
   155   1.61745   1.57059   3.03737     444   10
   156   1.62512   1.42909   1.51812    1002   12
   157   1.44502   1.64175   1.52112     979   13
   158   0.00871   1.62348   4.73383    1842   16
   159   3.15176   1.53201   4.64403    5236   29
   160   4.73479   1.50085   3.06726    1600   15
   161   6.25787   1.49660   0.05602     658   15
   162   1.41595   1.52835   4.55636     865   12
   163   4.65008   1.58890   4.81670     883   14
   164   1.52138   1.46614   1.49990     377    8
   165   4.65463   1.56425   4.76912    1404   15
   166   0.32929   3.11523   3.55514     876   12
   167   3.09318   1.64749   3.01811     482    9
   168   1.51822   1.64478   1.44289    2028   15
   169   3.02623   1.62739   4.56368     612   12
   170   3.06108   0.07490   6.19519     780   13
   171   5.49113   3.04576   5.59079    4247   25
   172   3.10665   0.15711   4.61745     509   11
   173   1.61340   1.47954   0.07600     761   13
   174   2.96806   1.60507   3.02816    1687   12
   175   1.60939   3.08403   3.24772    3076   19
   176   4.84294   0.11878   6.22714     370    9
   177   1.95529   3.05255   5.07000    1194    9
   178   4.56782   1.68386   0.12872    3302   18