     1   0.00000   0.00000   0.00000       0    0
     2   1.02517   1.92572   4.77669    2151   20
     3   0.74804   0.32794   3.34339    1244   14
     4   0.60612   0.39057   1.97550     832   16
     5   0.59939   0.34792   3.50589    2178   21
     6   4.24557   1.25854   4.75378    1295   17
     7   4.11042   1.33241   4.78421    1123   16
     8   1.10617   1.82505   4.69540    1401   16
     9   5.60326   1.58663   6.01754    1503   13
    10   0.89588   2.01343   1.62652    1214   15
    11   4.24516   1.12975   1.53715    1205   15
    12   5.67134   1.63884   6.02009    1165   15
    13   0.90405   1.79299   6.22663    1101   14
    14   4.14627   1.24204   0.08123    1192   14
    15   2.50618   1.54637   0.21146    1622   16
    16   2.46652   1.47070   3.52381    1371   16
    17   4.07848   1.18771   4.75477    1251   15
    18   2.53917   1.63647   3.47944     663   11
    19   2.52749   1.56648   0.29359     981   12
    20   0.67573   0.27968   4.99856     778   14
    21   3.98412   2.72660   1.38424    1157   12
    22   5.75440   1.51191   2.85385    2166   19
    23   4.25522   2.90794   0.15327    1743   16
    24   0.96092   2.00583   4.67112    1408   16
    25   1.09808   1.94851   1.72764    1677   17
    26   1.15037   0.28467   1.40046    1170   15
    27   0.60612   0.39057   1.97550    1510   17
    28   3.95850   2.83491   1.49986    1318   16
    29   2.54181   1.53486   0.21594    1001   14
    30   2.49211   1.64524   0.42587    1375   13
    31   4.06143   2.70738   3.13699    1394   12
    32   2.65774   1.53316   0.42695    1430   16
    33   0.85049   1.96572   6.14802    1534   15
    34   4.14627   1.24204   0.08123    1343   16
    35   1.20380   0.21214   2.93502    1703   16
    36   1.13847   1.88611   0.17398    2406   21
    37   4.18712   1.29483   2.99478    1152   15
    38   2.52980   1.41361   0.33960    1398   18
    39   5.66229   1.62003   4.36770    1266   14
    40   2.44170   1.61041   5.11845    1462   16
    41   4.12259   1.23914   4.64496    1993   18
    42   4.14978   1.13893   3.12489    1672   18
    43   0.59359   0.24353   1.93724    1719   19
    44   3.94652   2.65844   4.51802    1771   15
    45   0.69611   0.33475   1.93515    1524   16
    46   0.83422   0.19850   1.70126    1493   14
    47   1.02045   1.83201   4.78534    1308   16
    48   0.74325   0.28385   0.34133    1353   18
    49   5.63917   1.65144   5.92025    1322   16
    50   3.85685   2.82458   6.12306    1436   16
    51   1.08311   0.42612   1.52418     722   11
    52   0.89461   1.82691   1.63941    1085   13
    53   3.66807   2.82943   1.11782    1201   13
    54   2.59440   1.51653   1.91083    1864   18
    55   5.74355   1.52728   2.72679    1843   18
    56   4.16567   1.22850   1.54767     767   12
    57   1.02720   1.94564   1.67361    1380   17
    58   0.97992   1.94335   1.57309    1603   16
    59   2.46972   1.46893   0.32830    1216   14
    60   2.61949   1.42975   1.85359     866   11
    61   0.94242   1.91115   4.61201     913   13
    62   5.69018   1.53222   5.91312     915   11
    63   2.55418   1.45735   0.37006    2368   20
    64   1.01371   0.28803   4.82535    1580   15
    65   4.35115   2.76039   0.27651    1641   15
    66   2.47609   1.54184   5.13512     700   12
    67   3.84835   2.78478   1.26947    1485   17
    68   4.08166   1.24904   0.05685     981   13
    69   1.18281   0.35552   1.42507    1495   14
    70   0.63954   0.40778   1.83713    1301   16
    71   0.85291   0.43519   4.73444     840   13
    72   5.66933   1.55117   6.00383    1674   20
    73   4.11694   2.79536   3.21599    1183   14
    74   2.63297   1.45561   3.58791     738   11
    75   0.92204   0.34511   0.08467    1128   15
    76   2.48416   1.51099   4.92792    1163   12
    77   5.64394   1.58724   5.92181    1642   16
    78   3.87578   2.76130   4.46883     639   12
    79   1.07163   2.01363   1.57743     727   14
    80   5.77781   1.60164   1.18821    1642   17
    81   2.48239   1.44188   1.85759    2027   19
    82   1.13089   1.90106   3.21312    1261   15
    83   5.64394   1.58724   5.92181     758   13
    84   1.20308   0.23364   5.97617    1943   17
    85   1.27594   0.39454   1.33004    1575   16
    86   4.06305   2.82235   1.42115    1108   16
    87   4.13378   1.33012   0.04440    1609   16
    88   0.91618   2.00641   4.83374    1110   13
    89   0.63496   0.32733   0.37133     665   12
    90   0.88638   0.36984   1.75256    1015   15
    91   3.59382   2.88231   1.14735    1824   16
    92   1.03711   1.79186   0.09805    1610   14
    93   0.75234   0.42905   1.73456     782   10
    94   0.60612   0.39057   1.97550    1131   13
    95   4.26260   2.70960   4.86323    1756   17
    96   0.94534   1.85019   4.84925    1064   12
    97   0.98244   1.94014   4.84324    1888   17
    98   4.16508   1.33337   3.18126    1150   14
    99   4.23622   1.33568   1.45450     961   14
   100   2.65632   1.62170   0.31615    1597   17
   101   0.82919   0.35328   1.76992     786   11
   102   0.88997   2.01337   1.68433    1273   16
   103   0.92205   1.76712   6.27250    1293   18
   104   1.18786   0.37943   4.55401     601   11
   105   4.18596   2.79985   1.48925    1470   15
   106   2.57229   1.39896   3.39354    1008   14
   107   4.16889   2.83340   1.70652    1955   16
   108   1.07961   1.78061   3.25595    1759   14
   109   4.09776   2.76181   3.15403    1234   14
   110   4.27496   1.28173   4.63342    1850   16
   111   5.82699   1.65912   4.41116    1033   12
   112   4.21897   1.14993   4.74407    1670   18
   113   4.10487   2.86849   6.14901    1763   15
   114   4.10960   2.76114   3.06634    2182   17
   115   0.69169   0.22196   3.41359     598   11
   116   4.27973   2.76053   3.36285     607   10
   117   4.15088   1.20996   4.70765     960   14
   118   4.25406   1.29781   1.50304    1921   18
   119   2.44655   1.48228   1.98545    1172   15
   120   1.15820   0.37710   1.39983     882   12
   121   0.66662   0.33570   0.24069     748   11
   122   4.34638   2.87428   3.45546    1497   17
   123   0.60612   0.39057   1.97550    1011   10
   124   2.65700   1.48280   1.88096    1492   18
   125   4.20287   1.26061   0.06380    1738   13
   126   5.68923   1.64937   1.10733    1575   17
   127   4.23665   1.18991   4.76929    2497   20
   128   1.02045   1.83201   4.78534    1155   12
   129   4.04363   1.17621   6.28151    1651   19
   130   4.02985   1.16240   4.70529    1057   14
   131   1.04973   2.02625   1.64612    1041   15
   132   5.82308   1.63461   1.19168    1402   11
   133   0.96061   1.81306   4.63705    1397   19
   134   2.58938   1.54762   5.11274    2025   18
   135   0.60612   0.39057   1.97550    1168   11
   136   3.79346   2.74370   2.84502    1454   16
   137   5.70991   1.71665   1.17220    1508   18
   138   1.16708   0.24587   4.53660    1456   16
   139   3.92394   2.87524   1.31383    1375   16
   140   4.14627   1.24204   0.08123    1446   18
   141   4.18330   2.81302   0.13798    2103   21
   142   1.06251   1.80517   3.09905    2226   22
   143   0.91082   1.98899   3.25223    1127   15
   144   5.72305   1.68005   5.93405    2421   18
   145   2.51349   1.62414   3.32469    1797   19
   146   5.79190   1.63916   4.51336    1048   13
   147   1.04238   0.31384   6.24919    1052   15
   148   1.15820   0.37710   1.39983     913   12
   149   4.11661   1.37219   3.11817     937   14
   150   0.00000   0.00000   0.00000    1158   13
   151   5.69120   1.66181   2.84134     717   12
   152   5.73947   1.57538   1.27393     994   10
   153   4.13312   1.20961   6.26530    1361   17
   154   4.24172   1.26235   3.11764     688   10
   155   0.88638   0.36984   1.75256    1714   18
   156   4.23622   1.33568   1.45450    1078   16
   157   1.27594   0.39454   1.33004     947   14
   158   1.07309   1.87341   4.78317    1577   17
   159   1.00863   1.92005   0.15338    1401   17
   160   4.04219   1.13308   6.18343    1310   16
   161   1.01766   1.83451   1.67431     961   13
   162   4.13308   1.33880   1.41192     925   12
   163   4.16281   1.16798   1.63706    1123   14
   164   0.94498   1.83280   4.79809    1532   15
   165   0.99619   1.94365   4.86722     785   10
   166   1.07961   1.78061   3.25595    1430   14
   167   4.21005   1.29412   3.12193    1407   14
   168   0.73959   0.44017   4.96934     959   10
   169   2.57242   1.46788   3.46325     991   11
   170   5.68814   1.55101   5.92299     775   13
   171   4.18242   1.24104   1.49401    1381   12
   172   5.65753   1.66523   1.31892    1325   13
   173   5.60239   1.50085   1.25715    1651   16
   174   3.85618   2.79705   6.05514    1389   15
   175   0.95704   0.39707   1.70897    1202   15
   176   5.77781   1.60164   1.18821    1063   13
   177   5.59516   1.55006   1.24821    1886   18
   178   4.08863   1.36011   4.65660     872   12
   179   2.61978   1.58300   2.00295    1190   13
   180   2.57791   1.54061   5.04439     796   14
   181   5.70728   1.69535   2.81662     764   12
   182   2.50510   1.48715   3.47620    1364   15
   183   0.91132   1.86248   4.71516    1167   15
   184   2.61448   1.43733   4.95708    2063   18
   185   2.68223   1.44861   4.97145     996   16
   186   1.07684   1.87830   6.22642    1428   14
   187   0.95612   1.75771   4.67098     959   14
   188   2.45217   1.50316   3.58388    1228   14
   189   2.50706   1.45272   1.92718    1453   17
   190   2.69549   1.51489   0.29168    1287   13
   191   2.67879   1.56621   5.10119     951   11
   192   5.70204   1.59513   4.26914    2638   22
   193   4.43431   2.89709   1.74457    1246   12
   194   1.10185   1.87387   1.57239    1368   18
   195   3.57476   2.82669   2.59014    1644   16
   196   2.66422   1.54921   1.87435     990   11
   197   0.95887   1.80522   0.01210     920   13
   198   2.53917   1.63647   3.47944    1146   14