     1   0.00000   0.00000   0.00000       0    0
     2   6.15797   1.68483   0.23101    7288   11
     3   2.72151   1.53886   4.45445   24274   19
     4   3.24721   2.16113   4.46761    4537    9
     5   5.00322   0.66043   0.42068    3484   12
     6   4.12200   1.64186   1.82518    4332   11
     7   4.37893   2.01627   6.21073    1076    8
     8   5.77430   1.22299   1.80034    4727   11
     9   4.23228   0.69575   1.34749    1590    9
    10   5.04905   0.90150   2.63042   20000   20
    11   2.61010   2.63245   5.40930    1473    7
    12   0.50675   1.66227   5.83686     363    4
    13   1.20075   2.35114   3.78836    5861   13
    14   3.41799   1.01032   3.72389    1820    9
    15   0.07202   2.62729   1.11225    2910   13
    16   1.08946   1.61199   4.57496    5124    5
    17   6.00793   2.91912   5.09835    3532   10
    18   2.91855   2.33235   4.44678    7182   12
    19   1.84183   1.54512   4.73606    2441    8
    20   3.09788   1.46182   2.98765    1747    9
    21   3.64171   2.18236   0.85133    6894   12
    22   2.69393   2.72980   5.38965   50331   19
    23   1.37443   0.78138   0.80570   10838   11
    24   4.61675   2.36057   2.30376    8091   10
    25   0.01241   0.42605   0.89861   12753   15
    26   4.42749   2.65690   2.05999   69476   21