     1   0.00000   0.00000   0.00000       0    0
     2   1.58752   1.71980   3.49167     924   12
     3   6.08955   1.71953   5.95250    2795   20
     4   1.57563   1.75940   3.42695     876   11
     5   4.67299   1.43802   2.96301     652   10
     6   1.49230   1.82371   0.21704     536    7
     7   1.41504   1.72933   0.17899    1047   11
     8   4.58755   1.31098   5.98099    1285   15
     9   0.37339   0.45979   1.07551     340    7
    10   6.23500   1.92231   2.89683     809   17
    11   3.04167   1.29764   3.46625    3037   19
    12   1.48284   1.83809   0.25770    1383   14
    13   4.73001   1.35430   2.91738     578   10
    14   6.24147   1.88772   4.49805    1330   13
    15   6.16162   1.94421   2.78864     835   12
    16   6.20998   1.87050   5.98652     551   12
    17   4.18017   2.79714   5.74325    2131   17
    18   6.12224   1.87622   4.33873    2808   21
    19   0.58325   0.42045   4.12646    1107   11
    20   6.20998   1.87050   5.98652     267    6
    21   4.64564   1.31950   5.88725    1230   11
    22   3.17804   1.30331   4.87280    1936   16
    23   3.02372   1.22450   3.32790    2840   20
    24   0.01239   1.75406   1.42359     459   10
    25   1.49734   1.70843   1.99474    1358   15
    26   1.62447   1.83368   3.40006    1669   16
    27   1.47562   1.82589   3.43188    3171   20
    28   6.09805   1.92405   4.45805     748   10
    29   1.53863   1.73126   0.40160    1863   17
    30   1.66791   1.70160   3.43393    1963   17
    31   0.01239   1.75406   1.42359    2478   19
    32   0.01603   1.81581   4.43561     998   12
    33   0.00232   1.88995   2.90481     781   12
    34   0.49625   0.36381   4.26290    1515   12
    35   1.55090   1.66378   1.95526     519    8
    36   4.18017   2.79714   5.74325    4440   22
    37   4.72325   1.26024   2.84424    2047   16
    38   0.40381   0.44587   2.65552     422    8
    39   4.66248   1.29948   2.93519     630   10
    40   4.59991   1.29706   2.81018     425   10
    41   2.93183   1.29884   0.34256    2668   15
    42   6.22365   1.78565   2.86247    1053   10
    43   3.58907   2.74173   5.17941     472   11
    44   0.76979   0.37999   2.35135     884   16
    45   4.65147   1.29444   1.39546    1878   19
    46   0.02221   1.87569   6.19452     886   10
    47   4.80114   1.39141   2.90712     498    9
    48   1.58437   1.73471   3.44476     665   11
    49   3.16620   1.27154   0.10380    1154   12
    50   0.68251   0.34731   5.48193    3557   23
    51   0.63860   0.25994   4.15990    1557   14
    52   0.41329   0.29411   2.77206    1298   15
    53   2.92741   1.26227   5.02659     664   11
    54   4.78522   1.30806   4.40755     812   10
    55   2.95247   1.31545   1.89635     351    8
    56   6.22365   1.78565   2.86247    1273   14
    57   6.20998   1.87050   5.98652     467   12
    58   1.59365   1.79488   3.33194    1336   19
    59   3.04821   1.37322   0.32524     719   14
    60   3.08667   1.37692   5.04444    1390   11
    61   6.21497   1.96766   1.43552    1589   17
    62   0.37660   0.37218   2.72804    4006   26
    63   6.17297   1.82114   1.33646    1837   18
    64   3.86395   2.88405   2.36778     564   11
    65   4.81767   1.31434   2.79378    1754   13
    66   6.22365   1.78565   2.86247     851   16
    67   3.65638   2.63148   2.20679    1039   13
    68   6.19171   1.75143   2.88724     326    8
    69   3.12284   1.33861   1.88690    3287   23
    70   4.72717   1.37362   2.83694    1389   14
    71   4.63780   1.32555   1.30952    1642   17
    72   3.69368   2.78735   3.66560    3206   22
    73   0.37339   0.45979   1.07551    1245   16
    74   4.77919   1.25249   1.32524     406   10
    75   1.67956   1.84999   1.98840     578    9
    76   1.58475   1.81120   0.42442    4011   20
    77   0.04131   1.93190   1.42367    2733   18
    78   3.05757   1.30930   1.87415     419   10
    79   4.58348   1.43319   4.36863    1931   14
    80   3.09775   1.17756   4.91487    1117   14
    81   1.68772   1.79235   2.01013     591   12
    82   4.81112   1.25910   2.74163    3022   19
    83   3.03552   1.36454   1.76803    1766   15
    84   3.03754   1.35318   3.38529    4842   25
    85   6.12271   1.83743   4.50959    1610   15
    86   2.95096   1.30259   0.30089    3105   20
    87   3.65828   2.81181   5.17834    1179   13
    88   4.77919   1.25249   1.32524     425    8
    89   6.11943   1.86112   2.89036     404    9
    90   3.49046   2.85079   3.55757    1462   15
    91   3.06579   1.23399   1.76690    3913   21
    92   4.77919   1.25249   1.32524     697   11
    93   4.58755   1.31098   5.98099     699   12
    94   0.34456   0.35441   2.84621    1253   14
    95   0.37339   0.45979   1.07551     671   13
    96   3.83434   2.81007   0.65667    2175   16
    97   3.57364   2.67124   0.58905    4616   24
    98   2.95608   1.21166   4.87462    2352   16
    99   1.66189   1.66480   4.96958     869   13
   100   1.56824   1.80754   5.02691     945   14
   101   3.00544   1.32432   0.27715    4738   23
   102   3.08004   1.32908   0.20413    2342   20
   103   2.99130   1.19569   1.82130     907   12
   104   0.54655   0.37397   0.88230    1528   16
   105   6.24147   1.88772   4.49805     536   11
   106   3.04821   1.37322   0.32524     724   12
   107   0.73959   0.32389   5.61001    1146   13
   108   0.01239   1.75406   1.42359    1084   12
   109   4.72827   1.37806   1.37578    3103   22
   110   3.73596   2.77681   2.10237    5069   25
   111   3.02026   1.27902   3.27272    1510   14
   112   0.32332   0.31409   1.07764     722   12
   113   2.98702   1.35850   0.13024    4726   23
   114   0.05244   1.86417   4.49121     697   14
   115   4.63732   1.24273   6.06629     715   11
   116   6.12203   1.96992   4.44996    1162   17
   117   3.76595   2.83419   5.26237     676   11
   118   4.58385   1.36384   4.32350    1336   15
   119   4.59991   1.29706   2.81018    3283   18
   120   4.77970   1.38712   2.76547     731   14
   121   0.67334   0.54693   2.48605    1304   11
   122   4.77919   1.25249   1.32524     472    6
   123   6.21355   1.95152   4.57785    1522   17
   124   3.13378   1.28167   1.78339    3297   24
   125   0.74657   0.31350   3.94214    1041   13
   126   6.27976   1.85339   2.99726     496   12
   127   6.24147   1.88772   4.49805     602   13
   128   1.46889   1.92275   1.86373    1238   16
   129   6.24147   1.88772   4.49805     360    9
   130   3.08565   1.17212   1.86963    2049   17
   131   0.73959   0.32389   5.61001     716   13
   132   3.05455   1.23628   5.07243    1685   14
   133   6.17297   1.82114   1.33646     297    9
   134   3.12351   1.27025   3.45536    4306   25
   135   6.23500   1.92231   2.89683    2209   19
   136   3.93105   2.71694   0.77433    2302   21
   137   1.67266   1.87378   1.86364     685   14
   138   3.09486   1.18797   3.32631     491   11
   139   1.54974   1.69662   5.01472    2682   19
   140   6.24147   1.88772   4.49805     241    8
   141   1.67266   1.87378   1.86364     453   14
   142   3.42898   2.69971   3.47177     503   12
   143   3.13691   1.18877   4.91352    2122   17
   144   3.87940   2.71757   5.43127     805   13
   145   3.57850   2.81419   5.22005    1721   12
   146   3.09450   1.22101   3.35164     576   14
   147   3.52943   2.68222   5.16802     638   10
   148   4.59991   1.29706   2.81018     605   12
   149   6.17800   1.87384   1.20717    2997   21
   150   4.64587   1.38064   4.35889    3292   18
   151   1.57062   1.85193   3.39343     396    9
   152   4.70972   1.25545   1.36450    3100   20
   153   0.55667   0.34525   2.56089     810   10
   154   0.76979   0.37999   2.35135     438    9
   155   1.45933   1.76218   0.35068    2245   16
   156   1.52925   1.71912   3.44215     703   11
   157   2.95096   1.30259   0.30089     432   10
   158   6.12203   1.96992   4.44996    1771   17
   159   4.58240   1.42886   2.77248     949   10
   160   1.45473   1.82847   3.52127    1802   15
   161   6.24826   1.82529   1.37421     772   10
   162   3.10441   1.15625   3.31451    1420   14
   163   6.22495   1.86805   5.98084    2731   21
   164   4.81925   1.28043   4.38633     536   12
   165   1.51301   1.74404   4.91362     864   13
   166   1.43645   1.69605   1.98616    1053   14
   167   4.61800   1.35743   5.92444     584   11
   168   2.93751   1.20202   3.35208    3435   23
   169   0.01239   1.75406   1.42359    2268   18
   170   6.24147   1.88772   4.49805     823   13
   171   4.69410   1.42868   1.16430    5100   20
   172   0.00392   1.92390   2.79444     562   11
   173   0.69810   0.37885   5.55112    2017   14