     1   0.00000   0.00000   0.00000       0    0
     2   5.04319   1.73023   2.89059    1518   14
     3   3.47900   2.99264   3.09223     725   12
     4   0.00000   0.00000   0.00000     725   12
     5   5.16549   1.66196   1.25055    5016   22
     6   3.63137   1.42918   6.25338    1195   10
     7   5.09292   1.66356   5.99006     541    7
     8   0.28264   1.71334   3.16374     880   13
     9   3.52334   1.40849   1.43501    3619   24
    10   3.46109   1.47133   1.40421    1158   16
    11   3.53728   1.35599   4.67719     776    9
    12   5.13936   1.57917   1.39829     611    9
    13   3.51597   2.91325   6.23551    2518   15
    14   1.95126   1.48492   3.37874     893   13
    15   0.32405   1.70881   1.58904     472    8
    16   3.55565   1.42145   4.61135     991   15
    17   5.17670   1.66049   1.29533     982   12
    18   2.47521   2.99011   0.54529     401    9
    19   0.41078   1.86623   1.64476     875   11
    20   4.99585   1.63527   3.03584    3328   20
    21   2.83720   2.99169   2.38416     919   16
    22   0.43190   1.77703   4.76590     834   13
    23   0.42539   1.80549   0.00370     913   13
    24   2.65958   2.88055   0.65092    1190   12
    25   3.45570   1.42918   4.67127    2389   18
    26   3.51058   1.38136   4.65469     868   12
    27   6.03872   0.30134   0.61417     464   12
    28   5.09252   1.57060   5.95124    1337   15
    29   0.01595   0.34436   5.12205    1234   12
    30   3.57693   1.48016   3.04854    3566   22
    31   3.66545   1.40324   4.59915     653   12
    32   2.92022   2.93299   0.97416     869    9
    33   3.51058   1.38136   4.65469     447   12
    34   3.41941   1.38594   6.23144     397    7
    35   5.98561   0.11320   0.77489     699   11
    36   6.24620   0.24479   3.60655    1352   17
    37   5.67144   0.16436   5.79694     264    8
    38   3.59758   1.33000   4.61243     856   13
    39   3.56799   1.28829   1.49931     550    9
    40   1.83990   1.63015   3.26517    1701   14
    41   0.43324   1.71547   1.59031     473    9
    42   3.54656   1.47645   3.11521    2994   17
    43   2.00506   1.54369   1.76461     417    9
    44   0.42494   1.71332   1.52564    1702   15
    45   3.46901   1.47018   1.38971     319    9
    46   2.01280   1.47915   0.22710    2530   15
    47   3.61400   1.30998   1.55143    1194   13
    48   5.14153   1.70258   2.84097     954   17
    49   3.51957   1.42152   6.08545    2922   19
    50   0.31351   1.64431   0.10775     532   10
    51   1.94603   1.50713   4.79918     506   10
    52   3.31516   2.90399   2.88750    4058   26
    53   1.92141   1.61267   0.16129     611   11
    54   0.37751   1.80860   3.28521     960   13
    55   1.84831   1.58433   3.34698    1194   16
    56   1.92162   1.46979   4.93686    2299   16
    57   5.13639   1.68207   6.14204    2295   20
    58   1.89284   1.59771   0.20581     812   13
    59   3.65303   1.37422   2.92994    1118   15
    60   3.50988   3.00089   1.61001     333    8
    61   0.50705   1.71192   0.07370     451   11
    62   3.42539   1.46742   3.04201     880   12
    63   3.54512   1.39906   1.61126    2335   17
    64   1.94664   1.60668   4.85751    2921   22
    65   3.53451   1.49101   6.21921    1356   21
    66   0.41078   1.86623   1.64476    4140   21
    67   3.42539   1.46742   3.04201     338   11
    68   5.03098   1.66741   1.47033     775   11
    69   3.66545   1.40324   4.59915    2650   23
    70   1.84831   1.58433   3.34698    1307   13
    71   1.95925   1.39392   1.84590     720    9
    72   2.83720   2.99169   2.38416     710   13
    73   5.06173   1.69797   6.02684    4506   24
    74   2.08199   1.42079   3.22583    2900   24
    75   0.40927   1.85447   4.72240    1765   18
    76   5.11754   1.76870   2.91500    2044   15
    77   5.09393   1.60851   4.62003     644   14
    78   3.51058   1.38136   4.65469     343    9
    79   6.14870   0.33055   3.68751     678   10
    80   3.57783   1.38444   6.22207    1437   16
    81   1.95440   1.60350   1.71470    1434   13
    82   1.84831   1.58433   3.34698     591   11
    83   3.65303   1.37422   2.92994     270    9
    84   5.10873   1.67697   4.44000    2930   19
    85   6.06095   0.35494   2.07519    2085   19
    86   1.93044   1.47089   1.81683    1606   17
    87   0.08914   0.28615   5.05237    1533   15
    88   3.50032   1.40902   3.18458    4263   25
    89   5.50370   0.20586   4.20714     770    9
    90   3.46645   1.29198   6.19498     350   10
    91   1.87646   1.50439   3.46769    1305   13
    92   5.06680   1.66293   1.32742     603    9
    93   2.01280   1.47915   0.22710     430   10
    94   0.41078   1.86623   1.64476    1250    9
    95   2.01280   1.47915   0.22710     451   12
    96   0.15010   0.25844   5.06889     799   14
    97   5.21241   1.65542   4.56522     783   14
    98   2.01280   1.47915   0.22710     380   10
    99   0.36062   0.29476   1.49292     402    7
   100   3.35813   3.01631   5.98807    1454   17
   101   6.21834   0.20305   0.34052     430   12
   102   3.40547   2.94481   6.17998    2184   18
   103   0.00755   0.19057   0.27680     836   13
   104   3.45630   1.36749   3.17634     611    9
   105   2.96417   2.81772   4.17280    4506   25
   106   0.38481   1.68509   3.22094    1532   16
   107   3.51058   1.38136   4.65469     572   10
   108   0.40158   1.70640   3.31369    3358   25
   109   5.17326   1.61743   2.87441    2696   24
   110   1.87027   1.59847   1.82112     628   12
   111   2.05254   1.43858   0.21253     605   11
   112   0.63480   0.09983   3.02645     508    9
   113   5.00285   1.68047   1.36919    2250   17
   114   5.76624   0.26773   2.37759     890   12
   115   0.36066   0.12267   4.77721     749   11
   116   1.84831   1.58433   3.34698     622   11
   117   2.86970   2.95095   4.02550     847   10
   118   3.58019   1.35516   1.51315    2225   18
   119   3.50783   1.31822   3.02985    1501   16
   120   5.05485   1.61457   4.53687    1169   12
   121   5.99816   0.27967   0.70913    1272   14
   122   0.32138   1.71183   3.22622     411    8
   123   0.43629   1.80721   4.76262    4299   25
   124   3.49236   1.41457   1.57152    2972   21
   125   3.44984   1.39138   3.03262    3077   22
   126   0.41078   1.86623   1.64476     403    7
   127   2.92867   3.02541   4.07788    1080   16
   128   3.13389   2.95440   2.78666     455   10
   129   0.35329   1.67727   0.10150    2043   20
   130   0.40158   1.70640   3.31369    3264   21
   131   0.39353   1.71362   4.72108    1974   15
   132   1.88660   1.43348   1.64325     754   13
   133   1.88660   1.43348   1.64325    1008   15
   134   1.98304   1.36461   0.15359     614   11
   135   3.51174   1.28616   1.59127     751   13
   136   5.00318   1.71442   6.20817     400    8
   137   3.53499   1.32923   4.52245    1270   13
   138   1.92431   1.46976   5.04439    2798   19
   139   0.49546   1.78941   4.76539    2384   18
   140   3.26382   3.05175   1.32174     335    8
   141   3.66981   1.24951   4.59183     976   11
   142   2.83720   2.99169   2.38416     458   11
   143   2.01609   1.44013   1.80747     318    8
   144   3.59929   2.88734   3.10749     366    9
   145   0.38732   1.79728   0.05368    3646   22
   146   3.38222   2.95042   1.43257    4192   23
   147   3.61400   1.30998   1.55143     332   12
   148   2.56903   2.95622   5.36055    2016   19
   149   0.51511   1.79705   4.71412    1833   13
   150   5.03098   1.66741   1.47033     253    6
   151   1.87717   1.43539   1.79178     608   11
   152   3.55043   1.46911   4.77116    1541   17
   153   2.07122   1.44635   1.68486    1899   15
   154   1.88660   1.43348   1.64325    2125   17
   155   0.10962   0.27881   0.34741    2166   20
   156   6.03338   0.36149   5.32961    1081   14
   157   3.68847   3.04153   3.22025     792   10
   158   5.10205   1.68600   4.60399    3907   19
   159   3.49129   1.46243   1.51861    3510   18
   160   0.45509   1.66992   0.06185    1725   17
   161   3.17316   2.79956   5.88325    2367   17
   162   2.01280   1.47915   0.22710    1426   13
   163   5.18345   1.80644   2.86622    1727   15
   164   1.88660   1.43348   1.64325     282    8
   165   2.00187   1.43734   1.77890    3362   21
   166   2.86970   2.95095   4.02550     907   11
   167   3.42539   1.46742   3.04201    1001   12
   168   0.36152   1.72480   3.20655    2294   20
   169   5.11798   1.68995   5.99380     663   10
   170   2.83720   2.99169   2.38416     782   13
   171   3.13464   2.96717   2.72294    1251   14
   172   1.84831   1.58433   3.34698    2258   16
   173   1.87205   1.48974   3.39219    1781   14
   174   1.93402   1.62583   3.30380    1734   16
   175   3.52325   1.45492   4.76704    3731   21
   176   1.99107   1.44627   1.75511    1286   14
   177   6.05646   0.34026   5.20494    1525   12
   178   2.01025   1.44625   4.81444    1187   15
   179   3.52903   1.28441   4.71625     832   12
   180   5.10360   1.56082   4.48393     305    8
   181   2.05792   1.55983   3.42186     257    8
   182   0.31358   1.78381   4.77375    3621   21