     1   0.00000   0.00000   0.00000       0    0
     2   1.01217   0.21720   4.17833     481   11
     3   2.02886   1.47272   0.14478     724   13
     4   3.66458   1.41557   4.66698    1323   14
     5   6.16550   0.18819   2.15655    4491   20
     6   0.58145   1.81317   3.10595    1227   13
     7   4.83208   3.09707   1.03422    1307   14
     8   4.15186   2.89530   0.45507    3425   20
     9   0.55082   1.63461   6.22753     373   11
    10   5.27521   1.54281   1.38778     770   13
    11   3.60082   1.40945   4.82845     698   11
    12   3.79961   1.52833   0.09076    1252    9
    13   5.15814   1.56641   3.04880     984   12
    14   3.72508   1.40136   3.24405     546   10
    15   3.59618   1.40256   1.63242     845   10
    16   3.72761   1.31972   4.73214    2135   19
    17   3.71960   1.35834   4.65215     855   10
    18   3.04379   2.90385   4.09138    3041   22
    19   0.69747   0.06344   3.02337     626   11
    20   2.86431   2.98813   3.88756     400    7
    21   1.68765   0.13498   0.52567     392    9
    22   3.64816   2.89232   4.63731     516   11
    23   2.02886   1.47272   0.14478     990   11
    24   5.35270   1.59486   4.48822    2582   19
    25   0.63857   1.76701   1.49619     323    9
    26   2.20299   1.52215   3.22487    1025   13
    27   2.13905   1.48271   1.77211    1520   13
    28   0.80721   0.13740   1.42516    1098   15
    29   0.52361   1.72741   1.50519     434   10
    30   2.10349   1.63508   1.68475    2964   20
    31   5.28743   1.54849   1.54921     840   13
    32   3.66458   1.41557   4.66698     448   11
    33   2.47937   3.05226   0.31818     651   12
    34   2.91404   3.05338   0.87992    2546   16
    35   0.57665   1.69034   1.48005     917   16
    36   2.02886   1.47272   0.14478     474   11
    37   5.34501   1.61280   4.56481    1085   14
    38   3.70341   1.38706   0.10096    1100   14
    39   3.71123   1.45989   3.13147     999   15
    40   5.26141   1.47787   4.66637    4859   21
    41   2.02958   1.66473   1.75645    1286   13
    42   3.59618   1.40256   1.63242     693   13
    43   3.96872   3.01197   1.90854     944   13
    44   5.15318   1.59350   3.07397    2196   21
    45   0.92537   0.23325   2.76255    2540   21
    46   3.58388   1.49186   4.78948     365    8
    47   2.20299   1.52215   3.22487    1430   15
    48   3.57701   2.88795   4.61927    2121   18
    49   3.57979   1.40532   4.76988    1382   13
    50   3.59618   1.40256   1.63242     466    9
    51   5.34568   1.54553   4.56960     797   16
    52   3.76611   1.42917   6.16842    2686   19
    53   0.03839   0.16804   0.65286     986   14
    54   2.17665   1.49987   4.94680     694   10
    55   4.03543   3.00438   3.49861     823   10
    56   5.24624   1.54822   6.11232     799   12
    57   3.68434   1.40345   1.46528    1363   15
    58   2.09662   1.56858   0.20343     408   11
    59   3.83269   2.90184   1.72893     722   12
    60   2.04409   1.54300   3.25055    1994   18
    61   2.15668   1.61456   1.73727     359    9
    62   4.14748   2.94261   0.41560    1304   15
    63   3.78488   1.44374   1.58112    1596   13
    64   0.48929   1.62768   2.98538    2480   15
    65   4.41582   2.93838   0.69351    2061   14
    66   0.29610   0.21078   0.17584    2378   21
    67   3.63815   1.42845   6.25520    4163   25
    68   5.56822   0.08257   2.84002    1115   14
    69   3.58277   1.48863   6.23723    4359   25
    70   2.15668   1.61456   1.73727     841   12
    71   3.81314   2.93088   1.65474    1131   14
    72   0.96787   0.20374   2.70064     751   10
    73   2.15811   1.58175   0.17374    2390   14
    74   2.10111   1.54899   4.73985    1523   17
    75   5.20869   1.57066   2.91180    1255   14
    76   5.29199   1.57881   1.32270    1760   14
    77   2.13162   1.52276   4.84530     545   12
    78   3.86599   2.96832   0.13736     328    9
    79   5.56822   0.08257   2.84002     624    9
    80   3.75991   1.32580   3.13176    1233   15
    81   3.80765   1.49137   0.06524     357    7
    82   4.49613   2.96948   3.96164     732   12
    83   3.65189   3.04475   6.27897    1799   18
    84   3.67102   2.88580   4.68369     556    8
    85   5.31703   1.53427   6.21986     741   10
    86   2.26106   1.59829   0.04782    1485   14
    87   0.00000   0.00000   0.00000     792   12
    88   2.10264   1.56712   1.76781     482   11
    89   5.35756   1.49108   1.33843     343   12
    90   3.74703   1.36547   6.22390    4609   21
    91   0.48115   1.66462   4.76634     447    9
    92   0.67253   1.82874   3.10737     457   10
    93   5.18483   1.56660   1.43807    2633   15
    94   6.25950   0.06983   5.22231    1830   20
    95   5.28787   1.58733   3.11549     747   11
    96   3.23235   2.95398   0.97563    1109   17
    97   0.08807   0.20923   0.56707    1052   15
    98   3.71641   1.46187   0.08146    1811   18
    99   2.05300   1.42901   4.93655    1220   14
   100   4.41582   2.93838   0.69351     504   13
   101   3.79590   3.04433   1.73690     333    8
   102   0.66620   1.70478   4.70123     989   11
   103   3.69825   1.37674   4.75176    1013   13
   104   3.82102   1.45767   6.22840     907   12
   105   3.61524   1.41897   6.27953     881   15
   106   5.16935   1.56269   6.28071    2502   16
   107   4.00231   2.88945   4.97590     515    8
   108   3.59618   1.40256   1.63242     563   12
   109   3.63815   1.42845   6.25520     487   11
   110   3.23235   2.95398   0.97563     784   13
   111   3.89137   2.96659   1.71913     615   10
   112   0.52473   1.75704   4.76899     970   11
   113   4.15186   2.89530   0.45507     466   10
   114   0.24102   0.18933   3.41526    1873   16
   115   2.14093   1.46857   3.23570     801   10
   116   5.19762   1.56356   6.13471     859   12
   117   3.63858   1.52807   0.08851    2626   20
   118   5.18342   1.61583   3.10876    2796   21
   119   5.22195   1.58277   1.49636     750   12
   120   0.59527   0.12213   1.65552    1482   16
   121   3.71137   1.28225   3.22912     669   13
   122   4.03543   3.00438   3.49861    2906   19
   123   2.12442   1.64182   3.23201     498   11
   124   5.23516   1.49135   4.57476    4832   26
   125   0.68484   1.80401   4.68390    1011   12
   126   2.07437   1.58984   0.09263    1791   14
   127   2.19470   1.56387   0.20555     343    9
   128   0.54192   1.78473   1.56163     802   12
   129   0.43526   1.62213   4.67599     552    8
   130   2.86431   2.98813   3.88756    1849   16
   131   3.67057   1.35548   6.23974    3732   25
   132   0.48488   1.61090   4.71366    3817   19
   133   3.37452   3.11273   2.81249    1398   15
   134   2.13888   1.65971   0.09072     624   12
   135   5.98772   0.13781   2.40347    1285   12
   136   3.59618   1.40256   1.63242     791   12
   137   6.25950   0.06983   5.22231     462    9
   138   3.74575   1.47416   0.03560     361    9
   139   5.28287   1.68277   3.01913    1857   17
   140   0.57601   1.68685   3.08025     731   12
   141   2.09770   1.49149   0.08872     436   11
   142   5.35840   1.67325   1.44600    4179   27
   143   3.64176   1.49474   0.05186     425   11
   144   6.25950   0.06983   5.22231     931   13
   145   0.57288   1.56575   1.64395     664   11
   146   3.43463   2.95333   4.53390     630   10
   147   0.46680   1.69093   1.63926     875   10
   148   3.62336   1.51990   1.59336     438   11
   149   5.27956   1.63551   6.04832     867   12
   150   3.60590   3.00083   6.22594     583   13
   151   3.98113   2.95998   5.03988    4332   23
   152   5.31837   1.65187   1.57536    2401   20
   153   2.15668   1.61456   1.73727     878   17
   154   0.57165   1.78125   4.62860     353    9
   155   2.24710   1.60013   4.86667    2580   18
   156   0.57288   1.56575   1.64395     472    9
   157   0.68756   1.86495   6.20761    1567   13
   158   2.24700   1.43210   1.71701     381   10
   159   2.16618   1.57994   0.09687    2281   21
   160   1.35744   0.09818   4.00342    1627   14
   161   2.14719   1.54352   0.13569    2129   20
   162   2.24417   3.05660   4.86524     404   10
   163   0.52179   1.62485   4.67309    1548   13
   164   3.60383   1.44017   4.77118    3458   19
   165   0.58776   1.73444   6.28268     841   13
   166   2.21454   1.50808   1.74285    1799   18
   167   0.25473   0.20456   1.86050    3571   23
   168   5.19090   1.56357   1.51836    2913   20
   169   1.26450   0.09161   2.39036    5077   29
   170   2.11570   1.48286   0.01373     517   11
   171   2.13162   1.52276   4.84530    2689   20
   172   0.63258   1.75409   6.16686    2084   18
   173   5.24022   1.54793   3.00466    3457   21
   174   0.48405   1.67896   1.51651    2847   19
   175   0.47054   0.19875   3.21920    5124   27
   176   0.50048   1.69262   0.03755    1533   17
   177   3.59618   1.40256   1.63242    1144   12
   178   2.01399   1.60463   3.25653    1194   13
   179   2.20217   1.63865   1.68227     644   12
   180   5.56822   0.08257   2.84002     505    9
   181   3.59618   1.40256   1.63242     351   10
   182   5.15747   1.65538   3.00690    2371   18
   183   3.71868   1.47443   4.73570     584   10
   184   3.67529   1.47612   3.25978    4074   24