     1   0.00000   0.00000   0.00000       0    0
     2   6.11189   2.04027   4.22262    1454   14
     3   6.02647   2.08174   4.26445    1540   15
     4   4.86381   1.10827   2.39317    1882   19
     5   3.60636   2.45442   0.48859     966   12
     6   2.90212   0.99301   5.31508    1575   17
     7   6.06696   2.13094   5.84925    2185   17
     8   0.56304   0.85737   5.54158    1848   21
     9   3.81768   2.44413   2.40807     882   14
    10   0.35635   0.62797   2.60664    1068   13
    11   0.51196   0.75294   5.64996     911   10
    12   2.92885   1.02455   5.15587    1826   17
    13   2.99366   1.02484   0.49683     878   13
    14   3.50469   2.37638   3.66531     985   14
    15   2.95961   0.99607   0.39378    1205   19
    16   1.74283   1.94727   3.63087    1268   15
    17   0.56326   0.75674   2.46133     617   10
    18   2.99590   1.10551   3.57409    1266   17
    19   1.73921   1.82614   0.61820    1200   15
    20   4.82472   1.28617   4.05062     885   13
    21   0.58834   0.74391   2.47553     923   14
    22   6.05574   2.09581   2.54758    1384   14
    23   4.82701   1.17342   2.67242    1841   19
    24   1.78377   1.90977   3.83902    1508   16
    25   3.80598   2.53997   3.91142    1107   14
    26   2.90405   1.11325   3.59043    1643   16
    27   1.59946   1.93758   2.09851    2336   20
    28   6.08384   2.06715   5.90405    1205   15
    29   0.63209   0.63438   5.70687    1399   16
    30   5.99900   2.12660   2.69371    1399   13
    31   3.80598   2.53997   3.91142    1219   13
    32   4.74681   1.18443   5.73946     866   11
    33   1.72011   2.01932   5.35231    1094   14
    34   3.66476   2.45220   5.41250    1882   16
    35   3.59480   2.43969   3.64574    1368   15
    36   1.71513   1.99179   3.83896    1324   15
    37   4.67328   1.11671   2.63190    1684   15
    38   0.34718   0.74757   5.88866    1922   20
    39   0.36255   0.72313   5.88209    1086   15
    40   4.74681   1.18443   5.73946     902   11
    41   4.69045   1.29048   4.04449    1286   14
    42   2.88964   0.96604   2.09685    1201   13
    43   1.64138   1.96157   3.78231    2137   20
    44   6.04110   2.11168   5.79653    1577   19
    45   3.72819   2.54532   5.30064    2169   19
    46   6.01900   2.08862   2.71236    1723   18
    47   4.73478   1.15366   5.81066    1164   16
    48   3.13001   0.99391   1.86276    1043   12
    49   3.64954   2.43964   2.18786    1318   14
    50   2.89212   1.06430   0.49786     615   13
    51   0.67840   0.65612   5.54170    1763   16
    52   3.74394   2.57834   5.46382    1681   19
    53   3.56622   2.37328   0.58674    1587   18
    54   0.57017   0.59316   1.01279     882   13
    55   4.84556   1.19383   5.64327     968   10
    56   1.49873   1.95253   5.13944     960   13
    57   4.84576   1.25629   5.62859    1369   17
    58   0.56075   0.72593   5.80029    1472   20
    59   0.64816   0.83182   2.54178     876   14
    60   3.08891   1.04029   1.85399    1978   16
    61   2.91268   0.99017   0.36012     824   13
    62   3.65665   2.51420   2.08098    1370   18
    63   6.15725   2.10191   4.23220    1663   18
    64   0.49940   0.74894   2.72949    1159   14
    65   1.51909   1.93147   2.04348    1159   15
    66   0.75290   0.75398   2.41836     862   13
    67   0.52230   0.72746   2.54142     806   11
    68   6.21611   2.05049   4.20138     818   12
    69   6.04633   2.09255   5.78911    1279   15
    70   3.04884   0.90555   5.06757    1335   16
    71   6.11546   2.10138   5.74985    2246   16
    72   4.88809   1.17336   2.44253     762   12
    73   1.64138   1.96157   3.78231    1421   14
    74   1.66899   1.97511   0.58759    1090   14
    75   0.75637   0.66441   0.77003    1973   17
    76   3.75123   2.34194   5.37066    1595   18
    77   3.50538   2.40692   2.06215    1505   17
    78   1.52885   1.97992   2.12868    1423   16
    79   1.61723   1.94034   0.44918     951   13
    80   3.73618   2.45473   3.76079    1478   18
    81   2.91268   0.99017   0.36012     886   11
    82   3.08533   1.14145   0.34044    1385   13
    83   1.61495   2.02106   0.57335    1007   13
    84   6.15725   2.10191   4.23220     801   11
    85   1.58916   1.98591   3.80765    2243   16
    86   0.50107   0.60003   5.69750    1037   12
    87   2.87412   1.03159   0.37048    1355   14
    88   6.09560   2.07408   2.70452    1118   15
    89   3.08742   0.92837   0.40042    2070   20
    90   6.04693   2.11203   2.71639    1203   12
    91   3.63178   2.42065   5.22054    1559   16
    92   1.71755   1.99034   0.57063    1734   16
    93   3.88352   2.37777   2.27179     717   11
    94   2.85614   0.98443   0.50987    2259   21
    95   0.59568   0.67005   2.56471    1181   17
    96   3.00640   1.06773   3.70003     960   12
    97   3.68585   2.34240   0.61399    1217   15
    98   1.66047   2.05180   5.19535    1236   15
    99   6.07298   1.98619   2.56647    1052   15
   100   0.68413   0.71303   5.43872    2226   16
   101   1.53546   1.91801   5.35221     959   14
   102   6.08739   2.06798   4.29963    1156   14
   103   4.66555   1.25863   4.10822    1857   19
   104   4.74681   1.18443   5.73946    1456   16
   105   6.16191   2.13886   4.38226    1146   13
   106   0.45347   0.64361   1.01785    1953   20
   107   3.02719   1.00612   3.48818    1398   12
   108   2.95719   1.16838   0.54821     887   11
   109   3.05566   0.98145   0.49698    1992   19
   110   1.53133   1.91650   5.26316    1187   13
   111   3.68178   2.43024   5.31162     661   13
   112   2.97109   1.14289   5.03502    1257   14
   113   3.03287   1.07479   3.61022    1277   12
   114   6.02231   2.17468   1.02069    1035   14
   115   0.40155   0.75311   4.13321    1038   15
   116   3.68178   2.43024   5.31162     536   10
   117   4.76628   1.23501   1.01916    1520   15
   118   4.85654   1.08224   5.65572    1035   12
   119   2.83480   1.08839   0.55528    1563   14
   120   1.64128   2.00130   0.62323    1308   14
   121   6.10349   2.05305   1.18961    2116   21
   122   1.69557   1.86759   2.11820    1326   14
   123   4.80637   1.08328   2.59821    1267   16
   124   4.70136   1.08048   5.73847    1279   17
   125   4.73481   1.16479   4.22223    1591   16
   126   0.53575   0.84626   4.01746    2052   21
   127   4.76238   1.26417   5.80392    1225   11
   128   0.53921   0.75891   5.69478    1235   12
   129   1.63819   2.07359   0.73121     761   11
   130   6.12061   2.00386   5.82108    1629   17
   131   2.91268   0.99017   0.36012     797   10
   132   4.75766   1.14515   0.99429    2098   16
   133   6.09951   2.00074   2.60366    1099   15
   134   6.21727   2.08026   2.71962    1513   16
   135   2.99663   1.15838   3.67191    1327   14
   136   3.03594   0.89540   3.59499    1197   12
   137   0.53753   0.67563   5.61599    1447   13
   138   4.82941   1.14035   4.02118    1229   17
   139   0.55790   0.52523   2.55518    1371   17
   140   3.80457   2.35528   5.43992    1506   16
   141   4.80182   1.27882   5.74470     802   10
   142   4.86381   1.10827   2.39317     760   12
   143   0.51701   0.70853   5.74452    1730   14
   144   2.91347   0.93478   3.73724    1428   15
   145   1.66177   2.02611   2.29726    1210   13
   146   4.74755   1.17381   5.66572    1134   14
   147   4.92619   1.14157   0.87955    1285   16
   148   2.86255   1.05519   0.47612     904   14
   149   1.56581   1.91490   5.17510     985   12
   150   6.13647   2.02578   2.66275    1207   14
   151   1.69688   2.02792   3.80071    1640   17
   152   4.85979   1.20559   4.20569    2005   19
   153   2.99175   0.92902   0.36019    1608   14
   154   6.20873   2.02342   4.22629    1211   15
   155   4.89421   1.17314   5.73472    1785   15
   156   1.68299   1.89695   0.55502    1176   16
   157   1.72011   2.01932   5.35231    1410   14
   158   2.85759   1.05630   1.96343    1882   18
   159   0.61840   0.70304   5.67404    1479   17
   160   4.67616   1.06608   5.83970    1263   14
   161   1.60399   1.89084   5.30289    1826   15
   162   2.91238   0.94865   5.32999    1163   12
   163   1.65219   1.86641   5.30895    1128   12
   164   3.75658   2.39021   5.40596    1272   11
   165   5.95670   2.14650   4.18155    2063   16
   166   0.55790   0.52523   2.55518    1187   14
   167   0.54984   0.52291   5.67153     982   14
   168   6.14278   2.24296   1.04013    1405   14
   169   1.75384   1.95727   3.80766    1430   13
   170   6.20873   2.02342   4.22629    1287   13
   171   1.58091   1.95326   5.19572    1646   16
   172   6.19310   2.22077   5.92544    2747   21
   173   0.75147   0.72239   5.60115    1535   15
   174   4.67555   1.06724   4.24721    2119   21
   175   1.72011   2.01932   5.35231    1640   16
   176   4.90027   1.13702   4.11354    1165   13
   177   3.53219   2.40770   5.12073    1818   12
   178   4.81769   1.20096   4.14754    1117   16
   179   4.79767   1.13179   0.86291    1700   18
   180   0.50180   0.75824   5.70141    1623   13
   181   3.68178   2.43024   5.31162    1023   13
   182   6.11087   2.09699   2.80919     844   12
   183   3.67719   2.35926   2.07479    1460   15
   184   1.49945   1.88050   0.68080    1644   15
   185   1.72094   2.05553   5.37343     973   13
   186   1.76869   2.04066   3.75800    1660   14
   187   6.08634   2.12403   5.93995    1115   14
   188   3.78619   2.58156   5.40737    1906   18
   189   6.21611   2.05049   4.20138    1530   18
   190   3.84626   2.52176   2.26290    2022   14
   191   2.91151   1.08301   1.91668     984   11
   192   0.56326   0.75674   2.46133    1268   13
   193   0.50012   0.69157   1.06229    1405   12