     1   0.00000   0.00000   0.00000       0    0
     2   2.56143   1.21478   5.14037    1850   16
     3   1.06557   1.89621   1.89906    2220   15
     4   4.33849   1.31555   2.88096    1612   11
     5   3.32363   2.75498   2.19317    1187   11
     6   3.42720   2.71206   2.41561    1450   17
     7   3.48172   2.61026   5.60473     595    8
     8   3.31131   2.83872   3.78864    4469   23
     9   4.35252   1.24406   1.12991    1959   15
    10   4.18362   1.26872   1.28263    1519   15
    11   0.09380   0.39701   2.68853    1087   12
    12   6.16828   0.49091   4.24440    5251   22
    13   3.33691   2.74422   2.14165    2732   17
    14   3.48172   2.61026   5.60473    2331   14
    15   4.19282   1.20981   4.39327    1977   15
    16   2.51742   1.25392   0.42175    5647   25
    17   0.10412   0.37859   5.79964    2412   18
    18   0.28659   0.56158   2.26616     573   10
    19   2.59416   1.27037   5.01775     987   11
    20   4.26228   1.16232   5.97397     402    9
    21   1.26874   1.81201   0.46060    4478   23
    22   5.75159   1.81958   5.92813    2369   16
    23   4.34848   1.35548   4.45083    5118   25
    24   0.09380   0.39701   2.68853     918   14
    25   2.71388   1.21089   3.32630    2435   19
    26   4.20317   1.15087   4.34268     631    9
    27   0.40595   0.50724   3.77618     698   10
    28   1.16640   1.82225   1.85143    1375   12
    29   0.27386   0.47354   2.25698     957   13
    30   4.21635   1.32556   2.90204     571    9
    31   0.43765   0.53960   2.23414     264    6
    32   0.10077   0.50072   4.19577     645   11
    33   4.37235   1.19464   4.32837    2576   18
    34   5.72357   1.97520   2.70299    2333   18
    35   1.25755   1.86935   0.39042     323    9
    36   2.60224   1.28098   3.57747    1564   16
    37   1.16640   1.82225   1.85143     298    7
    38   1.18132   1.91420   3.58891    2631   17
    39   4.25442   1.21745   2.70754     571   10
    40   3.32363   2.75498   2.19317     761   11
    41   1.16640   1.82225   1.85143     507   11
    42   1.16298   1.88183   0.23630     445   10
    43   1.16640   1.82225   1.85143     634   11
    44   3.33958   2.84805   5.39718     720   11
    45   2.70984   1.18682   3.46849    1611   14
    46   5.67956   1.91619   4.32904    1002   15
    47   1.23397   1.80343   5.04569    3575   21
    48   1.23103   1.76151   5.09888     632    9
    49   1.01502   1.88197   1.78987     550   10
    50   3.20451   2.73008   3.61281    2014   17
    51   5.67831   1.91285   2.92234    1564   15
    52   2.55060   1.20310   3.51485    1096   12
    53   4.30386   1.12793   1.13520     656    9
    54   1.23323   1.85665   0.25386    1201   12
    55   4.23990   1.32493   4.32493    1400   13
    56   5.78576   1.97842   2.72517     519   10
    57   1.21967   1.80652   5.04874     444    8
    58   1.21853   1.81583   3.46349     840   15
    59   3.55329   2.58854   2.48118    1268   11
    60   0.35184   0.47522   5.33354    3811   26
    61   1.25515   1.76685   3.57397     720   11
    62   0.08945   0.28354   4.03165    2067   20
    63   5.71165   1.96590   1.20297    4278   20
    64   0.02692   0.37107   4.18184    4567   25
    65   0.43790   0.33023   0.66990    1694   16
    66   4.38590   1.22458   1.33226     476    9
    67   5.65457   1.84951   5.87524     949   12
    68   5.70352   1.90184   2.76716     914   13
    69   2.47013   1.22943   1.92524     809   12
    70   5.77604   1.99671   2.79165    1948   17
    71   0.28659   0.56158   2.26616    2973   21
    72   1.23103   1.76151   5.09888    3796   23
    73   0.29669   0.36982   4.00759    4650   32
    74   3.34379   2.61664   3.88252     569   11
    75   4.25588   1.29719   1.14102     663   12
    76   4.29995   1.33275   1.28667    1002   11
    77   0.19115   0.37098   0.93181     571   10
    78   3.25289   2.62981   5.38100    3977   18
    79   3.32363   2.75498   2.19317     765   14
    80   4.27262   1.17069   1.25990    4849   22
    81   4.33801   1.31609   4.49295    4588   20
    82   3.46388   2.66712   5.47242    4753   23
    83   3.33518   2.60362   0.56987     972   10
    84   0.24341   0.34261   5.62300    1354   12
    85   1.01756   1.88402   1.97749    1372   11
    86   0.23664   0.53657   2.53304     995   14
    87   2.62209   1.37168   4.97575    3056   21
    88   1.17820   1.87414   3.47730     588    8
    89   4.23929   1.30097   2.92103    2601   15
    90   3.55700   2.65442   0.78477    1135   12
    91   3.32363   2.75498   2.19317     361    9
    92   5.89157   1.80034   1.36118    1416   10
    93   4.15549   1.23588   6.04673    3148   20
    94   2.59776   1.18626   4.97173    1141    9
    95   3.32363   2.75498   2.19317    1459   16
    96   4.24301   1.38119   4.40437     525   12
    97   5.63877   1.89414   4.40264    1300   14
    98   1.03458   1.97017   5.13546    1515   16
    99   1.25515   1.76685   3.57397    1189   12
   100   4.33708   1.39240   5.90668    1849   17
   101   1.24481   1.76095   1.96997     625   13
   102   1.17675   1.89420   3.46472    2795   19
   103   5.73965   1.86947   1.20541    6003   28
   104   3.38982   2.70873   5.35416     445   10
   105   5.73881   1.96154   1.34483    1083   14
   106   1.28236   1.95545   5.17991     621   10
   107   3.50156   2.70946   0.81063    1462   10
   108   1.16561   1.75301   1.91842    5817   27
   109   3.23427   2.76694   0.46535     894   12
   110   1.18056   1.86148   2.03856    3295   21
   111   5.76981   1.91424   1.26306     653   11
   112   3.50121   2.73230   0.88097     425   11
   113   3.48172   2.61026   5.60473     632   11
   114   5.62701   1.83998   4.26187     449   10
   115   5.64878   1.88943   5.92386     846   10
   116   4.29522   1.37077   5.96435     384    8
   117   2.57399   1.31718   1.85672     492    8
   118   0.42127   0.32213   0.75972    3242   20
   119   0.43618   0.37332   5.47692     851   14
   120   3.48172   2.61026   5.60473     671   10
   121   0.49232   0.52202   3.76972     363    8
   122   3.33958   2.84805   5.39718     399    8
   123   3.49441   2.59301   5.49832    1849   15
   124   4.34454   1.17122   1.14007    2352   15
   125   5.72937   1.85226   5.92300    1566   11
   126   0.28659   0.56158   2.26616     751   11
   127   0.08061   0.50110   1.03370    3554   23
   128   1.08265   1.90503   0.34542    2434   17
   129   4.19867   1.16430   4.39097    1765   16
   130   2.60499   1.38578   1.94432    1993   13
   131   4.30386   1.12793   1.13520    1282   14
   132   1.16640   1.82225   1.85143     402    8
   133   3.46477   2.57297   5.41514    1015   15
   134   5.71773   1.94507   4.42719     383    8
   135   4.26209   1.24727   4.37601    2548   18
   136   0.09380   0.39701   2.68853     964   14
   137   0.23390   0.57378   2.35342     274    6
   138   0.55808   0.47777   3.72704     780   11
   139   5.71084   1.94449   2.71914     909   14
   140   6.27915   0.36707   2.56654    1111   16
   141   5.82479   1.98288   1.22806     519    9
   142   4.35726   1.30271   4.31439    2617   15
   143   0.27386   0.47354   2.25698     518    9
   144   3.36693   2.63744   0.68012     731   15
   145   4.31965   1.18125   2.79288     705   13
   146   4.38501   1.37295   5.97820     584   11
   147   0.30802   0.52656   2.31359     601   11
   148   3.55329   2.58854   2.48118     861   12
   149   1.16374   1.79974   0.37426     457    8
   150   5.74186   1.95940   2.76200    4151   24
   151   2.55351   1.19188   3.48125    2126   16
   152   5.77398   1.82477   2.71920     458   10
   153   4.31280   1.34944   1.28090     369    9
   154   1.22295   1.90459   1.89465     669   12
   155   5.79425   1.86093   1.20203     891   12
   156   3.53906   2.63487   5.68077    1818   15
   157   3.32363   2.75498   2.19317     381    9
   158   1.16640   1.82225   1.85143    1226   12
   159   1.25755   1.86935   0.39042     784   11
   160   0.28003   0.45454   0.90540     438   10
   161   0.41517   0.37708   2.23839    1701   16
   162   4.29995   1.33275   1.28667    1447   13
   163   1.07966   1.80021   1.97844    3430   21
   164   0.38231   0.36725   0.58305    2464   16