     1   0.00000   0.00000   0.00000       0    0
     2   3.24196   2.34720   4.79129     109    6
     3   5.70725   1.10102   6.26664    1393   12
     4   0.70266   1.62702   6.10049     276    9
     5   4.24964   1.68593   3.93253     523    9
     6   4.50042   1.28839   5.74945     349   13
     7   3.23292   1.46306   1.36128    2618   18
     8   1.46239   0.76512   3.40975     573   12
     9   5.61422   1.93318   3.81771     806    9
    10   5.03293   2.49738   1.08481     654   12
    11   4.26899   2.17730   3.85813     729    8
    12   3.14131   2.81122   2.27685    5926   28
    13   5.46536   1.57127   0.58903    1488   14
    14   3.06527   1.64647   0.20556    1311   12
    15   2.49176   1.20360   6.07564    6860   30
    16   2.17035   1.97177   3.85238    1171   16
    17   3.69195   1.94831   0.16052    1262   15
    18   2.77859   2.41030   5.60574    1639   16
    19   4.11257   0.97135   3.90105    7118   33
    20   4.30075   2.07032   0.72118     564   11
    21   2.25637   1.04341   3.31944    1305   15
    22   0.21928   1.06917   5.89755    2390   21
    23   4.87507   1.69368   2.36234     429    9
    24   1.13444   2.32481   2.13497    1214   12
    25   3.76393   2.23289   4.21856     589   10
    26   2.73461   2.53514   4.82244     320   10
    27   4.75583   2.08315   3.53051     602   12
    28   4.47029   2.18841   3.37093     324    6
    29   0.16737   2.22898   3.93137    1226    9
    30   6.12989   2.59893   1.30891    2008   18
    31   3.72896   1.97137   5.51007     403    9
    32   3.61992   2.52367   4.83992    1268   17
    33   5.78655   1.73886   5.60933     778   11
    34   0.82606   1.88284   1.17059     550   11
    35   2.32253   2.12064   1.98762    1048   16
    36   3.93621   2.89013   1.20304     517    8
    37   1.51980   2.35202   1.52067     810   10
    38   6.06955   0.80836   5.74173    1782   22
    39   4.59880   1.54310   5.98151    1643   19
    40   3.81746   2.27993   4.16692     592   12
    41   4.28255   2.36572   2.21314    1847   17
    42   5.56805   2.46363   3.19242     830   11
    43   2.25061   1.54103   0.55994    3275   23
    44   5.70564   0.47407   1.92212    2266   18
    45   5.75843   1.60830   3.22434     192   12
    46   5.31472   1.28294   1.00593     671   12
    47   3.24943   2.17203   0.99006     229    7
    48   2.68662   1.98269   5.37928    1158   13
    49   0.44708   0.56940   1.40389     272   10
    50   3.71340   2.31632   3.01142     314    7
    51   0.91637   2.23893   4.84149     526   10
    52   1.63631   2.57175   1.98292     687   13
    53   4.45905   2.64869   0.90975    5052   21
    54   3.68283   2.40313   4.37687    2739   16
    55   5.63695   0.47274   5.95425     522   11
    56   4.68194   1.74714   0.83417     376   12
    57   5.92923   0.53758   4.88662     896   10
    58   1.81421   0.57768   5.51330     245    7
    59   5.19878   1.69034   2.97221     751   13
    60   1.43886   2.27727   2.89337     432   10
    61   5.58070   1.95288   0.41562    1021   14
    62   1.33920   1.85345   5.97567    2210   17
    63   5.45714   0.79329   0.23919     197    7
    64   0.52817   1.06180   0.44994    1257   19
    65   3.86693   1.12859   3.21368     833   11
    66   0.50466   1.44129   3.62366     248   11
    67   2.55711   1.16622   2.81304     106    7
    68   0.73951   1.59611   4.71616     753   14
    69   2.74975   1.64762   5.74366    1048   12
    70   1.37563   1.95804   0.53209     273   11
    71   2.48191   1.81014   1.36886    1391   16
    72   1.98029   1.47256   1.42173    1464   16
    73   1.32957   0.76417   2.79225     788   11
    74   1.90402   0.65553   1.32043     858   12
    75   5.40240   1.40329   5.25999     296    9
    76   3.56370   2.72982   4.25263     634   12
    77   5.49829   2.75083   5.85080    1362   21
    78   4.38885   1.02143   3.86534    1414   17
    79   5.55443   1.82719   0.34117    1520   17
    80   0.09336   0.34339   4.26109    1816   15
    81   2.82586   0.26726   0.76921     400    7
    82   1.99083   1.42668   6.26569    1066   19
    83   0.06449   0.17958   0.07720     368    9
    84   0.81346   2.58857   0.29930     744    9
    85   1.25743   1.67046   0.25731    1259   14
    86   1.62440   1.71102   3.24334    1831   13
    87   4.90930   1.24374   4.63023     716   17
    88   5.39645   2.78453   3.36882     785   13
    89   2.32600   1.20458   3.84523     873   12
    90   2.32062   1.31989   0.22936    2281   20
    91   2.07567   0.24611   0.39008     359    8
    92   0.30518   1.77912   5.52497    1143   16
    93   0.18683   0.99373   5.88371     272    8
    94   4.56266   1.99557   1.25885    1212   15
    95   3.12012   2.12843   4.66112     330    9
    96   5.84042   2.08793   4.23116    1526   13
    97   1.84366   2.74616   5.94853     567    9
    98   4.52549   2.36102   5.56655    6042   22
    99   3.80729   1.81326   5.50718    1702   18
   100   1.23435   1.93799   0.12178     631   14
   101   4.15956   1.26588   5.76334     310   11
   102   4.66480   1.95797   6.17035      95    7
   103   0.12500   2.18889   3.19177     454   11
   104   6.08335   1.59120   5.63849    1477   12
   105   4.45184   1.29546   4.74356    1040   16
   106   2.77260   1.98314   5.43622     590    9
   107   1.18234   1.11583   1.69239     303    8
   108   0.49706   2.46638   4.03424     560   11
   109   4.58956   1.38177   4.99808     318    9
   110   2.49417   1.27633   6.25447     504   10
   111   2.30136   1.50847   0.74266     689   11
   112   3.97120   1.12618   3.36447     114    4
   113   5.33373   1.60947   5.56332     472   13
   114   1.98712   1.22496   4.73563     866   10
   115   2.33876   0.64270   5.99317    1627   17
   116   0.55360   1.00483   4.48756     588   10
   117   1.21833   0.66875   4.24978     411    7
   118   1.58559   2.35937   1.26437    4646   25
   119   5.31034   0.85222   3.68844    6370   36
   120   4.39291   1.44683   0.17391    1338   12
   121   4.39717   2.05055   4.54839     593   11
   122   1.09642   1.62514   5.06460    1891   19
   123   3.56792   2.31805   5.81936     423    9
   124   1.14631   2.83404   4.24268    2598   19
   125   2.48587   0.65149   5.30513     324    8
   126   1.43420   0.59006   1.56517     267    9
   127   0.62351   2.57341   4.47145     564   11
   128   4.47328   1.46624   1.98988     464    6
   129   0.76111   2.03510   3.15830     386   11
   130   2.87316   1.39311   0.15937    1564   13
   131   1.18730   0.78207   5.96888    2379   17
   132   0.33066   2.33821   0.64189    2119   19
   133   3.83183   1.04268   2.00205   12119   40
   134   0.87130   1.58024   3.06333     594   10
   135   5.78687   2.66918   0.88584     762   15
   136   3.56089   2.08278   0.36118     685   12
   137   2.15775   1.82358   5.69852    2040   22
   138   1.00251   2.10382   3.79410    4673   26
   139   2.97485   1.73975   6.07588     570   10
   140   1.61378   1.90087   2.59851      86    5
   141   4.09536   1.13707   1.13809     797   12
   142   4.37597   0.92335   3.71114     527   11
   143   2.47127   1.98333   0.82077    2230   20
   144   3.98230   0.72979   5.38068    1903   20
   145   2.70050   1.62315   5.69231    2724   20
   146   0.51463   1.68390   1.15831     561   11
   147   1.78717   2.02931   3.71354    6051   27
   148   3.73216   2.78093   3.37658     347   12
   149   5.52310   1.45174   5.84989     465    9
   150   4.25451   1.53181   2.70675     239    9
   151   5.54656   1.50736   0.82496     222    8
   152   1.31402   2.82111   2.29644     516   10
   153   0.46350   1.61250   0.65246    8808   35
   154   1.65458   3.00017   0.82037     381    6
   155   0.11014   0.75776   5.43499     189   10
   156   2.39291   1.85454   0.08853      42    4
   157   0.77558   1.56348   3.36802    3912   19
   158   6.23200   2.32958   4.39365     398   10
   159   2.38400   1.22517   0.04565     452    9
   160   1.11128   0.89410   2.11601     425   12
   161   1.73160   2.67300   3.40252    3490   19
   162   1.38728   2.67298   1.33033    3543   22
   163   6.01650   2.32207   2.55801    2701   22
   164   0.13417   1.18316   4.29664     132    6
   165   1.29199   1.11186   3.06725    3312   21
   166   0.40928   1.17020   5.42412    3698   20
   167   0.89998   2.27054   1.55690     384   10
   168   2.42568   1.51280   1.31723    3179   16
   169   2.38759   0.98054   5.92280    3349   15
   170   0.33210   2.10596   4.29025     553    9
   171   0.90144   1.02201   5.27798     282   10
   172   3.23032   1.80224   0.46745    3367   20
   173   5.73105   2.95589   3.73137     994   14
   174   5.29063   1.03827   3.61783    1987   23
   175   3.88323   2.35313   5.70832     166    5
   176   3.25844   1.77266   1.22236     557   13
   177   5.00449   2.08933   5.58460    3163   28
   178   1.34516   1.68832   3.22928     799    8
   179   0.14510   2.66476   4.37608      67    7
   180   2.92419   1.79613   4.44756    2892   22
   181   4.66215   1.01488   0.51720     416    7
   182   1.03770   1.40345   3.35772    1366   16
   183   3.29309   1.16947   5.68026     274    7
   184   4.37998   0.30971   2.36885    1142   10
   185   5.47590   1.30860   1.63883    2575   24
   186   2.38138   1.31792   4.94781     388   10
   187   4.27240   2.04945   1.44592     667   12
   188   5.93990   0.72554   1.78899    2977   24
   189   2.67401   0.71818   4.39869    1567   18
   190   5.08650   1.26332   4.36436     147   10
   191   4.79136   1.51559   4.57305     905   14