     1   0.00000   0.00000   0.00000       0    0
     2   3.50359   2.37769   3.20373     951   10
     3   5.04505   1.77828   5.58948    5324   22
     4   5.01646   1.63160   5.51928     910    7
     5   0.25747   0.58417   0.05879    2805   17
     6   4.93521   1.58292   0.88243     838   11
     7   3.22970   2.61715   1.36389    4898   20
     8   5.10036   1.76529   4.11069    2025   12
     9   1.97044   1.49856   5.23181    2047   13
    10   0.45398   2.32006   3.28126    2926   15
    11   0.14578   0.67471   1.66297    1301   13
    12   0.36315   2.19439   6.25299    1387   13
    13   3.37896   0.88606   1.63240    3961   16
    14   0.49028   2.30833   3.25751    5346   22
    15   1.80946   1.51816   0.64217    1151   10
    16   5.04104   1.64942   4.11837    3963   17
    17   4.95368   1.66026   4.16996    1475   12
    18   0.19817   0.75685   3.16302    2155   12
    19   1.90017   1.58842   2.22716    1925   11
    20   0.06683   0.67519   4.83438    5130   18
    21   0.28844   2.23544   4.88180    5178   18
    22   3.53506   1.05227   2.98585    4425   20
    23   0.12362   0.78355   0.17573    2217   14
    24   3.49124   0.99164   4.62933    2841   18
    25   0.24880   2.15024   4.81185    2414   14
    26   1.94842   1.62290   0.62879    4774   21
    27   3.36435   0.88523   4.67197     704    9
    28   3.12492   2.59661   1.33961    1164    7
    29   3.35198   0.95619   3.05186    1049    7
    30   0.34056   0.76272   1.65916    1006   11
    31   3.34567   0.90659   3.12555    3709   19
    32   1.84397   1.52542   2.15037    1210   11
    33   0.13265   0.67556   1.67007    1692   13
    34   0.26164   2.17735   0.07647    1778   14
    35   3.33443   2.47922   1.57424    1980   15
    36   0.23456   0.66951   3.29432    2659   17
    37   3.45079   0.90648   4.65226     612    9
    38   3.43297   2.45695   3.21665     669    9
    39   3.45003   0.89280   4.71325    3880   15
    40   1.93695   1.47532   3.71209    3252   18
    41   0.26003   0.57882   1.69300    3374   17
    42   1.82447   1.65382   2.28988    2303   14
    43   3.37115   2.52626   6.16387    2058   13
    44   5.08672   1.60569   4.05746    3951   20
    45   3.57048   0.98133   4.71948    2857   18
    46   5.10979   1.58810   3.96636    5297   19
    47   3.36435   0.88523   4.67197    2649   15
    48   3.43876   2.38102   6.20087    2956   17
    49   3.35919   2.52241   6.08762    2399   15
    50   1.85976   1.45150   5.48119    1014   10
    51   0.25006   0.68107   0.05099    3032   18
    52   3.47736   2.54048   4.60526    1381   10
    53   3.26982   2.50096   3.06306    5172   21
    54   0.23456   0.66951   3.29432    2913   13
    55   3.56212   0.91040   6.16703    4039   19
    56   1.92676   1.47924   2.21512    1977   11
    57   3.39816   2.53618   4.69097    1063   11
    58   0.35491   2.23505   3.19096    6780   22
    59   0.28844   2.23544   4.88180    1331   11
    60   1.83832   1.44000   2.10644    1115   13
    61   0.28844   2.23544   4.88180     826   10
    62   3.43876   2.38102   6.20087     527    9
    63   3.39816   2.53618   4.69097    1319   11
    64   0.35197   2.25552   0.06235    1355   11
    65   0.36760   2.17954   4.82304    1640   12
    66   0.34460   2.16678   4.88299    2921   15
    67   3.56688   0.94740   4.68265    4820   18
    68   1.91979   1.54390   3.81114    1004    9
    69   0.04787   0.75318   1.77449     438    8
    70   4.90078   1.57435   5.68397     392    9
    71   1.87474   1.57334   0.66606    3468   20
    72   4.90078   1.57435   5.68397    3669   18
    73   3.14865   2.58941   6.07280    1349    9
    74   0.25288   0.61574   4.88283    1548   16
    75   5.06346   1.60208   4.16009    2216   17
    76   4.95451   1.68081   0.89510    3351   15
    77   5.02491   1.62340   0.83411    2582   12
    78   3.36435   0.88523   4.67197     947   12
    79   1.88123   1.51520   5.35009    1572   16
    80   0.26854   2.11767   1.55500    2835   16
    81   5.03959   1.56082   2.37529    1683   14
    82   1.87113   1.50353   2.17948    1203    9
    83   3.32961   2.49021   4.66937    2987   16
    84   3.33475   0.78383   4.70852    1915   13
    85   3.44482   2.46505   4.73806    2358   14
    86   5.00909   1.57473   5.69257    1668   13
    87   0.45576   2.31383   0.01345    2459   13
    88   3.37172   2.50768   1.39687    1601   11
    89   0.18957   0.55786   4.86291    3742   17
    90   5.08907   1.57842   2.39426     907   12
    91   0.15202   0.57580   3.18935    3180   16
    92   1.77083   1.53169   3.83473    1761   14
    93   0.23456   0.66951   3.29432     965    9
    94   3.19581   2.37744   6.11805    5411   23
    95   3.50803   2.42914   1.55953    2884   13
    96   3.39546   0.88434   1.48372    1182   11
    97   1.94179   1.51307   3.90111    2204   14
    98   1.91979   1.54390   3.81114    4709   21
    99   4.99145   1.57576   5.75450    2173   16
   100   0.26860   2.29408   1.56922    2408   14
   101   0.05710   0.69676   1.82210    1205   11
   102   0.46720   2.31428   4.75351    1265    9
   103   0.36344   2.23329   1.68929    1942   12
   104   3.43622   2.58035   0.04856    1696   16
   105   5.10461   1.58885   0.87827    2966   17
   106   5.08907   1.57842   2.39426    2401   15
   107   0.37505   2.29322   3.28132    2412   16
   108   3.40046   2.51494   4.60557    1575   15
   109   3.34008   0.88948   1.58103    2539   16
   110   0.23456   0.66951   3.29432    2572   16