     1   0.00000   0.00000   0.00000       0    0
     2   3.77927   2.70057   2.06928   12701   26
     3   4.16050   2.48672   3.76805     617    8
     4   0.42891   0.47806   5.15918    2027   16
     5   1.89961   2.73167   0.42948    3406   17
     6   2.48228   1.56840   4.29428    3810   18
     7   4.26147   1.86557   3.78577    2685   19
     8   2.77621   0.59198   5.98435     688   11
     9   2.55389   0.42922   1.19635    2028   12
    10   5.15575   1.99960   4.67728     657   11
    11   1.35375   1.82589   3.80639     272    6
    12   5.79230   2.64735   4.21476    1697   14
    13   0.87540   2.87166   1.79235     691    9
    14   6.02257   2.80337   2.74494     726    9
    15   2.16904   0.79117   0.50031     126    5
    16   4.53229   0.97764   4.67590     699    7
    17   0.91480   2.60854   4.74948    4149   15
    18   5.69943   1.48048   3.94950    7421   24
    19   1.53905   1.10289   4.77420     446    9
    20   3.28640   2.19856   3.03833    1190   12
    21   2.03878   2.10519   1.06312     274    7
    22   0.35865   1.79669   4.85518     730    9
    23   6.03815   1.33408   3.92987    4295   18
    24   2.24446   0.92559   0.22440     886   11
    25   0.84450   1.26513   4.21521     683   10
    26   5.31101   1.14675   6.14191     446    8
    27   1.39280   2.41424   5.11634     855   10
    28   5.13229   1.72810   0.28508     282    7
    29   1.34272   1.85040   3.95979     103    4
    30   3.44404   2.24418   0.94821    3982   15
    31   1.55479   1.25159   2.28602     692    8
    32   1.11539   2.37005   0.39014    1621   14
    33   5.36095   2.46304   3.17126    2719   22
    34   1.85296   0.44392   3.82768    1294    9
    35   2.75605   1.53704   2.51171     219    8
    36   2.27318   1.60150   4.38210     818   11
    37   3.36148   1.70215   5.64083    2955   20
    38   5.95833   2.33172   0.19761    3063   16
    39   1.35754   2.18920   5.54108    8739   26
    40   1.27137   1.44934   2.04329    1422    9
    41   1.15790   1.87200   0.16424    3899   15
    42   0.47398   2.14677   1.13216    1202   10
    43   0.37033   1.39901   0.89656    3831   18
    44   1.88381   1.00305   4.78283    2049   12
    45   5.21895   1.95247   2.02171    2056   16
    46   5.86091   2.50238   1.94129     420    7
    47   5.17722   2.61431   4.26699   42148   48
    48   3.51469   1.20589   5.51214    3185   20
    49   6.15675   2.21677   4.11927     210    7
    50   3.06082   1.85211   5.09554    2401   17
    51   1.76654   1.07055   5.24121     402   10
    52   4.76003   0.75368   0.79092    1429   12
    53   3.36811   2.02183   4.99564     833   11
    54   1.69202   1.76609   5.09691      85    5
    55   4.12401   1.74831   1.27140   12452   28
    56   5.01518   1.49045   0.92168    1064   12
    57   3.12806   2.37991   0.46757    2367   13
    58   3.78888   3.10441   4.72874     605    9
    59   0.28936   2.38371   0.89441     159    6
    60   5.94560   2.71819   3.62763   10477   25
    61   1.57022   0.20404   0.20009    2386   13
    62   5.57094   2.73171   4.54536    6874   25
    63   5.34400   1.04737   5.38340    2719   13
    64   4.85884   2.16535   3.59988    1092   12
    65   4.52440   1.45871   3.53737    7665   19
    66   5.52285   1.98132   4.90175    2680   10
    67   2.66330   1.61150   5.61282     203    4
    68   1.57414   1.53155   2.09129     932    9
    69   5.23269   1.76177   4.82382     158    7
    70   3.28919   1.09408   5.02085     561   11
    71   4.63955   2.09510   3.02782     396    9
    72   3.40126   2.64737   4.06526     928   11
    73   0.42936   2.60514   4.50711     592   12
    74   6.23298   1.73237   5.58793    1134   11
    75   1.34272   1.85040   3.95979     326    4
    76   1.85537   1.70419   3.31950     551   11
    77   4.98950   0.50967   0.54652     792    8
    78   5.73939   1.26916   4.79105     846   11
    79   5.44409   2.67236   3.82941     600   11
    80   4.98877   0.96188   4.74974     463    9
    81   2.37101   1.81015   4.35667     595   11
    82   4.72426   1.14241   4.81947    9499   31
    83   5.37443   1.09056   5.62211    1149    8
    84   5.52509   1.27518   2.21810     737    8
    85   1.96775   1.86362   3.11071     404    9
    86   4.32723   1.73985   2.26813    5160   26
    87   3.98634   2.07142   4.38913    1669   13
    88   3.36023   0.45034   3.73930    1251   12
    89   4.82080   0.72977   2.73313      56    5
    90   3.35003   2.06770   2.26005     195    5
    91   5.87703   2.43973   5.03415    1855   22
    92   4.48258   2.42366   0.91352     622    9
    93   0.86189   2.06223   0.66185   25272   45
    94   1.02341   1.91963   5.58455    4594   17
    95   4.80012   2.50268   5.85275     280    8
    96   3.02759   1.24064   2.81962     304   10
    97   5.06920   1.38480   1.02729    1655   11
    98   4.82080   0.72977   2.73313     606    8
    99   1.09090   2.55144   5.96344     955   13