     1   0.00000   0.00000   0.00000       0    0
     2   0.80581   1.75925   3.38344     637   11
     3   3.84112   1.26457   1.36989    2653   20
     4   3.87662   1.21956   5.99761     805   11
     5   3.20899   2.78910   5.63576    2476   17
     6   0.17765   0.30688   0.59630    2444   15
     7   3.90213   1.18380   1.42136    3664   25
     8   2.19821   1.32594   0.26516    4957   28
     9   2.25915   1.41534   1.90325     440    9
    10   0.66414   1.97168   1.61998    1194   14
    11   0.34896   0.26945   1.93891     642    9
    12   0.81763   1.87351   3.33085    3474   22
    13   3.34508   2.65833   4.25159     664   12
    14   5.47025   1.67748   4.28592    3860   21
    15   3.56341   2.67049   5.93360    1236   18
    16   0.78811   1.84206   0.20869    1241   11
    17   3.86955   1.28646   2.85901    1953   14
    18   3.58938   2.66215   4.44041     721   11
    19   0.75387   1.80400   4.83832    1430   16
    20   3.17100   2.69015   5.57382    2194   13
    21   0.13930   0.44921   2.05326    1309   16
    22   0.77220   1.94226   0.14973     397    9
    23   5.40578   1.85060   4.31857     660    9
    24   3.97187   1.29229   1.31298    1601   16
    25   3.82041   1.11566   4.63951    1002   13
    26   5.35111   1.66044   5.80645    5597   25
    27   0.66414   1.97168   1.61998     729   12
    28   2.26991   1.34650   5.13526     482   10
    29   0.76101   1.82872   1.72673     475    9
    30   3.56341   2.67049   5.93360     716   15
    31   3.56341   2.67049   5.93360     877   13
    32   3.23641   2.75862   0.86982     951   13
    33   0.03585   0.44760   0.64173    1020   10
    34   2.33356   1.45449   5.15805     403   12
    35   5.42746   1.80673   2.81557    1971   17
    36   3.85920   1.14139   2.91739    2470   20
    37   5.45981   1.69037   4.33063     954   12
    38   2.26205   1.46742   5.04732    1862   15
    39   5.46638   1.79920   2.77648    1198   14
    40   2.29278   1.47516   3.47828     397   10
    41   3.81395   1.22781   2.88714     591    9
    42   0.55971   0.36850   1.78674    4958   26
    43   3.43854   2.82996   2.73484    3220   19
    44   5.40578   1.85060   4.31857    1293   14
    45   0.35553   0.44878   4.98198     513   12
    46   5.34223   1.79764   2.80144    3518   23
    47   5.34521   1.82972   2.86468     519   10
    48   3.58691   2.86420   4.48663    2103   16
    49   3.87761   1.30984   3.01191     664   10
    50   2.26992   1.31691   3.59244     559   11
    51   0.66414   1.97168   1.61998    1540   15
    52   5.30782   1.69492   2.69703    3863   22
    53   3.95857   1.21365   4.54279     573   12
    54   3.94764   1.27628   3.03534    2261   15
    55   5.33169   1.72684   4.32237    1631   16
    56   3.38548   2.79233   5.83214     876   11
    57   0.82029   1.84644   4.95356    2480   22
    58   3.59534   2.66963   2.86346    1212   15
    59   0.53346   0.37002   3.29370     363    9
    60   3.92067   1.16751   1.35810     798   14
    61   3.28549   2.80596   1.08574     767   12
    62   3.86262   1.29607   6.23305     715   13
    63   5.38339   1.69801   4.33976     616    9
    64   3.08622   2.76462   3.98432    1150   12
    65   3.80792   1.08712   1.45823     475   10
    66   5.41202   1.67218   2.72488     442    7
    67   0.45658   0.49827   1.82810    2843   17
    68   3.62832   2.85069   2.85847    1182   15
    69   3.26034   2.76379   5.73263    2457   18
    70   3.28549   2.80596   1.08574    2009   19
    71   3.19185   2.75460   5.70255    4888   22
    72   3.80530   1.26819   6.22255    3076   22
    73   3.90742   1.11497   4.60873    2350   17
    74   0.85974   1.94191   5.05635    2546   18
    75   0.75424   1.95312   0.09488    1413   13
    76   3.93158   1.32989   3.02771     777   10
    77   3.89377   1.18931   5.99662    3492   21
    78   0.33308   0.40093   0.31559    2894   20
    79   5.32990   1.86839   1.14352     732   10
    80   0.75244   1.97488   0.11839     750   12
    81   3.95477   1.21482   6.05398    3435   18
    82   0.23989   0.31532   5.17923     494   10
    83   5.32073   1.71381   5.89516     651    9
    84   2.24206   1.29257   5.15876    1304   13
    85   5.40125   1.75198   4.28280    1614   18
    86   0.80490   1.84821   3.41907    3116   18
    87   3.12448   2.72850   2.44177     679   11
    88   5.40578   1.85060   4.31857     747   13
    89   5.31417   1.75562   1.27438    3186   23
    90   3.14661   2.77539   5.62147    3315   21
    91   0.44968   0.32566   3.38460     774   10
    92   0.73611   1.81861   3.29734     760   10
    93   3.14661   2.77539   5.62147     415    8
    94   5.33807   1.69175   5.87242    1881   16
    95   0.33479   0.40663   5.14475    2585   18
    96   5.43566   1.69853   5.83870     576   13
    97   3.56341   2.67049   5.93360     751   10
    98   0.02897   0.46362   0.65086    1253   11
    99   2.27897   1.39451   0.41349     904   13
   100   3.40927   2.76545   1.21606    3891   19
   101   3.38075   2.66949   2.60835    1225   15
   102   0.50968   0.37675   4.86855     606    9
   103   0.01752   0.44143   3.86239    4019   24
   104   5.39135   1.85438   2.81820    1892   16
   105   2.25442   1.43967   1.89750    4354   25
   106   0.67368   1.91949   3.23286     543   10
   107   0.75099   1.94792   3.33687     456    9
   108   5.43210   1.82226   4.40060    1471   14
   109   0.66414   1.97168   1.61998    1241   12
   110   2.28639   1.37321   3.38550    2640   20
   111   0.44504   0.43909   3.32488     308    9
   112   2.31835   1.51393   5.06810    1763   16
   113   2.29412   1.28751   0.35141    2410   16
   114   5.46950   1.79063   5.89406     375    9
   115   2.24865   1.46143   0.45443     553   10
   116   0.64542   1.99435   1.64733    1391   16
   117   5.43444   1.84826   1.22632    1327   13
   118   3.16364   2.74289   5.55274     969   14
   119   0.32940   0.34178   5.01574     423   11
   120   5.42898   1.60453   1.24500    2387   19
   121   2.24204   1.28263   3.54620    1004   14
   122   0.66773   2.02133   3.32433     857   13
   123   3.89093   1.32960   6.04895     660   11
   124   2.15722   1.34451   0.45132    1201   13
   125   3.80271   1.21977   6.07328     701   12
   126   5.33471   1.61333   2.81734     354   10
   127   3.93203   1.14713   2.84454    2014   15
   128   3.24386   2.85109   0.93236     313    7
   129   5.39689   1.68597   5.93588     945   14
   130   0.12219   0.31094   2.21555    1975   15
   131   3.82616   1.16703   1.29419     320    8
   132   3.46294   2.78755   4.24744     758   14
   133   0.19523   0.51884   2.03815    2243   19
   134   2.21348   1.33936   5.02848     532   10
   135   3.58609   2.72880   6.01287     414    7
   136   5.40181   1.74708   6.01532    1872   15
   137   2.30263   1.41890   0.31727    3591   20
   138   2.26508   1.42471   3.57887     313    6
   139   3.90518   1.22695   4.47364    3379   16
   140   0.66414   1.97168   1.61998     788   11
   141   3.56174   2.64944   1.21726    1489   13
   142   3.28549   2.80596   1.08574     395    9
   143   0.73040   1.89893   1.76792    4103   24
   144   3.92067   1.16751   1.35810    1315   13
   145   2.23416   1.41948   0.34978     821   12
   146   3.86262   1.29607   6.23305    1023   13
   147   0.15149   0.38279   0.51986    1917   17
   148   3.35605   2.63195   5.76114     633   12
   149   2.19476   1.42173   3.55978    4575   20
   150   2.28345   1.48898   2.00193     347   10
   151   0.34371   0.41870   2.02627     970   11
   152   3.94512   1.16931   4.41054     490   11
   153   2.23449   1.32358   5.04823     724   12
   154   2.26508   1.42471   3.57887     321    6
   155   5.45788   1.63334   4.40241     747    8
   156   5.32358   1.82620   5.82710    1334   12
   157   3.92067   1.16751   1.35810     519   13
   158   2.18293   1.36887   1.95640    1012   10
   159   0.66414   1.97168   1.61998     754   12
   160   3.95901   1.14624   4.47259     604   11
   161   0.48985   0.49893   1.73905    2165   17
   162   0.25871   0.38484   0.48918    1270   12
   163   5.46191   1.81993   5.86768    1329   12
   164   3.93771   1.09321   1.41734    2127   15
   165   2.33356   1.45449   5.15805    2009   15
   166   0.09110   0.28530   0.58999     310    8
   167   0.82766   1.89115   4.94127    1345   13
   168   3.91342   1.13298   6.04286    1003   14
   169   0.28883   0.38755   0.42308    1813   15
   170   3.38548   2.79233   5.83214    1834   15
   171   3.80748   1.18957   4.55702     399    8
   172   0.80378   1.94143   1.90605    4664   27