     1   0.00000   0.00000   0.00000       0    0
     2   5.45335   1.90149   0.88282    1220   15
     3   0.22266   2.33568   1.00249    1303   13
     4   3.11243   0.93114   4.79414    2200   19
     5   0.64036   2.41419   4.81373    1714   16
     6   0.53940   1.25661   0.18784    1864   15
     7   1.74676   2.18547   4.99778    1168   13
     8   4.51190   2.37648   2.83283    1791   16
     9   2.27831   0.80718   0.42399    1164   12
    10   5.31067   1.02404   5.77032    1117   15
    11   1.50468   1.34227   1.46010    1171   15
    12   6.19268   0.13629   1.94879    2202   18
    13   3.06454   2.76731   0.55317    1513   15
    14   6.26625   1.91464   3.30808    1091   11
    15   3.07841   0.52571   4.22505    2046   18
    16   4.39328   0.99463   1.15900    2053   13
    17   5.85255   1.35003   0.49572    1248   12
    18   1.10560   1.09894   4.49660    1515   13
    19   5.05374   1.99765   4.01619    1662   17
    20   0.15031   2.17995   5.88938     738   10
    21   2.67158   1.52461   0.04403    1129   14
    22   1.68521   0.54362   5.84639    1559   17
    23   0.66557   1.09344   0.56618    1068   11
    24   0.46286   0.72337   1.89566    1210   13
    25   1.99935   0.81870   3.66118    1225   13
    26   4.84910   2.10488   0.46520    2163   17
    27   2.05121   1.77589   0.49450    2032   17
    28   5.94504   2.52326   1.86348    1488   15
    29   0.59594   0.29268   0.96318    1097   13
    30   1.51132   1.12038   4.42090     986   12
    31   0.43252   1.07077   2.75570    2423   19
    32   5.65925   2.79697   6.04575    1565   13
    33   5.58098   3.00251   0.89259    1671   16
    34   0.91394   2.08453   0.57988    2050   16
    35   0.75415   1.26030   5.15202    1412   15
    36   5.37449   1.85941   2.55046    1396   13
    37   2.62682   2.52244   0.08596    1587   17
    38   5.12075   2.15855   4.34458    1111   13
    39   4.40555   2.15364   5.67604    1724   12
    40   3.62593   2.76150   5.48337     994   13
    41   4.63826   1.34843   5.06921    1722   15
    42   3.04346   1.16219   4.03847    1607   17
    43   5.49979   0.70598   3.31785    1619   16
    44   1.36831   1.16262   2.31672    1019   11
    45   2.46336   2.28854   3.36878     923   12
    46   0.91996   2.86933   3.52275    1339   13
    47   1.30102   1.00451   5.18193    2600   20
    48   3.30930   1.60680   4.49006    1517   13
    49   6.10421   1.68438   0.09612    1442   16
    50   5.38287   2.42071   0.83603    1712   15
    51   1.81982   1.08855   6.00222    1534   15
    52   0.69427   1.19161   6.14301    2007   18
    53   3.38129   1.63301   0.64319    1504   16
    54   4.80970   1.22365   0.39149    1256   13
    55   3.15810   2.15109   5.82879    1927   19
    56   3.58632   2.71688   0.42082    1381   13
    57   0.20982   2.19473   2.45791    1826   18
    58   2.35974   3.12789   1.98846     828   13
    59   0.91318   2.21314   2.25852     934   13
    60   3.17309   0.89882   5.94210    1042   10
    61   1.95194   2.89553   5.45881    1735   17
    62   1.85711   1.98118   1.83924    1158   15
    63   3.11595   0.89245   2.04875    2003   16
    64   4.05763   2.01493   0.61411    1382   15
    65   6.15737   2.38343   0.97835    1315   15
    66   1.18275   1.32457   6.07099    1141   13
    67   1.85405   1.22613   5.70726    1207   14
    68   2.35114   0.96575   0.54193    1578   16
    69   5.13051   2.30104   5.56257    1176   13
    70   4.82085   1.32510   5.85912    1181   16
    71   4.50797   1.76700   0.80160    1712   15
    72   2.86007   2.60339   4.17273    1244   13
    73   4.96018   1.40193   2.08493    2379   18
    74   4.56110   1.25586   1.30157     591   11
    75   3.72415   1.53172   4.75766    2592   18
    76   2.24856   1.07120   4.59837    1657   16
    77   1.20641   1.01530   1.83673    1197   14
    78   3.33277   1.92994   0.15784    1207   12
    79   0.23258   1.50201   2.49105    1689   14
    80   1.87516   0.74895   2.98353    1700   15
    81   0.58369   1.37461   2.23276    1094   14
    82   0.59954   1.95898   5.91768    1080   15
    83   3.35965   2.46303   0.98886    1556   13
    84   4.95160   1.96057   0.72430    1109   12
    85   3.95807   0.69830   3.32048    1435   13
    86   4.50703   0.93221   3.39923    1258   14
    87   0.75591   1.97773   5.04015    1666   16
    88   1.75314   1.89730   5.68061    1656   13
    89   5.35758   2.20432   6.15497    2585   19
    90   3.20824   0.27767   1.13137    1243   16
    91   4.25436   1.21998   3.20091    1133   13
    92   0.06934   0.69520   1.46722    1326   13
    93   3.21956   2.07182   0.03902    2029   14
    94   0.94035   2.96917   2.51734    1920   18
    95   4.96102   1.89285   4.59906    1522   17
    96   1.09514   1.11751   3.43985    1095   14
    97   2.97166   3.06125   0.55224    1456   17
    98   0.74368   1.08531   2.18909    1911   16
    99   1.79599   0.81225   5.34702    1450   15
   100   2.60123   0.76781   5.12163    1130   14
   101   0.19279   0.50432   3.18597    1864   16
   102   1.56544   1.71210   4.69033    1063   12
   103   3.09125   1.02792   1.75317    1370   14
   104   0.04889   1.84006   2.19503    1731   15
   105   1.02973   2.38078   1.84205    1243   14
   106   5.66640   2.29875   4.41053    1083   14
   107   3.70302   0.87602   0.48987    1019   12
   108   0.34267   1.10385   0.15803    1906   16
   109   0.49573   1.81548   3.12347    1098   14
   110   5.72851   2.00625   2.50651     981   11
   111   0.57243   1.76975   1.88164    1168   10
   112   1.63915   2.30532   3.14199    1187   13
   113   4.39929   2.65196   0.33348    1264   13
   114   1.84206   0.52377   0.77647    1452   15
   115   0.65155   0.68281   4.85196    1103   10
   116   5.82904   1.88785   2.95867    3511   22
   117   4.07349   1.03515   0.20115    1279   13
   118   1.97609   1.03124   1.18075    1096   11
   119   1.37278   1.30791   6.15966    1335   14
   120   5.88163   1.30805   4.00762    1565   16
   121   2.38923   2.10184   1.73376     845   13
   122   1.60948   2.11762   0.34797    1943   16
   123   4.45824   0.99179   2.29283    2119   18
   124   5.54889   2.49666   0.17324    1404   14
   125   2.58030   1.37215   3.75751     961   13
   126   5.38186   1.00483   4.63758    3286   20
   127   6.25621   2.98305   2.06756    1955   17
   128   5.68538   0.83875   1.41068    1211   13
   129   2.10565   0.73072   0.44602    1123   11
   130   4.14400   2.00328   2.21303    1922   17
   131   1.24592   2.24010   0.74338    1813   15
   132   3.47791   0.79192   5.89926    1470   17
   133   2.97513   1.21083   5.61381    1356   17
   134   3.93424   0.55458   1.80768     693   13
   135   3.92495   2.08222   2.26800    2199   17
   136   2.27062   2.06459   5.01111    2070   16
   137   1.03849   1.50890   2.22223    1572   15
   138   0.50550   1.03928   2.23583    1790   19
   139   5.13483   1.63466   4.66177    1632   14
   140   6.26685   1.57672   2.12246    1306   15
   141   0.94129   2.04667   0.82149    1576   13
   142   3.01240   0.56885   0.01001    1820   16
   143   4.25909   1.91466   0.30168    1148   10
   144   5.25128   0.73919   0.54831    1894   16
   145   5.09056   1.10853   2.48288    1963   16
   146   2.73127   2.47806   3.69316    1374   12
   147   4.27736   2.51647   5.73576    1500   14
   148   1.27114   1.76216   5.10742    1564   17
   149   3.45617   1.89197   0.83309    2015   17
   150   3.49020   0.30080   0.64292    1416   13
   151   1.32853   2.15118   5.80845    1495   16
   152   0.57122   1.34017   2.35453    1498   14
   153   4.26888   1.51343   1.01680    1461   14
   154   5.80069   1.15918   0.16336    1750   15
   155   3.29489   1.79837   5.85854    1349   13
   156   1.80709   1.54384   4.03518    1065   14
   157   1.79050   0.32228   3.41499    1431   12
   158   5.62532   0.83405   1.12770    1879   18
   159   1.52912   1.75713   3.19563    1230   11
   160   0.37023   1.37054   2.52825     983   11
   161   2.48169   1.42308   0.03223    1517   15
   162   2.35600   1.09154   2.21493    2051   18
   163   5.03619   2.32818   5.20607    1097   10
   164   2.28282   1.36615   1.59814    1517   13
   165   2.41325   0.57550   6.27490    1854   16
   166   3.79425   0.69503   2.37400    1031   12
   167   5.13984   2.24321   0.99973    1659   14
   168   1.48317   1.39109   4.19473    2007   18
   169   3.70120   2.56874   4.71557    1630   15
   170   5.39089   2.09613   3.41164     796   12
   171   6.23346   0.65686   4.40710    1809   15
   172   1.18857   2.21441   6.22092    1404   15
   173   3.98018   2.24369   1.24038    1733   14
   174   3.52429   0.83566   4.20606    1389   16
   175   3.89066   1.78864   5.47846    1344   13