     1   0.00000   0.00000   0.00000       0    0
     2   3.44000   1.20170   3.01947     383   10
     3   1.90466   1.45977   1.82690     696   11
     4   3.33248   2.85222   6.20212     639    9
     5   3.27080   2.70958   3.02476     302    7
     6   1.81705   1.62394   3.41078    2741   19
     7   0.23439   0.23075   0.04918     411   11
     8   0.13692   0.33556   0.04957     467    9
     9   0.29534   1.91726   3.12590    1519   16
    10   3.44168   2.79806   4.59281    1265   15
    11   1.91620   1.68511   1.89459    1515   15
    12   5.05400   1.52259   4.42536     935   13
    13   0.31081   1.98791   3.04852     686   12
    14   0.60144   0.33194   1.34699     921   11
    15   3.19754   2.83410   1.41843    2876   19
    16   1.88787   1.64335   1.81063     909   11
    17   3.49721   2.71927   1.57244     725   10
    18   0.46238   0.32485   6.11789    4208   22
    19   0.24419   0.35873   3.17867    2167   20
    20   1.83434   1.57678   3.39293    1229   11
    21   5.08660   1.69949   4.43648    1372   14
    22   0.34458   0.40959   3.11153     246    5
    23   0.24394   0.30892   4.89974    2124   17
    24   1.91620   1.68511   1.89459    1144   15
    25   0.52586   0.35788   4.47981     435   10
    26   0.13692   0.33556   0.04957     438   10
    27   0.49400   0.43683   6.21137     721   13
    28   1.96183   1.54434   1.83247    4696   25
    29   3.52890   2.91704   1.56444    2995   22
    30   0.73238   0.24621   2.67185     333    8
    31   0.24341   1.75996   1.58342     341    7
    32   5.04794   1.58201   2.87974    3206   17
    33   3.11393   2.83996   2.74509     541   11
    34   0.27444   1.82825   4.74069    1375   16
    35   0.05966   0.34121   3.43090     886   16
    36   3.25911   2.96123   2.84546     527   10
    37   0.24419   0.35873   3.17867     875   13
    38   5.05400   1.52259   4.42536    1922   17
    39   1.97206   1.50341   0.31880    2841   22
    40   3.59490   1.28590   2.98813     730   15
    41   0.41990   1.98032   1.50594     468    9
    42   0.24491   0.26458   4.69699     333    7
    43   0.24341   1.75996   1.58342    1327   16
    44   1.74775   1.52407   1.86355    1895   14
    45   5.08450   1.54777   5.97951     280    4
    46   3.45421   2.94730   1.63349    3658   29
    47   1.90595   1.67693   5.08761    1541   15
    48   0.17323   0.20963   1.73576    1052   10
    49   1.88090   1.46899   1.86188     466   10
    50   0.23439   0.23075   0.04918    1864   17
    51   3.18271   2.76489   2.74430    2677   23
    52   4.93686   1.59289   4.38172     851   10
    53   1.92240   1.49814   5.10889     755   16
    54   0.35056   1.93630   1.56335     602   14
    55   0.13692   0.33556   0.04957    1667   15
    56   3.25911   2.96123   2.84546     874   17
    57   3.44000   1.20170   3.01947    1623   16
    58   3.38785   1.16501   1.66938    2681   17
    59   5.08660   1.69949   4.43648     658   12
    60   3.49381   1.21449   6.17610     708   12
    61   6.04560   0.18937   0.53231    3645   23
    62   0.35626   0.34475   0.08110    1780   17
    63   3.55921   1.15257   6.22121    3387   22
    64   3.50278   1.20648   6.15327    1718   16
    65   5.10734   1.61419   1.15624     519   11
    66   0.39620   1.92724   4.86997    4769   25
    67   3.53682   1.34253   1.53134    2478   18
    68   1.88090   1.46899   1.86188     772   10
    69   1.82084   1.58210   1.82687    5210   28
    70   0.37085   1.78482   4.74481     569    8
    71   3.37483   2.83172   1.51100     495    8
    72   4.97588   1.61599   5.96658     375    7
    73   3.36910   1.16014   6.26629    1777   17
    74   0.06882   0.23690   0.25712     569   10
    75   0.21820   1.90483   6.22399    1537   12
    76   0.35123   1.79747   1.59514    1290   14
    77   4.97588   1.61599   5.96658    1794   16
    78   4.91281   1.66144   4.35974    2329   17
    79   5.03084   1.71941   5.87824     586   10
    80   0.58837   0.32677   4.46563    1789   15
    81   0.42254   0.19808   4.62555    1751   16
    82   3.40911   1.32082   1.67140     566   12
    83   1.93726   1.52736   0.31975     911   11
    84   1.99299   1.57846   5.00383     796   12
    85   0.33102   0.29708   4.58673    2228   14
    86   0.36269   1.93888   3.28220     293    9
    87   0.23067   1.87338   6.16395    1735   16
    88   0.54226   0.35713   6.05735     893   11
    89   1.87738   1.67489   1.95130     769   16
    90   5.15072   1.52981   2.94763     413    8
    91   1.90595   1.67693   5.08761     643   12
    92   3.36022   1.27241   3.19488     496   11
    93   4.92188   1.45845   2.79504     637   10
    94   0.30570   1.75626   4.78943    2863   19
    95   5.07339   1.54716   2.82586     674   11
    96   4.97588   1.61599   5.96658     882   12
    97   0.21349   0.26149   1.74633    1065   12
    98   1.99266   1.66926   0.29187    3090   21
    99   0.26082   1.94815   3.05726     702   13
   100   5.14253   1.54734   4.40904    1834   15
   101   0.25906   1.85907   1.45306     830   11
   102   3.44813   2.78126   4.68788     834   13
   103   0.21967   1.89616   3.18073    1022   14
   104   3.25011   2.77402   1.40866    2428   13
   105   3.64918   2.82096   4.84035     708   10
   106   1.92240   1.49814   5.10889    1839   20
   107   3.08671   2.84717   5.86064    1845   15
   108   3.34298   1.29483   1.48562     661   14
   109   3.52799   1.15012   3.07735    1474   13
   110   0.41990   1.98032   1.50594    1431   14
   111   0.20225   0.36536   3.25214     391    8
   112   0.36269   1.93888   3.28220     754   10
   113   0.29239   1.92360   6.18077    1284   14
   114   0.21490   1.96347   0.03593    1765   13
   115   5.08660   1.69949   4.43648    1286   14
   116   5.08660   1.69949   4.43648     904   12
   117   0.22136   1.90300   3.10113     646   11
   118   3.54457   1.20927   6.23569     540   11
   119   0.24419   0.35873   3.17867     690   12
   120   3.42842   1.18971   3.02720    1535   19
   121   5.04818   1.46362   5.96843    2326   15
   122   0.00000   0.00000   0.00000    2172   19
   123   0.27890   1.97670   3.09676    1389   13
   124   3.54127   1.28675   0.00154    2980   27
   125   3.97536   2.91059   0.40756     929   16
   126   4.98832   1.58499   4.50325     552    8
   127   5.08660   1.69949   4.43648     497    9
   128   0.31013   1.93834   3.13191     471   12
   129   5.05083   1.69213   5.92338    2223   18
   130   6.19130   0.18918   4.99845    1613   16
   131   0.40312   1.82356   3.06656    1649   19
   132   0.23439   0.23075   0.04918    2989   20
   133   4.91824   1.42819   1.27960     661   11
   134   5.06523   1.61772   1.28541    2519   18
   135   3.71756   2.76909   4.94816     504   10
   136   1.91906   1.64710   0.40771    1383   19
   137   0.49400   0.43683   6.21137     721   11
   138   6.20729   0.21249   4.99489    2210   18
   139   1.79056   1.55639   3.50820    3239   25
   140   0.06882   0.23690   0.25712    1193   11
   141   0.27441   0.34833   3.07128    1837   19
   142   3.40911   1.32082   1.67140     618   13
   143   3.38207   1.25775   1.47955    1049   13
   144   5.13384   1.61066   1.32953     651   11
   145   1.88339   1.59910   0.25958     876   15
   146   0.21976   0.35739   6.27262     365    8
   147   3.37438   1.34069   1.57719    1280   12
   148   1.88090   1.46899   1.86188    1128   13
   149   0.31020   1.89354   1.59065    3178   18
   150   4.97588   1.61599   5.96658     345    8
   151   3.23068   2.96119   3.05573     800   15
   152   0.39894   1.83186   3.19015     351    7
   153   0.31828   1.81041   4.73029    1050   11
   154   3.51421   1.19367   3.10430    2193   18
   155   3.34800   1.21043   6.23575    2006   21
   156   3.61741   2.73936   0.28642    3998   22
   157   1.89623   1.62141   4.97496    4595   19
   158   0.30837   1.86302   1.60901    1966   17
   159   0.23439   0.23075   0.04918     349   10
   160   4.89876   1.64140   1.24270     471    9
   161   1.88090   1.46899   1.86188     425   10
   162   3.38217   1.33875   4.74912    3738   17
   163   0.25864   0.31468   4.78711     704   12
   164   3.48271   1.40306   3.04845     272    9
   165   0.20746   1.82911   1.43423     867   12
   166   0.36944   1.84037   6.24965    4184   19
   167   1.90595   1.67693   5.08761    4341   27
   168   3.38093   1.19321   4.72478    1859   18
   169   0.23229   1.78998   1.52609    3401   23
   170   3.64330   2.85191   4.92627     937   12
   171   3.56431   2.92747   4.89462    2558   15
   172   3.48181   1.27206   6.18897     440   10
   173   3.18660   2.82593   1.28641    4411   21
   174   3.30223   2.72936   2.96086    1089   13
   175   0.35787   0.40159   3.14643    1485   14
   176   3.33752   1.25793   4.75664     873   15
   177   5.07599   1.66892   1.23336    1322   17
   178   5.08660   1.69949   4.43648     801   10
   179   3.39340   1.14868   4.77756    5293   27