     1   0.00000   0.00000   0.00000       0    0
     2   1.94488   2.72482   2.03015    2625   18
     3   2.28440   0.55515   2.70413    1288   14
     4   3.47260   0.18259   4.13901     958   15
     5   0.78058   1.15794   3.66858    1896   20
     6   5.63750   0.94683   4.82588    1238   15
     7   0.07319   1.83980   5.90873    1243   14
     8   0.69401   2.15443   1.57976    2354   18
     9   2.94180   1.22517   2.60155    2031   17
    10   4.59102   1.10746   5.81635    2335   18
    11   2.07891   2.46074   4.14448     673   10
    12   5.34361   1.41235   1.87582    1686   14
    13   2.12162   1.46104   3.69456    1284   16
    14   0.00369   2.32821   1.14516     976   14
    15   1.89943   1.31540   1.90715    2286   21
    16   0.06444   0.85306   5.49686    1075   12
    17   4.08941   1.96257   5.24741    1224   15
    18   5.00410   1.33161   4.50612    1245   16
    19   1.97250   2.48687   5.89442    1276   14
    20   3.72792   1.77076   1.62156    1342   17
    21   5.57633   1.80719   5.58907     889   13
    22   1.62332   1.02606   6.16211    1636   17
    23   0.90831   2.64300   4.28999    1100   13
    24   4.20327   1.56509   1.91822    2220   21
    25   1.48369   2.28348   4.48502    1740   17
    26   3.76885   1.86805   2.37852    1084   13
    27   2.75211   1.61582   1.50485    1180   13
    28   3.71311   1.53535   0.34735    1480   17
    29   0.07986   1.86862   5.85177    1683   18
    30   4.30741   1.86380   5.76194    1472   20
    31   0.33695   1.06639   5.84148    1425   15
    32   3.80528   2.40968   5.52668    1885   14
    33   0.90818   2.08130   2.27530     595   12
    34   3.09945   1.91031   6.06196    1940   18
    35   2.16844   1.94859   5.44902    1467   13
    36   2.31543   2.56030   2.03766    1258   13
    37   5.46599   0.58011   3.50700     775   11
    38   0.73833   1.67803   4.13727    1523   15
    39   4.88289   0.78534   1.03231     616   11
    40   1.27140   1.36626   5.08032    1252   15
    41   0.25118   0.83706   1.33673    1389   14
    42   1.66552   0.59068   4.40845    1217   14
    43   0.10912   1.86246   3.66470    1132   15
    44   4.14003   0.85689   1.02624    1591   15
    45   2.68786   1.30395   0.70997    1185   14
    46   3.54903   1.34476   5.26843    1500   15
    47   3.93789   2.40399   2.87681    1503   18
    48   0.60039   1.79664   1.25877    1031   11
    49   6.20890   0.72725   1.98177    1517   15
    50   2.42937   2.87584   3.77055    1176   14
    51   2.78047   1.25137   5.76104    1493   16
    52   1.01111   1.59046   1.88324    1549   14
    53   1.82096   0.93827   1.65993     843   13
    54   2.51653   1.85957   5.73457    1983   18
    55   2.10831   0.76595   3.76690    1170   13
    56   3.62536   1.93030   3.63777     893    9
    57   3.14160   2.38721   3.90375     935   16
    58   3.55560   1.04046   1.98393    1067   13
    59   4.81916   1.27714   5.70333    1514   13
    60   2.10462   1.20141   5.81016    1481   13
    61   2.65430   2.23177   4.10181    1329   16
    62   1.97773   1.34917   1.23738    1430   18
    63   4.95283   1.40966   1.24888     957   14
    64   5.21668   2.88675   3.61387    1812   17
    65   1.04017   1.29775   0.33986    1380   16
    66   3.95976   1.46510   5.56972    2174   18
    67   4.69346   3.12464   0.69810    1886   15
    68   5.24949   0.65952   5.69173    1910   17
    69   2.64942   2.36403   0.04978    1428   13
    70   2.98531   1.46499   3.18016     540    9
    71   4.65143   1.21780   3.52493    1251   15
    72   4.05101   1.24201   2.51413     858   10
    73   0.75142   1.13731   1.55061    1369   15
    74   3.79338   0.56764   3.35536    1435   13
    75   4.42181   1.79790   1.30611     924   14
    76   1.03714   1.00020   3.19943    1229   13
    77   0.98497   1.67896   2.75437    1384   14
    78   3.78783   0.93817   2.45746    1401   16
    79   5.58549   2.01657   0.46301    1869   17
    80   6.19260   2.23623   0.36187    1975   14
    81   5.35044   2.00431   4.93811    1219   12
    82   2.91833   1.11542   2.53049    1679   18
    83   2.80729   2.36390   3.27229    1072   14
    84   4.54313   2.17731   3.38201     765   11
    85   1.07475   1.02504   5.48700    1116   16
    86   2.52390   0.95876   4.42701    1236   13
    87   5.15025   1.87570   1.44432    1179   14
    88   1.11100   2.05507   4.39378    1585   17
    89   6.25856   0.94025   3.99597     889   13
    90   6.25384   1.70727   4.39190    1391   15
    91   4.49640   0.92395   4.73806    1961   18
    92   2.99937   1.81753   3.14756     988   15
    93   4.13975   0.59322   0.65218    1159   12
    94   1.64710   1.28995   0.14798    1699   16
    95   4.07149   1.13564   3.02037    1270   16
    96   0.75018   3.04547   1.49363    1021   16
    97   5.74463   2.11114   2.23659    1097   12
    98   0.90004   0.09389   0.84112    1460   13
    99   4.43284   0.94229   1.29196    1431   15
   100   0.79158   0.99999   3.73112     898   14
   101   1.89373   1.62963   1.75074     683   14
   102   6.07530   0.94628   2.45075    1530   17
   103   0.27545   1.07502   4.69615     943   10
   104   3.57166   1.86711   2.59075    1501   16
   105   0.68218   0.33534   5.36816    1918   15
   106   4.03526   0.41535   1.20058    1628   17
   107   6.15004   2.36437   1.74985    1174   14
   108   2.66351   1.72721   2.57463    2242   15
   109   0.27332   0.72906   1.31633    1393   15
   110   2.47369   0.83326   4.24145     938   14
   111   1.87203   1.69371   1.86156     915   12
   112   0.33082   2.85581   4.13123    1525   17
   113   0.71728   1.40672   2.90163    2226   17
   114   0.82393   1.80856   4.85471     513   10
   115   1.90349   2.59441   4.69614    1869   17
   116   4.34456   2.26568   2.31194    1928   16
   117   3.37898   1.92342   5.56662     819   13
   118   0.70463   2.00361   4.61641    1189   14
   119   1.92552   1.88300   4.19151     817   11
   120   2.76577   1.81993   4.30789    1546   17
   121   5.99572   2.38850   2.80930    1485   18
   122   1.14600   1.46242   4.85225    1491   14
   123   1.95297   2.07696   4.81479    1900   13
   124   5.15968   0.87567   1.00063     759   13
   125   0.23369   2.40775   1.81343     776   11
   126   0.31951   1.22523   3.71816    1443   19
   127   1.09056   0.44395   4.91374    1825   16
   128   2.55180   2.51071   6.20546    2229   20
   129   4.92956   2.35952   3.84030     751    9
   130   2.62864   1.06534   6.22984    1363   17
   131   1.17479   2.17606   2.21194     855   13
   132   3.21243   0.18331   1.86138    1119   17
   133   2.94810   0.68342   0.57842    1265   15
   134   4.63576   1.11183   5.95494    1240   16
   135   2.67891   2.29840   1.07242    1431   16
   136   6.01315   0.74677   4.25998    1069   14
   137   0.19292   1.59653   3.15751    1838   16
   138   3.62747   0.83497   4.11735    1166   16
   139   3.23496   1.74373   3.67553    1160   12
   140   5.04494   2.33435   0.77945    1121   13
   141   4.79527   1.18075   5.97073    2305   20
   142   5.83044   1.94488   4.52075     854    9
   143   0.58792   2.58334   3.69549    1487   19
   144   5.77039   1.73396   0.40846    1407   13
   145   6.10933   2.19800   1.64945    1328   15
   146   4.57474   1.86305   3.06019    1122   16
   147   2.86515   0.79120   4.66295    1393   14
   148   1.74062   1.46833   1.03661    1532   14
   149   5.66928   2.08520   4.87861    2890   18
   150   3.53542   1.52070   1.04403     733   11
   151   0.12968   2.41522   0.92832     668   10
   152   2.18500   2.13660   4.32719    2024   16
   153   0.36306   2.61450   4.63711    1044   15
   154   3.74745   2.15414   5.04558     717   13
   155   4.28829   1.67019   3.94726    1110   16
   156   0.05532   1.93211   1.23266    1342   15
   157   1.88374   1.59884   0.78793    1339   17
   158   6.17822   0.81058   0.72278     886   14
   159   4.18388   1.05819   1.43255    1207   17
   160   4.92633   2.53882   1.65612     950   11
   161   2.56174   1.32285   1.96078    1291   15
   162   1.57344   1.29454   1.49294    1773   20
   163   2.27520   0.58460   1.06466     847   13
   164   1.74165   0.61121   1.28928     931   12
   165   2.57728   1.07421   5.95260    1323   15
   166   0.61650   2.66510   6.07540    1199   13
   167   2.21478   1.58996   4.55848    1236   15
   168   1.78576   1.56344   1.17623    1593   16
   169   1.19119   2.82904   1.47369    1663   17
   170   4.14173   2.27219   3.46716    1441   12
   171   2.89395   2.29813   2.29485     820   15
   172   2.04198   2.71592   5.07039    1375   15
   173   1.87585   0.62283   2.54989    1000   11
   174   0.80143   1.96479   4.93768    1030   15
   175   2.08986   1.17346   1.87756    1905   19
   176   0.90004   0.09389   0.84112    1440   16
   177   1.06694   0.26932   2.50694    1652   17
   178   2.24106   2.62644   4.83667    1724   16
   179   5.29114   2.08562   0.77144     942   12
   180   1.54442   1.04681   3.38966    1156   15
   181   5.22025   0.97656   6.25479     831    9
   182   4.31958   2.55109   5.75761    1766   16
   183   0.67948   2.09039   5.53357    1005   14
   184   0.39726   1.27501   5.98845     764   11
   185   4.21123   1.95107   0.99056    1000   12
   186   2.35378   2.02143   0.43446    1391   17
   187   2.47969   1.76101   4.47481    1299   14
   188   5.21381   0.97656   4.72002    1963   17
   189   4.39290   1.90768   4.01076     758   10
   190   1.98153   1.33443   5.97530    1166   13
   191   5.43129   0.79944   4.63084    1553   15
   192   5.06456   0.63416   4.27348    1667   14
   193   3.80868   1.26034   2.25234    1467   14
   194   5.00202   0.90575   3.95318    1988   16
   195   5.56976   2.20965   3.44427    1184   15