     1   0.00000   0.00000   0.00000       0    0
     2   4.73547   1.66952   0.56521    1498   13
     3   6.11006   1.61697   1.98784     917   15
     4   2.18194   1.67334   5.76320    1163   15
     5   3.17779   1.55430   3.85355    1517   16
     6   5.87326   2.80652   4.79401    1207   15
     7   0.99478   1.87972   4.75587     915   12
     8   4.21138   2.21660   0.51535     936   13
     9   5.13867   1.17719   5.47918    1037   12
    10   0.53102   2.47259   3.91346    1284   14
    11   3.59933   1.94088   5.04048     612   11
    12   3.95456   1.27318   5.48402    1310   16
    13   3.38741   2.22720   4.68362    1005   12
    14   1.32946   1.84419   0.08042    1907   16
    15   5.96495   2.37850   6.23424    1246   12
    16   3.10150   1.31144   6.00847    1108   13
    17   0.41375   1.27872   0.66174    1088   12
    18   2.23357   2.58343   1.63568    1245   16
    19   1.80558   1.42148   2.49667    1698   17
    20   0.31451   1.08319   1.03010    1440   13
    21   1.28646   1.05668   0.93220    1715   18
    22   5.42880   0.95555   1.90218    1894   17
    23   0.17992   1.15283   2.37257    1768   15
    24   0.19718   2.25787   4.09478     901   15
    25   5.66752   1.15886   4.54989    2066   19
    26   4.46821   2.51239   5.24633    1154   12
    27   1.75953   2.29181   0.92452    1460   15
    28   0.34300   1.67188   1.34482    1333   15
    29   2.91903   2.82318   2.45130    1611   13
    30   2.48850   1.76436   3.89015    1033   13
    31   0.71170   1.36705   5.23141    1466   14
    32   3.19445   1.44489   2.36151    1592   18
    33   6.05376   1.84052   5.45975     713   11
    34   4.27264   0.23519   2.95606    1144   13
    35   0.98435   1.80254   1.82049    1670   15
    36   3.46169   1.54489   1.75170    1439   16
    37   3.52294   1.76255   2.40195    1100   15
    38   4.31409   2.04947   2.69796    1193   15
    39   2.36025   1.25004   5.48779    1473   15
    40   3.95816   2.49003   2.06829    1530   17
    41   1.89717   2.25504   2.95544    1297   15
    42   5.54814   2.17024   1.14042    1902   18
    43   0.89980   0.57279   6.17481    1442   15
    44   5.30501   0.77582   5.68335    1464   15
    45   1.05367   1.62418   1.71327    1446   15
    46   2.45207   1.29503   2.79311    1427   17
    47   4.14157   0.82835   0.26415    1430   15
    48   4.10652   2.76445   1.73946    1792   17
    49   3.02566   1.07424   4.70686    1045   11
    50   5.11636   0.66303   3.07303    2025   17
    51   2.73493   2.43415   4.88753    2337   20
    52   5.79366   2.18004   0.76906     703   13
    53   0.68491   0.57533   1.82882     893   12
    54   0.24768   1.42383   2.15307    2039   17
    55   4.62178   1.93240   3.64907     988   12
    56   5.08436   0.72692   3.74100    1474   16
    57   1.12732   2.34355   1.56011    1488   14
    58   0.52613   1.46915   0.38437    1084   14
    59   2.85432   1.59179   1.32995    1063   12
    60   6.18891   1.89955   1.53298     778   13
    61   1.13261   1.32555   0.91485    1153   14
    62   1.22996   1.21760   1.71334     996   13
    63   5.54507   2.20639   3.31990     960   12
    64   1.20801   0.80587   4.59240    2367   18
    65   2.55783   2.60736   0.53918    1634   14
    66   5.89886   2.57364   2.26259    1453   17
    67   3.57682   2.40893   1.58735     895   13
    68   1.44153   0.51811   0.29996    2160   21
    69   0.18291   0.31766   3.99169    1046   15
    70   5.86056   2.07971   3.51736     701   10
    71   0.87089   0.70646   5.90640    1738   15
    72   5.22292   1.35702   0.47962    1851   14
    73   2.43959   0.86381   4.95560    3987   21
    74   1.29164   0.97494   3.02129    1584   16
    75   1.05263   1.44659   0.62324    2166   16
    76   4.60739   2.48750   3.80512    1301   15
    77   2.12147   1.87606   3.46193    1270   18
    78   0.81052   1.21195   3.96425     961   13
    79   4.20749   1.92151   2.08786    1285   16
    80   3.78230   1.36337   3.85611    1563   15
    81   3.73408   0.56588   0.16560    1213   14
    82   0.46807   1.28196   0.42645     864   14
    83   1.65083   1.62525   1.24798    1602   14
    84   1.68333   1.71514   5.02287    1421   14
    85   4.28693   1.01598   1.21398    2045   19
    86   3.67230   0.72861   3.81449    1229   14
    87   2.75757   1.20904   2.54646    1238   14
    88   3.44723   2.59595   5.94197    1435   14
    89   3.55174   1.73674   3.98913    1737   16
    90   1.54188   2.71687   5.57662    1923   16
    91   5.89038   1.56913   5.36559    1313   15
    92   2.61452   2.09470   5.94951     692   11
    93   6.21914   1.94786   0.50029    1130   13
    94   4.45562   2.26122   3.86736    1068   13
    95   0.46062   1.45749   2.18818    2145   19
    96   4.04697   1.38011   1.52338    1768   14
    97   2.04987   0.44278   4.13597    1080   14
    98   5.54568   0.61039   5.55153    1178   14
    99   2.05929   2.00520   2.84694    1398   15
   100   3.16882   2.70886   1.33213     964   16
   101   0.07391   0.57771   5.80814     634    9
   102   4.03760   1.03350   2.12895    1089   14
   103   2.38680   2.46648   0.77726    1322   15
   104   3.11766   1.96074   2.92849    1413   16
   105   3.67717   1.44688   5.46125    1294   14
   106   2.80835   2.55877   4.93499     833   10
   107   1.16076   1.14334   1.86629    1494   16
   108   4.91703   0.82373   0.69331    2081   19
   109   2.33983   0.76444   1.28098    1374   17
   110   1.28079   1.61323   2.14289    1401   16
   111   3.98721   1.57947   5.12000    1313   15
   112   5.51749   1.83607   2.87032    1136   16
   113   4.03551   1.28095   0.48346     754   12
   114   3.99910   0.36349   2.60208    1218   14
   115   4.77582   2.03321   3.34372    1968   15
   116   4.22024   0.84167   3.05601    1441   16
   117   6.19302   2.72522   4.85524     961   12
   118   3.86369   1.95872   3.98278    1275   12
   119   2.90207   1.10391   5.13877    1594   17
   120   3.51200   2.30872   6.20969    1034   15
   121   3.05090   1.65914   0.56786     963   12
   122   2.20874   0.68066   4.03509    1161   14
   123   1.27384   1.55542   6.21739    1867   17
   124   3.50481   2.08863   4.03071     662   11
   125   5.22033   1.34283   5.79330    1194   14
   126   0.53887   1.21207   6.17623    1021   12
   127   3.60677   2.26217   5.24478    1137   12
   128   1.28859   1.13870   0.07190    1170   15
   129   3.58456   2.85097   5.48340    1134   13
   130   3.59431   2.48031   2.50036    2077   16
   131   2.91874   2.78851   4.91735    1386   14
   132   1.72969   0.56449   0.28169    1173   14
   133   1.77359   0.25762   1.21293    1733   16
   134   1.38790   1.84494   5.48030    1139   13
   135   6.24626   1.61872   3.75325    1132   14
   136   5.22292   1.35702   0.47962     879   14
   137   3.06659   1.46335   3.96034    1101   12
   138   4.65938   1.43054   1.31825    1391   14
   139   1.36597   0.49223   4.26301     876   12
   140   1.12430   1.24874   3.22964     816   11
   141   4.00684   0.94034   1.21252     741   12
   142   1.20963   1.35066   2.17814    1462   16
   143   5.74194   1.63121   4.22501    1191   14
   144   4.51974   2.05510   1.99562     952   12
   145   2.45207   1.29503   2.79311     941   15
   146   3.73834   2.28523   4.11882    1314   14
   147   0.41408   0.52487   5.80104     474    9
   148   1.18112   0.39611   4.21005     766   10
   149   5.45013   1.18811   4.40032    2318   17
   150   3.30422   1.21387   0.47631    1625   16
   151   2.29905   0.75609   4.36506     690   11
   152   1.02013   0.98949   5.01673    1564   13
   153   3.79172   0.89601   2.31338    1582   15
   154   2.69830   2.07859   2.09774     999   11
   155   4.06016   2.45939   0.56699     972   13
   156   0.54732   1.87772   4.87741    1249   15
   157   4.41706   2.35316   2.77375    1603   18
   158   0.96750   2.00543   0.83632    1246   13
   159   0.04063   1.05810   1.39502     785   11
   160   1.19206   2.90034   4.91793    2152   17
   161   5.76138   1.14374   2.41249    1500   13
   162   4.00517   1.95214   5.28357    1572   16
   163   1.76210   1.89840   3.72165    1231   15
   164   5.00284   1.20967   1.75551     801    9
   165   4.49099   2.25052   1.03554    1275   13
   166   5.31856   1.80909   4.21218    1056   15
   167   2.69271   1.57081   0.41751    1030   13
   168   2.06289   0.78344   6.22400    1416   15
   169   5.17617   1.85951   5.30216    1027   13
   170   5.70061   2.97686   4.49988    1710   18
   171   2.66506   1.50072   1.87517    1292   16
   172   2.96752   1.45690   5.31407    1822   16
   173   4.24306   2.28134   0.84967    1526   15
   174   4.65062   1.97998   0.08204    1237   15
   175   5.17043   0.74443   1.68978    1342   13
   176   3.82710   2.08815   3.93118    1929   20
   177   5.11920   1.33964   1.87254    1337   14
   178   3.77185   0.91221   4.71086    1171   12
   179   5.67052   0.95416   2.49700    1246   17
   180   4.18314   0.78217   1.53746     667   11
   181   4.44388   0.81197   1.41893     755   11
   182   5.30098   0.72540   1.09016    1590   15
   183   2.68203   2.36595   4.34248    1186   13
   184   0.87479   0.80519   5.60066     954   13
   185   0.45701   0.69227   1.37514    1338   15
   186   4.37057   2.82538   4.68103     965   14
   187   1.82448   0.68904   3.18130    1351   17
   188   1.65857   1.74213   0.69663    2107   18
   189   2.95807   1.26233   4.30034    1497   14
   190   3.62548   2.20642   2.21625     961   10
   191   3.86949   1.76513   4.01240    1405   14
   192   0.59574   2.13894   5.72274     904   12
   193   3.15813   2.26154   1.62297    2597   21
   194   1.12772   2.40945   0.62741    1594   17
   195   3.21133   2.30006   2.98916    1142   14
   196   2.97021   1.88190   0.75751     928   12
   197   5.20408   2.29325   3.10152    1075   13
   198   4.92616   1.85111   5.45425    1322   15