     1   0.00000   0.00000   0.00000       0    0
     2   1.09188   1.18573   5.85739    2349   18
     3   1.18535   1.59161   5.75621    1461   15
     4   3.98303   2.21662   5.10026    1170   14
     5   4.94178   1.42728   1.08136     885   11
     6   4.06086   2.47543   0.10080    1592   16
     7   0.58326   0.88457   3.19265    1308   17
     8   3.02944   2.43937   3.42686    1304   15
     9   0.29852   1.41110   3.07030    1215   14
    10   1.06388   1.35249   2.39247    1203   13
    11   3.33955   0.82954   0.75343    1271   13
    12   3.78175   1.89113   1.68031    1007   14
    13   5.16564   0.80103   1.29029     703   10
    14   4.73453   1.24359   1.18198    2100   16
    15   3.05287   1.70033   0.71160     944   14
    16   4.32660   2.51710   2.45158    1733   15
    17   4.44706   0.65778   5.25476     606   11
    18   2.30734   1.72104   4.47878    1698   13
    19   4.21778   2.03400   5.87272     684   12
    20   1.26224   1.86778   2.35321    1635   16
    21   0.55225   0.52558   6.01715    1681   17
    22   0.11509   1.89896   2.22942     990   13
    23   2.31867   0.72143   0.58037    1526   19
    24   5.10184   1.74058   3.61459     681   14
    25   3.11603   1.88713   1.14758    1474   15
    26   5.87098   1.61281   2.26838    1094   13
    27   3.89119   0.97240   5.90178    1661   16
    28   0.96791   0.55172   6.21596    1842   16
    29   0.24406   1.76528   1.43611    1669   19
    30   6.27027   1.70305   1.21503     619   13
    31   0.52577   2.13047   4.62303     814   12
    32   6.03731   1.27937   2.19084    1049   16
    33   3.24053   1.30658   4.00287    1241   15
    34   5.47052   2.57943   4.07748    1543   11
    35   4.98373   1.84005   5.48818    1372   15
    36   0.37243   2.42978   0.31506    1352   13
    37   2.99165   0.73228   2.27664    1745   14
    38   1.96226   1.75384   3.60565    1629   14
    39   4.33524   1.15280   6.05597    1197   13
    40   3.58670   0.90738   2.27115    1616   16
    41   0.70324   2.46901   1.76704    1433   15
    42   0.00797   1.07705   3.37778    1274   13
    43   1.33499   2.15791   2.48855     717   12
    44   0.99913   2.76515   0.89611    1236   14
    45   0.75235   1.51675   1.11296    1193   14
    46   5.29306   1.96014   2.64202     670   11
    47   3.72021   2.09173   4.97836    1429   17
    48   6.02973   1.00966   4.39333    1900   19
    49   3.58670   0.90738   2.27115     955   13
    50   3.78504   0.68829   0.95143    1277   16
    51   0.23148   1.52762   0.58273    1317   14
    52   0.97426   2.44474   4.86434    1982   14
    53   4.44099   1.76186   1.70655     847   13
    54   0.70656   1.84313   4.67616    1123   13
    55   3.03992   3.00625   5.89899    1498   18
    56   3.07497   1.74103   2.26150    1520   14
    57   5.73002   0.89785   1.20100    1177   13
    58   0.59163   2.94946   2.42958    1015   13
    59   0.55629   2.31942   1.01752    1250   14
    60   3.98699   1.11003   1.31335    2173   16
    61   2.64366   2.36092   5.60863    2372   22
    62   5.49616   1.46683   3.60722    1919   18
    63   5.09080   1.57765   0.26837    1240   18
    64   1.56354   2.19858   3.03416    1283   14
    65   4.80745   2.44094   6.03923    1851   19
    66   4.95985   2.25751   0.41861    1520   18
    67   5.51543   2.58228   5.38480    1071   14
    68   5.96751   1.92070   2.81891    1790   14
    69   5.37517   2.19896   2.14533     819   12
    70   2.18171   0.95756   6.14797    1382   14
    71   3.03578   2.18575   0.43507    1766   13
    72   4.64253   1.96740   4.22611    1280   13
    73   3.22006   0.64530   5.01350     591   10
    74   0.01454   2.68131   2.36804    1314   15
    75   1.33699   2.73625   6.10297    1603   16
    76   5.79248   0.44070   2.34816    1513   14
    77   3.04226   1.94627   4.25072     948   12
    78   4.91322   0.71262   0.16211     800   12
    79   4.78814   1.31145   3.69266    2206   17
    80   0.02759   1.33601   2.46868    1611   12
    81   0.99865   0.66220   0.73215    1697   19
    82   1.76979   0.64123   3.21159    1127   12
    83   4.06413   0.66295   3.15240    1627   15
    84   4.59702   1.48374   1.94512    2347   20
    85   5.08281   1.08482   3.85285     912   16
    86   0.03612   2.21331   4.29061    1371   13
    87   1.06027   1.04398   2.38862     972   15
    88   1.86012   0.90238   1.34743    1688   15
    89   3.96930   2.46754   1.58630    1606   16
    90   5.82757   1.99486   4.53093    1033   15
    91   4.07035   0.36461   0.80274    1036   13
    92   5.03003   1.37987   4.38133     660   10
    93   0.79341   1.80060   6.10304    1199   13
    94   4.84247   0.76537   0.12349    1475   16
    95   2.50840   1.77088   2.40591     999   12
    96   0.45344   1.33191   4.86611    1055   16
    97   1.96421   0.95566   1.52693     950   13
    98   3.89753   1.71285   2.65532    1069   12
    99   5.22354   2.71720   5.90483     724   10
   100   4.92193   0.86340   1.55801    1708   17
   101   4.36816   1.30491   3.82640     542    9
   102   4.95235   2.00236   2.63458    1140   14
   103   4.16264   2.16223   2.34673     779   11
   104   5.38504   2.23778   5.86831    1704   18
   105   4.26728   2.29342   5.87395    1105   11
   106   3.01919   1.82451   0.86881    1678   18
   107   1.49412   1.21787   5.48570    1172   16
   108   1.72199   2.66854   4.82239    1499   16
   109   2.66432   1.36818   4.21947    1347   17
   110   5.98361   2.89883   4.94719    1513   16
   111   2.76335   0.71747   2.90642    1580   17
   112   5.76820   1.23163   0.76695    1488   17
   113   5.06308   0.72074   4.59729    1158   12
   114   0.60606   2.61063   4.06914    1722   13
   115   6.13036   2.64093   2.79830    1516   15
   116   0.75945   1.21017   0.11393    1383   17
   117   4.44040   0.84777   5.70453     923   11
   118   4.99958   1.55225   1.70863     846   16
   119   5.84977   0.35800   6.01803    1038   16
   120   0.83983   0.49623   3.07541    1441   14
   121   1.73238   1.24645   1.18475     896   14
   122   1.41246   1.10917   4.05721    1046   11
   123   5.74662   2.06544   0.30691    1461   16
   124   3.34088   2.34814   3.85114    1222   14
   125   5.82113   1.65228   1.06512    1249   16
   126   3.23618   1.68433   2.64762    1181   15
   127   2.33294   2.02538   2.12660    1153   14
   128   0.65026   1.00457   1.67156    2017   18
   129   5.82862   0.97976   2.87010    1173   16
   130   5.99600   2.67109   0.88023    1649   18
   131   2.24335   2.30301   0.24635    1252   14
   132   2.40500   2.09237   1.54518    1521   15
   133   5.11947   2.40141   1.28748    1820   15
   134   5.81167   0.51364   3.49018     824   12
   135   2.59081   2.68969   0.43537    1655   19
   136   6.08937   0.89438   0.14598    1663   19
   137   3.31791   0.66271   1.09818    1864   18
   138   3.97295   0.81261   2.58017    2422   18
   139   1.31859   2.47193   0.81459    1481   15
   140   5.56503   0.94103   3.72046    1870   19
   141   5.68021   0.71393   1.61291    1780   20
   142   1.14219   1.40722   2.53099    1153   15
   143   1.50394   1.67672   4.21675    1272   13
   144   4.49956   2.06865   4.71352    1329   13
   145   4.87269   2.38891   5.64795    1336   14
   146   0.56229   1.70085   4.55196    1482   16
   147   1.86285   1.43929   1.82082     877   14
   148   3.68351   1.21348   5.89745    1606   20
   149   1.87327   1.57833   3.04329     741   12
   150   4.49979   1.77587   4.10653    1154   13
   151   2.98470   2.25813   2.67118    1103   13
   152   1.78173   2.00381   5.58255    1313   15
   153   5.75267   2.22329   4.94722     788   11
   154   3.51437   1.68661   4.89396    1232   17
   155   0.14459   0.93400   5.78232     925   15
   156   6.14815   2.29483   1.23435     945   12
   157   5.55749   1.42031   0.06052    1250   13
   158   1.18219   1.88066   3.69643     912   14
   159   4.52329   1.15469   0.07399     923   13
   160   6.07403   0.59314   3.29645     894   14
   161   0.51430   1.60517   3.27998     719   10
   162   1.78700   2.07481   5.60345    1145   14
   163   6.13775   0.49719   4.63042    1273   18
   164   5.67411   2.04814   0.58704    1273   16
   165   2.17427   1.20665   5.53445    2245   21
   166   0.82408   2.23305   1.30516    2779   19
   167   5.84210   2.97606   4.79978    1469   14
   168   5.41969   1.93577   2.65148     917   14
   169   4.90682   1.24271   0.21285    1249   15
   170   4.54969   2.01999   3.66036    1101   14
   171   2.09650   2.24549   3.33844     716   13
   172   5.94960   1.71944   4.26687    1355   17
   173   2.58728   1.14405   5.22445    1586   19
   174   1.34914   0.92978   1.52748     655   12
   175   1.41357   2.13157   4.05579    1002   11
   176   1.35025   2.19946   1.16731     948   11
   177   3.96495   1.49404   1.80981    1289   16
   178   6.17249   1.54751   0.84764     792   10
   179   4.99668   2.83321   3.35690    1628   15
   180   5.83128   0.19288   4.41425     949   12
   181   1.54160   1.48110   2.97413     792   13
   182   3.89589   0.62633   1.52679    2079   20
   183   0.16963   1.22215   2.50740    1116   16
   184   1.98191   2.05928   6.22240    1586   14
   185   0.65996   1.09822   1.72299    1674   17
   186   0.43078   1.07345   5.14412    1450   15
   187   0.07263   1.52329   4.55079    2638   23
   188   5.10133   2.52885   1.25711    1194   14
   189   4.86975   2.04602   0.55721    1941   20
   190   0.02781   1.96119   4.03060    1497   17
   191   0.07958   1.48838   0.65465     925   12
   192   3.52613   1.95111   2.51456    1313   14
   193   1.66810   1.58981   0.60414    1190   15
   194   3.85374   2.17138   2.91766    1937   19
   195   0.70279   2.00588   2.83164    1494   15
   196   3.08182   0.58668   0.58047    1013   15
   197   0.68951   1.79782   3.53222     831   11
   198   1.29693   1.27521   4.10214     847   12
   199   2.17267   1.37009   3.59415    1746   16