     1   0.00000   0.00000   0.00000       0    0
     2   1.57139   1.18843   6.25126    1420   12
     3   3.47169   1.44361   1.79250    2264    5
     4   1.40048   0.80884   5.89380   11736   20
     5   4.00031   0.84299   6.00432    2306   11
     6   0.83345   1.32196   5.00358      75    4
     7   3.32498   1.86459   0.20114    1164   13
     8   5.49311   0.53067   1.94247    1978   16
     9   5.57075   1.58967   5.23789    1468   11
    10   0.65668   0.83814   1.68023     562    8
    11   5.69832   0.79824   6.09087     640    7
    12   5.63596   2.29661   4.71184    7253   14
    13   3.66759   1.23898   6.19415    1088   12
    14   1.48987   0.69716   5.80578     269    7
    15   0.51109   1.33395   0.90508     403    7
    16   0.83345   1.32196   5.00358     959    7
    17   3.63335   1.26907   4.92759     404    7
    18   3.37929   1.31265   0.90605       2    1
    19   2.68490   1.46683   3.02117    1650   10
    20   0.72441   1.10576   5.27854     872   10
    21   1.86138   0.88095   1.62237    2286    9
    22   1.76107   2.15169   4.49363     700    7
    23   4.53306   0.69096   0.23271     264    8
    24   5.62611   1.43402   5.70581     467    8
    25   5.61159   2.18881   2.50549    1877   13
    26   1.73729   0.86706   1.02597    3488    9
    27   0.04821   2.06689   2.57471    1301   12
    28   4.18094   2.11345   0.59865      10    1
    29   1.20641   2.68489   4.39505     312    7
    30   0.42410   2.46580   6.17402     702    5
    31   1.78889   2.95425   5.78106     949    9
    32   1.24714   1.82015   4.88576     383    4
    33   4.37836   1.51927   3.61126    6269   13
    34   2.55742   2.39233   0.71070    1818   12
    35   0.89850   1.16506   1.30174     202    5
    36   2.62306   2.20457   0.25568     948   11
    37   2.51005   2.31383   0.45180     838   11
    38   0.22780   2.39493   2.03335    3252   18
    39   2.34316   2.10388   4.90190     772   10
    40   3.80079   0.86779   2.95443    3112   12
    41   1.83943   1.44221   2.14766    8628   22
    42   5.29292   1.98214   2.09395    2287   12
    43   4.18094   2.11345   0.59865    8349   23
    44   5.54428   1.84619   2.29520    1738   16
    45   0.76314   2.86524   1.14063    9004   22
    46   0.60738   0.83795   0.78960     138    5
    47   4.26213   0.74896   3.04590    1007    9
    48   2.80999   1.15379   5.34372    6048   23
    49   2.18260   1.10933   3.82994     877    9
    50   6.20358   1.04071   0.34873     203    5
    51   4.68600   0.64214   4.90072  108546   68
    52   5.16359   2.42923   2.01855     634    9
    53   2.26305   1.80519   1.00375    5412   13
    54   4.09995   0.38268   2.84763     231    7
    55   3.07818   1.77548   5.53342     500    8
    56   0.58568   1.89571   2.14677    1207   12
    57   3.90260   2.06211   3.73255     140    4
    58   1.64693   2.73966   0.81030      80    5
    59   4.77005   3.01125   4.76451     282    5
    60   0.33097   1.38502   0.72342    1246    7
    61   1.97467   0.72303   2.50267     467    9
    62   5.70092   2.16312   2.08609     516    7
    63   4.15253   2.04874   2.99319     221    6
    64   2.80999   1.15379   5.34372      41    3
    65   1.61549   1.79074   1.85433    1168   10
    66   0.30958   1.01260   3.10281    1836   12
    67   2.47491   1.20887   3.00489     671   12
    68   2.79710   1.93073   2.14229    7833   18
    69   3.38772   1.16386   0.35428     832    5
    70   3.90260   2.06211   3.73255     139    5
    71   3.11441   0.46337   2.15886    2230   12
    72   5.73196   0.91743   0.94540    1356   10
    73   1.75081   1.34235   1.59502    1369   14
    74   0.84324   1.92344   6.12057     454    9
    75   1.31019   2.91116   4.91013     408    8
    76   4.89257   2.50392   5.84647     407    8
    77   3.85593   2.06694   3.09126     766    9
    78   2.71992   0.73715   0.85072   18410   29