     1   0.00000   0.00000   0.00000       0    0
     2   3.24195   1.45019   0.45757     755   10
     3   0.42640   0.57151   5.06604     786   14
     4   0.67252   2.50852   2.71383     612   11
     5   4.28243   0.84471   4.99914    1009   14
     6   2.26061   1.26824   2.12170    1810   14
     7   4.11477   0.90679   1.29115     704   11
     8   4.42607   1.72502   3.10914     710   11
     9   5.53040   1.77228   0.90781    4888   21
    10   0.30991   0.70747   5.22164     351    9
    11   6.13030   0.64705   3.11826    2518   16
    12   2.47159   1.16964   5.01330     519   11
    13   3.01253   2.00157   5.79411    2183   15
    14   0.73889   1.30893   2.09895    1504   15
    15   0.50072   0.58547   3.48857     660    8
    16   3.71974   2.56705   4.36714     360    8
    17   1.09326   2.13511   5.08121    1028   12
    18   0.78583   2.24269   4.81141    3867   18
    19   5.01455   2.31073   0.91475    2998   19
    20   4.24250   1.01565   1.10879     670   12
    21   2.40890   1.26663   3.74578     862   11
    22   2.21540   1.20486   0.61813    2796   22
    23   2.43315   1.35089   2.13248    4113   21
    24   5.38759   2.11292   5.60042     577   11
    25   5.53633   1.88093   0.97803     927   12
    26   3.63457   2.47434   1.08577    1211   12
    27   2.85985   0.99849   4.24225     859   11
    28   0.51092   0.71923   0.30985     611   11
    29   0.53746   0.86560   3.27945    1048   13
    30   3.73035   2.52404   2.81791     991   12
    31   3.58418   2.30846   2.72274    4329   19
    32   2.24227   2.50449   0.93847    1048   11
    33   3.90853   1.31464   2.70301     789   14
    34   3.98577   0.85119   2.88360    3520   23
    35   5.55092   1.75737   1.00628    3436   19
    36   5.42498   1.76958   2.44277     311    8
    37   4.00943   0.90631   1.38602    1099   14
    38   2.50334   1.24890   2.11675    2150   16
    39   5.58304   1.79798   2.67688     744   12
    40   1.04283   2.17425   1.89530     580    9
    41   4.05412   0.98340   1.33965    5134   26
    42   1.67114   0.95140   4.78859    2493   15
    43   0.51092   0.71923   0.30985     938   15
    44   0.90381   1.03985   2.55913    1906   16
    45   5.40374   1.90418   2.58201    1641   15
    46   4.09863   2.05581   3.76748    1063   11
    47   0.51092   0.71923   0.30985     540   12
    48   5.56201   1.77818   2.57789    1587   13
    49   1.04283   2.17425   1.89530    2458   19
    50   5.19589   0.32672   5.91733     522    9
    51   3.37755   2.47255   0.93326    1073   16
    52   2.30672   1.28464   5.28519    1616   13
    53   5.69906   1.17950   0.92435     484   11
    54   0.03261   0.76258   5.37679    2210   15
    55   4.21885   0.88508   6.02956     645   13
    56   5.56201   1.77818   2.57789    1900   13
    57   0.53746   0.86560   3.27945     569   13
    58   3.80284   0.70230   6.11363    3401   20
    59   2.33042   1.21902   3.80666     414    9
    60   0.39888   0.75950   2.10802     447    9
    61   1.08373   2.27758   5.08549     738   10
    62   1.39807   0.93988   5.98479    3119   23
    63   2.26061   1.26824   2.12170     565    9
    64   0.55321   0.69658   3.58004     441   12
    65   0.50072   0.58547   3.48857     401   10
    66   3.53619   2.36029   5.37392    2131   19
    67   2.46409   1.39508   0.68545    2367   20
    68   0.73243   1.51428   2.88055    1103   13
    69   4.25542   0.98550   1.09523     314    7
    70   3.64423   2.54808   5.98512     445    8
    71   1.13635   2.13372   5.09226    4686   23
    72   5.56201   1.77818   2.57789     735   13
    73   3.59998   1.34306   3.42063    2288   16
    74   0.98037   2.17484   4.94638    2094   16
    75   0.35444   1.71787   1.26232    1497   15
    76   1.62811   2.86070   1.52563    1369   14
    77   2.44019   1.37440   2.14337    4181   21
    78   0.50072   0.58547   3.48857     439    9
    79   5.49215   1.84621   0.90374    1333   16
    80   0.66182   1.69990   5.41177    1846   17
    81   3.44338   2.01647   0.85554    1323   13
    82   1.08067   2.01516   0.31940    1418   13
    83   5.69378   0.70971   2.59096    2992   21
    84   1.14038   2.20455   5.17112    2284   17
    85   4.00598   1.06015   1.31499    4219   21
    86   1.62811   2.86070   1.52563     645   11
    87   3.08813   1.76215   5.49827    2785   23
    88   0.86519   2.22133   5.03274     470    8
    89   4.13047   0.94011   4.31458    1908   15
    90   0.85839   2.36619   3.42142    4410   24
    91   1.62811   2.86070   1.52563    1420   12
    92   0.89436   2.19299   4.98047     402    6
    93   2.53042   2.66159   1.37355     784   11
    94   1.08373   2.27758   5.08549    5139   26
    95   5.99240   0.79846   0.93739    1873   18
    96   0.54584   0.67332   5.12929     658   13
    97   3.42386   0.72199   5.06785    1961   16
    98   2.20822   1.45541   1.15832    1335   14
    99   0.35444   1.71787   1.26232     439   12
   100   2.83853   1.02159   5.94173     552    9
   101   0.64479   1.11837   2.10601    1016   12
   102   0.95418   2.26665   1.84136    1841   10
   103   2.40219   1.36558   5.18286    2110   22
   104   0.21978   0.92320   1.15076     430   11
   105   0.89436   2.19299   4.98047     843   10
   106   4.45767   1.90448   3.44659    2557   18
   107   4.43295   1.56640   3.29678    3786   23
   108   4.41424   0.95862   6.23209     543   10
   109   3.90853   1.31464   2.70301     670    7
   110   3.61203   2.48077   4.36061     606    9
   111   1.93577   1.00958   4.74213    2338   18
   112   5.57492   1.90294   4.11170     478    8
   113   0.51092   0.71923   0.30985    1706   17
   114   0.97223   2.03533   4.97666     350    7
   115   4.70203   0.71257   5.50735    1740   17
   116   5.26560   1.23914   4.93958    3124   20
   117   1.10957   1.46443   1.10618    5583   27
   118   1.05103   2.09174   3.51481    3392   17
   119   6.10060   1.57045   0.17614    1414   14
   120   5.49888   1.96653   0.95258    1672   15
   121   2.43073   1.15402   2.11098    2244   18
   122   5.80305   2.72720   4.39362     634   11
   123   0.95499   2.06877   0.54479     993   13
   124   3.61676   2.34998   1.08759    1053   13
   125   1.04292   2.14969   3.53749     904    9
   126   5.58403   1.87318   2.25240    1292   12
   127   3.24195   1.45019   0.45757     954   10
   128   0.40224   0.69644   3.69843    3413   18
   129   4.51225   2.28037   5.10385     945   11
   130   0.37280   2.41669   2.43922     863   12
   131   3.52116   2.51948   5.85856     259    9
   132   2.23935   1.19290   0.60515    3690   16
   133   6.04139   2.02070   3.50487    1293   16
   134   4.19031   1.84247   2.93934    1034   13
   135   6.16458   1.51532   3.05390     689   10
   136   0.60020   1.40253   6.17535     638   11
   137   5.18788   0.77039   0.13109     413    8
   138   1.68956   1.53605   0.92864    3862   26
   139   5.48949   1.82993   5.61501    1236    9
   140   4.11477   0.90679   1.29115     799   12
   141   4.48561   0.55623   5.95987    3116   22
   142   3.98577   0.85119   2.88360     355   10
   143   3.64190   2.42836   1.05899     628   10
   144   5.50424   1.74150   0.87797    1000   13
   145   0.86830   2.13778   0.30219    2341   18
   146   5.43725   1.90238   0.88021    1569   12
   147   3.46545   2.37857   5.76729     574   11
   148   2.29821   1.25463   5.32950     582    8
   149   1.62811   2.86070   1.52563     483   10
   150   5.41605   1.90369   0.94613     432   10
   151   3.05658   1.17511   6.23514    1191   15
   152   0.50072   0.58547   3.48857     390   11
   153   1.01112   2.25863   1.87811     419   10
   154   0.57008   0.58543   5.03413     545   10
   155   6.05055   0.88484   1.92012    5030   28
   156   3.90853   1.31464   2.70301     559   11
   157   4.97005   2.26545   3.98146     548   12
   158   3.21718   1.23695   4.59037     363    7
   159   5.46534   1.65826   4.27567    1286   14
   160   1.97273   1.67901   3.94830     609    7
   161   3.19367   1.40874   0.44450    1970   14
   162   4.34801   1.74094   0.89911     522    9
   163   5.45459   1.39291   1.50403    3471   19
   164   2.41597   1.41521   5.38238    2591   17
   165   0.38791   0.74666   5.23793     880   12
   166   0.67252   2.50852   2.71383     503   10
   167   5.38212   1.86596   5.84487    1104   13
   168   0.20538   0.75799   5.46120    3989   20
   169   4.01579   0.87244   1.19753    1604   15