     1   0.00000   0.00000   0.00000       0    0
     2   2.78697   1.22753   1.76534    1839   18
     3   2.83935   1.21204   1.88472     995   12
     4   4.53554   1.24700   4.35095    1182   12
     5   4.38157   1.29002   4.48597    1115   12
     6   4.47256   1.37747   4.38149    1288   15
     7   0.45324   0.24746   5.49342    2270   17
     8   3.57269   2.66403   0.84573    1124   13
     9   3.83431   2.81207   0.90134    1270   14
    10   5.89949   1.69057   4.39213    1002   14
    11   1.36632   1.77571   1.96841    1600   15
    12   0.54479   0.40213   5.41303     974   14
    13   1.20264   1.78814   3.31446    1177   15
    14   2.77949   1.40648   3.27928    1025   11
    15   4.42419   1.35841   5.98542    1947   17
    16   3.55626   2.65490   3.90998    1288   15
    17   3.52385   2.78347   0.71785     843   12
    18   1.28949   1.94401   1.82299     905   11
    19   1.24954   1.86487   1.73598    1798   15
    20   1.33432   1.77217   3.50992    1038   10
    21   2.80848   1.35232   4.90109     859   12
    22   4.42322   1.22263   2.99803    1575   16
    23   2.83837   1.29131   4.96778    1329   16
    24   5.87355   1.80606   5.95226    1323   14
    25   0.80934   0.29871   2.09342    1172   14
    26   0.53566   0.35202   2.33292     989   15
    27   2.78353   1.37878   1.85996     842   13
    28   2.69962   1.33804   3.45130    1174   15
    29   4.47256   1.37747   4.38149    1377   14
    30   3.93295   2.81037   2.54857    1371   16
    31   1.31454   1.81930   1.87169     686   10
    32   1.21678   1.91938   1.83975    1300   13
    33   1.33521   1.86352   3.52487    1358   19
    34   3.90193   2.71531   4.10282    1369   15
    35   2.92904   1.26797   1.80817     679   11
    36   4.39873   1.35395   4.32715    1732   18
    37   3.68228   2.86121   4.01951    1588   16
    38   4.40615   1.30283   4.44996     834   16
    39   1.21944   1.79890   0.26695     655   12
    40   1.26165   1.87351   4.98549     869   12
    41   0.72128   0.32659   3.62585    1234   12
    42   4.54666   1.27749   1.29001    1167   17
    43   0.34403   0.32491   4.16350     924   12
    44   5.81774   1.79380   4.31088    1207   14
    45   4.47197   1.40039   2.97254    1366   15
    46   1.33111   1.76426   3.30106    1783   18
    47   5.87659   1.72880   4.46662    2427   16
    48   6.01848   1.94269   6.03672    1199   14
    49   6.05880   1.79991   4.50742    1079   12
    50   0.31006   0.39674   4.19942    1134   16
    51   1.24954   1.86487   1.73598    1381   17
    52   3.75824   2.75700   5.54052    2101   17
    53   5.94526   1.84565   2.85971    1653   14
    54   4.59569   1.25093   5.90734    2175   21
    55   1.39768   1.90111   3.55105    1946   21
    56   0.36795   0.32997   2.51161    1470   15
    57   0.68578   0.25928   5.31223    1414   18
    58   5.92719   1.78295   6.06686    1424   16
    59   0.11993   0.45514   1.01853    1868   16
    60   5.94680   1.76604   4.58909    1452   15
    61   4.56473   1.22174   6.02774    1480   14
    62   3.54817   2.76793   2.16465    1322   13
    63   2.80503   1.37006   4.86230     960   12
    64   1.23944   1.92422   5.05949    2101   16
    65   5.94680   1.76604   4.58909     807    9
    66   3.53508   2.65121   2.20956     661   14
    67   1.20077   1.87401   5.04394    1410   16
    68   5.92471   1.84264   2.91233    1246   14
    69   1.39927   1.90847   3.44268    1560   15
    70   6.02497   1.73895   6.05395    1031   12
    71   6.03235   1.78026   1.32647     810   13
    72   0.50650   0.49763   5.46620    1903   18
    73   5.99060   1.76382   1.32775    1247   14
    74   5.94719   1.93392   1.34646    1457   17
    75   1.31339   1.80449   3.39612    1233   13
    76   4.47256   1.37747   4.38149     966   12
    77   3.64037   2.77067   0.81798    1188   12
    78   0.11625   0.35359   1.12453     966   16
    79   5.98239   1.89118   4.53295     807   12
    80   3.61484   2.82304   0.71674    1479   16
    81   1.36632   1.77571   1.96841    1167   14
    82   1.24254   1.73010   0.33751    1097   14
    83   5.97998   1.88368   1.42665    1316   13
    84   4.43232   1.24595   6.01535     872   13
    85   0.73013   0.30373   2.06817    1490   17
    86   0.54632   0.32473   3.79590    1287   16
    87   0.66123   0.26793   3.84830    1988   18
    88   6.07159   1.81960   2.93680     938   11
    89   6.00129   1.86515   1.34585    1664   16
    90   0.41377   0.43533   0.83648    1349   16
    91   0.64088   0.34707   3.87582    1063   12
    92   4.54666   1.27749   1.29001    1413   14
    93   2.81344   1.24367   4.92642    1502   19
    94   3.59413   2.69628   3.87421    1235   14
    95   3.36867   2.72902   2.10315    1456   15
    96   2.81248   1.27961   0.17337    1120   14
    97   2.75061   1.23151   4.95638    1674   15
    98   3.62006   2.67607   0.72532    1310   14
    99   6.04358   1.80759   4.34939    1484   16
   100   3.82393   2.71295   4.15299     806   13
   101   5.83600   1.76382   1.23820    2507   20
   102   0.29643   0.32240   4.16277    1036   13
   103   0.61674   0.40475   3.90829    1809   16
   104   2.89781   1.18434   3.44194    1125   13
   105   4.38081   1.21360   6.05168    1655   16
   106   2.92336   1.30058   0.22204    1092   12
   107   3.75581   2.75271   1.04926    1711   16
   108   4.53038   1.29516   5.93190    1379   15
   109   1.19047   1.84425   5.02330    1609   12
   110   5.87738   1.77113   1.20355    2507   22
   111   6.07557   1.86431   2.93410    2566   23
   112   5.79142   1.90565   2.83123    1151   15
   113   5.88741   1.89263   2.86503    1067   16
   114   0.65723   0.29779   3.82611    1754   15
   115   4.43006   1.36173   5.92836    1457   15
   116   6.07824   1.83037   4.55200    1045   13
   117   1.26600   1.90444   5.05708     703   11
   118   3.31039   2.76485   0.34769     732   12
   119   4.54171   1.30277   5.96188    1245   11
   120   1.36815   1.83539   3.31119    3626   24
   121   2.86368   1.17684   3.44128    1034   10
   122   4.41223   1.40746   6.02043    1328   16
   123   3.72841   2.79004   4.10519     859   12
   124   2.92311   1.27327   1.75536    1003   12
   125   2.81344   1.24367   4.92642    1412   17
   126   2.82202   1.40195   3.34826    1803   17
   127   0.50650   0.49763   5.46620    1925   17
   128   4.45730   1.30132   4.44569    1188   15
   129   0.38372   0.45560   3.89105    1201   17
   130   4.47256   1.37747   4.38149     955   15
   131   3.85268   2.68904   5.67256    1875   19
   132   3.49594   2.67012   3.91765    1091   12
   133   1.28619   1.93103   4.96876     746    8
   134   3.80497   2.71638   5.81504    1113   14
   135   0.67860   0.25838   3.80755    1692   14
   136   3.64087   2.64418   3.92727     897   14
   137   0.58134   0.42244   0.79690    1102   15
   138   1.23469   1.78057   0.14907    1241   14
   139   4.54373   1.34791   6.08169    1311   16
   140   1.27028   1.77786   4.96101    1890   16
   141   1.21944   1.79890   0.26695    1585   16
   142   3.66214   2.82368   0.81697    1031   11
   143   1.17183   1.76875   0.33012    1050   14
   144   2.72401   1.45352   5.06078    1975   17
   145   3.41581   2.85128   2.21912    1245   16
   146   4.39498   1.40132   2.74814     522    9
   147   4.39873   1.35395   4.32715    1093   14
   148   3.52385   2.78347   0.71785     687   13
   149   4.47256   1.37747   4.38149     694   11
   150   0.62012   0.37922   5.42440    1228   15
   151   2.73096   1.40123   4.94487    2058   19
   152   2.90131   1.27387   4.91916    1906   18
   153   2.81248   1.27961   0.17337     735   12
   154   2.88501   1.40372   0.28199    1297   18
   155   4.46232   1.33322   4.43652     895   13
   156   3.61313   2.72064   5.44060     724   14
   157   2.73923   1.28570   5.06463    2118   18
   158   1.23148   1.96198   5.03054    3218   22
   159   4.46215   1.34158   5.89788    1457   15
   160   5.86408   1.91005   2.77451    1586   14
   161   1.23407   1.72008   1.83590    1684   15
   162   4.39873   1.35395   4.32715     675   14
   163   4.45688   1.34849   2.85129    1564   18
   164   1.20543   1.73951   0.25934    1091   13
   165   1.29745   1.93119   1.81115    1277   12
   166   3.65047   2.72300   0.83281     936    9
   167   5.98239   1.89118   4.53295    1001   14
   168   4.54675   1.20655   2.77533    2249   19
   169   0.49222   0.30723   5.47090    1011   13
   170   1.31454   1.81930   1.87169    1090   13
   171   5.94047   1.76772   4.41209     907   11
   172   4.39873   1.35395   4.32715    1687   19
   173   0.64591   0.47478   0.70399    1157   14
   174   1.22527   1.84194   4.97210    1433   16
   175   5.98417   1.92914   1.37345    1247   16
   176   1.26024   1.85535   0.18606    1177   13
   177   0.49197   0.23008   5.46799    1517   13
   178   0.55756   0.46310   2.30834    2053   17
   179   5.97154   1.91202   2.83195    1146   15
   180   3.68228   2.86121   4.01951     583   10
   181   0.82884   0.38476   5.24524    1927   18
   182   1.38785   1.83893   1.82725    1329   14
   183   0.66642   0.45183   3.71137    1423   16
   184   0.65881   0.27033   2.20610    2046   16
   185   0.68680   0.26205   3.74174    1258   13
   186   2.74217   1.30963   0.23617     790   13
   187   4.33079   1.30388   2.91959     907   12
   188   3.65209   2.77851   2.48189    1612   17
   189   1.30582   1.86288   1.77826    1162   11
   190   2.89781   1.18434   3.44194     968   13
   191   0.25010   0.42775   4.17825    1361   18
   192   4.39873   1.35395   4.32715    1759   17
   193   1.39927   1.90847   3.44268     691   12
   194   2.92018   1.30592   1.81321    1088   14
   195   2.83422   1.25894   0.39518    1330   15
   196   5.79175   1.90327   4.37333    1822   18
   197   6.05240   1.72194   1.26232    1610   17