     1   0.00000   0.00000   0.00000       0    0
     2   5.97949   2.36589   3.26355    1162   15
     3   0.59989   0.37589   1.85033    1265   13
     4   4.94718   1.40872   1.82256    1351   13
     5   5.71002   2.32727   2.14115    1789   16
     6   3.68488   2.11002   4.52245    2174   17
     7   4.38455   2.52138   4.80727    1288   18
     8   0.39513   2.68273   4.45610    1012   15
     9   2.96367   1.42427   5.61238    1100   14
    10   2.54543   1.72802   2.28602    1161   13
    11   6.07547   1.82523   0.98632    1145   13
    12   1.12607   0.64795   3.39602    1173   14
    13   4.38299   2.50621   4.82735    1533   16
    14   1.42420   2.30103   0.10350    1076   12
    15   1.83124   1.76070   3.11401    1196   13
    16   3.75164   0.47463   1.61829    1090   10
    17   4.06702   2.80335   6.12631    1084   14
    18   2.46760   1.12862   4.91762     826    9
    19   0.90502   1.85950   4.85111    1343   15
    20   5.78416   2.23181   1.12474    1322   14
    21   1.17114   2.35729   1.58232    1161   12
    22   5.37562   2.20944   4.52606     886   14
    23   0.48321   1.72249   3.20583    1974   16
    24   5.98118   1.03528   0.86127    1036   13
    25   4.30627   2.50733   3.00218    1100   13
    26   4.81284   0.56092   6.15776    1011   13
    27   2.58400   1.47848   3.43587     850   11
    28   2.31533   2.28536   1.72560    1457   15
    29   4.03496   1.22699   3.12443     951   14
    30   2.29193   1.60829   0.80214     624    9
    31   4.41991   0.84714   3.13811    1137   15
    32   5.45137   1.31634   5.80615    1153   15
    33   4.44070   0.90129   6.15774    1625   17
    34   3.82149   0.37190   4.55767    1232   15
    35   0.96113   0.46435   0.15779    2040   18
    36   0.10858   0.91856   3.05322    1512   13
    37   0.22744   2.26519   1.10751    1818   18
    38   4.38098   0.81829   6.27356    1380   14
    39   1.15237   0.63882   0.06523    1416   16
    40   2.11472   1.87377   5.23654     955   13
    41   2.62583   1.40710   0.22503    1713   15
    42   2.79732   1.49530   3.88318     860   11
    43   2.40197   0.81834   6.14604    1988   20
    44   4.23007   2.80611   3.13020    1356   13
    45   2.20486   1.36165   4.73151    1027   12
    46   4.23007   2.80611   3.13020    1184   15
    47   5.93951   1.51995   0.81360     833   13
    48   2.52319   1.50841   1.90730    1031   12
    49   4.48414   1.71144   2.31277    1603   14
    50   4.23530   1.17185   3.06463    2201   21
    51   3.62138   2.82349   1.06389    1001   13
    52   0.32678   1.34847   3.60692     884   12
    53   2.85358   1.74619   3.83315    1676   15
    54   4.62923   1.66861   6.06239     906   10
    55   1.37074   0.84511   3.77869    1675   16
    56   4.62923   1.66861   6.06239     824   11
    57   4.07423   1.41851   5.56190    1405   14
    58   1.31113   0.77820   3.11348    1251   12
    59   1.57168   0.92516   4.33521    1996   19
    60   5.27337   1.94691   1.89672    1223   15
    61   5.62103   1.64299   4.36149    1709   18
    62   1.31271   0.66050   1.49117    1008   14
    63   4.43699   0.79217   1.49572     949   12
    64   2.24537   1.06715   2.15506    1241   11
    65   3.70723   1.89646   3.50017    1476   16
    66   5.97300   1.47317   3.94693    1725   17
    67   0.02509   2.20986   2.09772     863   12
    68   1.13138   2.19012   1.56260    1253   16
    69   4.91525   0.61647   5.83021    1010   13
    70   1.21461   2.19923   3.11136    1214   12
    71   1.15954   0.30488   1.40814    1077   13
    72   2.85349   1.61354   2.30087    1991   18
    73   5.46147   1.71461   0.13134    1366   17
    74   5.46147   1.71461   0.13134     651   11
    75   3.91467   2.86556   1.46423    1851   17
    76   0.65258   1.01758   0.85159    1093   13
    77   1.06420   0.74984   3.96646    1053   14
    78   1.32500   1.91535   5.15839    1515   17
    79   1.11509   2.22872   6.17483    1992   18
    80   0.12193   1.66568   5.41535     973   14
    81   1.75267   1.34799   4.21186     873   13
    82   3.99732   2.84479   2.96738    1569   18
    83   1.08493   1.47116   4.72171    1439   14
    84   5.89741   1.90457   5.35809    1046   13
    85   5.67716   1.18154   3.76935     939   10
    86   5.98467   1.84473   1.33710     852   12
    87   1.37356   2.28454   4.82363    1330   13
    88   1.17550   2.24743   4.64341     668   13
    89   1.39772   1.44860   1.09446    1306   16
    90   2.46760   1.12862   4.91762    2220   19
    91   4.33330   0.55362   0.03493    1274   15
    92   1.31271   0.66050   1.49117     752   11
    93   3.49607   1.81542   2.76323    1386   19
    94   2.54443   1.44023   2.00503    1923   15
    95   1.82521   1.41687   2.82844    1215   13
    96   3.88972   0.54386   3.46198    1552   16
    97   4.66999   2.17826   0.31515    1173   13
    98   2.89506   1.58279   2.32454    1584   17
    99   4.42301   2.13805   3.82355    1042   12
   100   0.73488   0.40049   0.21923    1616   16
   101   4.27418   0.85760   0.02025    1367   14
   102   0.64703   2.33494   0.04143    1242   15
   103   1.15954   0.30488   1.40814    1430   15
   104   5.67286   1.61696   1.24826    1556   15
   105   1.21414   0.72008   2.76615    1549   14
   106   1.30718   2.24532   0.14061    2146   18
   107   4.82797   0.94210   0.29897    1305   16
   108   3.13834   2.34009   5.96865    1671   16
   109   1.15954   0.30488   1.40814     849   12
   110   1.10411   0.79931   0.11936    1522   15
   111   1.21743   2.31569   4.66550    1645   16
   112   5.07487   1.33513   3.30617    1171   14
   113   5.93951   1.51995   0.81360    1661   17
   114   6.16080   2.50520   0.46273    2035   19
   115   4.32266   2.42335   6.08213    1188   15
   116   6.00280   0.82171   1.76591    1319   15
   117   1.37145   1.85669   2.79705    1284   14
   118   0.45643   1.58077   4.46486     928    9
   119   5.60848   1.61496   6.06628    1729   14
   120   2.01305   1.71764   0.24946     663   12
   121   4.87182   2.24834   1.72818    1153   12
   122   5.93372   0.94313   0.60376    2018   19
   123   4.09766   2.85979   6.28001    2200   18
   124   2.31836   3.04136   2.86101    1561   17
   125   0.78709   1.36266   3.30708     628   13
   126   2.96350   1.37105   5.70763     921   13
   127   1.11515   1.86248   4.82221    1458   17
   128   1.17550   2.24743   4.64341    1895   18
   129   0.92349   2.00459   3.19222    1359   16
   130   4.14123   0.84701   6.14876    2629   20
   131   5.81256   1.66212   5.96570     932   12
   132   2.24767   2.53647   1.23444    1561   14
   133   0.92760   0.61233   1.44854    1182   15
   134   4.04162   0.35475   0.94068     864   11
   135   4.62923   1.66861   6.06239    1250   13
   136   4.38798   2.42959   6.18307    1381   16
   137   0.97756   1.20471   4.18700    1389   15
   138   4.41650   3.05223   1.84025     963   10
   139   3.81944   2.42799   0.09487    1264   19
   140   1.81967   1.30562   4.31401     821   11
   141   3.75467   0.69308   5.31811    1332   16
   142   1.28468   1.34819   0.71745    1432   17
   143   3.23116   0.62575   1.04509    1031   13
   144   0.74218   1.84016   3.52339    2118   18
   145   4.27873   1.33796   1.73170    1750   19
   146   1.81967   1.30562   4.31401    1315   15
   147   1.02616   1.85873   0.06612    2493   18
   148   2.51784   1.53447   0.19181    1436   12
   149   2.19433   0.74425   0.93637    2030   18
   150   1.30846   2.03787   0.44774    1020   11
   151   6.20913   1.83165   4.12677    1264   13
   152   1.11402   1.86336   3.27913    1746   16
   153   2.59308   2.08153   2.18065    2039   18
   154   1.26559   0.76437   1.66397    1060   11
   155   5.88648   1.42366   2.40221    1476   14
   156   3.77491   1.55400   0.49620    1139   14
   157   4.52847   2.46323   4.76187    1200   17
   158   4.82797   0.94210   0.29897     857   13
   159   3.36614   0.31183   1.68877    2064   18
   160   2.80967   2.14873   2.88369     930   12
   161   4.90758   1.37505   6.07743    1174   15
   162   2.55239   1.56942   5.03047    1487   16
   163   4.50359   0.94323   0.04889    1761   17
   164   0.22304   2.89547   4.33308    1694   14
   165   1.01350   1.83344   0.00728     942   12
   166   0.68043   1.29739   3.90691    1229   14
   167   1.03830   0.29344   0.09293     922   13
   168   4.96142   1.85348   4.58050    1586   14
   169   4.72679   1.50389   0.20461    1179   12
   170   3.56207   0.18689   4.76840    1306   17
   171   4.16520   1.13015   3.11408    1033   11
   172   4.08134   1.32287   1.42894    1591   15
   173   0.59408   1.80307   0.82165     795   11
   174   2.90391   1.64962   2.30992    1194   13
   175   1.30362   2.19777   1.64466    1402   14
   176   4.34766   0.88290   3.05520    2078   18
   177   0.92760   0.61233   1.44854    1092   15
   178   2.89729   1.71632   3.74448    1503   16
   179   3.92969   2.87970   4.45821    1219   14
   180   2.54543   1.72802   2.28602    1617   18
   181   1.18252   2.34892   1.61752     911   15
   182   4.09694   2.69841   3.19693    1231   15
   183   4.02599   1.27372   4.76640    1039   13
   184   2.52137   1.56522   1.92572    1887   18
   185   3.95723   2.23761   3.24386    1324   14
   186   5.62103   1.64299   4.36149     761   14
   187   3.20222   1.90969   0.71134    1159   16
   188   2.43973   0.78863   0.91005    1210   14
   189   3.09404   1.08713   2.30560    1626   18
   190   1.31271   0.66050   1.49117     816   12
   191   4.23089   1.71193   3.04373    2063   19
   192   3.55746   2.47874   0.97768    1373   12
   193   1.39151   0.82669   0.53987    1563   16
   194   0.86993   1.98175   4.67711    1092   12
   195   4.01786   1.16065   0.00605    1479   19
   196   3.70095   1.83992   6.12427    1299   14
   197   2.29193   1.60829   0.80214    1272   15