     1   0.00000   0.00000   0.00000       0    0
     2   2.77817   1.55472   1.78210    1055   14
     3   2.71050   1.56671   0.27977     574   10
     4   3.78979   1.26240   5.41193     790   16
     5   2.55802   1.39821   1.89277     554    9
     6   1.21827   0.48615   0.14051     652   12
     7   5.80300   1.73391   1.17694     449   11
     8   2.69451   1.59654   0.20784    1973   19
     9   5.21658   1.17357   5.80140     373   11
    10   2.65432   1.55677   4.93231     708   14
    11   3.63127   1.49592   2.02775     880   14
    12   5.31310   2.17371   1.46648     828   11
    13   4.84864   1.00839   3.17530    4000   25
    14   2.63777   1.51602   1.80519     620   11
    15   3.91812   2.67593   2.81423     933   13
    16   5.94572   2.28350   4.84171    1702   14
    17   0.24641   1.24459   6.27788    2999   21
    18   2.29085   1.90186   0.70267     890   10
    19   2.54179   1.52376   5.05911    3118   23
    20   2.58128   1.17778   1.05095    1133   13
    21   5.81155   1.63986   2.76689    1707   13
    22   0.97472   1.89607   4.73969    1229   12
    23   1.16945   1.85107   1.61560    2376   19
    24   4.73323   1.54544   4.94296    1005   13
    25   4.20888   1.97487   0.05405    1163   13
    26   4.46611   1.73434   6.06753     548   11
    27   2.67048   1.52553   0.43424    2763   18
    28   3.11319   1.79726   5.65763     899   14
    29   1.99092   2.09163   4.32451     879   13
    30   1.52635   1.95184   4.97647     802   11
    31   1.20693   0.33360   6.10247    1717   14
    32   5.82795   1.49085   3.16500    2845   20
    33   1.81198   1.13362   0.27895    4193   22
    34   1.69321   2.74811   2.30243     743   13
    35   1.13469   1.84701   4.71721    1715   14
    36   0.17242   2.05801   1.38363    1845   18
    37   2.62523   1.61929   3.47624     724   12
    38   1.09351   0.43856   6.28133    3325   22
    39   4.88674   0.61662   1.26254    1768   14
    40   1.12071   0.28914   3.20638     471   10
    41   5.73478   1.58237   2.86141    3348   17
    42   5.68287   1.51370   4.28787    1179    9
    43   0.99395   1.99325   3.12551    2640   19
    44   5.21658   1.17357   5.80140    1359   12
    45   0.94601   1.85335   2.99633    1732   15
    46   2.40730   1.12689   5.64866    1953   15
    47   1.71253   2.02490   2.64320     298    8
    48   0.92420   2.24611   5.76463     523   10
    49   4.35818   2.78243   3.19493    1235   13
    50   4.25326   1.27647   3.02300     500   11
    51   3.50089   1.14794   4.04079     322    8
    52   2.39293   1.17580   5.45472    1679   13
    53   4.34972   1.22318   1.54862     571   12
    54   3.47309   2.19089   1.28534    2194   15
    55   0.51507   1.56608   0.45270    1543   17
    56   0.75573   0.90555   2.67950     600   11
    57   3.48682   2.05752   6.19964     680    9
    58   5.84246   1.52546   5.87057     590    8
    59   1.33870   1.30779   0.68672    2811   22
    60   2.55802   1.39821   1.89277    2164   19
    61   1.29160   0.65069   2.22897     391    7
    62   1.99288   1.87761   1.28745    1652   16
    63   5.72324   1.62127   0.61611     586   13
    64   0.61522   0.27042   0.48975    2327   16
    65   0.42897   0.29816   0.73635    1041   14
    66   5.93652   1.49463   3.86765     478   12
    67   2.70369   1.61403   1.96937    2239   23
    68   4.08195   2.82519   4.68607     594    8
    69   2.53293   2.31690   6.04493     699   12
    70   0.89039   2.33509   2.66195    1400   13
    71   2.73532   1.49269   3.43321    1298   12
    72   5.78692   1.76429   3.50996     769   11
    73   5.97955   1.54650   4.01609    1256   11
    74   2.62521   1.56835   3.51471     615   10
    75   2.21088   1.31485   0.46635     899   13
    76   3.92695   2.71934   2.70870     614   11
    77   4.14077   1.32929   3.08714     621   11
    78   5.86441   2.22003   5.17778     431   11
    79   1.04508   1.91100   0.15286    2523   18
    80   2.37837   2.08565   4.67560    3169   19
    81   3.54552   2.85175   0.91417     725    9
    82   0.26316   0.73468   2.70105    1855   18
    83   3.24093   1.15122   0.51402    1402   13
    84   1.20625   1.92036   1.54751     617   10
    85   2.90441   2.06683   5.95968     516   11
    86   1.06763   1.97288   1.47947    1678   14
    87   5.88529   1.74599   4.31890     680   12
    88   2.20395   2.49449   0.47501    1206   13
    89   5.49851   1.98318   0.39337    1599   16
    90   2.04923   1.76874   1.92919     476   11
    91   4.27469   2.64874   0.43412    3081   19
    92   0.87289   0.45224   1.66513     683   12
    93   4.27365   1.27058   4.58230    2262   19
    94   3.82276   1.25869   2.74528    1343   14
    95   0.38730   0.76567   0.17769    1773   15
    96   0.79537   0.32104   0.17327     733   12
    97   0.46886   0.32996   3.76907     738   13
    98   5.56285   2.28980   3.01860    3826   21
    99   5.74257   1.55441   4.36847    1518   15
   100   4.11859   1.24071   4.70421    1239   16
   101   3.48847   1.76486   2.81720     238    6
   102   1.00422   1.65941   4.62409     405    9
   103   2.68825   1.44217   4.95410     651   13
   104   2.77213   1.42470   1.24240     736   11
   105   1.08530   0.22115   4.75779     363    9
   106   4.34963   0.96278   4.86607     503   10
   107   3.38009   2.38072   1.10636     994   14
   108   4.09288   1.80960   3.52921    3887   21
   109   5.98759   1.80122   0.08138    4058   19
   110   2.01366   1.70979   5.68242    2943   22
   111   2.60868   1.55083   3.57717    1446   15
   112   1.02059   1.92788   3.23379    1706   15
   113   4.15496   0.95792   0.04564    2228   21
   114   2.64423   1.05112   5.76173     906   14
   115   3.48847   1.76486   2.81720     541   12
   116   4.17767   2.84252   4.75534     812   13
   117   3.66029   1.29954   2.07449     725   12
   118   2.90441   2.06683   5.95968    3200   20
   119   2.48052   2.36314   3.40005    1008   12
   120   2.62521   1.56835   3.51471    2725   21
   121   0.97826   1.90004   0.00291     628   10
   122   4.18953   1.26588   1.42794    3297   22
   123   3.11711   1.25523   6.06988     412   12
   124   0.43192   1.58735   0.69288    1029   13
   125   4.23358   0.42707   3.37758    1764   13
   126   4.02112   2.78654   1.31909     642   10
   127   2.72725   1.59978   1.98793    1367   15
   128   1.03425   1.85710   3.11006     589   11
   129   1.24114   1.76375   3.44325     455   13
   130   3.29140   0.37609   1.54154    1185   12
   131   0.95666   0.38248   3.26523    1973   13
   132   2.62521   1.56835   3.51471     380   12
   133   4.84337   1.50250   1.21229     475    8
   134   2.88323   1.71972   2.65660    1689   17
   135   5.38095   2.14057   2.37059    1657   18
   136   1.06904   1.63249   2.78483    4622   20
   137   2.89779   2.42195   2.10537    2546   18
   138   4.07778   1.16455   0.13220     572    9
   139   1.95540   2.92969   5.06810     887   13
   140   2.59642   1.64984   0.30201    1299   13
   141   1.04009   2.04185   3.21849    1279   15
   142   5.09339   2.56512   3.51313     941   11
   143   1.12372   1.79678   3.19088    4941   26
   144   0.85711   0.48039   4.95147     589    9
   145   2.73388   1.48502   5.10574     844   10
   146   5.76225   1.58945   4.36031     636    9
   147   0.63804   0.96087   1.02258     766   12
   148   0.47014   1.01545   5.12751    4141   22
   149   5.21658   1.17357   5.80140     344   11
   150   3.92740   2.55050   3.80929     498   10
   151   4.68781   0.66454   1.09452     717   12
   152   1.50481   1.01868   1.33542     813   13
   153   0.44680   2.26273   0.86657     324   10
   154   0.94630   2.72201   4.98651    2000   15
   155   2.75500   1.46962   3.41199     406   10
   156   1.66950   1.16280   2.74736    1330   15
   157   4.29410   2.11350   4.39819    1215   17
   158   5.86441   2.22003   5.17778     536   10
   159   3.83112   2.75450   1.27722     736   11
   160   1.16547   0.34767   3.07294    3704   24
   161   2.62521   1.56835   3.51471     973   13
   162   4.25326   1.27647   3.02300     285   10
   163   5.78468   1.64449   2.75095    2522   18
   164   4.45004   2.87685   0.21389    1540   16
   165   4.84802   2.99742   4.06231    1035   15
   166   1.81812   0.18148   6.10600    4877   27
   167   5.76293   0.93011   1.78163     458   12
   168   2.95828   2.57310   6.20588    1040   13
   169   5.16307   0.53296   5.55108     625   12
   170   3.95813   2.84408   1.32643    3694   22
   171   1.94087   1.67740   0.63877     310    7
   172   5.60357   0.83251   0.56607    3034   19
   173   1.15978   0.32660   4.58970     841    9
   174   5.14821   1.28207   2.05721    4841   24
   175   2.73692   1.62428   3.43684    2624   20
   176   4.33718   1.18922   4.63254     587   12
   177   4.11391   1.24490   1.49161     813   13
   178   4.35626   1.14140   1.54298    1136   11
   179   4.00326   2.80931   1.75175    1221   12
   180   1.05920   1.92447   4.83148    5068   26
   181   3.54671   1.09578   5.45298     350    9
   182   0.87042   0.47180   4.88302    3546   19