     1   0.00000   0.00000   0.00000       0    0
     2   0.11818   1.73320   1.38441     671    8
     3   0.00339   1.75719   1.37259     968   13
     4   0.19189   1.72214   1.45469    2858   20
     5   0.10846   1.83289   4.62400    1216   12
     6   1.71793   1.80069   3.38060    5208   24
     7   4.75887   1.25295   6.10989     737   11
     8   0.17918   1.66505   4.50994    1030   13
     9   4.88807   1.35751   4.54154     844   12
    10   4.93209   1.49296   1.45433    2616   20
    11   0.00339   1.75719   1.37259     764    9
    12   4.72693   1.36951   6.19570     505    8
    13   0.69742   0.21999   4.14619     692    9
    14   0.16817   1.59587   4.58448     390    9
    15   1.75682   1.64772   4.88069    2182   17
    16   0.00339   1.75719   1.37259     833   12
    17   4.57655   2.96162   2.92190    4812   23
    18   4.35331   2.78238   4.31241    2101   20
    19   0.00339   1.75719   1.37259     968   11
    20   0.23090   1.63997   6.10185    1087   12
    21   3.22997   1.53108   1.71288    1285   13
    22   4.63649   2.80889   4.45612     574   10
    23   4.95119   1.34505   1.53273     946   14
    24   4.50747   2.82243   1.24800     512   10
    25   4.50747   2.82243   1.24800     575   11
    26   0.14074   1.79369   3.02068     538   12
    27   3.28564   1.53058   5.03690     636   11
    28   3.36673   1.40972   1.66704    4568   23
    29   4.13936   2.75329   0.87437    4431   20
    30   4.53864   2.94553   6.06166    2427   13
    31   0.21350   1.79499   6.18590     910   11
    32   3.17268   1.51113   5.02331    1737   13
    33   4.22075   2.88552   5.70023     476    9
    34   0.00339   1.75719   1.37259    1190   11
    35   1.51091   0.22808   3.32259    2659   16
    36   1.68102   1.82446   1.59083    1944   17
    37   0.19885   1.82082   4.52954     778   12
    38   0.16917   1.70276   1.28823    1862   15
    39   0.97492   0.38526   2.19263    1802   15
    40   3.14256   1.53281   4.85071    1474   16
    41   0.05969   1.83439   1.36149    1396   19
    42   0.00339   1.75719   1.37259     713   13
    43   1.59460   1.88608   3.27784    3019   21
    44   4.72713   2.91056   3.03500    2412   16
    45   0.05390   1.71051   1.38297    1443   14
    46   4.80093   1.35098   4.68375     855   12
    47   3.34128   1.33709   3.24906    5221   29
    48   0.25044   1.58910   1.45440    5221   20
    49   1.66750   1.81884   1.71465    4357   22
    50   0.11625   1.60819   1.26058    3197   16
    51   3.13246   1.41560   4.92750     314    7
    52   0.06781   1.71405   4.55588     684   14
    53   1.74999   1.69671   0.15386     684   11
    54   1.70291   1.72413   4.95502    2814   18
    55   4.51179   2.88549   6.08194    3139   13
    56   3.24276   1.37462   4.99123     540    8
    57   0.00339   1.75719   1.37259     371    8
    58   0.16121   1.72222   3.03744     901   13
    59   0.00339   1.75719   1.37259    1143   11
    60   0.05154   1.76920   2.85318     749   12
    61   1.50693   0.25795   1.79872    1248   12
    62   4.92566   1.33969   6.09024     769    9
    63   0.07323   1.69733   1.26056    1674   16
    64   3.23920   1.34624   3.30409     813   10
    65   0.12554   1.78650   1.47480     891   10
    66   0.14722   1.76287   6.15840    3664   20
    67   0.01879   1.68383   3.05022    1482   12
    68   1.59020   1.66432   4.83227    1586   16
    69   4.07745   2.96398   5.60852     370   10
    70   0.21627   1.85669   1.33041    2062   16
    71   1.10222   0.34172   0.59804     380    9
    72   0.07323   1.69733   1.26056     419    9
    73   1.83078   1.80647   1.70178    1135   12
    74   1.19799   0.36451   0.50205    1269   15
    75   0.07323   1.69733   1.26056     747   13
    76   4.85885   1.37555   6.22986    1339   14
    77   1.36349   0.10336   5.04221    5357   24
    78   4.73608   1.26549   4.59153     860   12
    79   1.84292   1.87305   1.67955     452    7
    80   4.94459   1.34163   3.01612    2887   20
    81   0.12357   1.64699   1.47317     959   12
    82   1.68248   1.66412   3.22656    3520   21
    83   0.00156   1.71176   2.91637     686    9
    84   0.90717   0.22103   0.81332     432   10
    85   1.41633   0.21672   5.08400    2232   17
    86   4.98291   1.41571   1.43995    4373   15
    87   1.67174   1.81798   3.24015     597   11
    88   4.80901   1.31925   3.09253    4930   26
    89   1.35644   0.14250   3.40663     515   10
    90   1.22796   0.20024   5.07474    1023   14
    91   0.11625   1.60819   1.26058     708   11
    92   4.72038   1.44977   6.25345    4198   25
    93   1.78975   1.65944   0.12864     899   12
    94   4.90279   1.46908   1.38831    4479   20
    95   4.96217   1.33044   1.45012     473   11
    96   4.75356   1.40585   1.34683    1472   13
    97   4.35331   2.78238   4.31241     289    6
    98   0.00339   1.75719   1.37259    1945   17
    99   0.13937   1.78183   6.10749    3874   22
   100   0.01925   1.71425   6.09215     709   10
   101   0.84659   0.27489   4.02997    1121   14
   102   0.00339   1.75719   1.37259     477   11
   103   1.50986   0.16065   3.39219    1173   18
   104   1.21459   0.23128   2.04872     629   11
   105   4.50747   2.82243   1.24800    1028   11
   106   4.50747   2.82243   1.24800     898    9
   107   0.12394   1.81835   4.55516     644   11
   108   4.94785   1.30328   2.97647    1476   16
   109   1.44482   0.33038   1.76207    2148   18
   110   1.13386   0.31124   0.65566    3494   20
   111   4.11581   2.96840   5.59259    4140   23
   112   1.16164   0.26771   0.46658    1873   17
   113   4.40793   2.77032   2.66786     953   12
   114   0.00339   1.75719   1.37259    2077   17
   115   4.32438   2.85667   5.63915     499   10
   116   4.55850   2.83139   1.31831     744   11
   117   0.00339   1.75719   1.37259     554   12
   118   0.00339   1.75719   1.37259     401   10
   119   4.21636   2.89163   5.53796    1534   15
   120   3.30261   1.36911   1.85404     530   10
   121   0.97047   0.15579   5.42197    1652   18
   122   0.69742   0.21999   4.14619     322    9
   123   0.09889   1.80643   6.15575    1470   13
   124   6.27891   1.59927   4.36816    2936   18
   125   0.00339   1.75719   1.37259     399    9
   126   3.88790   2.92953   5.41361    4269   24
   127   0.07190   1.68520   4.42108    1106   12
   128   4.96217   1.33044   1.45012     333    7
   129   3.81182   2.96629   3.64815     494   10
   130   4.40608   2.90207   5.72891     498    8
   131   1.69998   1.73233   4.89560    1886   14
   132   1.63042   1.75291   1.61550    1492   14
   133   4.74967   1.33585   3.00688    2988   18
   134   4.22589   2.84573   4.09576     421   11
   135   1.61555   1.80806   3.14729    3709   20
   136   4.57655   2.96162   2.92190     491   10
   137   4.80179   1.33403   6.18156    1894   15
   138   0.17918   1.66505   4.50994     332    8
   139   4.15176   3.01081   2.38748     240    9
   140   0.01380   1.69017   1.32660    1915   17
   141   0.00339   1.75719   1.37259     490   10
   142   1.65603   1.83351   1.75497     450    9
   143   3.20984   1.55603   3.35627     414   12
   144   1.76063   1.65564   1.74682     506   11
   145   0.18303   1.73881   1.46330    3481   22
   146   1.50970   0.33357   0.26646    1391   17
   147   3.37750   1.40560   1.74285    1222   12
   148   1.61748   0.14849   0.10775    1340   16
   149   0.21361   1.61723   6.00714    1275   14
   150   3.28035   1.40619   1.79574     607   12
   151   0.07323   1.69733   1.26056    1062   14
   152   1.77372   1.80783   4.98968    2620   19
   153   0.00339   1.75719   1.37259     522   12
   154   4.35331   2.78238   4.31241    2648   17
   155   4.77257   1.47223   1.46615    2465   16
   156   0.10123   1.69195   1.41040    1341   14
   157   0.00339   1.75719   1.37259     584    9
   158   0.20168   1.62046   4.46988    1227   12
   159   4.79501   1.37467   6.19669    4086   19
   160   1.81639   1.85960   4.74916    2332   14
   161   4.48312   2.81024   4.35276    2690   20
   162   0.11625   1.60819   1.26058     504   12
   163   1.60655   0.27802   0.09954     416    9
   164   0.11927   1.64250   6.14256     856   14
   165   0.15155   1.75907   6.20342     273    5
   166   1.71118   1.89919   0.27231    1193   16
   167   4.79444   1.37922   4.44859    2213   19