     1   0.00000   0.00000   0.00000       0    0
     2   5.44650   0.33070   0.35006     833   11
     3   6.03089   1.46983   5.51444    1983   18
     4   1.41184   2.02839   3.44376     944   13
     5   1.39272   0.67141   3.29443     884   14
     6   2.64406   1.15636   4.36365    1527   16
     7   0.42372   1.93369   5.44036    1050   15
     8   5.96233   1.70162   5.50169    1300   15
     9   5.71468   1.94769   0.30834    1606   16
    10   4.24517   0.81243   1.59248    1140   14
    11   1.65442   0.58515   1.53576    1820   17
    12   2.44515   2.19474   3.92897    1465   18
    13   0.36558   1.00584   2.56249    1095   13
    14   3.96632   1.85668   1.03982    1284   17
    15   5.14210   0.61111   0.47202     806   10
    16   5.13554   0.49115   3.67859    1310   13
    17   5.76158   1.72323   2.32151     931   12
    18   4.06741   1.80843   4.20039     810   10
    19   5.00285   0.68963   5.37310     727   10
    20   4.23960   0.91559   1.63394    1002   13
    21   4.57163   0.84202   1.44692    1161   13
    22   4.96753   0.54951   5.32580    1463   13
    23   4.32716   1.77747   1.62143    1087   15
    24   2.81573   2.24126   1.15482    1246   14
    25   2.17370   1.50836   2.01138    1016   13
    26   3.50628   2.32782   5.61013    1015   13
    27   2.02553   0.83779   2.30299    1898   16
    28   5.84328   0.78492   5.43439     938   11
    29   5.20067   2.18735   6.19967    1177   13
    30   1.74876   2.77163   2.44910     826   13
    31   4.85219   1.42299   3.26388    1181   14
    32   0.47180   1.68024   4.33317    2066   19
    33   4.42841   0.84170   1.48494    1661   18
    34   1.41184   2.02839   3.44376     910   12
    35   3.46494   0.52658   5.18354    1395   13
    36   1.03898   1.27818   5.12002     905   12
    37   4.06360   1.79839   4.26111    1685   17
    38   5.05967   0.49498   2.14468    1353   12
    39   2.73477   1.25820   2.72944     815   12
    40   4.57531   2.46613   4.11311     988   14
    41   4.00181   2.04166   3.80676    1755   18
    42   2.86548   1.50860   1.00248     691   10
    43   2.71668   1.16780   5.94095    1201   13
    44   4.34768   0.83127   1.50485     967   13
    45   3.79188   1.52456   1.87995    1002   12
    46   1.24260   2.31823   4.68108    1366   14
    47   5.94025   1.55399   3.96317    1815   19
    48   0.72390   2.40342   1.24299    1552   17
    49   1.05753   1.22250   4.99741    1348   17
    50   4.19936   0.51136   6.07124    1890   15
    51   6.16950   2.57535   0.32690    1629   16
    52   4.40187   0.80872   6.23266     874   12
    53   2.58934   1.06175   6.05957    1702   15
    54   1.86182   0.66514   2.68899    1308   12
    55   0.51139   0.74311   4.74640     656   12
    56   3.95121   1.49114   5.85015    1039   14
    57   0.69537   1.07736   4.81185    1526   18
    58   5.63198   2.01067   1.73607     968   11
    59   4.12054   0.91956   0.23826    1518   15
    60   5.86781   0.96743   4.25111    1283   13
    61   5.67387   1.99197   1.89617    1802   17
    62   5.23494   0.96291   1.82120    1447   17
    63   2.11538   2.61056   6.11286    1334   13
    64   2.86548   1.50860   1.00248    1458   14
    65   5.01027   0.57961   5.46322    1646   19
    66   1.85930   0.86611   0.67325     960   15
    67   1.07285   0.67397   3.30949    1630   16
    68   5.64555   0.41360   0.68405    1254   13
    69   0.97402   1.26265   4.24044    1118   17
    70   0.84125   2.63327   4.91607    1237   14
    71   0.51621   2.16343   1.13435    1239   16
    72   3.35766   0.82022   0.87853    2245   15
    73   1.42234   0.84773   2.55631    1050   13
    74   2.06398   1.66637   2.47989    1919   17
    75   0.38192   0.87107   0.26766    1899   17
    76   6.24510   0.66108   3.14712    1063   14
    77   2.58248   2.36203   1.17452    1343   17
    78   4.97788   1.41228   0.00598    1700   19
    79   4.15813   1.89999   1.27337    1711   19
    80   1.22514   2.30774   3.02119    1894   16
    81   0.42589   2.30804   2.34625    1823   18
    82   5.02550   0.62867   5.35972    1861   18
    83   5.52068   2.37469   3.72579    1239   14
    84   1.88262   2.57684   5.55405    1656   17
    85   3.52754   1.33983   3.24057    1822   17
    86   4.51999   0.79321   1.39913    1669   17
    87   2.56333   1.04846   1.25283    1858   21
    88   1.03367   2.45194   5.93688    1015   14
    89   2.79907   1.51485   3.93030    1149   14
    90   5.75863   1.75936   2.15913    1030   11
    91   3.02781   0.81088   2.09126    1300   13
    92   0.96725   2.13416   3.35769     982   13
    93   0.77868   0.78928   5.71908     979   11
    94   5.71827   1.99296   4.93525    1634   18
    95   5.65906   1.93431   0.35720    1348   15
    96   0.84282   2.54183   2.98799    1140   15
    97   1.94447   0.53072   3.72496    1295   13
    98   5.87130   1.57275   0.83790    1231   11
    99   1.25821   0.88655   5.92704    1063   12
   100   0.92003   1.30854   5.07573    1442   15
   101   2.73477   1.25820   2.72944    2338   22
   102   1.76451   2.76423   3.91542    1354   17
   103   1.22514   2.30774   3.02119     857   16
   104   1.88358   0.52298   2.88624    1428   16
   105   2.02030   0.43948   4.99653    1178   13
   106   2.54366   1.18689   2.96595    1453   14
   107   1.68328   1.02703   2.16302    1642   18
   108   0.98573   1.75709   3.35137    1140   15
   109   3.22762   0.57250   1.32311    1557   13
   110   0.51139   0.74311   4.74640    1249   15
   111   1.17804   2.25346   3.05995    1225   16
   112   5.99763   1.00402   2.23613    1253   15
   113   6.19643   0.81496   0.66555    1616   17
   114   1.33665   0.77797   1.58342     961   14
   115   1.09526   2.38207   1.38051    1289   11
   116   3.32310   1.68314   2.61461     975   14
   117   1.26112   1.93960   5.48827     950   12
   118   2.49076   1.25199   5.97906    1333   15
   119   3.78780   1.85898   2.37847    1195   15
   120   1.37240   0.36906   0.71915    2106   17
   121   2.53218   1.03488   0.20596     977   14
   122   5.67582   1.92989   0.35165    1083   12
   123   2.20048   1.82144   0.48028    1297   18
   124   1.93851   1.34861   3.78490    2332   19
   125   2.59001   1.28185   2.81416    1785   18
   126   2.85543   1.58003   5.49522    1794   17
   127   3.30537   1.21236   0.30426     892   12
   128   2.94380   1.67263   5.32398     913   12
   129   5.40437   1.08688   3.13720     951   15
   130   3.17066   0.81043   0.31881     958   10
   131   1.86699   2.60631   3.99897    1627   17
   132   1.27245   2.29157   4.83182     950   14
   133   6.01941   1.62665   0.82016     954   15
   134   4.14690   0.84236   4.19509    1834   18
   135   4.88389   0.54788   3.84086    2005   18
   136   3.27966   1.90884   2.43729    1561   13
   137   1.42234   0.84773   2.55631     967   12
   138   2.71668   1.16780   5.94095    1136   13
   139   1.98555   2.21791   5.75834    1485   15
   140   1.06608   2.75296   2.04514    1442   14
   141   2.78727   1.54398   5.42421    1436   16
   142   2.12680   1.80800   4.48624     887   11
   143   0.97586   1.17308   3.59547    1888   18
   144   1.26329   2.27790   3.27216     745   11
   145   1.21446   1.84971   4.82265     787   12
   146   6.11207   1.31944   3.94099    1390   18
   147   2.60976   1.14578   6.02568    1453   15
   148   4.75717   1.15136   4.15581    1874   17
   149   2.72219   1.67043   2.26915    1306   14
   150   3.99997   1.94049   1.13070    1314   15
   151   4.76395   2.26807   0.32173    1925   15
   152   6.01237   0.95806   3.25473    1024   12
   153   6.03062   1.66743   2.53843    1519   17
   154   3.07585   1.94875   2.44658    1243   13
   155   1.55762   2.60186   3.30072    1319   15
   156   2.62637   1.19366   2.79856    2503   20
   157   1.37769   2.33025   1.74315     698   10
   158   4.97424   2.12186   1.02332    2197   18
   159   2.36297   1.52947   6.05056    2343   19
   160   4.51999   0.79321   1.39913    1248   13
   161   2.84862   1.63780   0.89844    1239   12
   162   5.72882   1.98656   1.92996     964   14
   163   0.10686   0.51145   5.07248    1552   17
   164   4.60268   2.40903   4.79300    2225   20
   165   2.62036   1.32415   6.07421    1806   19
   166   2.86592   2.90321   4.42329     844   10
   167   4.06741   1.80843   4.20039    2295   18
   168   4.32711   1.72554   5.52940     938   13
   169   2.73541   1.59080   5.34163     858   11
   170   4.48423   0.81540   6.20900    1503   17
   171   5.01280   0.49338   0.73266    1431   17
   172   0.68969   2.65818   1.75993     729   12
   173   1.17397   1.11705   4.10348    1311   14
   174   1.01478   1.29302   0.34013    1173   15
   175   1.93851   1.34861   3.78490     972   13
   176   5.69933   1.14406   3.59506    1463   18
   177   4.51999   0.79321   1.39913     856   12
   178   4.26472   0.79592   0.03572    1843   16
   179   4.84324   2.27844   5.69278    1600   16
   180   1.25693   1.25744   2.08543    1152   14
   181   5.99763   1.00402   2.23613     974   14
   182   3.33808   0.80428   5.43444    1994   15
   183   5.91408   1.49371   2.11376    1184   12
   184   0.31224   1.18369   4.22667    2026   18
   185   2.55629   1.19144   6.09105    1085   17
   186   1.26112   1.93960   5.48827    1924   16
   187   1.06162   2.38149   3.62445    1670   15
   188   4.48885   2.65627   5.76781    1479   16
   189   5.38390   2.68726   2.65540    1797   17
   190   2.27267   0.55817   0.74789    1641   18
   191   1.37079   0.75777   6.16406    1162   13
   192   5.89332   1.65221   2.44804    1397   16
   193   1.28211   0.77702   4.69903    1129   13
   194   1.45778   0.29720   5.56201     657   14
   195   2.09111   2.55846   2.65175    1252   11