     1   0.00000   0.00000   0.00000       0    0
     2   3.01667   1.40209   0.51986    4037   14
     3   0.66295   0.56397   3.92833    5361   17
     4   1.51857   2.00943   5.10539    3193   13
     5   0.95014   0.38522   5.12606    2186   10
     6   2.96735   1.34491   5.07102    3527   15
     7   6.01998   1.82908   1.08623    3051   13
     8   6.07700   1.77971   5.82727    3343   13
     9   2.95647   1.29849   0.47214    3461   15
    10   4.21378   2.57768   2.80749    2504   12
    11   1.49226   1.90811   1.86000    4680   16
    12   6.04470   1.79484   4.19442    2980   11
    13   0.64374   0.58453   0.65962    3977   17
    14   1.48820   2.06870   4.91003    3887   13
    15   0.73618   0.51370   5.39575    3922   18
    16   1.61090   1.85773   1.99218    3608   12
    17   4.08472   2.53973   2.63916    3772   13
    18   2.95476   1.32195   3.48571    3328   14
    19   4.68262   1.23139   2.83736    3786   17
    20   3.84273   2.70845   2.29702    2211   12
    21   4.60255   1.19489   4.38902    3958   16
    22   1.55716   1.99242   0.42047    4636   17
    23   6.12277   1.81428   4.22276    5540   19
    24   2.87726   1.28430   1.88988    4313   14
    25   2.87318   1.27251   5.16199    3935   14
    26   1.38292   2.10951   0.27703    4485   18
    27   1.57769   2.09289   5.15940    2781   13
    28   0.71709   0.60932   5.38672    2782   11
    29   6.11663   1.85069   1.12345    4691   16
    30   3.89172   2.64919   0.94817    3844   13
    31   3.94653   2.74691   4.09759    4850   15
    32   6.06351   1.95168   2.77924    4226   15
    33   6.13703   1.88839   5.86987    4608   15
    34   2.96537   1.31992   1.96280    3492   16
    35   3.82541   2.63700   2.32276    4734   14
    36   0.79926   0.56116   0.64913    3327   15
    37   4.15421   2.58787   2.67026    3111   13
    38   3.75292   2.65844   5.48607    4580   16
    39   4.64329   1.23727   2.93291    4404   15
    40   1.46846   2.03786   0.28310    1782   12
    41   4.67366   1.12692   2.91285    3761   14
    42   2.97630   1.33957   0.52603    4104   16
    43   2.92989   1.40800   3.52461    4633   14
    44   1.52772   2.06208   1.92530    4702   18
    45   0.85150   0.44776   5.30609    3119   14
    46   2.95379   1.39155   3.62870    5335   18
    47   0.91700   0.61811   3.71991    2080   11
    48   3.02037   1.32384   3.60849    5002   15
    49   4.64789   1.04706   1.33169    4379   16
    50   3.92621   2.70057   0.93903    4200   16
    51   0.62093   0.49128   0.69883    5486   16
    52   1.55492   1.96007   0.20636    1720   10
    53   4.58240   1.03312   1.27693    2955   13
    54   2.96315   1.28703   5.14187    5530   18
    55   0.86637   0.49603   2.10473    5018   14
    56   3.92621   2.70057   0.93903    2605   11
    57   1.49270   1.86146   1.89455    4004   16
    58   3.74475   2.69093   2.33055    4474   16
    59   2.90702   1.30904   2.10949    4509   16
    60   4.65022   1.03979   2.75963    3594   14
    61   4.00581   2.66302   1.08609    4534   16
    62   1.38156   2.00030   3.47984    4104   14
    63   4.00141   2.62151   4.19827    3246   12
    64   6.17455   1.88498   2.75134    3995   15
    65   0.77549   0.43505   2.21224    2938   13
    66   0.85150   0.44776   5.30609    2503   12
    67   4.63852   1.08842   1.31393    2545   12
    68   6.05384   1.86375   2.73020    5161   16
    69   0.59626   0.50965   0.74471    5015   16