     1   0.00000   0.00000   0.00000       0    0
     2   4.52122   2.99893   3.25649    1138   13
     3   4.40773   1.46946   1.45985    1615   13
     4   4.58864   2.88831   3.13701     829   12
     5   5.98897   1.66208   4.54878    2048   20
     6   4.20171   3.06705   2.78283     566   12
     7   3.19753   2.93963   4.99919     693   12
     8   1.34062   1.70379   0.23700     763   12
     9   1.10461   0.16373   1.83196    2174   12
    10   6.05376   1.67067   1.47474     841   13
    11   1.25117   1.75220   3.21528     806   10
    12   4.45689   1.41169   6.10792    1170   15
    13   1.47115   1.73081   3.30288     238    6
    14   3.89351   2.84020   1.09631    1177   14
    15   5.97911   1.60984   4.49532    1574   16
    16   1.24859   1.67321   0.02312    2741   19
    17   0.53272   0.23298   0.78078    4152   23
    18   1.01707   0.29090   3.58391    1462   16
    19   2.86895   1.34856   1.71889    1607   15
    20   1.24154   1.70670   3.21636    1489   15
    21   2.82429   1.47769   0.12025    2124   20
    22   1.42540   1.68472   0.02265     460   11
    23   6.14483   1.67971   6.19964    5462   22
    24   6.01589   1.66774   4.44390    1408   17
    25   6.13583   1.68609   3.13117     467   11
    26   3.80600   2.79638   5.59163     342   10
    27   1.16980   0.19606   0.12240     670   12
    28   4.40684   1.39511   0.01617    2104   16
    29   3.36025   2.99778   2.09893    1839   14
    30   6.08706   1.70611   4.59724     314    7
    31   6.12486   1.59109   1.31717     663   13
    32   6.10984   1.68086   2.92451     594    9
    33   1.27099   1.68656   3.31962     735   10
    34   1.39169   1.82528   0.09696    3952   25
    35   0.76009   0.33797   5.41001    1978   13
    36   3.75551   3.04676   4.00371     483   10
    37   4.45402   2.92660   0.01645    1104   13
    38   3.23999   3.05034   0.19192    2485   19
    39   1.42902   1.76824   4.79221     617   10
    40   1.33721   1.69427   0.12047    1459   13
    41   1.48273   1.64044   0.19860    1151   11
    42   1.47969   1.59366   0.22547    4129   22
    43   2.94677   1.37077   3.21100     420   13
    44   1.50508   1.79008   1.78186    2404   20
    45   6.16314   1.79529   4.67462    1479   14
    46   1.27777   0.20439   1.63827     735    7
    47   6.17732   1.71536   4.53438    3193   18
    48   0.28243   0.22924   2.52799     636   12
    49   1.41502   1.62142   0.07160    1183   15
    50   0.67648   0.15912   3.83432    1492   10
    51   1.47081   1.74720   0.15454    1692   15
    52   2.83758   1.58197   1.68613     612   10
    53   2.94578   1.34459   4.87264     903   12
    54   1.39775   1.81457   3.18533    2313   16
    55   4.02420   2.85388   4.20397     498   11
    56   4.54560   1.46765   4.55057     915   15
    57   1.42540   1.68472   0.02265     825    9
    58   1.40078   1.63907   1.66517    3679   18
    59   0.79586   0.18795   0.47270     846   12
    60   2.88990   1.59022   1.77654     779   14
    61   2.79848   1.56393   3.39207    1738   16
    62   2.98381   1.53227   1.69225    3837   22
    63   4.56838   1.49407   3.11097     600    8
    64   6.15507   1.60896   1.41320    3364   22
    65   6.15507   1.60896   1.41320     355   11
    66   1.38931   1.69138   4.94964     440   11
    67   1.33405   1.67933   1.67143    4178   21
    68   1.42540   1.68472   0.02265     524   13
    69   0.45994   0.14160   0.93341    1456   16
    70   0.90292   0.22834   3.67759    1194   12
    71   2.96321   1.44013   3.25493    5767   32
    72   2.88822   1.43640   4.82094     739   10
    73   2.91915   1.34409   0.13038     363    8
    74   6.14562   1.65714   4.51243    3821   26
    75   1.39169   1.82528   0.09696     480   11
    76   1.38931   1.69138   4.94964    1283   14
    77   4.46204   1.30757   6.25250    1181   14
    78   1.49363   1.71556   1.72768    3836   24
    79   3.64709   2.86286   5.43495    2046   18
    80   4.37930   2.88435   4.58605     835   14
    81   1.42690   1.67499   3.22950    1706   15
    82   2.97415   1.48627   1.74368    2338   16
    83   1.17011   0.22438   0.18061     887   11
    84   1.42540   1.68472   0.02265     721   11
    85   3.68626   2.86261   3.96703     921   12
    86   0.28243   0.22924   2.52799    4795   29
    87   2.80797   1.48173   1.83910     618   13
    88   0.28243   0.22924   2.52799     596    9
    89   1.39246   1.75737   0.11318    1989   20
    90   1.26073   1.80260   4.93170     876   11
    91   0.85525   0.28345   0.58385    1216   10
    92   2.94692   1.41246   4.91132     585   11
    93   2.94692   1.41246   4.91132     630    9
    94   3.50189   2.85529   5.30459     644   12
    95   5.96595   1.63666   4.63679     781   13
    96   0.32822   0.19285   5.74853     880   13
    97   0.28243   0.22924   2.52799     604   12
    98   2.96801   1.51807   0.20491    1034   14
    99   2.95408   1.48454   1.75514     633   10
   100   6.06668   1.66835   6.10284    1042   15
   101   6.12540   1.66867   1.46121    1565   14
   102   4.59097   1.47093   1.39082     549   11
   103   4.54931   1.42363   1.55246    1634   15
   104   0.19451   0.12876   4.18879    5878   24
   105   6.05376   1.67067   1.47474     809   10
   106   1.28419   1.74003   0.11068    1893   16
   107   2.83758   1.58197   1.68613    2220   21
   108   1.36879   1.65768   1.63636    3180   26
   109   1.29632   1.60201   3.22577    2542   14
   110   1.43078   1.75558   0.11847    1291   16
   111   0.96790   0.24557   1.96159     667   10
   112   1.26782   1.62770   3.18286    1277   16
   113   0.60922   0.32746   2.39076    2172   20
   114   4.46452   1.55085   3.12057     851    9
   115   3.16951   2.96881   4.97018     974   13
   116   3.58816   2.90559   3.83200     404    9
   117   4.58864   2.88831   3.13701     532   10
   118   0.35614   0.11506   5.69608    4327   20
   119   6.08713   1.59458   4.52807     675   10
   120   0.84719   0.06135   2.09149     637   11
   121   1.30167   1.61344   3.15272     424    9
   122   3.00481   1.43865   3.23984    1757   20
   123   4.05348   2.90865   4.35495    2128   17
   124   3.73528   2.95610   5.48162    5099   27
   125   4.48556   1.42392   2.99516     955   16
   126   6.12040   1.79883   4.49715     597   13
   127   3.09248   2.93172   1.78267    1266   14
   128   4.02420   2.85388   4.20397    3089   20
   129   1.42540   1.68472   0.02265     572   11
   130   1.38636   1.71843   3.16002    1173   13
   131   2.97182   1.52003   1.60702     863   10
   132   6.16925   1.56610   4.57342    1184   16
   133   2.97177   1.42541   4.75229    1151   15
   134   5.99942   1.55981   2.88705     379    8
   135   4.31868   3.02198   1.39015     918   12
   136   4.16168   3.04232   2.78244     858   12
   137   4.20988   2.89586   1.30991     800   14
   138   4.34282   3.01252   3.02840    1470   16
   139   1.32750   1.66232   1.69653     777   11
   140   0.63479   0.16412   0.65558    2075   16
   141   4.18016   2.98649   2.85052     514    9
   142   3.73104   2.84587   5.54681     564    9
   143   2.93681   1.37738   1.75238    3166   19
   144   2.94692   1.41246   4.91132    1024   13
   145   2.94692   1.41246   4.91132    1385   15
   146   0.36445   0.06747   5.67243    1195   13
   147   6.02380   1.75660   1.29988    3027   20
   148   4.51193   1.38743   2.99100    1745   14
   149   4.48456   1.32965   6.26570    1626   15
   150   2.94692   1.41246   4.91132     587   11
   151   3.73104   2.84587   5.54681    2268   16
   152   0.47265   0.22486   2.52167    1067   12
   153   3.39137   2.98278   5.16731     560   13
   154   1.34189   1.82582   3.13984    2751   18
   155   3.22744   2.93212   5.03339     470   11
   156   2.90843   1.54821   4.87472    1508   15
   157   2.88822   1.43640   4.82094    2745   21
   158   4.47127   1.44067   4.57251    2655   16
   159   3.81065   2.93496   0.95466     518   12
   160   1.05834   0.23811   3.55331    3392   18
   161   3.63528   2.84672   5.42682     391    9
   162   1.38931   1.69138   4.94964     534   11
   163   4.06025   3.03134   5.87556    1599   14
   164   1.45655   1.62840   3.29765    2962   20
   165   3.90920   2.92726   2.61828    1656   19
   166   1.37051   1.61608   0.16854    1027   10
   167   3.00372   1.54398   3.40139     826   12
   168   2.92587   1.51360   3.19216     510   11
   169   0.10304   0.13687   2.80196     922   16
   170   3.39137   2.98278   5.16731    1166   13
   171   4.60811   1.44638   1.39996    2700   18
   172   0.28705   0.19213   4.09134    1313   15
   173   2.97024   1.32990   3.18499    1337   15
   174   0.79586   0.18795   0.47270    1235   14
   175   0.13369   0.20592   5.89647    1827   18