     1   0.00000   0.00000   0.00000       0    0
     2   5.80138   1.97401   2.24586     549    8
     3   2.96087   1.14881   3.41243    1130   15
     4   3.65566   1.48065   4.78634     966   13
     5   6.12127   1.03304   3.65155    1687   17
     6   4.90953   1.02401   0.69816    1351   12
     7   4.48375   2.67794   5.43275     783   11
     8   1.29141   2.52600   0.81032     902   13
     9   6.18035   1.92209   5.25365     951   13
    10   5.30582   0.38119   0.35957    1323   13
    11   1.65048   0.87699   6.08332     895   14
    12   4.33642   2.23116   2.24485    1382   12
    13   4.73705   0.86477   3.22128    1739   16
    14   5.42840   1.98421   0.92524    1361   14
    15   0.87952   1.97751   1.54857    1746   18
    16   5.82180   1.74601   1.30090    1491   15
    17   5.27643   2.16926   6.02380     866   14
    18   2.34603   1.64389   0.79722    1893   17
    19   2.30915   2.17976   5.99232    1113   14
    20   4.40325   2.59025   3.10911     956   12
    21   5.25653   0.32343   1.00363     754   10
    22   2.59816   2.00862   2.41334    1478   15
    23   0.40519   2.04672   2.21346     983   11
    24   3.26310   1.91728   5.17280    1479   14
    25   5.97289   0.53474   4.68361    1068   10
    26   0.89572   2.62171   0.08544    1239   14
    27   2.80705   0.38066   1.03377    1204   15
    28   4.06422   2.44739   2.58704    1399   19
    29   5.44980   0.86176   4.29677    1257   15
    30   0.55128   2.01156   3.96470    1796   15
    31   5.83610   1.82308   2.36062     941   11
    32   4.27835   1.38975   3.17922     787   12
    33   1.71098   0.48843   2.17657    1783   18
    34   0.43394   1.34450   0.84920     842   12
    35   3.43135   0.97682   3.66900    1189   14
    36   1.21451   1.59028   5.71461     927   13
    37   4.19008   1.96797   2.52119    1264   15
    38   3.85884   2.95709   2.74041    2034   18
    39   2.44523   0.78314   3.02704    1101   12
    40   4.55954   0.81408   1.80853    1507   17
    41   4.87608   0.63851   1.21990    1188   15
    42   1.03533   2.34221   4.46644    1221   12
    43   0.34482   2.03914   1.59467     770   11
    44   4.75629   0.83724   5.63789    2436   20
    45   0.66924   2.36567   4.37733    1362   14
    46   0.37057   0.09149   6.24800     657   10
    47   1.17155   1.62823   2.62861    1349   14
    48   5.00507   2.12191   3.19814    1386   14
    49   0.13838   2.17055   0.74898    1516   18
    50   0.86562   0.78748   0.58906    1383   17
    51   1.93756   1.60503   3.13071    1989   16
    52   1.18774   0.75358   5.83480    1378   15
    53   1.99104   2.29887   0.20508    1995   18
    54   0.35584   2.55226   2.99693    1858   17
    55   1.22021   0.67643   1.51941     422    7
    56   1.07409   2.11640   2.23034    1147   15
    57   0.41225   1.36653   0.45924    1066   13
    58   2.67240   1.15733   3.41496     756   11
    59   0.28842   0.73995   1.95066    1313   18
    60   2.75409   0.54666   5.88050    1500   17
    61   4.18468   0.63663   5.16130     952   13
    62   0.35092   0.60712   6.00940     671   12
    63   2.45788   1.25131   2.04800    1780   15
    64   4.07711   1.00682   4.60786    1107   14
    65   0.46331   2.05523   1.11986    1064   16
    66   5.06991   1.91433   4.46748    1340   18
    67   4.91566   1.44480   1.49708     918   11
    68   1.82145   0.98756   3.37687    1305   13
    69   1.28280   1.03626   4.00628    1334   13
    70   2.94341   2.20624   1.10513    1559   16
    71   3.29020   2.75370   1.08672     706   11
    72   1.42727   0.79189   2.71490    1277   14
    73   5.65900   1.49220   3.78638     944   13
    74   0.49756   1.96452   3.04051     885   10
    75   4.74442   2.49598   1.64232    1602   19
    76   1.52112   0.72521   0.53408    1476   17
    77   1.57468   1.97457   0.47511    1866   19
    78   3.83500   1.51905   2.37594     817   11
    79   2.50088   1.26998   1.34891     888   13
    80   0.12956   1.77599   3.29144     774   12
    81   4.05833   1.08604   5.60587     829   12
    82   6.02310   1.18576   4.73729    1623   15
    83   0.12284   1.01502   2.66602    1165   13
    84   4.48011   0.74315   1.57168    1093   15
    85   6.24996   2.65907   3.99549     986   17
    86   6.20862   2.15106   2.98252    1076   13
    87   5.27345   1.68820   3.52816    1004   13
    88   3.63477   2.42363   1.97316    1164   14
    89   2.52893   2.01723   5.76374    2021   15
    90   2.30234   1.61915   4.55509    1212   15
    91   5.98440   2.24782   2.22009    1378   14
    92   5.16362   0.92514   4.85437    1077   12
    93   5.72858   2.53104   1.07582    1134   12
    94   4.30544   1.70028   3.43488     898   12
    95   0.48830   2.20643   2.99588    1238   12
    96   5.50870   1.45011   3.21898    1246   13
    97   0.79883   1.11765   0.81618    1569   14
    98   3.65327   0.34627   5.83280     915   12
    99   1.79182   1.20606   1.21170    2603   22
   100   1.86831   2.39575   2.65929     816   12
   101   4.53566   1.99773   4.10571    1175   13
   102   0.19955   1.89560   0.39199    2195   17
   103   1.17459   0.90072   5.06412    1512   19
   104   0.37857   1.42870   5.06958    1360   16
   105   0.39264   2.51557   4.40976    1478   17
   106   2.90224   0.34096   3.06899     673   11
   107   3.94777   2.05363   3.66119    1682   16
   108   2.09063   0.43110   4.56977    1452   14
   109   4.80393   2.18240   0.32648    1494   18
   110   0.62400   1.93080   5.74334    1034   13
   111   3.80319   1.23579   4.46123    1053   15
   112   3.10839   1.13273   4.27304    1438   18
   113   4.36599   0.72111   1.08788    2008   18
   114   2.07652   2.43616   3.72511    1427   16
   115   2.25365   2.74548   1.59209    1141   14
   116   5.24197   1.61239   3.49907    1045   11
   117   4.42134   0.75466   4.40208     946   12
   118   3.18080   1.20968   0.09208    1221   11
   119   6.22611   1.80387   3.47960    1111   12
   120   3.65973   1.19385   3.92905    1549   21
   121   1.23164   2.41504   0.64413     910   14
   122   3.56195   2.04280   0.45214    1453   14
   123   5.10405   2.66199   6.16288     936   13
   124   3.18215   2.09574   3.45115    1113   16
   125   3.72470   2.18341   5.67406    1059   14
   126   2.34774   0.90951   6.06756    2085   16
   127   0.89598   0.39395   2.21800    1656   17
   128   0.41517   1.92198   1.36949    2191   16
   129   0.89140   2.63752   1.52628    1617   15
   130   2.76405   2.18738   4.99494    1498   19
   131   0.21025   0.64073   4.47557    1068   12
   132   5.89460   1.23230   0.07570    1322   14
   133   4.99133   2.22968   2.76174    1090   12
   134   2.11106   2.86674   5.63773    1743   16
   135   5.38185   2.02807   3.91215     996   12
   136   5.77781   2.64583   1.48383     984   13
   137   4.38620   2.27354   5.43884     991   14
   138   5.95313   0.93336   5.16386    1279   13
   139   3.54968   1.75123   5.00770     846   12
   140   4.12896   1.16793   0.13253    1705   18
   141   5.50875   0.68330   1.40458    1356   14
   142   5.22260   2.24332   0.55440     956   15
   143   2.79446   1.27483   5.69485    1421   13
   144   4.41564   0.45485   3.68205    1692   16
   145   3.47572   1.03072   2.52164    1491   16
   146   3.90884   1.48138   1.05382    1635   18
   147   6.09686   0.76282   0.94073    1222   16
   148   1.72233   0.40436   0.21469    1239   14
   149   2.94807   1.99103   0.53982    1905   17
   150   3.97167   1.20139   5.18041     953   12
   151   6.23827   2.35871   2.39165    1577   18
   152   4.22730   2.00391   1.42820    1748   17
   153   5.12375   2.10378   2.33543     706    9
   154   5.01844   1.66567   5.85178    1542   14
   155   0.09463   2.51710   2.50021    1683   16
   156   5.29323   2.56256   1.89513    1420   14
   157   4.83654   2.38996   6.12079    1611   13
   158   4.48429   1.95604   3.94156    1478   14
   159   3.99013   2.28201   0.76693    1268   15
   160   5.79013   2.08961   1.83814     763   15
   161   4.08765   1.94854   2.55560    1488   15
   162   2.74822   1.70845   4.25778    1854   15
   163   1.09200   1.47289   3.10179    1258   15
   164   4.16734   0.24912   4.35364    1888   18
   165   2.84127   2.38116   4.83474    1936   17
   166   4.18755   0.38286   5.60437    1623   16
   167   3.72711   1.08488   0.63186    1595   16
   168   2.24104   0.02044   1.96032    1804   16
   169   2.62425   1.54085   2.36268    1197   14
   170   4.89659   1.73930   4.86391    1599   17
   171   4.75113   2.20821   2.21479    2114   18
   172   3.67849   1.80132   4.82132    1379   14
   173   1.60283   2.59403   1.57911     772   10
   174   2.75648   2.34488   4.31567    1410   15
   175   0.38410   1.34912   3.63520    1393   17
   176   3.02416   1.78186   2.16274    1497   14
   177   3.26322   2.02223   4.45061     801   13
   178   0.24669   0.43622   6.02397    2153   18
   179   2.89162   1.52051   5.23558    2268   16
   180   6.09418   1.98358   3.95034     909   14
   181   1.86448   0.68137   3.72886    1389   15
   182   4.50211   0.65259   0.96772    1520   13
   183   4.05248   2.26267   3.65706    1020   15
   184   2.30241   1.09301   1.40863    1310   12
   185   5.56351   2.18959   2.33898     897   11
   186   5.32706   2.85214   3.20533    1584   15
   187   1.56494   1.65984   5.88646    1968   16
   188   0.17308   2.10873   2.15010    2565   25
   189   1.93606   1.12406   0.88750    1379   18
   190   0.64796   1.81414   5.56121    1674   17
   191   2.67284   0.88742   2.53647     993   13
   192   5.76368   0.97974   3.51317    1440   15
   193   0.11305   0.40957   3.40351    1022   13
   194   0.21221   0.49734   0.19175     784   12
   195   1.01179   1.35224   6.00840    1072   13
   196   0.86539   2.27047   3.37659    1922   18
   197   4.50764   2.95017   3.89408    1384   14
   198   5.29844   1.56132   1.17654    1252   14
   199   0.65686   1.52874   1.75571    1709   13