     1   0.00000   0.00000   0.00000       0    0
     2   2.81015   1.62614   5.45222    1286   16
     3   1.24111   2.21080   3.09740    1187   14
     4   4.29749   0.92200   1.64299     963   11
     5   1.23391   2.21664   1.59522    1158   16
     6   2.76842   1.48402   2.28992     932   12
     7   5.80866   1.61158   5.52434    1445   18
     8   4.56471   0.81788   2.97678    1511   14
     9   4.44282   2.44496   1.57401    1436   14
    10   4.53849   2.42266   0.06784    1501   17
    11   1.34667   2.35502   3.13964     874   13
    12   4.45150   0.81557   6.14579    1188   13
    13   1.24969   2.26655   6.19747     909   11
    14   2.90237   1.50018   2.28206    1512   15
    15   2.88631   1.58882   0.73742    1014   15
    16   1.36668   2.33885   4.67253    1134   16
    17   5.96958   1.70113   3.98643     706   10
    18   4.20119   2.37114   1.46351    1735   18
    19   2.90237   1.50018   2.28206     636   11
    20   4.43546   0.80985   6.18254     885    9
    21   4.42446   0.81295   6.13935    1515   18
    22   4.37296   2.43959   4.58786    1134   12
    23   4.37443   0.87543   3.19073    1338   16
    24   2.87882   1.63846   2.35179    1154   14
    25   1.35146   0.76226   6.21996    1653   16
    26   4.37594   2.51302   3.15618     821   13
    27   1.38877   0.61560   3.04653     918   14
    28   5.94291   1.61519   3.94985    1497   16
    29   2.82899   1.56897   5.49986    1286   14
    30   2.88153   1.57605   5.42905    1469   16
    31   1.28675   2.34766   1.59193     830   13
    32   5.95378   1.44956   5.51012    1099   15
    33   1.33553   0.77827   1.53255    1036   11
    34   1.13642   0.73723   3.29486    2818   22
    35   1.18339   0.74176   3.13149    1600   19
    36   1.33293   2.32723   0.06178    1556   15
    37   4.56116   2.50603   4.76254     837   11
    38   4.60517   0.79266   1.35834     944   14
    39   4.44181   2.35251   3.09295    1534   16
    40   4.24972   0.86153   1.67253    1708   18
    41   5.87205   1.66964   4.06938    1268   13
    42   4.32937   0.93256   1.54202    1520   12
    43   5.91420   1.60739   4.06091    1379   15
    44   4.54457   0.88876   4.64988    1013   13
    45   6.01938   1.74623   5.58978    1128   13
    46   2.84747   1.57633   0.71959    1470   18
    47   4.49418   0.85914   2.98258     703   10
    48   1.22728   0.70153   1.47564    1171   16
    49   4.54457   0.88876   4.64988    1222   14
    50   2.89880   1.62973   0.66640    2057   19
    51   5.97751   1.55007   2.47203    1931   19
    52   1.26103   2.25523   6.23401    1818   17
    53   1.21275   2.32980   1.66592     956   12
    54   4.33015   0.87846   4.71223    1262   14
    55   4.46104   0.83801   3.02998    1580   16
    56   2.73383   1.68190   0.72476    1234   13
    57   4.24179   0.80756   3.24577    1057   13
    58   5.87029   1.50956   3.98295     727   11
    59   4.36354   0.82765   0.07973    1273   13
    60   1.10967   0.71502   0.15627    1025   12
    61   2.83479   1.52979   3.89326    1898   18
    62   4.53612   2.41432   3.21544    1569   16
    63   4.38810   0.83113   4.58845    1554   15
    64   2.76325   1.51329   0.75130    1092   13
    65   4.33948   0.84373   0.10497    1074   13
    66   4.44959   2.51185   0.15968    1714   17
    67   2.86315   1.47230   0.78200    1928   17
    68   2.88857   1.56217   3.83319     739   11
    69   1.30081   0.76222   3.15537    1317   14
    70   4.32895   2.44263   1.52118    1175   13
    71   6.02687   1.62588   2.35698     937   10
    72   2.70431   1.59170   0.75621    1349   14
    73   1.36738   2.34160   0.05856    1435   16
    74   4.55366   0.83411   1.40122    1538   18
    75   2.81156   1.53389   2.27580    1675   16
    76   1.25743   0.70583   0.06243    1778   16
    77   6.07086   1.59967   2.47163    1193   15
    78   2.70431   1.59170   0.75621    1554   16
    79   2.91387   1.60806   0.68764    1585   14
    80   1.36478   0.74392   3.13168     740    9
    81   2.86295   1.62355   2.23397    3166   19
    82   4.42723   2.46585   3.10866     899   16
    83   5.91420   1.60739   4.06091    1068   16
    84   1.22422   0.71708   4.73434    1683   18
    85   5.92858   1.64019   0.89062     799   12
    86   4.51494   0.78435   1.42507     906   12
    87   4.51106   0.81595   4.63631    1245   16
    88   1.19556   0.72936   4.84945    1976   19
    89   1.38877   0.61560   3.04653    1187   15
    90   1.23821   2.31053   0.01608     975   13
    91   1.39874   2.32175   3.30453    1276   13
    92   5.89990   1.53746   0.82124    1214   13
    93   4.42024   2.39494   6.20557    1574   16
    94   4.34451   0.88230   4.71331    1252   15
    95   4.47492   2.36277   0.13542     927   12
    96   1.26878   0.60958   3.00641    1658   14
    97   6.05382   1.66873   3.91146    1646   17
    98   4.35063   2.35427   0.03653    1400   13
    99   4.45042   2.39868   4.77336    1589   15
   100   4.21210   2.48473   2.95958     854   13
   101   5.98557   1.62451   0.93715    1747   18
   102   4.32338   0.86678   4.79881    1453   13
   103   1.19061   2.29632   4.66196     763   11
   104   5.91208   1.53707   5.53664    1271   13
   105   1.30878   0.71706   0.07153    1249   16
   106   2.76624   1.51435   3.88721     961   13
   107   1.09494   2.17074   6.17331    1493   16
   108   1.38877   0.61560   3.04653    1462   15
   109   1.27241   2.30234   0.05289    1977   18
   110   2.80476   1.46453   2.27935    1080   14
   111   2.87184   1.61083   5.49212    1358   15
   112   2.77245   1.58767   2.22632    1321   12
   113   5.94362   1.61524   2.49715     688   12
   114   4.22982   2.35618   1.38783    1193   15
   115   4.38594   0.88574   3.11425    1038   14
   116   4.43572   0.77470   3.04607    1108   11
   117   5.91420   1.60739   4.06091    1195   14
   118   1.29717   2.36036   0.05237    1366   15
   119   6.08877   1.60441   2.47444    1765   17
   120   2.70431   1.59170   0.75621    1414   15
   121   1.33246   2.32102   6.23797    1524   17
   122   5.96820   1.51143   2.53501    1367   16
   123   4.49320   0.83289   1.55870     672   11
   124   1.27265   2.34596   4.81168    1869   16
   125   2.95160   1.57436   5.37914    2133   17
   126   1.23866   0.71726   6.27825    1791   16
   127   4.46953   2.48549   3.17295    1512   14
   128   6.05399   1.64974   0.79740    1154   14
   129   1.27707   0.68157   1.41661    1958   19
   130   4.43731   2.49578   1.52773    1413   15
   131   6.03042   1.70668   4.00343    2069   15
   132   1.23840   0.72385   4.68245    1429   16
   133   1.30592   0.68913   6.16939    1239   16
   134   4.24766   2.49386   4.62644    1824   20
   135   1.37447   2.29071   1.62075    1072   14
   136   4.48642   0.81190   1.61553     862   13
   137   1.23037   0.70430   4.64476    1359   16
   138   2.81835   1.46560   3.88133    1234   16
   139   1.33178   2.34552   4.68202    1469   17
   140   4.39364   0.87977   6.25428    1268   15
   141   1.07807   2.34223   6.18133    1329   15
   142   5.90219   1.49414   2.52734     813    9
   143   4.40092   0.89454   1.44174     915   15
   144   1.12512   0.72307   0.13511    1115   10
   145   1.28545   0.75176   1.39965    1483   17
   146   1.22306   2.34743   1.57171    1357   17
   147   5.91420   1.60739   4.06091    1640   16
   148   4.31878   0.88404   3.18421    1044   14
   149   1.26878   0.60958   3.00641     776   12
   150   4.42596   0.88524   3.03458    1009   12
   151   1.32647   2.36099   3.18992     796   13
   152   5.87190   1.56338   2.42038    2369   18
   153   4.44282   2.44496   1.57401     773   12
   154   2.82639   1.58812   3.86302    1460   18
   155   1.34352   0.69697   4.65360    1287   14
   156   2.84338   1.49565   5.36105     906   10
   157   1.31534   2.19346   1.54126     666   11
   158   4.54756   2.38280   4.74304    1607   15
   159   2.90030   1.53422   2.29778    2015   20
   160   4.38996   2.49946   1.65426    1508   12
   161   5.91841   1.67523   5.52501    1405   13
   162   2.74223   1.50069   5.48624    1389   16
   163   2.79182   1.48958   5.50369    1982   19
   164   1.28316   2.27505   3.09079    1024   14
   165   4.31745   0.95702   0.07515    1868   16
   166   6.01057   1.64309   0.80522     535   11
   167   2.70431   1.59170   0.75621    1341   14
   168   5.87255   1.51347   5.66480    1257   15
   169   1.19978   2.27649   4.74355    1943   18
   170   1.25305   0.71872   3.08981     946   13
   171   2.74244   1.51825   5.44085     931   12
   172   4.34521   0.81787   1.68837    1613   16
   173   6.01462   1.48666   0.79791    1226   16
   174   4.50330   0.81168   6.25779    2011   18
   175   5.85551   1.56032   5.51720    2121   19
   176   5.92942   1.52438   4.00661     950   12
   177   6.06190   1.65019   0.91445     800   14
   178   1.36374   0.63926   1.51055     550   10
   179   4.32552   0.83935   3.18188    1148   12
   180   1.30916   2.27910   3.09328    1497   17
   181   4.33267   2.50461   0.04148    1394   17
   182   1.21029   2.22356   1.55247    2128   19
   183   2.75123   1.63039   0.77227     832   11
   184   1.08256   2.30953   1.39133     701   14
   185   1.01114   0.75296   1.67707    1548   16
   186   1.31336   0.71391   4.57972    1173   16
   187   6.01057   1.64309   0.80522     946   12
   188   2.74244   1.51825   5.44085    2201   17
   189   2.77357   1.58365   3.81350    1766   17
   190   4.43524   2.36091   3.18792    2004   19
   191   2.91738   1.50500   3.90622    1411   17
   192   4.31882   0.86248   3.21044    1442   14
   193   1.20699   2.33665   0.12150    1647   15
   194   1.12200   0.72540   1.67248    1226   17
   195   4.22883   2.47806   4.58445    1829   17
   196   1.22047   2.27581   6.18482    1060   15
   197   6.01057   1.64309   0.80522     904   14
   198   4.24179   0.80756   3.24577    1716   19