     1   0.00000   0.00000   0.00000       0    0
     2   5.16303   1.69594   2.44860     503   10
     3   1.89681   1.50774   0.73771     965   14
     4   3.52769   0.94877   4.41563     457    8
     5   1.97458   1.42262   0.73015    1425   11
     6   0.07553   0.68788   1.83777    3795   22
     7   1.92234   1.50087   2.27749    3202   22
     8   5.15533   1.75881   5.63503     560   10
     9   0.36242   2.15737   1.77143    1506   13
    10   1.88432   1.40552   2.27550    3548   23
    11   3.35393   2.39919   1.37045    2313   16
    12   1.90820   1.39170   3.89735     877   16
    13   1.81934   1.43891   3.91306     631   11
    14   3.72737   0.89998   1.27029     791   10
    15   0.13635   0.77750   1.89159    1230   12
    16   0.67032   2.27315   3.48526     795   12
    17   1.90438   1.35453   5.34133    5171   24
    18   3.37792   2.37216   4.55552    2870   22
    19   1.93634   1.42832   3.85502    2944   18
    20   3.55846   0.90725   4.65124    2765   17
    21   0.46724   2.23683   1.69110     895   13
    22   3.48014   2.42352   1.36376     614    7
    23   0.17407   0.64467   0.21512     367    7
    24   2.01901   1.25976   3.71932    1133   17
    25   0.26620   0.77450   0.14167     514   10
    26   0.17624   0.71631   3.27688    1420   13
    27   3.57879   0.82712   6.12924    1598   16
    28   1.98633   1.43113   5.44297    1466   15
    29   0.23356   0.76809   3.27372     395   11
    30   5.07557   1.63910   5.52297    1323   15
    31   1.92693   1.47580   0.73961     336   10
    32   1.96560   1.40746   0.68222     396    9
    33   5.12244   1.70603   0.80587    1197   16
    34   5.16303   1.69594   2.44860     796   10
    35   3.22536   2.38447   4.40220    2233   20
    36   3.63039   0.92075   1.33144    4065   23
    37   3.75155   0.82971   6.05469     246   11
    38   5.00528   1.74680   2.38034    3282   17
    39   3.54148   0.83043   1.30565     971    9
    40   0.40190   2.23564   4.86536    3236   20
    41   1.89681   1.50774   0.73771     661   10
    42   6.28041   0.72806   1.95914     302    9
    43   1.80637   1.36048   0.67871    1321   14
    44   0.35343   2.17608   1.73649    2410   19
    45   3.43138   2.44999   4.45749     653   11
    46   3.64205   0.87702   4.50884    1678   15
    47   3.47844   2.36767   3.01143    2422   20
    48   0.20703   0.73022   3.38492    1491   14
    49   0.09445   0.72769   5.05592     523   11
    50   3.25881   2.47391   2.91197    1566   15
    51   0.13334   0.78193   0.19542    1675   13
    52   4.94383   1.70605   0.82239     438   11
    53   3.59345   0.91175   1.43624     382   10
    54   4.98024   1.58222   4.09291    2567   21
    55   6.28041   0.72806   1.95914     380   10
    56   3.25989   2.49385   4.30328    1526   12
    57   5.15533   1.75881   5.63503     539   11
    58   5.17853   1.76267   0.90039     603   13
    59   5.15533   1.75881   5.63503     591    9
    60   5.13573   1.88382   2.45028    1819   15
    61   3.22221   2.38531   5.92362     508    8
    62   3.58925   0.99773   4.46626    1054   12
    63   3.64005   0.93157   1.22895    1535   16
    64   1.92037   1.33059   5.44444    1444   13
    65   1.94675   1.39994   0.71691     410   11
    66   0.11597   0.77470   3.32535     342    9
    67   6.21437   0.71815   1.93057    2278   19
    68   0.58721   2.21113   5.04192    5400   23
    69   1.97186   1.51149   3.76671    1926   16
    70   3.47582   0.92978   2.97045    1437   17
    71   3.33891   2.53234   3.01770     749   16
    72   3.52536   0.97761   2.96149    2614   19
    73   3.70509   0.91356   4.56844    1007   13
    74   1.91953   1.41161   0.71900    1409   11
    75   0.01625   0.74084   1.82917    1886   18
    76   0.47574   2.32035   3.24224    2505   20
    77   0.63103   2.14593   5.05860     391   11
    78   3.20829   2.39685   4.46021    3006   22
    79   0.42713   2.24685   4.89754    2874   19
    80   0.47676   2.21473   4.94205    5159   23
    81   3.21513   2.42154   6.07648    4701   22
    82   0.56474   2.30781   0.27868     641   13
    83   3.62352   0.86145   4.45543    1504   13
    84   3.46739   2.36995   4.51436    1030   11
    85   3.73106   0.90382   2.77226    2078   18
    86   1.92127   1.46087   5.40170    1279   16
    87   0.27450   0.70240   4.85359    2134   16
    88   0.40190   2.23564   4.86536    1448   12
    89   3.28817   2.41710   1.22044     500   12
    90   0.17608   0.74937   0.23757    1618   15
    91   6.25142   0.63184   1.98998    1049   15
    92   0.19585   0.73126   3.38189     569    9
    93   0.05209   0.71246   3.36802    1136   16
    94   0.19007   0.68704   4.99135     473   12
    95   5.13788   1.84335   2.53069    1242   12
    96   0.29404   0.68191   1.68362     486    9
    97   1.78614   1.34611   5.39881     301   11
    98   0.42594   2.20335   4.89161    2414   18
    99   3.46993   2.47631   3.05073     573   11
   100   1.97121   1.40560   2.32196     431    9
   101   0.18597   0.71049   0.17700    1676   14
   102   0.48386   2.26871   0.33048    1973   17
   103   3.71415   0.81515   2.93654    2042   15
   104   0.44365   2.33282   3.33088     390    9
   105   2.04481   1.37518   0.59652     730   11
   106   3.53099   0.83225   2.90320    1914   16
   107   1.97291   1.32751   2.26987    3861   23
   108   0.13842   0.65853   4.92097     476   13
   109   0.11597   0.77470   3.32535     606   12
   110   3.40346   2.43684   2.88476     416   10
   111   1.92693   1.47580   0.73961    1454   16
   112   0.04015   0.75184   2.04460    4040   18
   113   2.04481   1.37518   0.59652     597   12
   114   0.55772   2.30623   0.27916     600   13
   115   3.11251   2.42116   1.20603     997   15
   116   0.52725   2.20590   3.38872    1908   14
   117   0.63711   2.29000   0.28284     595   12
   118   4.96648   1.74321   4.11642    2606   19
   119   0.20703   0.73022   3.38492    1041   14
   120   2.02016   1.30998   3.74791    2029   14
   121   1.89085   1.42545   3.74186    3603   17
   122   3.58838   0.78953   6.18382    1270   16
   123   5.16303   1.69594   2.44860    2247   17
   124   3.22040   2.35847   1.14314    4472   21
   125   0.46849   2.16645   4.88461    3115   23
   126   0.13072   0.73295   1.73330    2369   13
   127   3.25684   2.44299   2.84850    1052   14
   128   3.28597   2.39398   4.40541    2991   21
   129   2.04481   1.37518   0.59652     590    9
   130   6.25142   0.63184   1.98998    1019   12
   131   4.96517   1.65512   2.53007    1045   10
   132   1.89194   1.33050   3.81580     474   13
   133   0.13072   0.73295   1.73330     768   12
   134   0.06506   0.74770   0.47675     748   16
   135   3.64403   0.80686   6.16674    3359   18
   136   5.15533   1.75881   5.63503    1018   15
   137   5.17527   1.76483   3.96965    1932   16
   138   1.82935   1.33166   0.68705    3050   18
   139   0.56881   2.27727   3.32878     524    8
   140   3.17381   2.39332   2.89024    5026   28
   141   0.15518   0.66924   4.96660     661   10
   142   3.72758   0.98975   1.35711    1100   12
   143   0.15738   0.73896   3.35902     822   14
   144   5.12655   1.83358   3.96538    1112   13
   145   3.33872   2.39012   4.47781     604    9
   146   3.56053   0.87470   1.47169     738   11
   147   0.30722   2.17661   1.65170     631   12
   148   0.49503   2.21431   0.21725     391    7
   149   3.28597   2.39398   4.40541     574    7
   150   6.28041   0.72806   1.95914     388   12
   151   3.62460   0.98666   2.88697    1172   15
   152   6.28041   0.72806   1.95914     528   12
   153   6.28041   0.72806   1.95914    4423   23
   154   4.99873   1.70350   4.11014     440    8
   155   0.59792   2.13573   0.34303     358    9
   156   3.42179   2.37131   4.44328    1085   16
   157   5.15533   1.75881   5.63503     983   14
   158   6.28041   0.72806   1.95914     661   12
   159   5.07846   1.70494   0.88349     645   12
   160   5.05160   1.76295   5.59444     581   12
   161   3.36048   2.40356   1.46874    4616   29
   162   3.74209   0.90317   4.49170    1133   14
   163   0.37636   2.30705   4.87895     264    7
   164   0.08878   0.72710   1.95053     960   13
   165   0.11597   0.77470   3.32535     936   13
   166   0.58361   2.24094   1.93908     651   13
   167   0.46717   2.28888   0.14865    1358   15
   168   5.09531   1.80672   0.91878    4570   23
   169   0.60712   2.24585   0.24576     401    9
   170   0.32425   2.19056   1.70300    3712   17
   171   5.05049   1.68916   5.54784     849   13
   172   5.03815   1.74101   2.48203    2279   19
   173   3.77088   0.91416   1.29338     545   11
   174   3.44903   0.87521   1.51356    1431   15