     1   0.00000   0.00000   0.00000       0    0
     2   5.02011   1.87264   2.30148    3936   21
     3   0.24716   0.85818   1.86695     605   11
     4   0.24129   0.86737   1.74586    3363   20
     5   4.95917   1.71797   2.20990     499   12
     6   5.04373   1.77657   3.92372    4585   25
     7   3.17507   2.34342   2.95699    1713   15
     8   0.60528   2.35188   1.98075     902   11
     9   3.28968   2.23025   2.91551     411    7
    10   1.99225   1.29611   5.46121    1496   13
    11   0.57931   2.34824   1.86305    4815   25
    12   0.25590   0.75866   1.83763    3611   18
    13   5.07020   1.78022   3.84144    2269   17
    14   0.04251   0.83406   5.05441     830   11
    15   3.50225   0.81127   6.04719     500   10
    16   2.01426   1.31204   2.29706    2549   16
    17   0.00393   0.79951   0.37731     574   10
    18   0.10698   0.76460   1.86323    4021   25
    19   3.71698   0.73882   2.82407     412   10
    20   0.08409   0.84806   1.81432     284    6
    21   3.25790   2.35372   6.14238     733   10
    22   3.35906   2.29400   6.08821    2556   17
    23   5.09829   1.64346   2.36810    1911   17
    24   1.96961   1.26127   0.82700    5386   27
    25   3.25645   2.32420   2.82797    1949   15
    26   1.96150   1.40982   3.88055    3625   22
    27   1.85565   1.36377   3.91381    1900   16
    28   0.66509   2.37930   1.98999    4070   25
    29   1.89406   1.44443   2.48350    1282   15
    30   1.96150   1.40982   3.88055     453    8
    31   3.21919   2.25979   5.94101     735   13
    32   6.27380   0.83164   3.56527    1719   14
    33   3.25380   2.35395   1.26169    3717   22
    34   3.69727   0.82341   4.45501    1633   15
    35   4.94990   1.68631   0.70464    2533   23
    36   1.80285   1.26298   2.30885     645   13
    37   4.95917   1.71797   2.20990     633   11
    38   1.98745   1.40002   4.02582     480    8
    39   0.32923   2.34511   1.80413    1123   11
    40   3.81161   0.70019   5.95395     860   10
    41   3.89795   0.76908   4.31413    3041   16
    42   0.32923   2.34511   1.80413     966   16
    43   1.96150   1.40982   3.88055     497   11
    44   3.65255   0.71710   4.36516    2220   23
    45   3.51105   0.77355   1.43910    2048   16
    46   3.32958   2.37657   1.25081    2156   17
    47   3.25789   2.21698   1.36647    2340   19
    48   3.59905   0.70622   2.92689     375    9
    49   4.88161   1.75238   5.47326     885   11
    50   3.57207   0.79864   4.49076    1830   14
    51   0.24987   0.83806   1.82394     764   11
    52   0.14360   0.87408   1.74453    1984   14
    53   0.42297   2.44023   4.94590    2003   16
    54   3.33781   2.23522   1.37952     763   12
    55   0.24129   0.86737   1.74586     454   10
    56   4.99830   1.68423   3.90550    1095   14
    57   1.87125   1.29983   2.46481     421    8
    58   0.15427   0.92001   0.14624    1628   14
    59   0.36553   2.34903   1.67952    1523   16
    60   0.59102   2.42206   3.51802    6064   25
    61   5.08417   1.61869   0.75136    2648   18
    62   1.75922   1.39972   2.34508    3278   22
    63   1.95197   1.27174   0.71074     310    9
    64   3.26037   2.21511   2.74011    3722   18
    65   0.27329   0.76494   0.18417     811   12
    66   1.96150   1.40982   3.88055     889   12
    67   0.33917   2.46743   3.33336    1551   15
    68   3.55918   0.73411   1.36879    3933   23
    69   1.88771   1.31458   4.00775     842   15
    70   3.79248   0.73554   1.13932     821   12
    71   5.05536   1.87327   3.81664     443    9
    72   3.11177   2.32145   1.16577    1821   16
    73   3.48428   0.79763   1.40093    1777   15
    74   1.84139   1.38912   2.33248    1927   17
    75   5.05364   1.86043   2.32577    1320   12
    76   3.28049   2.24181   1.27847     497   11
    77   5.04899   1.68197   3.85252    2099   17
    78   0.55757   2.44291   3.51261    2226   19
    79   1.89201   1.43742   4.01981    1730   12
    80   3.21255   2.26445   2.74089    2757   24
    81   5.02934   1.67829   3.89619    2864   19
    82   3.57967   0.80085   4.43062    2035   16
    83   0.74720   2.40578   3.58228    1074   10
    84   1.89201   1.43742   4.01981    1914   19
    85   3.63427   0.76074   1.27787    3260   21
    86   5.08636   1.81000   5.53005     757   12
    87   0.09861   0.83181   4.98176     679   11
    88   0.24987   0.83806   1.82394     860   13
    89   0.16905   0.78221   1.74163     477   11
    90   1.80513   1.41436   3.96706     993   14
    91   3.64897   0.81110   4.30025    2487   15
    92   5.05471   1.89126   5.44268     883   12
    93   0.64738   2.31992   5.15019    1238   13
    94   4.88161   1.75238   5.47326     324    8
    95   0.11084   0.88457   0.35016    1212   13
    96   5.02160   1.77253   2.30505    1224   13
    97   0.48663   2.28602   1.94396    2882   19
    98   5.15646   1.74219   2.38165    1373   17
    99   1.85181   1.30432   3.88009     410    8
   100   3.30412   2.32205   1.21691    1231   17
   101   3.64612   0.74830   2.94308    2099   20
   102   4.90098   1.72559   5.43894    3428   26
   103   4.99757   1.66890   3.93886     640   12
   104   3.32660   2.33313   1.24253    2151   16
   105   3.11875   2.25372   5.86595     983   12
   106   0.72124   2.32196   5.06249    2276   19
   107   0.41900   2.37872   4.77821     734   14
   108   0.04607   0.91330   1.93380     507   11
   109   4.90083   1.70830   5.48832    4370   23
   110   0.56174   2.31814   0.23488     572   13
   111   4.96855   1.77559   2.35838     970   10
   112   3.33425   2.35988   1.43912    1119   11
   113   3.80217   0.70438   2.82971     469    9
   114   3.13312   2.33024   2.74207     669    9
   115   0.50916   2.45707   1.82259     530    8
   116   4.95917   1.71797   2.20990    1236   12
   117   1.83772   1.27642   0.81097     584   10
   118   3.29532   2.34482   2.75348    2727   17
   119   0.12367   0.81484   0.37681     291   10
   120   3.24731   2.22286   4.35981    1388   16
   121   3.80046   0.84532   1.21715     922   12
   122   3.53620   0.78810   4.63531    1047   13
   123   0.44112   2.37530   1.87289    1216   12
   124   3.39535   2.36441   4.57394    1137   12
   125   3.56030   0.77336   2.98693     626    9
   126   1.86584   1.34118   3.91027     859   12
   127   0.18103   0.91759   3.33303    1700   20
   128   3.68480   0.67851   1.20961     975   11
   129   5.08417   1.61869   0.75136     440   10
   130   3.21919   2.25979   5.94101     936   15
   131   0.11858   0.85319   1.93585     563   12
   132   0.55757   2.44291   3.51261     540   10
   133   3.74879   0.82983   1.17123     537    8
   134   3.26133   2.30057   5.97072     627   10
   135   0.22247   0.79317   0.13088     910   12
   136   3.54576   0.76552   3.07090    1652   14
   137   5.08301   1.78492   5.40318    1433   17
   138   3.59449   0.75938   1.32931    2247   18
   139   3.84068   0.77305   4.35617     824   11
   140   1.81816   1.44046   0.77252    1010   15
   141   0.66412   2.25519   0.34022    5937   31
   142   1.81180   1.32426   5.53094     482   10
   143   5.09064   1.83669   3.97707     591   12
   144   5.05249   1.86848   0.69463     441   11
   145   3.21994   2.21912   1.23636     413   10
   146   1.96150   1.40982   3.88055    2797   20
   147   5.08426   1.75982   3.83122     738   11
   148   0.13309   0.93496   0.24103    1584   15
   149   0.67714   2.31602   5.05896     598    8
   150   3.55891   0.78344   4.51229     726   15
   151   0.57941   2.41221   0.21588    1156   13
   152   0.32923   2.34511   1.80413     702   11
   153   5.07532   1.84742   2.35175    1360   10
   154   5.05633   1.81128   0.81905     906   15
   155   3.89795   0.76908   4.31413     726   11
   156   0.39192   2.49552   3.31978     312    9
   157   5.08506   1.81574   0.67952     653   12
   158   3.43392   2.37878   6.16028     609    9
   159   1.96145   1.34834   2.33469     922   15
   160   0.14519   0.83627   0.23410     615   11
   161   3.71831   0.82134   1.20987    1256   14
   162   1.87125   1.29983   2.46481     689   14
   163   0.55296   2.29417   5.15533    1285   16
   164   3.74681   0.87484   4.35567     602   12
   165   4.97136   1.65659   3.93267    3697   19
   166   4.98819   1.71672   3.83122    2957   23
   167   5.01593   1.77462   3.92949     400   13
   168   1.82865   1.35358   4.03118    1672   15
   169   3.39535   2.36441   4.57394     629   10
   170   0.62018   2.32900   0.42749     584   12
   171   3.25275   2.34525   4.54964    3553   25
   172   0.19701   0.77897   1.67498    1007   12
   173   1.88000   1.34903   0.89443     383    9
   174   0.21682   0.85313   0.29905    1264   14