     1   0.00000   0.00000   0.00000       0    0
     2   0.86498   0.85325   3.10668    1186   13
     3   4.12410   2.32481   4.76291    1289   15
     4   4.03262   2.26156   6.18321     433    9
     5   2.38367   1.47770   3.98919    1009   16
     6   4.25688   0.62027   2.98404     838   18
     7   0.75299   0.90162   3.18942     535    8
     8   1.02438   2.41984   3.17452    1354   17
     9   5.58962   1.62589   3.81918    2243   23
    10   4.25870   0.68873   1.46641    1633   17
    11   2.44106   1.66830   4.02134     769   11
    12   4.24522   0.66658   6.14738    1418   16
    13   0.80250   2.35339   3.20661    1676   19
    14   4.06418   2.25258   4.68629    2762   20
    15   4.01099   2.33964   3.14105    1863   15
    16   0.88357   2.45747   0.09115    1215   14
    17   5.74231   1.68288   2.32684    2121   21
    18   4.05910   2.31830   1.45325     357    7
    19   2.50363   1.61501   5.58438     986   13
    20   0.86230   2.36186   6.15412     412    9
    21   5.59509   1.70108   2.31440    1871   19
    22   1.06302   2.46597   3.37826     628   12
    23   0.82368   2.46505   1.59415    1724   18
    24   2.46384   1.53617   2.40952    1643   21
    25   5.54718   1.54939   3.93471    2241   19
    26   0.95543   0.80010   4.77446    1190   15
    27   0.80668   0.80057   0.10063     678   11
    28   5.65134   1.68926   5.44190     771   11
    29   2.55882   1.62335   2.36427    1098   13
    30   0.85105   2.48916   1.66057     829   14
    31   4.22270   0.74162   6.08273    1044   14
    32   0.71871   0.76361   0.09920    2001   17
    33   0.95282   0.92216   1.63001    1370   16
    34   4.08904   0.70007   3.09729    1081   13
    35   1.00587   2.48133   3.29350     928   13
    36   1.12694   2.47818   0.16531    1125   11
    37   0.87050   2.40072   4.69560    4949   27
    38   3.90048   2.31404   6.27137    1021   12
    39   0.89068   2.34129   6.25507    1051   10
    40   0.77781   0.87955   3.22577    4783   30
    41   0.96046   2.36847   1.65682    1084   17
    42   3.99401   0.77167   0.03731    1637   18
    43   2.38778   1.55545   0.78626    1800   19
    44   2.45659   1.57510   4.04327     350   10
    45   1.06242   2.48548   1.69219    2479   22
    46   5.63399   1.60876   0.66489    1787   19
    47   5.61713   1.63051   0.64167     635   11
    48   0.79974   0.92262   0.06694     839   14
    49   4.05104   0.65761   0.00507     315    7
    50   3.88435   2.30377   1.52270    1020   15
    51   0.00000   0.00000   0.00000     540   13
    52   0.73953   0.79561   0.03839     910   15
    53   3.90986   0.73715   0.09107    1951   17
    54   0.94182   2.41324   6.24598    1427   15
    55   4.08376   2.30796   6.20944     694   13
    56   0.97300   2.50137   4.86793     943   11
    57   1.06242   2.48548   1.69219     342    6
    58   4.24701   0.78637   1.47273    1381   19
    59   0.90065   2.46529   4.82165     676   10
    60   4.00228   2.26005   6.15800    2019   20
    61   0.93964   0.76079   3.13045     644   14
    62   4.13384   2.29014   3.15621    1172   14
    63   3.99279   0.78173   1.60212     448   10
    64   1.02536   2.49157   3.21853    1468   18
    65   4.12024   0.78329   4.59514     790   13
    66   3.95558   2.21556   1.43412    1688   15
    67   0.78204   0.86257   0.16006    1226   13
    68   4.08767   0.69246   3.14256    1148   19
    69   0.88636   0.87633   6.21605     571   15
    70   3.89045   2.25775   1.45923     394    8
    71   4.03934   0.68305   6.13186    1037   13
    72   5.64671   1.62603   0.70901    1192   16
    73   3.92463   2.27066   3.05908     566   11
    74   4.25688   0.62027   2.98404    1366   15
    75   0.90781   2.39294   4.60376     931   16
    76   2.35819   1.59781   4.04566    1262   14
    77   0.93879   0.88237   4.62077     974   15
    78   4.07163   0.68892   1.65391    1511   18
    79   5.52365   1.60454   2.29825    1404   15
    80   4.05711   2.27453   0.12147     621   12
    81   5.48340   1.54409   2.32330     932   16
    82   3.88435   2.30377   1.52270     628   11
    83   2.37333   1.55253   0.77803     452   12
    84   2.37045   1.55081   3.90760    2389   24
    85   4.02727   2.24997   3.10350     669   16
    86   0.82816   2.45830   6.22037    1165   13
    87   5.66276   1.52708   0.71797     448   10
    88   5.62924   1.67771   0.64313    1289   14
    89   4.02619   2.34720   3.13837     988   17
    90   5.68408   1.53859   3.88821     974   12
    91   5.45236   1.56529   2.37957    1204   13
    92   3.88797   2.23783   1.52458    1325   19
    93   3.98224   0.73938   3.09922    1381   17
    94   0.96237   2.40778   0.04284     526   11
    95   2.45114   1.42945   0.89648    1789   19
    96   5.60174   1.49999   3.80673     528   12
    97   0.96557   2.34755   1.68564    2003   18
    98   0.87601   0.79541   3.19843    1052   13
    99   0.74747   0.93584   0.09034     342    9
   100   0.90049   0.80058   4.70960     946   15
   101   2.42534   1.64328   5.58953     619   11
   102   3.98030   0.70988   6.26622    1103   13
   103   0.80737   2.48449   3.10514    1260   17
   104   3.90975   2.23492   6.22476    2406   21
   105   1.03807   2.40601   3.18524     900   13
   106   3.98263   0.69709   3.14614    1199   15
   107   2.49608   1.59379   2.35535     490   12
   108   3.89821   2.21823   3.00873     254    7
   109   3.93218   2.19553   6.19012     711   14
   110   3.95425   2.36469   6.19015    1086   11
   111   0.90441   0.79197   3.05185     846   12
   112   4.03262   2.26156   6.18321     786   13
   113   4.06318   2.30223   1.45220    1779   19
   114   3.97382   2.29671   1.40784    1087   14
   115   0.78893   0.77336   4.79177     634    9
   116   4.04636   2.30013   1.47061    2001   19
   117   5.44800   1.57714   5.55278     589    9
   118   4.06115   2.20642   4.69733    1940   20
   119   0.92244   2.49934   0.13041     630    9
   120   0.77243   0.84132   1.59447     763   12
   121   4.02727   2.24997   3.10350     375   10
   122   2.37839   1.42329   5.66748    1187   14
   123   3.94633   2.23235   4.70335    1367   18
   124   0.83517   0.74266   3.13444    1804   18
   125   5.74037   1.62027   2.29372     866   11
   126   0.81063   0.88052   6.25729    1823   19
   127   5.55016   1.63353   0.70076    1512   18
   128   4.16569   0.73562   1.41961    1955   18
   129   5.51048   1.61748   3.80909    1141   13
   130   4.25688   0.62027   2.98404     991   16
   131   5.72187   1.64138   5.50206     734   10
   132   3.85991   2.29559   3.06610     641   12
   133   0.74747   0.93584   0.09034     643   12
   134   4.12747   2.34983   6.22666    1173   18
   135   0.76617   2.35044   1.60294     786   15
   136   4.15981   0.65454   2.93537    2309   19
   137   3.96279   2.37445   3.08546     678   12
   138   4.05113   0.77365   6.25739     726   12
   139   4.30323   0.72961   1.40796    1947   18
   140   2.42409   1.63642   5.51841     468   10
   141   2.39692   1.61480   2.43863    2085   19
   142   3.95921   2.32542   4.68499    1514   15
   143   5.69486   1.47699   5.38641     593   15
   144   2.32970   1.53206   3.92680    2058   19
   145   0.89807   0.82041   3.18420     290    7
   146   4.14171   2.28738   4.70831     659   12
   147   3.99101   0.75728   3.19389     472   11
   148   2.46552   1.47976   5.51177    2294   20
   149   2.38387   1.41649   2.45156     432   10
   150   0.85420   0.94620   3.28662    1436   19
   151   0.94012   2.32737   6.27203    1220   15
   152   3.96508   2.21140   4.62934     416    8
   153   0.99497   2.36255   3.33013     978   14
   154   0.88763   0.88151   0.04203    2179   21
   155   3.98496   2.38220   3.12044    1085   18
   156   0.96237   2.40778   0.04284    1428   18
   157   4.10451   0.77436   1.47582    2631   21
   158   2.39024   1.59415   2.36002    3176   24
   159   0.97137   0.86521   3.02678     703   14
   160   0.96046   2.36847   1.65682     558   10
   161   0.80047   0.84250   4.87005    1232   11
   162   2.45502   1.48892   0.81680    1804   19
   163   3.92513   2.31133   2.92538    2464   21
   164   0.95564   2.43546   0.15626    1808   16
   165   2.46721   1.48648   5.64319    3639   25
   166   1.02668   2.39238   1.72686     542   12
   167   0.78030   2.38824   6.17363     531   11
   168   2.47296   1.64482   5.60329    1329   15
   169   0.77970   2.47343   3.07714    1183   15
   170   1.03917   0.85316   6.21402    1479   14
   171   2.42580   1.63540   3.92970    1162   17
   172   4.24522   0.66658   6.14738     664   14
   173   0.73663   0.77654   4.83204    1414   17
   174   4.03258   2.33338   2.96465     692   11
   175   2.52168   1.63539   3.94246     434    9
   176   0.92758   0.80611   6.26218     669   13
   177   2.49608   1.59379   2.35535     193    5
   178   0.97860   2.38744   1.75476    1510   17
   179   4.03671   2.29727   1.50441     915   14
   180   0.96237   2.40778   0.04284     639   12
   181   3.97008   2.39109   3.16936    1135   17
   182   3.95921   2.32542   4.68499     979   15
   183   0.88698   2.30982   4.66201     900   10
   184   0.86917   2.41940   6.22425     822   15
   185   4.19287   0.78670   6.14261    1155   12
   186   5.57090   1.65348   3.87806     888   11
   187   0.88933   0.88054   1.70773     500   12
   188   2.50564   1.56150   4.05234     653   13
   189   0.99604   2.34883   1.61848    1048   13
   190   4.24967   0.72189   1.36878    1090   15
   191   3.98555   2.40496   0.03562     508   11
   192   4.25688   0.62027   2.98404     703   12
   193   2.42558   1.60960   5.47383    2773   22
   194   1.04616   2.37763   4.91901     504    9
   195   2.58027   1.48638   3.95071    1397   15
   196   3.97060   2.28934   3.12195    1226   15
   197   4.10509   0.67227   1.56591     497   10
   198   4.04183   0.75524   1.59037     870   15
   199   5.61829   1.60471   5.43757    1117   17
   200   4.10884   0.70352   3.12029     608   14
   201   0.94705   0.74433   3.10524     771   12
   202   5.67742   1.55453   5.49699    1238   13
   203   3.95195   0.71193   3.33285     440   12
   204   4.03671   2.29727   1.50441     740   12
   205   0.81898   2.46305   4.78147    2234   22
   206   3.86578   2.28840   2.98839     873   11
   207   5.68669   1.59299   3.89930     718   10
   208   4.10084   0.79307   4.61926     768   12
   209   0.94857   2.33886   0.07571    2370   17
   210   0.76465   2.43215   3.10755     995   14
   211   0.80250   2.35339   3.20661     602   12
   212   4.15232   2.21709   3.09910    1456   17
   213   4.00228   2.26005   6.15800     422   10
   214   5.73325   1.62176   5.42889     579   11
   215   4.07459   2.32074   3.10403    1686   17
   216   3.86449   2.34315   1.50029     295    9
   217   0.97601   2.40443   0.07251     873   12
   218   4.09829   0.73549   1.54092     771   13
   219   1.01613   2.43785   4.90856    1042   13
   220   1.06302   2.46597   3.37826    1060   16
   221   1.02700   2.39549   4.92468    1246   15
   222   2.51497   1.48785   3.98732     701   14
   223   4.13064   2.25128   3.18113     343    8
   224   2.59489   1.54438   5.50501     850   15
   225   0.94961   2.47527   1.62286    1292   15
   226   0.96046   2.36847   1.65682     863   14
   227   4.02727   2.24997   3.10350     641   12
   228   3.96904   2.30892   1.45409    1786   19