     1   0.00000   0.00000   0.00000       0    0
     2   2.32137   1.16199   5.79318    1131   15
     3   4.42051   0.29031   5.64802    1148   15
     4   3.38235   1.69577   2.97428    1404   15
     5   1.73066   1.04227   4.48057     874   12
     6   2.37497   1.01566   4.99499    1514   14
     7   1.64439   0.40216   0.38477    2188   19
     8   0.55576   2.63583   3.12889    1085   16
     9   0.12787   1.06919   6.02246    2295   19
    10   2.16218   0.63054   1.16434    1221   11
    11   4.42970   2.02953   5.34741    1270   13
    12   3.59383   1.36441   3.97433    1416   17
    13   0.31027   1.66687   0.80273    1057   11
    14   5.91225   1.67553   3.55910     672    9
    15   1.17598   2.49746   4.38733    1423   14
    16   2.44784   0.30422   0.29357    2090   18
    17   5.35444   1.25302   4.56808     790   12
    18   2.49563   1.94944   5.74430     817   13
    19   6.01691   0.72259   5.77035     608   10
    20   5.40292   1.20563   2.83384    2543   19
    21   0.98642   0.79488   1.30183    1023   12
    22   2.08529   1.38390   5.53664    1701   13
    23   5.15744   0.75399   4.35215    1384   16
    24   3.16393   1.12869   2.21075    1196   12
    25   3.35696   2.66275   0.72213    1160    9
    26   0.26107   1.82407   1.64210    1779   18
    27   2.14718   2.95968   0.65389     934   15
    28   3.13159   1.48178   3.21140    1368   17
    29   1.95881   0.77999   3.23558    1280   13
    30   0.22581   2.80120   1.92426    1059   16
    31   1.59490   0.67823   5.74069    1380   15
    32   4.02318   1.88433   0.18688    1784   17
    33   0.80125   1.72046   4.60794    2006   19
    34   2.70155   1.91388   1.62347    1620   14
    35   1.93061   0.95704   4.41955    1236   16
    36   5.09912   2.21039   3.70983    1349   14
    37   4.22969   1.70821   1.13767     958   12
    38   2.32604   1.70961   4.00501     761   12
    39   4.82062   1.94620   4.22854    2075   18
    40   2.74441   2.33167   0.57588    1009   12
    41   3.12013   1.83120   1.17669    1877   20
    42   5.65106   0.92727   0.48174    1617   13
    43   5.74720   0.88030   2.51947    1001   12
    44   1.76677   1.52402   0.07617     841   11
    45   5.48756   2.05083   0.07293    1314   13
    46   3.59010   1.24780   1.06612    1596   17
    47   1.74266   1.51384   0.83073    1542   17
    48   5.98958   1.92887   0.05965    1087   12
    49   2.72519   0.99717   5.67651    2458   16
    50   0.92332   0.39448   0.87806    1367   13
    51   1.12809   1.95081   0.46008     882   15
    52   5.11663   1.14889   2.13193    1353   13
    53   4.73792   0.78571   3.28647    1775   16
    54   1.17125   0.17330   2.79804     716   10
    55   4.93479   0.46684   2.11642    1059   14
    56   1.11979   1.43806   4.12042     922   13
    57   3.72377   1.82428   4.87159    1700   16
    58   5.31058   1.01506   1.63478    1763   18
    59   2.12647   1.02119   4.41412     995   12
    60   5.53080   1.01798   2.33638    1197   14
    61   1.17154   1.99994   0.47275    1390   13
    62   2.70254   1.95881   6.11835     988   12
    63   4.11821   1.87058   1.66847    1559   16
    64   3.77094   0.85114   1.98176    2302   21
    65   4.43490   1.00093   5.55392    1966   17
    66   2.01293   1.07449   5.71051    1252   12
    67   0.63652   0.97061   4.59554    1042   12
    68   0.64659   0.55085   2.34629    1664   15
    69   5.49170   1.08740   5.50314    1686   21
    70   3.39277   1.75532   3.59461    1280   16
    71   3.93492   2.61178   3.78751    1618   15
    72   5.35760   1.22852   0.67882    1684   16
    73   5.25297   2.42124   1.30671    1657   18
    74   3.23025   2.23096   5.86587    1628   12
    75   4.83933   1.79723   1.37587    1064   14
    76   5.53026   1.22777   0.33046    1178   14
    77   3.77630   1.79330   1.69611    1793   16
    78   3.93298   0.63282   3.86457    1675   19
    79   0.03175   2.98449   0.37335    1514   14
    80   4.39203   2.23597   0.46303    1529   13
    81   0.45166   2.58893   2.53891    1086   13
    82   5.72736   1.04757   3.84082    1375   13
    83   1.08243   0.94335   3.96047     911   10
    84   4.21732   0.91244   4.18602     704   13
    85   1.88480   1.09643   4.90386    1976   17
    86   2.24870   2.57188   2.27871    1201   12
    87   1.25907   1.19456   3.74837    1231   17
    88   4.54032   0.76785   2.53157    1037   11
    89   5.52502   1.06968   3.38314    1736   15
    90   6.13196   2.29067   5.44554     886   12
    91   4.96498   2.07948   1.85474     890   12
    92   1.47188   1.49097   2.36170    1384   12
    93   3.14889   1.90492   3.31456    2268   17
    94   2.05275   1.54132   3.95051    1409   17
    95   1.66177   0.51576   4.56584     938   12
    96   2.93601   0.38353   5.47736     737   11
    97   1.14097   1.92930   4.05061     892    9
    98   2.40457   0.89238   6.07782    1648   17
    99   1.74977   2.43614   3.73153     959   15
   100   5.05270   0.39267   5.82250     984   13
   101   3.41710   2.56457   2.67794    1339   14
   102   1.82232   2.28774   4.75617    1099   14
   103   2.91588   0.72995   0.73889    1018   10
   104   1.26780   1.52876   2.25634    2021   17
   105   5.46819   2.13815   1.42242     788   11
   106   5.15320   1.18489   1.98915     807   14
   107   2.32936   2.81532   0.00216     786   11
   108   0.89712   0.46106   4.39907    2568   22
   109   0.70632   0.87892   1.60930    1647   16
   110   3.99495   0.46430   3.43293    1831   17
   111   3.29768   2.60900   3.80883    1253   15
   112   4.57506   1.98200   1.23678    1146   15
   113   1.00474   0.91970   5.24249    1367   16
   114   5.50019   1.17620   4.24924     934   11
   115   4.87804   1.75617   4.95677    1258   12
   116   0.34362   2.73003   2.01718    1120   12
   117   0.84798   1.75467   4.60453    1672   15
   118   2.46858   1.10203   4.06842    1142   14
   119   5.34905   2.74117   3.59199     626   10
   120   0.13830   1.35679   5.24300     988   13
   121   5.08058   1.31231   3.97340     649   11
   122   2.47021   2.08035   5.30510    1502   17
   123   3.85001   2.06898   1.13692     770   13
   124   2.21446   1.26067   2.47163    1500   14
   125   3.28052   2.33301   3.17189    1665   16
   126   3.70596   0.74803   5.18639     868   13
   127   5.12524   1.62777   0.83340    1481   14
   128   4.05866   1.15011   0.57199    1249   16
   129   4.23884   2.45333   5.05346    1985   18
   130   2.30142   0.66656   2.56231    1738   15
   131   3.01285   1.63357   0.42436    1151   14
   132   1.28168   1.34520   2.82090    1122   13
   133   0.36977   0.66441   4.61046    1939   20
   134   4.79333   0.94613   1.69533     979   12
   135   5.88374   1.72202   1.14394    1305   17
   136   5.37346   0.86215   2.60498     825   12
   137   3.66546   0.38167   5.00155    1290   15
   138   6.02258   1.69391   4.23952    1539   16
   139   3.42085   1.47848   0.89899    1491   13
   140   5.93751   1.98208   6.08839     849   10
   141   1.64266   1.89819   2.20715    1288   14
   142   3.05837   1.01616   2.85056    1556   15
   143   3.99004   2.36731   2.01889    2424   20
   144   2.44168   1.63246   2.80773    1162   10
   145   3.13741   1.35647   1.78165    1628   14
   146   2.94408   2.53918   0.71472    1378   15
   147   4.79256   0.69736   4.68167    1727   17
   148   0.62857   1.09156   0.47150    1173   11
   149   1.77211   2.84010   4.24627    1105   13
   150   3.86446   0.37010   0.66207    1690   19
   151   1.72593   0.85433   4.92184     817   11
   152   5.52356   1.77636   3.85574    1631   18
   153   3.72408   1.96889   4.67645    1079   13
   154   1.88180   1.89677   5.98678    1159   13
   155   1.09119   1.89375   2.50068    1113   14
   156   4.58738   1.22195   2.09652    1146   14
   157   5.69615   2.99573   5.33066    1114   15
   158   5.33575   1.19519   3.24799    1772   19
   159   4.08536   2.18407   3.51227    1516   16
   160   0.28429   2.23586   1.43255    1920   17
   161   5.69346   2.45280   5.27754    1089   13
   162   5.16910   2.61036   3.23484    1535   16
   163   6.20877   0.68592   3.06692    1471   18
   164   0.78056   2.31174   3.94687     892   12
   165   4.94421   3.02740   1.77393    1679   18
   166   2.41186   0.98978   4.65141    1251   16
   167   6.07675   1.61780   3.90977     712   10
   168   5.28603   0.34662   6.16857     936   10
   169   5.14465   0.84928   0.46830    1163   11
   170   5.07133   2.44592   3.22821     996   12
   171   1.40177   0.57732   3.67422    1694   14
   172   2.65616   2.34168   3.95657    1031   14
   173   5.52674   2.06290   0.81317    1401   16
   174   4.70763   1.34469   3.71291    1311   15
   175   0.12788   0.87353   0.65476    1453   15
   176   0.29346   1.25712   4.52328    1013   15
   177   3.11122   0.73538   5.55967    1114   14
   178   3.79742   0.69988   2.00261    1804   14
   179   1.81756   2.37438   4.76446    1468   17
   180   5.34472   1.76068   0.78365    1378   14
   181   2.90564   2.07024   4.78625    1537   14
   182   2.81207   2.30685   0.56436    1387   16
   183   2.42572   2.28564   3.24759    1141   13
   184   5.22249   0.24824   3.42021     940   13
   185   6.25070   1.99653   1.85309    1342   16
   186   3.08593   1.89022   3.85899    1015   12
   187   6.14084   1.26539   0.88294     988   12
   188   5.87086   2.52094   3.77875     717   11
   189   0.81083   1.35936   4.39257    1687   17
   190   1.84742   2.43021   4.46348    1873   16
   191   0.49011   1.75847   5.52682    1123   12
   192   1.94584   1.22173   3.24918    1469   15
   193   1.80949   0.96743   3.90759    1979   17
   194   3.17308   2.25723   2.08156     855   10
   195   3.95114   0.90239   0.40018    1322   13
   196   2.49252   2.23659   4.22117    1458   16
   197   5.10728   0.93692   1.25433    1824   20