     1   0.00000   0.00000   0.00000       0    0
     2   5.05392   1.61846   4.49959     506   11
     3   3.36868   2.82190   2.95327    3225   21
     4   3.34105   1.41899   6.13372    1470   13
     5   3.48352   1.42998   3.04933     345    8
     6   1.74941   1.55369   4.92188     805   13
     7   1.93103   1.59965   0.20138     453   11
     8   3.48161   1.41095   1.44731    1227   13
     9   3.68024   3.02360   3.41062     793    9
    10   0.22143   1.78954   1.62805    1792   19
    11   4.96133   1.67765   6.09629     401    7
    12   1.78691   1.38512   3.35713     659    9
    13   6.09053   0.19507   3.58873     318    9
    14   3.48326   1.43992   3.07037    1652   15
    15   3.52217   1.35302   6.22222    1878   12
    16   3.48161   1.41095   1.44731     813   13
    17   4.95458   1.62414   4.49969    3352   19
    18   6.23072   0.22744   3.55387     442    9
    19   1.80083   1.55106   3.33573    2904   18
    20   4.91192   1.66897   6.03324     482   10
    21   3.48161   1.41095   1.44731    1570   14
    22   0.09347   0.19109   3.40143     803   13
    23   0.22143   1.78954   1.62805     418   13
    24   0.23475   1.76659   1.64308    1201   13
    25   0.24960   1.77853   4.86850    3092   17
    26   5.04699   1.63312   1.38658     453    9
    27   0.22467   1.81108   0.13310     338    7
    28   1.84934   1.50132   0.31291    3324   22
    29   5.00236   1.51471   6.11528     444   10
    30   3.40444   1.43679   4.68424    1135   13
    31   2.44535   2.91965   3.71157     675   11
    32   6.22967   0.24854   0.44184     404   12
    33   3.43175   1.40459   4.72979    1575   17
    34   1.86398   1.37545   3.43172    1957   16
    35   2.95017   2.88296   2.76337    1427   18
    36   5.62858   0.23281   0.90981     903   12
    37   5.11397   1.60671   6.03622    1271   15
    38   6.09053   0.19507   3.58873     617   11
    39   2.62851   2.88896   5.42775     471    9
    40   1.76247   1.58348   1.89316     652   12
    41   1.89799   1.50341   0.32073     506   10
    42   0.22143   1.78954   1.62805     847   13
    43   3.15701   2.95189   4.50886     576   12
    44   6.09053   0.19507   3.58873    1004   17
    45   4.99248   1.70076   2.99870    2472   17
    46   3.04598   2.84101   2.76516    4087   20
    47   0.35331   1.84594   1.55470    1505   15
    48   1.89334   1.59421   3.45097    1759   15
    49   0.21302   1.78585   3.32955     525   13
    50   3.48161   1.41095   1.44731    3106   23
    51   3.36832   1.47314   3.07269    2054   14
    52   5.00266   1.53321   1.47779     416   11
    53   0.20436   1.82812   1.51829    1746   13
    54   3.54577   1.42277   1.55905    1401   14
    55   1.97494   1.47028   3.44043    1479   12
    56   0.35930   1.81063   4.71272     577   11
    57   5.02189   1.60869   4.59747     761   14
    58   4.95996   1.72700   1.33937    1557   14
    59   5.08449   1.65472   6.16440    3285   20
    60   1.88908   1.43510   1.78230    1845   13
    61   0.36231   1.82103   0.18472    3383   20
    62   1.83413   1.57629   4.91694     730   12
    63   3.51689   1.37640   3.05128     824   12
    64   5.09832   1.77024   2.96930     644   11
    65   0.21690   1.66953   6.24932    1671   15
    66   0.17893   0.28360   1.78721    2706   17
    67   2.86737   2.82091   1.07673    1239   14
    68   1.83306   1.49076   3.23599     663   12
    69   6.13750   0.20821   5.05528     611    9
    70   3.16024   2.87766   1.26947     438    9
    71   0.27764   1.81596   0.09013    4878   31
    72   3.48352   1.42998   3.04933     463    9
    73   0.22467   1.81108   0.13310     249    7
    74   0.08343   0.23421   1.67177     934   14
    75   3.45711   1.29481   0.00728     963   12
    76   5.05392   1.61846   4.49959     432   11
    77   6.13047   0.19027   5.07559     858   14
    78   4.91192   1.66897   6.03324     447    8
    79   2.81333   2.86734   2.43526    1500   16
    80   5.05090   1.65857   4.47142     885   13
    81   1.96450   1.37234   1.73231    1390   15
    82   0.46444   1.83465   4.93799    2836   19
    83   1.75722   1.54255   0.09459    2540   19
    84   3.56434   1.44040   6.20163     957   10
    85   3.62886   2.98676   1.64339    1835   16
    86   3.55028   1.44816   1.41215     928   10
    87   6.11234   0.27723   5.08077    2698   17
    88   0.34010   1.89339   1.70509     381   10
    89   0.45207   1.79532   3.31778     764   12
    90   5.00236   1.51471   6.11528     573    9
    91   0.20075   1.72791   3.21047    1060   11
    92   1.96449   1.47952   1.88524    2333   17
    93   1.88433   1.50715   1.76448     306   12
    94   3.49159   1.28144   4.48862    4839   26
    95   0.23626   1.69845   1.74949     364    6
    96   1.95772   1.57480   0.25607    1693   19
    97   3.48161   1.41095   1.44731    3013   20
    98   3.49788   1.44838   2.95348    2693   15
    99   0.25502   0.15231   0.07528    2632   18
   100   3.15023   2.95374   4.53165    2979   20
   101   0.17551   1.91948   3.11108    2863   24
   102   5.05392   1.61846   4.49959     717   12
   103   3.48352   1.42998   3.04933    2099   18
   104   1.97923   1.55983   4.83747    3142   18
   105   0.20436   1.82812   1.51829     915   14
   106   5.10184   1.57813   6.00544     360    8
   107   3.39875   1.32490   1.57367     801    9
   108   3.49463   1.46766   1.56563    1122   13
   109   5.00266   1.53321   1.47779    1103   17
   110   4.99248   1.70076   2.99870     545   11
   111   3.54672   1.47410   0.00652    3516   19
   112   0.27867   1.88737   0.05863    1563   12
   113   1.81954   1.49691   3.22271    1592   14
   114   3.34925   1.38210   3.02619     384    9
   115   0.17821   0.26686   0.23112     720   11
   116   1.88724   1.60001   3.36063     746   11
   117   2.62320   3.02359   0.87714    4040   21
   118   5.05456   1.72795   6.11938     701   10
   119   5.00266   1.53321   1.47779    1250   15
   120   5.01740   1.72549   1.36728     464    8
   121   3.24091   2.80382   6.04318    2481   20
   122   3.48161   1.41095   1.44731     393    5
   123   1.92767   1.37931   1.78202     919   14
   124   3.44755   1.43327   3.17049    5394   23
   125   1.83306   1.49076   3.23599    1265   15
   126   6.21139   0.33197   3.46233     643   12
   127   1.78938   1.53278   1.76983     608   11
   128   6.23724   0.21543   0.31194    1019   14
   129   3.65246   2.95947   3.27344    3700   22
   130   0.25655   0.23597   1.62861     527   10
   131   4.93016   1.63418   4.56011    3263   19
   132   0.18505   1.70972   1.59168    3102   21
   133   5.10184   1.57813   6.00544     358    9
   134   6.09053   0.19507   3.58873     429   11
   135   3.47454   1.41018   3.07440     802   13
   136   5.00236   1.51471   6.11528    2938   18
   137   6.24028   0.17126   3.43068     570   11
   138   6.09053   0.19507   3.58873     538   12
   139   1.85537   1.53002   0.18728    1273   14
   140   3.51034   1.30592   4.73929    1003   14
   141   5.01528   1.68878   6.16168    3772   18
   142   0.41880   1.76678   0.15814    1331   13
   143   1.82389   1.55265   3.31473    1343   15
   144   3.51452   1.27281   6.23092     807   11
   145   0.45522   1.80864   0.17250    5011   22
   146   3.54267   1.39273   2.97306    1376   16
   147   5.76163   0.16333   2.37167    3835   22
   148   6.23247   0.29912   1.96493    3971   19
   149   5.05392   1.61846   4.49959     507   11
   150   0.43002   1.73340   4.83282    1583   17
   151   3.38775   1.37221   3.16190    2311   18
   152   1.83306   1.49076   3.23599     883   12
   153   0.25868   0.18002   1.71949    1256   14
   154   5.07044   1.68343   6.10660    1535   13
   155   4.98936   1.64846   4.44885    4020   23
   156   3.54267   1.39273   2.97306     660   11
   157   3.25075   2.81018   6.19386    1252   14
   158   5.07024   1.62871   4.56426     713   10
   159   2.71108   2.88350   2.34898    2267   23
   160   6.19982   0.25388   0.37885    5089   23
   161   5.00266   1.53321   1.47779     531   11
   162   4.91160   1.67877   1.24337    3230   26
   163   2.83224   2.98976   5.70454    1717   17
   164   3.34925   1.38210   3.02619     738    9
   165   1.84468   1.42619   0.31353     673   11
   166   3.54788   1.48407   6.24027    5210   28
   167   1.78938   1.53278   1.76983     417   12
   168   0.09803   0.18959   0.14319     975   12
   169   2.74899   2.93676   2.50843    1946   12
   170   3.48405   1.25931   4.67081    2300   17
   171   0.22143   1.78954   1.62805    1930   17