     1   0.00000   0.00000   0.00000       0    0
     2   3.26386   2.85270   2.17245     700   12
     3   4.86327   0.75742   4.45286     313   10
     4   1.22768   2.36785   4.19367    1200   12
     5   2.23753   1.28983   0.82790    1186   13
     6   3.70016   1.69342   3.43146     507   10
     7   1.35680   1.14155   6.00018    2916   17
     8   4.15811   0.78111   5.89369     622   10
     9   5.18033   2.37055   0.47499    2120   18
    10   1.06290   2.37031   3.62160     537    9
    11   5.42655   1.35870   0.90917    1087   13
    12   2.87550   2.69670   4.28908     430    9
    13   0.03381   1.28941   5.94341     566    8
    14   5.47546   1.93845   0.62685    1374   13
    15   0.40778   1.53244   4.42062     833   11
    16   2.16256   1.25220   5.61849    1108   12
    17   0.17786   2.51473   2.35100     848   14
    18   1.63545   0.85045   5.42678    3836   23
    19   0.43347   1.62506   3.97421    3174   22
    20   5.27448   0.76625   4.19571     464    9
    21   2.98986   1.60902   4.35180     599   12
    22   3.96197   0.68617   4.47441     717   10
    23   5.23522   2.11108   2.78744     540   10
    24   1.50457   0.36003   2.84113    2240   16
    25   2.50120   1.55721   4.82314    2485   21
    26   6.11219   2.55170   1.58653     602   12
    27   3.77801   2.05220   2.34646    2207   20
    28   2.20283   1.18910   5.59843     613   12
    29   3.16399   1.09840   4.02664    1458   13
    30   5.49230   1.67669   2.24985     588   10
    31   0.74767   1.17437   4.91115     369    7
    32   6.07336   2.05507   4.03873     592   11
    33   2.60959   2.15858   5.17781     845   13
    34   1.08418   2.37152   0.36555    4765   23
    35   1.05438   2.42351   5.07439     663   11
    36   0.06125   1.16824   1.12347    2449   21
    37   2.31022   1.00965   5.63060    1409   15
    38   2.48721   2.07933   2.86852     290    8
    39   0.89343   2.34199   5.04632     485   11
    40   4.09165   1.12526   0.45025    2121   17
    41   6.16538   0.57839   5.88731    2425   18
    42   1.19125   2.21816   5.26781     611   11
    43   0.71830   2.24600   5.84606     316   10
    44   4.93393   1.86058   3.22043     995   14
    45   2.71779   2.03610   5.11200    1141   14
    46   4.26403   2.77002   0.71286     557   11
    47   4.20855   0.80963   4.17270    1705   17
    48   1.59379   2.55027   2.15598    2260   16
    49   5.40302   2.30027   0.30124     746   10
    50   4.91307   1.47236   4.24873    1690   16
    51   0.36673   0.83881   1.84922     683   10
    52   2.30908   2.18848   5.17829     868   10
    53   4.60753   2.53910   5.01041    3296   21
    54   0.77735   1.88318   5.40012     496    9
    55   3.88812   1.37016   2.58611    1488   14
    56   1.38173   0.76314   1.41708     709   10
    57   4.90341   2.31408   2.32678    1134   14
    58   0.38941   1.08103   3.34969     392    8
    59   3.68490   0.71174   0.99989     350   10
    60   2.24957   1.09292   2.17004    2154   16
    61   4.69007   2.55697   3.57961     860   12
    62   4.22029   0.80461   5.69949    2231   17
    63   0.42962   0.96994   0.49398    1055    9
    64   5.51691   1.05010   2.04334    2836   18
    65   5.62588   2.41080   1.48901     816    9
    66   5.93172   1.63960   0.66952    1298   12
    67   1.28859   2.19898   3.56559     300    8
    68   0.59296   0.93119   4.93825    2707   19
    69   4.10613   0.80239   2.86525    1251   14
    70   3.27740   1.04643   1.83972    1513   13
    71   2.79910   1.64216   5.62258    1095   14
    72   2.52225   0.99977   5.77613     930   12
    73   3.72596   1.40164   6.14074    2148   15
    74   0.98416   0.95570   3.94665    4278   22
    75   0.89343   2.34199   5.04632    1546   11
    76   0.98251   2.30627   3.42838     474   10
    77   5.53494   2.07496   4.06840     556   12
    78   4.02011   0.73721   4.55647     845   12
    79   3.52853   1.64892   2.97202     446    9
    80   4.99040   2.89305   0.38251     973   14
    81   5.24733   0.47090   6.00905    1235   14
    82   2.47660   0.95291   2.22083    2445   19
    83   6.07336   2.05507   4.03873     433    9
    84   4.00385   2.68768   1.06825     713   13
    85   4.28566   1.01432   5.65986    1025   11
    86   5.40712   1.79293   5.38180     393    8
    87   2.41893   2.16784   2.29834     840   13
    88   3.57256   2.33569   5.91770     358    9
    89   3.87453   1.15196   0.45809    1408   15
    90   3.30448   2.33482   0.33167     455    9
    91   4.85719   1.12392   5.11764     544   11
    92   4.09947   2.37064   0.12888     857   12
    93   4.84722   1.10803   2.79329    1168   12
    94   0.60781   2.27070   0.64934    2487   16
    95   0.45338   1.04144   1.82908     885   11
    96   0.86288   2.39269   1.84710     423   13
    97   2.77580   1.53183   1.96436     773   11
    98   1.24792   2.57584   5.97045    3064   16
    99   3.21721   1.88531   5.37120     654   14
   100   4.20323   2.91318   4.51379     434   11
   101   0.57335   1.81142   0.20588     813   16
   102   0.18214   1.49376   0.03499     702   12
   103   6.04127   0.17651   5.61573     330    7
   104   3.05169   1.69029   2.64154    3499   19
   105   0.47533   1.32289   1.55380     750   12
   106   0.28063   0.93344   1.70644    1193   14
   107   5.08425   2.88081   3.64012     283    7
   108   5.46600   1.02707   0.67537    2365   18
   109   1.74860   1.93468   4.41971     880   12
   110   3.80237   1.09930   2.05349     599    9
   111   6.25530   1.14898   1.13747    4653   23
   112   6.07336   2.05507   4.03873    1235   14
   113   3.17451   1.37289   3.32933     574   10
   114   2.60169   1.59528   5.51275    2781   20
   115   0.61304   0.94333   1.76933     538   12
   116   5.38990   1.84878   2.25938    1089   12
   117   2.35033   1.24192   2.38339    1020   14
   118   0.79647   1.74435   0.31920    1027   15
   119   5.97631   1.15220   6.02753    4257   22
   120   4.26403   2.77002   0.71286     488    9
   121   1.97848   1.86993   2.83109    1394   15
   122   5.46332   1.20810   0.77814    3167   18
   123   4.40320   2.26417   0.28580    1907   18
   124   2.91991   1.79820   5.94294     588    8
   125   5.45981   2.29922   0.17003    1837   18
   126   2.31649   2.56525   0.17491     879   12
   127   2.25417   1.38389   4.01464    1457   16
   128   3.61007   1.89095   2.53990    1885   13
   129   2.73655   1.90565   4.11609    1663   14
   130   0.28709   2.46585   4.77025    1489   15
   131   2.17409   1.36166   1.05320     428    9
   132   2.96868   1.04804   0.05390    1906   17
   133   2.17409   1.36166   1.05320     506   10
   134   2.16730   1.35825   5.76051    1932   17
   135   2.09850   2.39739   1.36185     860   12
   136   3.50659   1.63471   0.27124    1435   16
   137   0.61097   0.38021   0.73386     663   11
   138   3.72358   1.70201   4.68136    1585   15
   139   2.55615   1.34081   1.38568    1899   15
   140   1.05387   2.33090   2.12021    1502   17
   141   4.02797   1.37869   5.52661     999   13
   142   3.56514   2.21954   2.85604    2518   17
   143   1.05048   2.45484   5.25876    1722   17
   144   5.36216   1.80207   0.60490    2089   18
   145   3.50135   1.19293   5.68353    2698   22
   146   5.31099   2.07106   0.69980     433    8
   147   0.53089   0.80311   0.30088     945   12
   148   1.87712   1.66227   2.50936    1527   14
   149   0.35873   2.25303   1.19975    3818   20
   150   0.34807   0.33036   2.98366     573    9
   151   6.06027   1.96409   3.96739    3610   23
   152   4.60540   2.03892   0.28349     611   12
   153   2.45536   1.42764   2.73980     409   10
   154   5.40302   2.30027   0.30124     427    8
   155   5.16231   1.67453   2.03380     621   11
   156   5.76435   1.06347   5.55527    2675   20
   157   3.79022   1.03291   1.73943    3946   23
   158   1.71483   1.24695   1.74949    2398   19
   159   2.39879   1.93273   4.19754     480   11
   160   2.94679   1.48059   1.65018    3829   21
   161   5.39107   1.75582   0.56036     670   12
   162   2.29325   1.89012   4.30041    5319   28
   163   0.59289   2.05074   5.31201     392    8
   164   1.16754   2.77151   5.42156     790   12
   165   4.23917   2.62000   2.63526    5447   29
   166   3.12328   2.61194   0.61102    2304   16
   167   1.46514   1.37425   4.60334     513    7
   168   4.65850   2.03304   1.02480    3661   20
   169   0.40934   0.91390   3.43328     639    9
   170   5.18641   2.96897   0.13526    3374   17
   171   4.26403   2.77002   0.71286     405   10
   172   0.91484   2.50553   1.97799    2237   18
   173   3.80408   2.16819   1.16191    1762   12
   174   0.74371   1.69736   4.70501    4078   22
   175   5.34219   1.83428   5.28386     603   12
   176   2.42165   2.34644   3.28625    1655   16
   177   5.08425   2.88081   3.64012    1044   13
   178   4.29200   1.87266   4.71044     662   11
   179   0.35313   2.12006   6.14815    3355   26
   180   4.82020   1.29074   4.79420    1381   16
   181   2.09727   2.82555   5.00573     300    8
   182   6.25810   2.31319   4.94583    4541   23