     1   0.00000   0.00000   0.00000       0    0
     2   0.99921   2.37101   3.79017     966   12
     3   3.19948   2.24989   5.66382     707   13
     4   2.03271   1.18863   2.30449    1431   16
     5   3.16743   2.25124   1.05315    1740   16
     6   3.36058   2.29866   4.29103    1403   17
     7   5.34457   1.98240   0.85534    1807   18
     8   3.98804   0.92788   4.13669    1001   12
     9   0.01835   0.87532   0.56342    1097   14
    10   5.29032   2.01824   5.46310    1756   15
    11   3.25459   2.19165   2.66883    1745   18
    12   4.10967   1.02689   2.64934    1442   15
    13   0.80000   2.32158   3.48067    1295   13
    14   0.85541   2.29524   0.48401     974   15
    15   2.08318   1.11610   5.54310    1514   17
    16   1.99385   1.19455   2.35037    1240   13
    17   3.40533   2.26959   4.32605    1193   15
    18   2.12550   1.30596   5.40835     760   13
    19   0.13923   0.76821   5.20728    1448   14
    20   5.17110   2.10765   5.61018     738   12
    21   1.90256   1.21737   5.51741     829   10
    22   5.33679   2.03761   5.63678     942   12
    23   3.16307   2.29661   2.47566    1027   15
    24   3.98976   0.88738   2.63555    1415   13
    25   3.92046   0.75998   4.22042    1200   14
    26   5.19915   1.95414   3.87055    1507   17
    27   3.98510   0.79652   4.27018     628   12
    28   5.14207   1.89499   3.76864    1081   13
    29   0.76020   2.15880   0.54073     892   11
    30   2.23471   1.13036   5.36094    2561   21
    31   0.83427   2.27527   2.07355    1423   18
    32   4.08105   0.93842   2.46884    1431   16
    33   5.34457   1.98240   0.85534    1239   15
    34   0.11233   0.96859   5.34341    1450   13
    35   2.13119   1.29794   5.55244    1296   15
    36   1.01869   2.27657   3.90120    1729   18
    37   3.13965   2.38892   2.40638    1616   16
    38   4.00091   0.98211   4.19933    1135   13
    39   4.18079   0.85183   5.61610    1256   13
    40   3.41876   2.21435   2.64032    1180   15
    41   4.05078   0.77813   0.90681    1624   15
    42   5.24209   2.02411   0.80290    1273   15
    43   0.81092   2.33731   2.08488    1436   17
    44   1.99065   1.05325   0.82491    1214   12
    45   3.23112   2.37793   5.63961    1701   14
    46   0.76745   2.30202   0.48277    1111   11
    47   3.23802   2.22641   0.89059    1342   13
    48   2.08425   1.05135   5.46137    1123   14
    49   2.07717   1.19691   3.82065    1431   13
    50   5.34757   1.89988   5.64026    1600   16
    51   0.05727   0.90304   3.80807    1387   13
    52   2.14261   1.20596   5.36056    1102   12
    53   5.17871   1.95368   5.39381    1119   12
    54   5.21531   1.86841   2.32886    2212   17
    55   0.21935   0.92336   3.55633    1384   15
    56   3.10156   2.38477   3.96854    1154   15
    57   2.04279   1.15537   2.42899    1651   17
    58   3.20393   2.15110   2.64102     887   12
    59   3.39335   2.19778   5.80106    2211   17
    60   5.22118   1.87852   3.98074    1368   15
    61   3.27541   2.16754   5.64968    1289   14
    62   2.17634   1.25921   3.82771    1216   16
    63   3.36691   2.18915   5.87848     684   11
    64   6.26772   0.82728   3.78592    1401   14
    65   0.82988   2.29115   5.21641     941   16
    66   3.20924   2.33838   1.04310    1699   18
    67   0.81632   2.29298   5.24790     880   12
    68   2.05376   1.10447   0.74657    1063   13
    69   0.92184   2.18689   0.61012    1195   15
    70   0.22053   0.84401   0.53528    1648   15
    71   5.33792   1.92571   5.53568     947   11
    72   3.97575   0.80161   0.95009    1638   15
    73   3.35733   2.22882   4.18555     671   10
    74   1.04859   2.20715   2.18362    1032   12
    75   0.09639   0.83727   2.15082    2313   21
    76   4.02492   0.83095   5.69439    1232   15
    77   2.08455   1.15734   2.26053    1492   15
    78   0.12520   0.79125   2.01955    1029   14
    79   2.09352   1.07435   5.37361     984   14
    80   5.32714   1.90857   4.05611    1021   11
    81   4.19207   0.82610   0.97862    1053   10
    82   3.94086   0.89092   5.71921    1084   14
    83   0.79921   2.25740   2.16315    1060   10
    84   3.97199   0.86635   0.96592    1330   12
    85   2.08588   1.10733   0.88834    1891   20
    86   3.28067   2.24951   2.56059    1567   13
    87   2.11046   1.28338   5.65777     778   13
    88   0.92698   2.13989   2.03861    1468   15
    89   5.31753   1.99674   0.85888    1303   15
    90   3.97362   0.82890   2.59913    1161   17
    91   1.04442   2.23015   0.67418     660   12
    92   2.13721   1.28448   2.37641    1134   13
    93   3.20745   2.22351   4.06429    1451   15
    94   1.01774   2.31321   2.15457    1021   14
    95   5.14942   1.94167   2.27099     908   13
    96   3.98089   0.81098   0.98006     711   10
    97   3.16443   2.33832   0.96026    2441   21
    98   3.43432   2.15748   4.34670    1111   12
    99   2.06181   1.14389   3.95309    1653   17
   100   5.25008   1.95312   0.83570     758   13
   101   3.19278   2.21876   2.54142    1192   14
   102   4.05756   0.95524   3.99258     929   12
   103   0.77853   2.19384   5.17034     837   13
   104   5.15031   1.95063   0.67211    1553   18
   105   3.96974   0.97155   5.66868    1188   16
   106   5.29889   1.85106   0.85045    1065   14
   107   3.21959   2.14457   5.75505    1646   18
   108   0.87420   2.30704   5.17683    1254   13
   109   0.85541   2.29524   0.48401     823   13
   110   0.14408   0.92193   3.64784    2190   20
   111   5.34457   1.98240   0.85534    1184   12
   112   0.11632   0.86355   0.58387    1057   13
   113   0.84886   2.20818   3.61343    1642   14
   114   5.29511   2.02186   0.92160    1158   15
   115   0.95128   2.27179   3.82592    2435   24
   116   3.22917   2.21782   0.90877     841   14
   117   3.31924   2.26395   4.24522    2017   18
   118   3.97199   0.86635   0.96592    1917   17
   119   0.01090   0.87330   2.10110    1275   12
   120   3.25437   2.14619   2.58685    1927   17
   121   0.84875   2.34157   2.03685    1633   17
   122   3.93876   0.72816   4.15507     994   13
   123   2.02642   1.13521   2.32672    1895   18
   124   5.26721   1.96186   3.80001    1274   14
   125   3.90449   0.83553   2.70094     971   14
   126   5.14260   1.95032   5.58248    1522   17
   127   0.82229   2.29872   0.41067    1029   13
   128   2.02401   1.15166   0.84465    1414   15
   129   5.24209   2.02411   0.80290    1242   15
   130   0.17787   0.83647   3.71990    1520   17
   131   4.10849   0.95563   0.95751    1123   14
   132   0.20655   0.99328   0.41263    1100   12
   133   0.03455   0.92273   5.33269    1202   15
   134   2.11380   1.17589   3.99656    1612   16
   135   3.17707   2.18706   0.88382    1495   18
   136   2.15799   1.20009   2.22027    1456   16
   137   2.09369   1.05595   4.00698    1225   12
   138   3.33970   2.26100   5.71428    2024   20
   139   3.28528   2.20436   4.15673     994   15
   140   3.36386   2.32368   5.87304    1141   15
   141   2.14373   1.08326   5.38511     645   11
   142   5.23570   2.09770   3.84629     497   12
   143   4.22690   0.88227   2.40413    1058   12
   144   2.14261   1.20596   5.36056     749   11
   145   5.24209   2.02411   0.80290    1249   15
   146   3.28236   2.15462   2.67090    1166   15
   147   5.30026   1.90603   4.06419    1260   14
   148   2.04545   1.15037   5.59845    1087   15
   149   4.15786   0.94791   4.15232    1559   15
   150   3.97584   0.90783   2.60454    1702   16
   151   5.28433   1.99981   5.56207    1024   15
   152   0.00372   0.84997   2.06341    3161   20
   153   0.08170   0.85416   0.55387    1165   15
   154   0.10292   1.00273   0.50843    1647   17
   155   4.19200   0.82279   0.96337    1776   17
   156   0.05694   0.76961   2.16418     787   13
   157   5.15469   1.97109   4.00839    2663   19
   158   5.14572   1.97121   4.01780    1636   15
   159   2.07589   1.22143   0.73540    1140   13
   160   5.16596   2.10507   2.37462    1737   16
   161   3.13261   2.16279   2.48812    1150   16
   162   5.08980   1.95761   5.32907    1101   12
   163   3.32309   2.30566   5.77554    1857   17
   164   1.99831   1.20848   4.09430    1235   14
   165   3.94775   0.86001   0.97377    1205   12
   166   2.19420   1.16938   2.26282    1597   17
   167   5.14019   1.93230   3.92517    1126   13
   168   0.86734   2.28577   0.49905    1947   17
   169   0.92753   2.33614   0.69396     801   12
   170   2.14261   1.20596   5.36056     986   13
   171   4.04161   0.89986   0.90650    1289   14
   172   5.34672   2.01442   0.87093    1506   16
   173   3.28104   2.23651   1.12060    1261   15
   174   5.17893   2.02148   3.90766    2097   18
   175   3.92046   0.75998   4.22042    1422   13
   176   0.77273   2.20680   0.53138     982   13
   177   5.24505   1.95384   4.00684     797   12
   178   5.10824   1.94899   0.86357    1198   14
   179   5.34457   1.98240   0.85534    1084   13
   180   3.33507   2.31372   4.27137    1233   15
   181   3.97575   0.80161   0.95009    1284   19
   182   3.20393   2.15110   2.64102     962   13
   183   0.12014   0.85286   1.99084    1561   15
   184   5.25558   1.96795   5.52369    2118   16
   185   0.12256   0.76766   3.61731    1321   14
   186   0.08791   0.90492   5.27819    1316   15
   187   5.24209   2.02411   0.80290    1919   17
   188   5.30245   2.04262   2.38136    1161   14
   189   4.00670   1.01555   5.74209     695   13
   190   0.93495   2.20869   3.76669    1037   13
   191   0.02283   0.80798   5.37259     652   11
   192   0.71370   2.23935   1.92679    1063   13
   193   3.13398   2.34033   5.64541    1918   18
   194   3.97199   0.86635   0.96592    1561   13
   195   3.94603   1.01978   4.12633    1292   13
   196   5.33699   2.00394   3.98024    1057   15
   197   3.13358   2.38603   2.48905    1019   14
   198   2.11890   1.01827   0.84858    1140   11
   199   3.35193   2.24116   5.89989    1127   14
   200   3.31217   2.15340   5.82962     817   12
   201   0.03135   0.84149   3.73763    1204   12