     1   0.00000   0.00000   0.00000       0    0
     2   0.66299   1.03589   5.24667    1424   15
     3   0.62348   0.84933   0.64883    1616   19
     4   0.57348   0.83310   2.19677    2916   18
     5   0.60141   0.87318   3.67267    1243   16
     6   5.79906   2.02116   3.90582     975   14
     7   2.47949   1.31069   0.81807    1257   16
     8   1.36009   2.20846   5.24804    1244   19
     9   0.82741   0.88693   5.01931    1080   16
    10   5.79906   2.02116   3.90582    1545   17
    11   3.91361   2.26697   1.23746    1453   17
    12   4.44430   0.82509   2.67994     644   11
    13   3.95662   2.33570   5.88382    1652   15
    14   5.67637   1.87759   0.69636    2370   21
    15   5.79448   2.01732   2.47995    1540   15
    16   3.66047   2.21783   4.22214    1149   13
    17   3.72652   2.20008   2.67499    1585   16
    18   0.55785   0.93100   2.01444    1604   14
    19   4.47603   0.80195   5.64813    1549   17
    20   3.67608   2.35870   0.97318    1249   14
    21   5.80316   2.06759   4.00104    1132   15
    22   2.65138   1.19883   0.76537    1365   14
    23   2.66390   1.26822   5.46096    1626   14
    24   1.25740   2.35168   3.75524    1328   16
    25   0.74379   0.90504   5.00242    1466   16
    26   2.50630   1.19793   5.64719    1103   14
    27   2.71749   1.14318   2.21861    1520   17
    28   4.31624   0.95153   5.88323    1285   12
    29   1.40319   2.35064   5.26388    1237   18
    30   1.45567   2.38768   5.22312    1535   17
    31   1.41478   2.16169   2.07615    1317   19
    32   5.63755   1.91768   3.79379    1023   14
    33   0.53907   0.82043   2.28717    1173   12
    34   3.78351   2.14221   5.70957     949   14
    35   2.61395   1.30338   2.34858    1060   14
    36   3.71954   2.30401   1.10157     795   11
    37   0.76089   0.86191   3.57092    1735   14
    38   2.55004   1.21265   2.38681     594    8
    39   2.66329   1.10687   3.90416     931   11
    40   1.26888   2.16507   5.10564    1074   11
    41   1.34054   2.23767   3.67494    1119   14
    42   2.53406   1.32470   3.95603    1849   17
    43   1.37028   2.27534   1.97641    1507   15
    44   0.56126   0.76620   3.71210    1576   18
    45   4.56371   0.96740   5.70654     991   10
    46   0.59923   0.90082   2.11227    1482   20
    47   5.61360   1.97495   0.81097    1455   16
    48   1.26303   2.34403   0.40040    1306   18
    49   1.48776   2.26500   5.39083    2197   19
    50   0.48083   0.93986   0.55212    1522   18
    51   4.53014   0.93005   2.65111    1225   14
    52   5.62935   1.92432   0.74777    1051   15
    53   4.42379   0.94415   4.33353    1270   13
    54   3.93822   2.22242   4.34890    3163   24
    55   5.66336   2.02916   5.47629     988   13
    56   5.72639   2.08194   3.90106    1627   16
    57   3.64092   2.31053   1.04624     679    8
    58   4.57582   0.72400   5.70268    1646   19
    59   0.63295   0.92544   5.11010    1095   14
    60   3.83438   2.17331   5.88229    1693   14
    61   5.63757   1.81808   3.96911    1563   18
    62   2.48283   1.13159   5.66838    1142   13
    63   0.75120   0.91398   3.56784    1475   15
    64   4.43353   0.82444   5.82382    1016   10
    65   1.45480   2.37844   5.18326    1668   13
    66   2.53719   1.07167   5.50235    1457   15
    67   5.70151   1.92039   2.36089    1249   16
    68   4.51804   0.75196   4.10328    1533   14
    69   0.55884   0.95484   3.76523    1257   14
    70   2.58490   1.27218   5.45944    1406   14
    71   5.73492   2.09620   0.85406    1759   17
    72   1.38432   2.17741   0.60731    1109   14
    73   1.42798   2.27173   3.74133    1005   12
    74   2.51197   1.23132   2.27556    1417   18
    75   3.95995   2.22973   4.35592     807   11
    76   4.35271   0.90659   5.71587    1503   18
    77   5.60750   1.96876   3.95887    1329   14
    78   2.53014   1.27543   0.84070    1778   18
    79   0.74847   0.91454   3.55430    1394   16
    80   4.49266   0.98509   2.68427     867   12
    81   0.52099   0.88156   2.18645    1429   14
    82   2.46612   1.15798   2.27737    1224   12
    83   5.80602   1.95169   5.51890    1244   15
    84   2.50762   1.28048   2.29515    1576   19
    85   0.60166   0.82532   5.23756    1483   15
    86   2.61689   1.04713   5.43438    1143   15
    87   4.39111   0.80533   1.22311    1368   13
    88   4.50683   0.85860   2.66086    1232   16
    89   2.54818   1.18341   5.52079    1952   17
    90   0.56126   0.76620   3.71210    1308   17
    91   3.89422   2.25877   5.77325     739   12
    92   5.54397   2.04750   3.94421    1343   14
    93   0.49226   0.89243   0.61541    1695   19
    94   1.33657   2.26844   2.06871    1366   14
    95   0.51009   0.86207   3.79387    1518   16
    96   5.71581   1.97621   2.43979    1388   15
    97   2.60190   1.25184   3.83313    1530   17
    98   2.46723   1.27572   2.47265    1613   16
    99   2.37322   1.20027   0.94646    1577   14
   100   4.41799   0.83229   4.18943    1365   14
   101   3.77302   2.37519   1.11615     686   10
   102   1.36183   2.33338   3.75629    2244   18
   103   1.25200   2.27270   0.48655     776   11
   104   0.64275   0.95182   0.53365     549    9
   105   5.76539   1.88014   0.84939    1198   16
   106   2.51174   1.18853   0.87453     954   13
   107   0.56295   0.94297   2.15413    1287   15
   108   1.37155   2.41586   0.58088    1794   17
   109   4.60929   0.83542   5.80082    1407   17
   110   4.60672   0.82194   2.56780    1508   14
   111   3.67536   2.32851   4.21783     767   11
   112   4.55721   0.73286   1.04481    1043   16
   113   3.73928   2.18337   1.09589    1058   15
   114   3.77112   2.24563   1.07743    1226   17
   115   2.59371   1.20074   3.85761     880   13
   116   1.36965   2.16950   2.13439    1343   15
   117   5.67994   1.96288   0.77377    1317   16
   118   0.76570   0.81271   1.97971     668    9
   119   5.86606   1.92199   2.39720    1378   15
   120   3.86761   2.26795   1.00750    1542   17
   121   0.64038   1.02154   2.02671    1379   16
   122   4.65964   0.84455   4.06035    1120   11
   123   3.85355   2.35455   1.24614    1372   15
   124   4.41237   0.73584   5.94715    1596   14
   125   0.60474   0.97735   5.31000     746   11
   126   0.64038   1.02154   2.02671     888   12
   127   0.56126   0.76620   3.71210    1973   19
   128   4.60426   0.90832   4.03543    1039   12
   129   1.48980   2.19450   2.25680     774   11
   130   3.76664   2.12955   2.66239     954   10
   131   0.52939   0.73529   2.09955    1873   18
   132   1.21508   2.40236   5.11504    1518   16
   133   4.48215   0.80897   1.09289    1116   13
   134   5.67826   1.96347   3.83605    1561   18
   135   2.59371   1.20074   3.85761     968   12
   136   1.22010   2.20728   5.17999     784   10
   137   2.66329   1.10687   3.90416    1204   16
   138   4.46593   0.73820   4.29325     901   12
   139   5.62614   1.87585   0.68024    1653   15
   140   2.58296   1.20481   5.46377    1291   16
   141   2.62834   1.04293   5.48820    1244   14
   142   1.56634   2.39120   2.29879    1316   16
   143   5.66361   1.87401   3.90506    1355   14
   144   3.81166   2.26707   2.61672    1477   15
   145   4.41799   0.83229   4.18943    1274   14
   146   1.32669   2.16795   2.06617    1444   15
   147   5.79906   2.02116   3.90582     863   13
   148   2.57764   1.25770   0.74617    1289   14
   149   5.60658   1.96879   3.82886    1350   13
   150   1.30899   2.22070   3.60624     701    8
   151   0.52867   0.85848   3.84390     851   11
   152   3.83989   2.36067   5.81203     964   13
   153   1.19466   2.28632   3.50055    1697   16
   154   1.17706   2.25897   0.32507    1975   16
   155   2.65994   1.09030   3.89949     852   12
   156   4.49742   0.89859   4.18387    1732   15
   157   3.66047   2.21783   4.22214     880   13
   158   2.41865   1.17080   5.69917    1989   18
   159   4.49221   0.73772   2.58608     946   14
   160   0.69484   0.77019   1.99813     761   11
   161   3.75809   2.31293   5.88351    2247   19
   162   4.65786   0.85668   2.45804    1265   15
   163   0.68891   0.96857   0.45243     740   12
   164   5.72602   1.99516   0.83066    2039   19
   165   1.25740   2.35168   3.75524     639   11
   166   3.86748   2.21920   1.13774    1266   13
   167   5.65657   2.04144   0.76465    1487   15
   168   1.41187   2.25747   2.13560    1489   17
   169   4.41799   0.83229   4.18943    1908   20
   170   5.71322   2.01920   5.33967    1220   13
   171   3.72652   2.20008   2.67499    1168   13
   172   3.73537   2.23066   4.15426    1018   16
   173   3.80692   2.21261   4.34370    1557   15
   174   3.73510   2.20371   2.61522    1061   11
   175   4.48052   0.68958   4.08413    1387   16
   176   0.62872   0.79622   2.01107    1798   14
   177   1.31843   2.22181   2.14240    1288   14
   178   0.68696   0.89681   0.59424     936   16
   179   0.61446   0.90052   2.14611    2052   20
   180   3.80211   2.19558   5.92034    1169   15
   181   1.45567   2.38768   5.22312    1247   14
   182   5.80316   1.96102   5.38043    1150   13
   183   0.53760   0.82086   2.09744    1941   17
   184   1.41989   2.31593   3.69520     698   10
   185   0.68891   0.96857   0.45243    1016   14
   186   3.88465   2.32018   2.70335    1190   16
   187   1.34054   2.23767   3.67494    2047   17
   188   4.41636   0.98032   1.18599    1129   11
   189   0.62241   0.78459   0.44446    1627   15
   190   5.71924   2.06619   3.78137    1831   16
   191   0.58249   0.97552   3.67040    1272   14
   192   1.38474   2.22982   5.27801    1765   17
   193   3.91568   2.26290   4.25370    1055   15
   194   0.67741   0.74696   0.49711    1253   16
   195   2.52684   1.13923   5.59221    1476   14
   196   5.82591   1.89494   2.46678    1535   19
   197   1.34516   2.25469   2.12037    1001   13
   198   1.40600   2.27837   5.17704    1271   12