     1   0.00000   0.00000   0.00000       0    0
     2   2.96973   2.61864   6.25973    1251   16
     3   4.62615   1.66957   4.07515    1334   14
     4   4.53235   1.60849   2.47230     912   12
     5   6.26801   0.75470   6.19920     987   12
     6   4.67441   1.60258   2.36159    1843   19
     7   1.59821   1.44273   0.68516    1296   16
     8   3.12682   0.97688   6.12844    1255   14
     9   3.14795   2.42655   6.20387    1304   15
    10   6.02815   0.59797   4.99657     932   15
    11   2.88771   2.47790   2.97442    1157   14
    12   6.24032   2.24604   6.27133    2260   19
    13   4.80728   1.51571   5.59070    1900   15
    14   1.66251   1.58076   3.82780     972   12
    15   4.72643   1.55595   4.13691    1305   16
    16   5.98177   0.79372   3.26663    1213   14
    17   3.05461   0.99315   1.52505    1286   16
    18   3.17976   1.00461   4.58125    1187   18
    19   3.04139   1.01522   1.59445    1185   18
    20   1.54852   1.57226   2.18599    2481   18
    21   4.61557   1.71449   4.00208    1151   13
    22   1.48862   1.50989   3.68387    2434   19
    23   6.19966   0.61734   0.02624    1170   16
    24   6.26238   2.34486   4.78964    1736   19
    25   2.91792   2.47060   4.61241    1607   15
    26   2.92122   2.52382   4.49523    1436   18
    27   2.91425   2.57482   4.63420     789   12
    28   4.63453   1.55009   4.12081    1810   17
    29   2.99167   0.95730   3.18534    1373   15
    30   0.04214   2.20031   6.21040     754   12
    31   0.03416   2.10393   3.22982     874   13
    32   1.53330   1.66002   0.65975     600   13
    33   4.60325   1.67291   4.16229    1336   14
    34   1.60411   1.59005   2.19549     817   11
    35   6.12682   2.19754   1.61003    1320   15
    36   4.66661   1.64236   4.15729     941   12
    37   4.62361   1.68655   5.70126    1436   15
    38   0.12014   0.54806   2.96068    2349   19
    39   6.25954   2.18105   3.15882    1359   12
    40   3.09699   0.87791   0.02430     777   13
    41   6.09680   2.20198   3.02799    1637   15
    42   0.08344   2.30732   4.76205    1475   16
    43   6.27395   0.64017   0.08831    1380   18
    44   1.57996   1.65067   0.72503    1389   14
    45   4.66158   1.72374   5.70693    1078   11
    46   4.68127   1.49666   4.08776     898   13
    47   3.05318   0.98855   4.72563     960   15
    48   4.64310   1.55605   2.55843    1535   16
    49   2.97262   0.93571   4.76827    1631   18
    50   3.02548   2.51031   1.48730     763   13
    51   3.13520   2.48057   1.57377    1177   13
    52   0.00218   2.18763   0.15785    1965   15
    53   4.69919   1.60024   0.85121    2011   19
    54   0.04173   0.69924   6.20599    1645   16
    55   6.14585   2.20156   1.64681     502    9
    56   4.63375   1.70559   0.91889    1447   13
    57   3.09699   0.87791   0.02430    1345   16
    58   1.65728   1.61917   5.44158    1479   16
    59   4.62441   1.63396   4.17008     786   11
    60   2.92715   2.59689   4.56339    1812   21
    61   3.18795   2.57360   4.78811    1961   20
    62   3.09738   0.88685   3.17069    1595   18
    63   1.51514   1.60729   2.24627    1197   13
    64   1.56008   1.57304   3.80099    1008   12
    65   3.07389   0.99242   3.11908    1117   13
    66   2.96687   0.95099   0.07530    1775   20
    67   6.13793   2.17239   3.16772    1134   16
    68   2.94637   2.60043   1.40955    1271   14
    69   3.23273   0.83822   6.16875    1781   22
    70   6.14831   2.27732   1.55170    1502   15
    71   3.21269   2.45142   4.85433    1327   10
    72   0.12764   2.34707   0.09900    1280   16
    73   1.48179   1.43843   0.78808    1151   15
    74   1.57276   1.40894   5.36516    1332   14
    75   2.96973   2.61864   6.25973    1181   14
    76   4.60298   1.55136   0.91587     900   12
    77   4.69902   1.59332   5.52509     670   12
    78   1.48630   1.63349   0.70244    1224   16
    79   4.74500   1.58051   0.92458    1325   13
    80   6.27893   0.73198   6.18560     782   12
    81   3.19164   2.47562   1.75981    1543   16
    82   6.25013   0.71073   1.55084    2184   19
    83   6.06098   0.56336   3.30271     783   11
    84   4.67261   1.55679   3.96621     975   12
    85   3.02664   0.89768   1.43736    1477   15
    86   3.17941   1.03163   4.74445    1631   19
    87   3.14299   0.98219   6.23619    1191   16
    88   3.21938   0.90396   4.55453    1557   14
    89   0.05595   0.66942   4.63342     949   13
    90   0.05831   2.13917   3.17800     943   11
    91   0.06591   0.71702   4.73042    1326   17
    92   6.23570   2.11473   3.22835    1222   15
    93   3.04872   2.49251   2.96691     826   11
    94   6.09351   2.29695   6.25735    1396   14
    95   6.09278   0.59069   0.03689    1166   16
    96   0.13105   0.62974   3.04199    1114   11
    97   6.23927   0.60161   6.17408    1065   12
    98   3.07080   0.94012   1.58588    1289   17
    99   1.52373   1.54838   2.35186    1731   15
   100   3.04082   0.98652   4.69292    1378   13
   101   4.62435   1.66471   4.05332    1580   15
   102   1.50747   1.50711   2.11285    1845   18
   103   2.96354   2.48406   1.36267     842   12
   104   0.03560   2.22719   4.64591    1287   17
   105   6.09816   2.19642   4.67029    2290   19
   106   4.70501   1.70337   5.64469    1078   13
   107   1.57143   1.56939   5.40850    1082   13
   108   6.20116   2.28403   1.56269    1043   14
   109   6.09351   2.29695   6.25735    1444   14
   110   0.03739   2.18638   3.07494    1360   15
   111   3.10688   0.98396   3.11194    2301   21
   112   4.70196   1.61834   2.44293    1059   12
   113   4.59879   1.55516   4.13469    1093   15
   114   6.08249   0.78516   3.33376    2253   20
   115   6.23534   2.35844   3.25567     689   13
   116   4.55684   1.54202   5.58871     944   12
   117   3.23585   0.82072   3.06757     824   12
   118   6.24107   2.31259   3.20633    1079   15
   119   3.12966   0.82247   4.71790    2370   19
   120   3.05318   0.98855   4.72563    1264   18
   121   4.68620   1.50379   2.45712     905   14
   122   0.10535   0.59267   3.04721    2599   16
   123   3.04110   0.88206   1.54085    1340   13
   124   5.98071   0.76703   1.72415    1167   13
   125   0.05993   2.16435   4.80884    1115   15
   126   1.53917   1.58528   2.29172    1253   20
   127   4.65782   1.65132   4.16717    1245   13
   128   4.56697   1.62359   5.63051    1248   13
   129   4.62720   1.67564   2.37023    2162   20
   130   0.12980   2.25355   1.74914    1277   15
   131   4.62394   1.67924   2.52232    2001   18
   132   4.77635   1.52965   4.16872    1893   16
   133   3.13065   2.51299   3.17966    1096   16
   134   3.09861   1.03621   4.60184    1036   12
   135   1.64563   1.61090   3.74254    1415   16
   136   3.05318   0.98855   4.72563     828   15
   137   6.11628   0.66853   3.39545     972   14
   138   1.49927   1.47857   5.27843    1353   14
   139   6.13315   0.58206   1.59551    1254   14
   140   1.48798   1.54497   2.26047    1403   17
   141   3.19073   1.01793   3.20209    1534   14
   142   4.77571   1.63772   0.84327     810   13
   143   4.67049   1.56246   5.75362     722   12
   144   3.20363   0.91625   6.26957    2479   20
   145   3.17685   2.46047   0.04988    1569   17
   146   2.98955   0.94785   3.25960    1068   13
   147   3.03340   2.57666   3.15789    1199   16
   148   2.96715   0.94032   3.19612    1470   15
   149   3.19532   0.89851   2.98433    1374   13
   150   1.54480   1.48626   3.78774     723    8
   151   6.20152   0.61606   3.27393    1966   18
   152   6.19210   0.69489   3.12289    1046   11
   153   2.87524   2.50705   1.37396    2020   20
   154   4.60760   1.57549   3.99888    1848   15
   155   3.00222   0.94271   4.83455     893   14
   156   6.17279   2.35269   0.11929    1284   15
   157   4.61624   1.59752   0.90247    1806   19
   158   3.23385   0.99335   3.01780     801   11
   159   6.07708   0.60657   1.65164    1146   14
   160   6.12330   2.27085   4.68916     746   12
   161   3.16722   0.91272   4.68680     943   12
   162   3.01351   2.59309   1.59751    1050   13
   163   1.47786   1.48096   2.10475    1552   14
   164   1.41671   1.54899   3.72234    1240   14
   165   1.52345   1.42260   0.52788    1331   11
   166   1.58480   1.45554   2.16396    1006   14
   167   4.66278   1.51638   2.37661    1187   13
   168   1.49885   1.63267   2.16592    1852   17
   169   1.52622   1.56008   3.81568    1098   14
   170   3.23409   0.86261   3.05813    1196   12
   171   0.03754   2.14617   4.74716    1168   13
   172   3.07823   0.99250   4.64606    1525   19
   173   6.11253   0.56070   3.22761    1526   18
   174   4.54251   1.62755   0.88819    1180   14
   175   4.58535   1.55243   2.61496    1313   14
   176   1.49927   1.47857   5.27843     513    9
   177   1.49661   1.63358   5.45039    1583   19
   178   2.90091   2.50382   2.92942    1083   15
   179   1.61748   1.52920   3.68513    1915   17
   180   3.16487   0.84550   0.03147    1157   10
   181   1.49927   1.47857   5.27843    1169   12
   182   1.53330   1.66002   0.65975    1317   14
   183   3.09738   0.88685   3.17069    1609   14
   184   1.56156   1.41200   5.37423    1456   14
   185   4.54588   1.53588   5.69457    1465   13
   186   4.66278   1.51638   2.37661    1398   13
   187   4.59981   1.65604   4.16922    2024   18
   188   6.23351   0.55530   4.63373    1136   14
   189   6.27395   0.64017   0.08831     966   12
   190   1.49927   1.47857   5.27843     956   12
   191   3.10419   2.43004   1.63712     662   11
   192   6.16992   0.78081   4.68741    1186   13
   193   6.08249   0.78516   3.33376    1427   14
   194   3.11898   0.98055   1.47708    1180   13
   195   6.26463   2.16388   0.01413    2017   20
   196   6.13378   0.77086   1.76751     754   12
   197   3.04872   2.49251   2.96691    1325   17
   198   1.51668   1.53257   5.34923    1590   15
   199   6.09983   0.61725   4.90489     993   12