     1   0.00000   0.00000   0.00000       0    0
     2   4.42454   1.23057   6.17129    1163   15
     3   4.33043   1.32018   4.64509     922   11
     4   1.10317   1.72793   4.90303    2015   17
     5   4.34245   1.27094   4.47866    1232   14
     6   4.17050   2.86921   1.30265    1159   15
     7   4.23759   1.31565   1.34780    1305   14
     8   4.32923   1.36056   4.54538    1054   11
     9   1.26206   1.89551   0.15484    1102   14
    10   5.87518   1.82905   4.34197    1001   16
    11   3.84179   2.69602   1.05105    1115   14
    12   0.71564   0.21940   0.47975    1739   18
    13   3.96777   2.75448   1.26625    1350   15
    14   1.10238   1.74114   3.28810    1234   16
    15   4.34722   1.36776   5.98028    1395   13
    16   2.75051   1.43939   0.35954     971   15
    17   2.65790   1.35852   0.30885    1270   15
    18   0.48084   0.28549   2.14578    1698   13
    19   3.81296   2.85110   2.70647    1331   17
    20   0.38369   0.42044   2.28410     790   11
    21   1.10316   1.78716   1.65672    1530   15
    22   1.12044   1.78975   0.12026     950   13
    23   3.93774   2.91369   5.81554    1269   15
    24   1.14508   1.85167   0.12787    1641   17
    25   0.56266   0.34910   0.65702    1175   12
    26   2.71685   1.46575   1.72509    1584   17
    27   5.81795   1.79813   6.02426     876   14
    28   2.71527   1.33044   1.82069    1432   15
    29   0.97660   0.34316   4.97297     907   14
    30   4.35275   1.27580   2.97857    1684   15
    31   3.68072   2.86464   2.58125    1005   14
    32   1.16076   1.87507   1.68445    1299   14
    33   1.23172   1.78924   0.23689    2121   18
    34   2.77883   1.31570   0.30253    1081   11
    35   2.64867   1.46653   5.07401    2162   18
    36   2.75184   1.37689   5.00465    1466   18
    37   4.28090   1.40651   4.56152     907   13
    38   3.35684   2.92785   5.43935    1913   21
    39   1.01847   0.35423   4.78554    2014   16
    40   0.25177   0.28922   2.46116    1267   13
    41   1.24386   1.69903   4.92039    1577   17
    42   0.82655   0.37420   0.22228    1748   14
    43   5.72978   1.78628   1.16118    1416   11
    44   0.14601   0.28685   2.47883    1314   16
    45   3.63185   2.84409   5.57824    2245   20
    46   2.71860   1.32506   5.02272    1659   14
    47   2.61551   1.47321   0.15875    1191   13
    48   2.76020   1.52384   3.49226    1462   17
    49   1.07141   1.82935   3.28810    1299   16
    50   1.15590   1.92116   1.61116    1186   13
    51   4.32541   1.33426   4.44094     834   12
    52   3.47688   2.76855   2.30913    2424   20
    53   1.19260   1.78331   4.79041     905   15
    54   1.15319   1.75320   4.85360    1763   17
    55   3.59510   2.86244   4.07273    1475   15
    56   3.73851   2.84172   2.45565    1238   17
    57   2.69228   1.38203   3.38274    1142   13
    58   1.26490   1.74292   4.86993    1283   15
    59   0.57095   0.14631   5.27907     962   12
    60   4.33167   1.22681   4.55304    1136   14
    61   2.73688   1.43466   3.42659    1291   15
    62   3.91088   2.73371   1.22969    1055   14
    63   4.03088   2.78688   4.42456     960   12
    64   0.46458   0.26913   5.38361     624   11
    65   2.77910   1.48068   0.24323    1517   14
    66   4.25508   1.34825   2.90951    1088   16
    67   4.31135   1.41021   2.85199    1641   17
    68   5.77984   1.67083   2.82053     808   12
    69   2.78495   1.38290   1.85700     767   13
    70   1.26008   1.79089   0.21408     865   12
    71   5.82832   1.77565   2.77810    1081   12
    72   1.24278   1.83415   3.34496    1790   15
    73   4.46009   1.35103   4.46001    1139   14
    74   1.23950   1.80909   4.89350    1471   16
    75   2.67260   1.40723   1.89118    1477   17
    76   0.65537   0.32207   2.04113    1701   18
    77   1.25201   1.86761   1.78111     977   13
    78   2.62606   1.35488   4.91605    1217   14
    79   2.61050   1.39642   1.91835    1557   13
    80   0.29314   0.24761   0.93094    1834   18
    81   1.32203   1.75290   1.86719    1349   17
    82   4.17050   2.86921   1.30265     971   12
    83   3.76422   2.73105   4.20109    2122   17
    84   2.68817   1.36475   1.96133     927   14
    85   2.73806   1.37929   5.00370    1448   18
    86   2.61120   1.30998   0.36260     954   14
    87   2.81041   1.28089   1.72049    1690   17
    88   0.50158   0.25641   0.64672    1421   16
    89   4.24002   1.22712   4.70105    1655   17
    90   3.38328   2.92599   2.26295    1400   15
    91   0.91895   0.37183   0.21321     984   14
    92   3.95946   2.87068   5.85834    1806   20
    93   0.67396   0.14836   5.21509    1008   14
    94   0.47794   0.40724   2.31509    1302   13
    95   5.81191   1.70270   1.43354     993   14
    96   1.13430   1.72316   4.85138    1920   19
    97   0.40424   0.22222   2.43358    1105   13
    98   1.31327   1.86257   0.26177    1423   17
    99   0.37577   0.38836   2.33569    1786   17
   100   4.12058   2.86879   6.06900     726   10
   101   0.86457   0.32174   0.28567    1419   13
   102   3.99076   2.75821   2.77930    2268   20
   103   2.85981   1.50271   1.73793    1455   18
   104   4.36938   1.30196   2.91515     800   12
   105   1.32794   1.84666   1.73972    1224   12
   106   5.78114   1.65896   2.87315    1257   15
   107   2.85981   1.50271   1.73793    1374   14
   108   4.25863   1.42635   2.96048    1134   11
   109   1.16627   1.75017   4.84228    1319   14
   110   0.75246   0.28055   1.96478     983   13
   111   4.26279   1.25593   2.92606     708   13
   112   2.58147   1.38634   1.92839    1265   14
   113   0.41943   0.35633   3.79456    1330   11
   114   5.96916   1.70124   1.21988    1554   19
   115   2.79895   1.47187   3.35381    1267   14
   116   1.04593   0.35260   4.86898    1664   16
   117   5.94567   1.85419   4.57140    1982   17
   118   1.19507   1.87879   4.74496    1292   11
   119   4.38913   1.31584   5.99302    1753   16
   120   5.74852   1.72787   1.28937    2234   19
   121   3.62970   2.77586   2.48627    2003   21
   122   1.24482   1.83367   1.82502    1274   14
   123   0.62062   0.19395   2.09373     832   15
   124   1.10738   1.88292   1.72899    1118   13
   125   3.33500   2.87942   0.48576    1515   14
   126   1.17923   1.84625   0.13471    1105   13
   127   2.84887   1.48253   3.45642    1421   17
   128   4.43619   1.29578   4.48214    1909   20
   129   0.69533   0.19127   3.70569    1848   14
   130   1.27963   1.93484   4.97581     948   12
   131   3.36387   2.83447   2.10172     797   11
   132   0.49087   0.32629   3.81582     838   10
   133   5.98221   1.63269   1.34601    1014   15
   134   1.10738   1.88292   1.72899     883   14
   135   1.23858   1.86066   4.97763    1616   16
   136   1.21500   1.76968   5.00509    1109   14
   137   2.66331   1.38006   0.23614     888   13
   138   3.61460   2.73348   2.36063    1476   14
   139   6.00599   1.67890   4.44105    1293   15
   140   5.84610   1.79679   6.00366     678   12
   141   4.17050   2.86921   1.30265     845   14
   142   5.88910   1.64721   2.89858    1244   15
   143   0.37809   0.35839   2.47018    1468   17
   144   1.17077   1.76240   4.89388     752   11
   145   2.82371   1.36980   3.42188    2722   19
   146   2.79091   1.33576   0.22870    1256   15
   147   4.36410   1.27741   1.42780     850   10
   148   0.72426   0.29665   2.10864     842   10
   149   5.88418   1.72221   2.94435    1166   14
   150   4.46881   1.39526   6.06713    1665   16
   151   5.83106   1.77093   4.48859    1072   13
   152   3.89990   2.72474   4.26966    1609   20
   153   4.12058   2.86879   6.06900    1700   16
   154   5.83106   1.77093   4.48859    1395   17
   155   5.81371   1.71319   2.81450    1340   11
   156   5.87555   1.74991   4.43609    1501   16
   157   2.62991   1.34253   0.15563    1497   14
   158   5.78592   1.64025   1.27220    1124   13
   159   0.09044   0.35545   4.23446     968   15
   160   1.19259   1.91416   0.10497    1294   15
   161   1.26008   1.79089   0.21408    1548   15
   162   2.85408   1.44771   3.35162    1313   15
   163   2.73958   1.38743   5.05582    1574   15
   164   1.16541   1.79641   4.75500    1389   14
   165   1.18736   1.72342   4.83513    1219   13
   166   4.32340   1.27861   3.09787    1132   15
   167   2.85981   1.50271   1.73793    1299   15
   168   1.07071   1.79416   4.81130    1934   19
   169   4.07757   2.79474   2.96383    2469   18
   170   4.39736   1.24254   4.51194    1182   13
   171   5.92963   1.73357   1.21971    1357   14
   172   5.98012   1.69672   5.94413    1342   15
   173   4.46009   1.35103   4.46001    1074   13
   174   5.80087   1.77416   1.32099    1176   15
   175   2.62664   1.30394   4.90584    1032   15
   176   4.37569   1.26536   6.13298    1179   17
   177   3.86732   2.90154   4.21782    1706   18
   178   0.88649   0.22344   3.35314    1159   15
   179   1.07105   1.86643   4.84022    1071   15
   180   2.70156   1.43718   1.80957    1517   16
   181   4.23282   1.27511   6.12902    1305   14
   182   2.78486   1.28763   4.90099    2072   17
   183   2.78740   1.34811   3.43011    1483   13
   184   2.71685   1.46575   1.72509    1046   12
   185   4.23207   2.80626   3.06899    1232   13
   186   4.40696   1.35791   1.30184    2215   20
   187   0.80435   0.27601   0.40550     814   13
   188   0.33393   0.39486   5.43254    1488   16
   189   1.20936   1.74178   3.32088    1362   17
   190   1.24743   1.73561   1.71157    1033   15
   191   0.74106   0.38363   3.66049    3130   21
   192   0.40233   0.40267   0.72557    1367   14
   193   3.47688   2.76855   2.30913    1593   14
   194   5.84061   1.71070   1.23108     586   10
   195   2.77842   1.41364   4.90215    1292   15
   196   3.87359   2.86399   4.28913    1059   15