     1   0.00000   0.00000   0.00000       0    0
     2   1.04584   2.24987   5.40427    1284   16
     3   0.88637   2.21785   5.19828     621   10
     4   4.20220   0.85303   2.53893     491   11
     5   4.21452   0.94051   0.97583    1358   17
     6   2.08597   1.25872   3.95253     261    8
     7   3.44044   2.27784   5.67060     502   10
     8   2.20428   1.25897   0.78253    1469   15
     9   2.17636   1.28946   0.71563     528   11
    10   5.32685   1.91718   2.29153     587   11
    11   0.11299   0.95966   3.71078    1131   16
    12   3.39499   2.37501   4.11799     308    8
    13   2.13665   1.08744   0.74892    1324   15
    14   4.15437   0.76350   1.04779    1693   18
    15   4.22207   0.85920   5.62594     428   13
    16   2.23139   1.15762   0.66478     991   12
    17   2.13588   1.20478   5.37224     543   10
    18   4.02611   0.96103   2.68104     710   12
    19   3.99521   0.77769   2.76288    1179   17
    20   5.24776   1.88996   0.78277     994   13
    21   0.96655   2.30812   3.58724     726   12
    22   0.22715   0.88318   5.19776     894   12
    23   2.08323   1.14096   0.90012     908   15
    24   5.20589   2.07051   0.75687    1622   14
    25   4.01481   0.93810   5.82155    1176   17
    26   0.06735   0.80817   0.58847     798   13
    27   2.21732   1.11845   3.85443     941   14
    28   3.30376   2.40332   2.62141     564   12
    29   5.25807   1.90662   2.41803    5630   30
    30   3.53872   2.38561   2.81374    1347   13
    31   3.31295   2.33978   5.70463     526   10
    32   0.85043   2.37390   0.55661    1387   15
    33   0.06735   0.80817   0.58847     990   15
    34   3.30456   2.29170   4.16983     421    8
    35   0.98143   2.32727   0.47451     696   13
    36   3.37181   2.38003   1.15797     522   10
    37   3.39006   2.18993   1.17744     782   13
    38   3.21457   2.25386   2.52485     522   11
    39   0.13434   0.83332   0.50804    1630   16
    40   1.08827   2.24718   2.11879     701   14
    41   2.20428   1.25897   0.78253     950   15
    42   3.33551   2.25355   5.72385    2624   21
    43   3.30313   2.16863   5.81611     817   13
    44   4.15437   0.76350   1.04779     808   13
    45   0.09143   0.98197   2.17305    1109   15
    46   5.15229   1.88885   0.76264     502   11
    47   5.35236   1.96258   4.03562    1469   15
    48   0.06735   0.80817   0.58847    1408   17
    49   2.20428   1.25897   0.78253     788   14
    50   3.32330   2.27149   5.81524     982   14
    51   3.98912   0.77963   4.33163    1145   16
    52   2.12106   1.20567   5.62170     837   15
    53   0.91193   2.12661   5.29309    1211   11
    54   3.37774   2.33611   4.25393     807   11
    55   3.98074   0.79352   5.83368    1251   14
    56   0.17588   0.87414   3.62846    2791   21
    57   0.95688   2.33163   0.50384     628   13
    58   4.04860   0.89628   5.70326    4275   22
    59   2.12106   1.20567   5.62170    1939   20
    60   1.03312   2.19128   0.50123    1441   17
    61   3.29125   2.33653   2.59034     390   12
    62   0.10184   0.71382   0.66942     739   10
    63   3.44987   2.35858   5.73870    1471   15
    64   0.16670   0.72342   0.51541    1636   17
    65   5.38433   2.06950   5.48299    1731   16
    66   3.18991   2.21901   5.60976    2106   17
    67   2.08597   1.25872   3.95253     552   12
    68   4.20220   0.85303   2.53893    1208   16
    69   2.22854   1.09152   5.46923     500   14
    70   4.13677   0.81776   2.61837     666   13
    71   3.37424   2.30133   2.51812     729   12
    72   2.14566   1.15305   5.52638     716   15
    73   2.07988   1.12811   5.47827     909   14
    74   3.38973   2.24613   2.71057    1486   16
    75   2.28488   1.12068   3.85748    3644   23
    76   5.15229   1.88885   0.76264     451   10
    77   2.18948   1.23114   5.37871     408   10
    78   0.24345   0.95908   2.08339    3032   22
    79   3.42570   2.18862   1.16808     909   11
    80   0.97556   2.36941   3.62686     417    9
    81   3.30218   2.38719   1.15674     884   12
    82   2.13335   1.26835   0.92434     863   13
    83   0.75976   2.30902   5.11498    1110   11
    84   3.51199   2.31167   1.15630     680   12
    85   0.93566   2.35787   5.28718     854   14
    86   5.25961   1.85676   2.32133     755   13
    87   5.19002   1.88661   5.58907    1049   15
    88   3.45953   2.34151   4.29335    1164   12
    89   2.13335   1.26835   0.92434     817   12
    90   0.88725   2.32330   0.38526     955   11
    91   4.20315   0.89920   2.60980     914   13
    92   1.05637   2.22687   3.73884    1135   17
    93   0.28378   0.90737   5.18476     926   13
    94   0.97812   2.27634   2.13745    1120   17
    95   0.93149   2.38302   5.11251    1196   16
    96   0.13727   0.72944   0.59459    1116   14
    97   2.13989   1.08073   3.93073     811   14
    98   3.43105   2.31220   5.84990     419   10
    99   0.97585   2.16109   5.24687     363   12
   100   3.30218   2.38719   1.15674    1350   12
   101   5.33723   1.98259   5.45016    1035   12
   102   3.34123   2.30336   2.75359     976   13
   103   0.23072   0.74986   0.48760     503   11
   104   0.96627   2.30053   2.17914    1680   17
   105   2.14827   1.12794   2.41442     427    9
   106   0.36204   0.71664   0.32967    2028   16
   107   2.21360   1.16542   2.39060     926   13
   108   3.36891   2.32455   1.12522    3600   25
   109   2.25231   1.20263   5.39132     793   12
   110   5.33994   1.97233   4.07871     617   14
   111   0.29422   0.85773   5.08923    1345   16
   112   4.07435   0.97767   5.74757    1703   17
   113   0.13897   0.82676   5.34408    1087   16
   114   0.16430   0.94477   1.98293    1695   17
   115   0.82549   2.37884   3.61448    2388   17
   116   0.28192   0.81669   2.00752    1378   17
   117   0.92041   2.19459   5.15103    2294   18
   118   3.98596   0.87750   4.21012    1594   15
   119   0.06735   0.80817   0.58847     730   11
   120   5.20930   1.83596   0.83062    1261   14
   121   5.21506   2.06643   0.71355    1857   20
   122   3.31742   2.20652   2.63245     613   14
   123   2.18138   1.21629   0.77415     943   16
   124   2.13643   1.26809   5.44524     898   14
   125   3.30218   2.38719   1.15674     712   15
   126   0.00000   0.00000   0.00000     565   12
   127   3.24036   2.35433   4.17881    3961   22
   128   4.04191   0.81107   2.62384    1085   15
   129   0.23888   0.68963   0.63509    1348   14
   130   0.34101   0.91455   2.05255     814   12
   131   4.10545   0.89205   1.03120     403    9
   132   0.05645   0.87175   5.33787    1737   13
   133   2.14598   1.25081   2.32362    1982   18
   134   0.14519   0.87722   5.16443    2758   20
   135   5.17981   2.01323   5.45085     820   10
   136   2.20745   1.29094   2.25671    2519   21
   137   3.40167   2.24984   4.25927    1286   15
   138   0.96655   2.30812   3.58724     572   10
   139   0.00598   0.75939   5.44761    2225   20
   140   2.12150   1.18143   5.44257     725   12
   141   1.06440   2.20826   5.22354    1017   13
   142   2.09158   1.29578   2.27274     877   15
   143   2.16507   1.12852   2.27906     874   12
   144   4.21058   0.90997   5.71873     631   13
   145   3.42404   2.36319   1.21173    1646   15
   146   0.89268   2.25542   0.43068     489   12
   147   0.30943   0.76246   0.45499    1070   13
   148   0.96655   2.30812   3.58724    1189   14
   149   4.13129   1.01315   1.05640    1278   20
   150   4.09813   0.87405   0.97858     856   15
   151   4.13210   0.79687   1.08022    1064   14
   152   0.22941   0.75433   5.17038    1105   13
   153   1.00281   2.24774   0.58514    1782   19
   154   3.24251   2.33719   1.06571    1121   14
   155   3.45978   2.35224   2.74861     581   14
   156   5.23924   1.98481   5.47833     613   13
   157   4.11297   0.97038   1.15536     414   11
   158   0.19961   0.83288   2.18790    2515   20
   159   0.32018   0.92996   0.46498     398   10
   160   0.10157   0.79868   2.18504    1585   18
   161   2.23601   1.13949   3.82262     975   12
   162   5.24982   2.01069   4.05310    2234   24
   163   5.33774   1.94794   2.26018     805   14
   164   0.22536   0.80094   3.70085    1772   22
   165   0.84668   2.26839   3.63137     741   10
   166   4.14154   0.79485   0.92239    1428   19
   167   2.12974   1.05697   3.84641    1099   14
   168   3.48761   2.23738   2.72161     431   11
   169   0.88499   2.28535   2.06119    1077   14
   170   1.01804   2.24399   3.67658    3472   25
   171   0.91336   2.31049   5.16418    2982   23
   172   0.86025   2.33046   2.03037    2027   17
   173   5.30321   1.88478   2.37984     978   14
   174   3.28266   2.32755   1.05580     713    7
   175   5.23606   1.96165   0.79833     785   13
   176   0.10184   0.71382   0.66942    1107   14
   177   3.28328   2.19554   2.60495     996   15
   178   0.88499   2.28535   2.06119     971   15
   179   3.31644   2.16883   4.28378     554   10
   180   5.35841   2.02051   3.96602     552   12
   181   3.44396   2.40620   5.83825     868   10
   182   5.26670   1.84312   4.01748    1112   11
   183   3.34933   2.38023   1.02262     360    9
   184   5.32319   1.91653   2.47411    2017   18
   185   3.27966   2.16167   4.15824    1339   16
   186   4.13948   0.95247   4.20017    1374   16
   187   2.23310   1.24750   3.90900     901   10
   188   2.14392   1.27821   5.48261     794   13
   189   3.48684   2.30794   4.20854     604   12
   190   0.36624   0.94123   3.57804    2145   21
   191   5.41447   1.92575   4.00859     564   13
   192   1.08282   2.26674   5.42069    1462   16
   193   0.27139   0.85787   5.25649     537   12
   194   0.26175   0.94757   3.63128    1465   18
   195   2.12059   1.20324   5.56545     707   14
   196   4.05535   0.79969   2.64914     606   13
   197   0.19668   0.74128   5.20844     704   13
   198   0.08162   0.86328   3.71972    2951   22
   199   2.12932   1.21754   5.53752    1305   16
   200   2.20428   1.25897   0.78253     582   10
   201   0.89508   2.31721   3.68612    1836   16
   202   2.03031   1.10265   0.87094    1639   16
   203   0.87530   2.29604   2.05381    1421   18
   204   0.24000   0.81085   0.64558     496   11
   205   0.91971   2.32358   0.46175     727   13
   206   3.93113   0.81515   4.33506    1546   15
   207   0.34101   0.91455   2.05255     872   15
   208   0.14610   0.84725   2.13033     607   11
   209   5.25825   2.00961   3.94708    1282   15
   210   0.16371   0.78627   2.11970     673   11
   211   0.12424   0.96539   0.62745     599   12
   212   3.35123   2.41049   1.07391    2015   20
   213   3.40387   2.27542   4.20830     728   10
   214   2.21314   1.08042   5.54555     895   12
   215   3.34087   2.32316   2.66573     701   11
   216   3.27155   2.27548   1.04496     806   13
   217   0.88967   2.28241   5.13277     699   13
   218   5.29305   1.98177   5.39569    1279   13
   219   0.90142   2.26153   5.11233     642   11
   220   0.80736   2.41719   0.48413     959   16
   221   3.43139   2.32485   4.22808    1775   21
   222   2.22783   1.21923   2.38019     958   13
   223   5.24004   2.00716   5.48243     791   13
   224   5.38408   2.00177   5.47931     761   12
   225   2.20608   1.19544   2.36083    1083   15
   226   4.02001   0.93121   1.15912    1155   14
   227   0.86163   2.33385   5.17623     967   13