     1   0.00000   0.00000   0.00000       0    0
     2   4.45427   1.19925   0.48943     958   13
     3   1.87033   0.96626   2.97352     836   13
     4   3.72220   0.58310   3.38716    1385   18
     5   3.02545   0.74977   0.01405    1665   17
     6   2.81053   0.31956   2.25704    1266   17
     7   3.56236   1.34620   1.22930    1402   16
     8   4.21717   1.25301   2.61314    1069   12
     9   1.14233   1.16083   2.38558    1157   17
    10   3.24381   1.67777   4.73083    1483   16
    11   0.12942   1.29388   0.97271    1409   12
    12   0.55986   0.87112   1.85096    1077   15
    13   5.22168   1.23163   4.22499    1899   19
    14   4.60791   1.59286   5.50005    1419   14
    15   2.59407   1.82342   5.63324    1401   14
    16   1.96377   2.35942   1.69032    1106   13
    17   4.05831   2.30886   4.45592    1462   18
    18   4.89125   0.79704   3.76063    1033   15
    19   4.63423   1.86720   1.23858    1299   15
    20   3.09579   2.44761   3.91201    1845   15
    21   4.82349   1.75908   3.06834     990   13
    22   5.57833   2.05809   0.03675    1371   15
    23   4.33656   2.14650   3.65384    1329   15
    24   5.01695   1.51361   1.50955    1299   14
    25   5.45021   1.04528   0.16892    1114   15
    26   4.34322   1.27097   5.08528    1892   16
    27   4.97401   2.29329   5.42401    1448   12
    28   1.06543   2.55275   4.67215     815   11
    29   5.48699   2.85037   4.67692    1710   16
    30   4.76533   1.19569   3.85886     938   12
    31   0.21624   2.19622   4.92502    1177   16
    32   5.98180   0.62325   4.34044    1208   15
    33   2.04489   2.39270   3.55582    2050   19
    34   4.24431   1.87332   3.16721     960   16
    35   4.37690   2.25160   3.76568     836   13
    36   2.74354   1.59613   1.03081    1255   14
    37   1.83765   1.46632   4.44317    1643   15
    38   2.59263   2.46040   3.26259    1887   19
    39   5.10126   2.41888   1.19083    1372   14
    40   3.53868   1.01088   1.23505     903   11
    41   3.63119   0.06549   3.77965    2505   23
    42   5.28086   2.08099   5.27315    1273   14
    43   1.37244   2.85705   4.17044    1869   19
    44   5.25947   2.76659   1.45552    1515   17
    45   5.56078   2.06187   4.49658     970   12
    46   5.53012   1.25653   3.31339    1122   15
    47   5.83376   1.99775   4.52484    1307   15
    48   4.33780   1.72572   5.12795    1785   17
    49   6.01201   1.26246   0.82420    1895   17
    50   4.17758   1.62531   2.70258    1116   12
    51   1.37741   0.76368   4.26899    1147   13
    52   4.71974   1.76396   4.65629    1370   11
    53   0.84763   1.81810   1.75429     769   11
    54   0.85048   1.40133   2.80438    1552   17
    55   0.56853   1.58910   1.23211    1453   19
    56   5.59899   2.21463   3.57901    1005   13
    57   1.64001   1.41944   1.58356    1682   18
    58   0.58828   1.75943   5.55816     673    9
    59   0.04383   1.18734   4.97604    2260   25
    60   1.15989   1.13047   5.33489    1522   16
    61   4.02623   0.95048   0.37424     532   11
    62   0.54287   1.14809   2.39257    1358   14
    63   1.38676   0.87553   4.54820    1687   15
    64   4.78597   1.56804   3.25495    1239   14
    65   3.39461   2.19527   4.70674    1170   15
    66   4.54502   0.70878   5.96735     741   10
    67   2.69756   2.54718   4.86206    1232   12
    68   2.55952   1.87069   0.98155    1104   15
    69   5.99284   1.83721   4.06864    1297   14
    70   5.25113   1.63787   5.87047    1836   15
    71   3.91032   2.44491   5.11395     599   11
    72   0.22614   1.40005   2.39821    1789   19
    73   1.40946   0.75407   4.79104    2112   17
    74   1.27445   1.09562   5.32583    1817   18
    75   0.85693   2.34869   5.43959    1054   15
    76   1.82673   2.10893   0.92626    1256   15
    77   5.23466   2.18854   2.57362    1795   18
    78   2.12164   1.26281   3.61160    1110   13
    79   3.49659   2.45154   6.27266     993   12
    80   5.92511   1.87393   3.54299     779   11
    81   5.34367   2.50912   5.96509    1254   15
    82   3.26866   0.94941   2.26112    1256   17
    83   5.39191   1.03603   4.10053    1905   20
    84   3.99617   2.49044   6.25410    1980   19
    85   5.40933   1.17282   2.22528     963   13
    86   5.63108   1.40583   4.90708    1185   16
    87   5.73526   2.03662   4.27197    1286   16
    88   3.43538   1.31573   3.54501    1276   14
    89   3.69324   2.62979   0.70123    1489   17
    90   4.60193   0.52941   0.94432     920   12
    91   3.86143   0.80194   1.95346    1572   16
    92   0.03172   2.85204   3.60143    1505   17
    93   2.08730   1.52831   0.52648    1865   17
    94   5.23491   1.78247   4.08293     924   14
    95   4.24888   1.52232   3.73732     978   14
    96   2.17109   1.04172   3.68698    1050   15
    97   3.78645   2.10818   4.10897     945   11
    98   0.16932   1.23946   3.26870    1989   17
    99   4.97640   1.42058   2.42775     972   14
   100   5.07632   2.63074   4.27520    1018   13
   101   4.58735   2.22405   1.38728     558   11
   102   1.41203   2.23391   0.58430    1602   19
   103   3.66687   2.07312   4.20450    1006   12
   104   6.22158   2.57757   4.43624    1722   17
   105   2.41928   1.21341   4.11211     975   13
   106   3.53989   1.59817   2.09881    1296   13
   107   2.81741   2.07947   2.73403    1162   13
   108   4.08054   1.30830   4.64193    1210   15
   109   3.16362   0.55145   0.25568     897    9
   110   4.93493   1.18419   2.94175    1692   17
   111   4.55707   0.55271   1.02017     783   14
   112   3.47949   1.98938   1.53054    1360   15
   113   3.00641   2.10679   3.18194    1543   18
   114   2.09213   0.75650   4.68739     857   10
   115   4.51694   1.42032   2.20759    1785   17
   116   4.77209   1.74536   2.17126    1762   20
   117   2.85004   1.16528   4.09766     961   11
   118   1.08461   2.33753   5.71841     814   13
   119   0.41185   0.40600   2.63128    1028   16
   120   3.04569   2.39294   3.91043    1504   14
   121   6.00002   1.07578   5.88312    1544   16
   122   3.93937   2.14495   0.72739    1608   13
   123   0.57252   0.89338   1.80604    1363   17
   124   1.54482   0.95097   5.62356    1364   14
   125   2.06412   1.55515   0.76307     771   13
   126   1.52766   1.33342   3.14825    1682   16
   127   5.86385   1.41910   3.14327    2333   18
   128   2.46346   2.17487   1.94384    1239   12
   129   4.35923   0.88840   2.15028    1489   13
   130   5.58520   0.89919   5.87993    1323   15
   131   5.81571   0.85297   4.16582    1484   16
   132   1.83874   0.98811   5.37874    1431   14
   133   0.76536   2.02180   5.54860    1084   14
   134   3.71482   1.17876   2.21864     632   13
   135   5.82058   1.69022   6.10117    1484   15
   136   2.58846   1.06915   1.83270    1004   11
   137   4.62129   1.43614   2.05550    1331   16
   138   1.93109   2.09127   1.18843    2362   21
   139   2.42287   1.06530   4.60154     922   11
   140   3.43694   2.06893   0.28705    1420   17
   141   1.76026   1.34504   5.68133     705   13
   142   2.21623   1.89115   6.03134    1508   16
   143   5.76303   0.36686   5.29104    1002   12
   144   4.17762   0.98245   6.28002    1531   14
   145   5.20665   2.71987   4.21107    1878   18
   146   3.43136   2.10814   3.34187     966   12
   147   0.28928   0.61551   0.70303    1420   14
   148   2.35230   1.42261   1.78621    1333   17
   149   0.16740   2.21097   3.70379     698   10
   150   0.25779   0.47026   5.28063     974   12
   151   1.02354   0.64723   5.76454     745   12
   152   1.33310   1.48759   4.70928    2413   18
   153   4.46420   1.91291   4.43236    1355   16
   154   3.57114   2.40777   5.86210    1054   14
   155   2.82344   1.01516   1.72865    1068   12
   156   2.01366   0.72092   1.22548    1411   16
   157   3.69942   2.22621   5.17164    1486   16
   158   4.15519   2.48477   1.48077     890   11
   159   0.96619   2.04220   3.39984    1651   18
   160   4.12881   1.26034   0.65972    1808   19
   161   5.25491   2.21124   5.37308     786   11
   162   2.25242   0.48044   3.12608    1002   14
   163   4.86341   0.25555   3.92288    1502   17
   164   1.63661   0.53727   5.62816    1110   13
   165   3.66918   2.41121   1.05912    1220   17
   166   5.58520   0.89919   5.87993     884   14
   167   2.90163   1.93425   1.50837     936   15
   168   4.71443   2.58353   5.64010    1169   11
   169   6.11481   2.84152   3.95649    1355   13
   170   3.48957   1.69834   2.72870    2035   20
   171   0.41597   1.34245   3.82147     928   16
   172   6.21656   1.45352   2.29933    2004   15
   173   6.27089   1.87324   0.89738    1046   13
   174   4.83068   1.91512   2.57465    1464   17
   175   2.83731   2.22483   5.67171    1486   15
   176   4.34804   1.89561   3.67326    2137   17
   177   3.86817   1.97826   0.71166    1127   14
   178   2.21251   1.41186   5.65048    1217   14
   179   2.35385   1.94796   4.09274    1474   17
   180   2.61814   2.06077   2.45779    1130   13
   181   4.12881   1.26034   0.65972     848   13
   182   0.12071   1.67124   5.98218    2026   18
   183   0.49900   0.72686   2.15437    1535   15
   184   1.79004   1.95641   1.32890     708   12
   185   4.88414   2.10930   0.07282    1146   16
   186   3.53662   2.72918   2.99183    1513   20
   187   4.03744   0.72248   4.11766    1368   14
   188   4.67609   1.44484   5.85937    1100   14
   189   4.17518   2.65820   4.68017    1213   13
   190   0.43100   2.10112   1.45115    1112   16
   191   5.02749   1.35004   2.29387    1134   12
   192   2.35333   0.88141   4.63549    1941   16
   193   1.00758   1.66281   0.58226     737   13
   194   1.02977   2.36184   5.87926    1033   11
   195   4.80896   0.67827   0.01164    1132   12
   196   1.81101   2.37123   1.13167    2204   16
   197   6.19951   2.81211   2.45237     758   12
   198   5.39509   2.34234   1.08141    1034   13
   199   0.52714   1.92039   1.27102     914   13
   200   1.91015   0.13528   6.20463     793   10
   201   2.02085   1.31302   3.97666    1610   15