     1   0.00000   0.00000   0.00000       0    0
     2   3.55099   2.74909   2.20312     309    9
     3   0.49644   0.40672   2.47060    2143   17
     4   3.94439   2.65718   2.44233    5829   28
     5   4.63351   1.13860   4.45467     727   13
     6   4.67790   1.35926   1.19329     540    9
     7   5.97426   1.84605   1.10617     836   12
     8   4.70109   1.16070   1.15511    2098   16
     9   0.63861   0.49634   5.62239    1620   13
    10   6.11144   2.06594   1.32083     780   13
    11   6.06688   1.95289   5.99010     926   12
    12   2.91491   1.26404   5.03870    2726   19
    13   4.71478   1.38395   5.87902    1020    8
    14   4.61515   1.24678   2.71990    5477   24
    15   6.05648   2.00620   5.94828     755   11
    16   6.08657   2.00497   1.11794    1044    9
    17   0.70337   0.61426   0.75024     899   14
    18   2.94477   1.11049   3.46867     715   11
    19   1.47561   1.91826   5.15002    1224   15
    20   3.73330   2.64386   0.80021     628   12
    21   0.82758   0.43599   0.55354     824   13
    22   2.93366   1.30041   1.86246     935   10
    23   0.36600   0.46005   1.06218     863   11
    24   4.71478   1.38395   5.87902     692   14
    25   5.97943   1.93120   4.29787    3979   23
    26   0.71432   0.53721   5.30955    1121   13
    27   1.36855   1.83576   2.02777    2189   15
    28   4.66662   1.28511   4.27569     328    9
    29   4.57917   1.21043   5.83792    1280   15
    30   0.69027   0.40314   0.71545    3570   19
    31   4.74042   1.25469   5.86319     969   12
    32   0.42505   0.38680   5.62854    3391   21
    33   6.11299   1.90972   1.29966    4875   24
    34   0.72484   0.58870   2.29261     996   13
    35   0.65238   0.41785   5.54207    1196   13
    36   0.47926   0.59593   1.02708    1563   16
    37   6.10246   1.79832   4.26103    2928   18
    38   1.51518   1.79016   3.52015     363    6
    39   6.18744   2.03485   6.03912     385   10
    40   0.50379   0.51440   0.85324     632   10
    41   1.58139   1.80921   3.57573    3475   23
    42   1.42423   1.87028   2.00945     479   10
    43   3.03468   1.19013   2.02966    1919   15
    44   3.44157   2.59314   5.15277    1388   14
    45   4.60949   1.31015   4.46211    1437   15
    46   0.82758   0.43599   0.55354    1091   13
    47   1.50347   1.92677   2.07476     494    9
    48   0.58994   0.42631   5.54608     646    9
    49   3.04012   1.19434   0.25823    1206   15
    50   3.61205   2.63247   3.75671     754   12
    51   2.88921   1.32217   5.05596    2745   19
    52   0.49388   0.48862   5.74450     584   11
    53   2.92366   1.22959   1.94690     970   14
    54   5.92935   1.98089   5.78432     698   10
    55   0.83759   0.47815   0.56402     779   11
    56   1.54880   1.90278   2.01209     626   12
    57   2.94048   1.10479   0.27521     524   10
    58   3.51789   2.74388   2.20882    1527   15
    59   1.37624   1.87922   1.80809     678   12
    60   4.75051   1.21274   1.23880    2555   15
    61   3.71644   2.51648   3.88635     607   10
    62   4.67172   1.29823   5.87389    2321   21
    63   3.78354   2.72771   2.41805    1430   15
    64   3.72159   2.72891   0.82895    2663   21
    65   0.56447   0.32511   0.86674    1298   13
    66   5.99620   1.98206   4.39184    2707   16
    67   1.50347   1.92677   2.07476     656   11
    68   4.58923   1.29795   2.87008     622   11
    69   1.58709   1.85079   3.62524    1083   13
    70   4.60619   1.28874   5.93781     761   15
    71   2.87804   1.30368   0.27915    5106   27
    72   3.05325   1.20808   3.47552     892   11
    73   6.18744   2.03485   6.03912    1214   13
    74   4.71478   1.38395   5.87902    1419   15
    75   3.59771   2.55538   2.15352    3259   20
    76   1.46301   2.01157   0.32913    1632   14
    77   6.11944   1.97665   2.81111    1378   12
    78   1.60980   1.98116   2.01103     923   10
    79   3.96497   2.68992   0.85281    3067   23
    80   1.52814   1.83898   2.04018    2784   23
    81   0.82758   0.43599   0.55354     654   10
    82   1.48791   1.79156   0.50276    1896   12
    83   4.62563   1.33882   5.86758    1027   12
    84   0.62366   0.54863   5.64273    1328   14
    85   3.73575   2.63884   2.23500    4476   20
    86   6.10679   1.85261   4.37878    1611   18
    87   0.45441   0.57308   4.10694     988   16
    88   6.10893   1.88124   6.03197     992   12
    89   4.70292   1.34939   2.67186    1564   14
    90   1.49336   1.91358   5.18571     842   13
    91   1.42564   1.93420   5.08674     836   13
    92   4.65779   1.21617   2.66823    1918   14
    93   5.96881   2.03000   4.35647     609    9
    94   1.51978   1.93545   1.83048     843   11
    95   2.88291   1.23346   5.03208     648   12
    96   3.68545   2.56956   2.18826     959   13
    97   6.02504   1.92450   2.72906     613    9
    98   3.73575   2.63884   2.23500     480    8
    99   6.17135   1.87865   2.89757    1301   13
   100   5.98186   1.83758   2.69694     388    9
   101   6.03028   1.90168   4.45152     959   14
   102   0.51214   0.44194   4.13260    4483   24
   103   4.70292   1.34939   2.67186    1121    9
   104   3.55640   2.73372   2.23034    1592   13
   105   0.82758   0.43599   0.55354     744   12
   106   4.66662   1.28511   4.27569    2815   20
   107   4.70292   1.34939   2.67186    1278   12
   108   2.94038   1.07000   1.81764    1014   13
   109   6.12110   2.01052   4.34176     856   13
   110   5.96881   2.03000   4.35647    1150   13
   111   0.52980   0.49602   5.69100    1189   14
   112   2.85163   1.10880   0.50924     801   12
   113   0.66648   0.47642   5.50380    1439   12
   114   2.98638   1.25417   1.94825    1546   12
   115   2.92727   1.31901   0.30802    1628   15
   116   6.08657   2.00497   1.11794     946   14
   117   2.83028   1.24034   3.48575     461   11
   118   6.18744   2.03485   6.03912     718   10
   119   1.42457   1.87934   5.11273    2104   15
   120   1.52693   1.90562   0.48791    3883   24
   121   3.53293   2.62119   0.48956     979   12
   122   1.47484   2.00461   1.85873    3594   24
   123   3.49579   2.58990   3.64733     751    9
   124   4.60728   1.19383   2.82522     886   11
   125   1.50347   1.92677   2.07476    3031   19
   126   4.50282   1.26335   1.27555    2208   16
   127   3.62936   2.53688   2.20001    1432   17
   128   0.28622   0.49435   5.85003    3865   20
   129   6.15870   1.99507   5.99093     617   10
   130   5.96834   1.93807   4.26057    1505   12
   131   4.59120   1.31280   2.89150    1924   14
   132   1.46557   1.86839   1.85838    2010   17
   133   2.94048   1.10479   0.27521    1291   10
   134   6.02708   1.79728   5.90437    1660   16
   135   6.23883   1.87868   1.36612    2111   18
   136   1.61993   1.93318   1.94426     252    8
   137   1.37472   1.91488   1.83024     254    6
   138   1.49054   1.92641   5.01939    2071   15
   139   0.48999   0.50200   4.15195    3915   20
   140   3.06165   1.13273   4.94581     285    7
   141   2.99412   1.29722   2.02352     666   12
   142   3.49579   2.58990   3.64733     452    7
   143   6.14875   1.84054   2.93480     465    9
   144   4.73264   1.21564   5.89368     353   10
   145   6.00363   1.88793   2.68986    4336   23
   146   2.95982   1.22329   3.35057     573   10
   147   6.15152   1.95200   4.30919    1153   10
   148   3.72681   2.64837   3.75039    3682   26
   149   0.74838   0.44803   5.38185    4257   20
   150   1.46321   1.92650   3.40779     608   12
   151   4.71478   1.38395   5.87902     408   11
   152   3.52880   2.59661   1.98936    3662   20
   153   1.50554   1.78413   3.52999    1931   16
   154   3.93528   2.74218   0.92255    3549   21
   155   2.98575   1.13729   0.22370     231    7
   156   2.83297   1.09762   5.06137    1649   16
   157   4.79656   1.18750   4.25705    1719   16
   158   4.65802   1.30499   2.65989    1046   15
   159   3.71644   2.51648   3.88635     380   11
   160   0.45404   0.44879   4.20854     306    9
   161   6.18744   2.03485   6.03912     462   10
   162   4.66133   1.34182   1.12809    1869   19
   163   4.66329   1.27558   5.78388     740   12
   164   6.03220   2.01277   1.19459    2355   18
   165   6.13294   1.82556   2.82141     937   10
   166   3.04012   1.19434   0.25823     610   10
   167   1.45824   1.78527   3.59226    2198   19
   168   0.82758   0.43599   0.55354     424   10
   169   3.04012   1.19434   0.25823     411    9
   170   6.11335   1.96639   1.29829    4239   19
   171   4.71478   1.38395   5.87902     256    8
   172   1.48284   1.89071   5.11709    3104   20