     1   0.00000   0.00000   0.00000       0    0
     2   4.02458   1.27114   6.14306     686   12
     3   0.25723   0.14799   0.53642    1009   13
     4   2.33440   1.45069   5.01635     386    9
     5   3.46933   2.86922   4.19056     774   11
     6   4.04075   1.30827   6.09857    1539   16
     7   0.72858   0.18154   1.74584    2555   20
     8   0.92634   1.90275   4.94550    1315   15
     9   5.47430   1.82352   1.32512    1575   16
    10   2.33507   1.44978   3.40990    3887   18
    11   5.49647   1.70050   1.38061    1517   16
    12   3.16611   2.88350   3.94641    1445   16
    13   3.95617   1.21335   1.42762    3281   19
    14   3.41816   2.92857   0.95868    3140   25
    15   0.96276   1.68434   1.62996    1481   13
    16   5.47642   1.65849   2.77861    3205   21
    17   0.88858   1.85230   4.75193     843   11
    18   5.64035   1.65253   4.55056     842   10
    19   0.06385   0.23534   0.77031    1161   14
    20   5.60034   1.75494   1.37687     978   10
    21   5.49165   1.68792   4.44514     689    9
    22   5.65225   1.66526   4.57494     733   12
    23   4.11786   1.30804   1.37608    2759   19
    24   5.63443   1.68124   5.91836    3871   20
    25   3.87384   2.93181   3.01554    2864   17
    26   5.62325   1.72983   5.96900    1559   18
    27   0.79549   1.84817   0.12287     733    9
    28   0.93195   1.89431   3.24891     348    8
    29   0.81975   1.76284   4.92468    1403   15
    30   0.20813   0.37829   2.29945    1613   19
    31   0.12973   0.22779   3.92275    2360   17
    32   5.63352   1.62771   6.04328    1664   14
    33   0.16336   0.22921   5.33742     433    9
    34   0.93291   1.90995   1.65106    1852   17
    35   0.25723   0.14799   0.53642     815   13
    36   3.39881   2.73320   2.56227    2766   26
    37   0.73548   0.35900   3.23701     717   11
    38   3.06106   2.81802   5.36401    2191   16
    39   0.79677   1.87545   4.82376    2333   20
    40   6.22820   0.34636   4.02385     885   10
    41   5.52863   1.68677   2.83336    1359   15
    42   2.43112   1.45215   3.47431     545   11
    43   2.49961   1.45571   1.83005    1041   10
    44   4.08102   1.32432   1.55783     575    8
    45   0.70669   0.28143   4.84173    3102   19
    46   0.17266   0.32963   3.91009     281    9
    47   2.41193   1.44560   4.95426    1003   12
    48   0.80063   1.96691   3.27690     645   12
    49   5.52863   1.68677   2.83336     491   11
    50   0.27562   0.26941   2.19374     460    9
    51   5.54650   1.65179   5.95772    2961   21
    52   3.69159   2.78199   4.31550     762   13
    53   2.39081   1.37692   1.97722    1403   15
    54   3.94713   1.35375   4.55559    1715   13
    55   0.26771   0.38493   0.58863    1275   17
    56   3.96774   1.36058   2.91485    1199   13
    57   0.89726   1.68802   1.63686     691   12
    58   3.95495   1.32747   6.16976     993   10
    59   3.97912   1.30845   3.10839     424   10
    60   0.25723   0.14799   0.53642     779   12
    61   5.55419   1.62528   6.05515    2619   22
    62   5.48372   1.70164   4.37404     898   11
    63   2.33440   1.45069   5.01635     681   12
    64   2.33440   1.45069   5.01635     776   12
    65   3.40144   2.91490   4.08647     951   12
    66   5.60899   1.61187   1.35257    2369   17
    67   0.80496   1.94140   4.74177     771   15
    68   2.45095   1.36130   1.86972    1553   13
    69   0.85342   1.78005   4.83941     620   11
    70   4.03876   1.21283   2.92584     634   12
    71   5.53303   1.71060   5.97763    1006   12
    72   3.53654   2.81970   2.71572    5871   26
    73   3.11610   2.86092   3.88352     661   12
    74   2.46660   1.42716   4.97649    2476   17
    75   4.05532   1.27143   4.51481    3197   23
    76   2.41750   1.54372   0.19605    1892   18
    77   0.11922   0.24115   3.85531     492   13
    78   4.03407   1.23494   3.16042     949   12
    79   2.43989   1.43891   3.38227     722   14
    80   4.02057   1.42075   1.47593     944   14
    81   2.37105   1.43520   0.25498     392   10
    82   0.82115   1.73906   1.60801     895   12
    83   5.50098   1.75832   4.42924     542   11
    84   0.89726   1.68802   1.63686     415    9
    85   2.46859   1.42679   4.88496    2961   19
    86   0.82116   1.93380   1.78069     499   12
    87   0.53015   0.17563   0.27483    1625   14
    88   3.36750   2.88364   2.54588     544    9
    89   0.46319   0.17641   5.10493    2375   20
    90   0.96709   1.82338   3.32592     400   11
    91   0.26898   0.21988   3.77790    1340   12
    92   2.46827   1.53303   1.77577     771   12
    93   3.11579   2.84257   2.27849    1588   16
    94   0.03550   0.22174   0.80904    2313   17
    95   2.42337   1.37168   3.31828    1015   17
    96   5.52982   1.68120   4.33627     656   11
    97   4.04075   1.30827   6.09857    2237   21
    98   0.85475   1.84957   0.18321     356    9
    99   2.45836   1.39706   1.81613    2448   18
   100   2.33440   1.45069   5.01635     885   12
   101   3.96286   1.29333   6.09856    2464   23
   102   2.39442   1.44392   1.91964     408    9
   103   3.97825   1.37830   6.11573    1425   14
   104   3.29737   2.88372   0.80877    2188   19
   105   0.84562   1.81016   4.89641    3888   21
   106   5.50225   1.61203   1.28292    1010   12
   107   5.63248   1.64988   3.01845    1598   15
   108   0.25723   0.14799   0.53642    1565   16
   109   3.65476   2.75768   2.76237    2276   17
   110   3.93969   1.21779   1.54931     550   11
   111   2.33188   1.41205   1.94470    1481   16
   112   2.33440   1.45069   5.01635     605   12
   113   4.02208   1.36807   1.51480     521   11
   114   3.95669   1.20572   6.27521    1148   13
   115   3.99215   1.30461   1.47080    1627   16
   116   2.36242   1.41693   3.50798     686   13
   117   3.06756   2.81315   0.64398    3661   21
   118   0.17266   0.32963   3.91009    1002   11
   119   0.82115   1.73906   1.60801    1484   15
   120   5.48941   1.72928   4.52385     786   12
   121   3.96612   1.21091   4.66884     529    9
   122   2.35094   1.55286   0.35277     813   12
   123   2.50013   1.42196   0.24654     979   12
   124   0.42348   0.44022   3.53230     692   15
   125   2.33440   1.45069   5.01635    2600   19
   126   2.39579   1.40669   5.11995     533    9
   127   5.62325   1.72983   5.96900    1674   17
   128   5.54977   1.69167   2.73419     263    9
   129   3.94370   1.31778   4.57508     940   10
   130   2.42024   1.50067   5.02801    2755   22
   131   5.49344   1.65850   2.74839     904   16
   132   5.54534   1.71154   5.92411    1023   14
   133   5.54504   1.69120   1.28147    1064   12
   134   3.11579   2.84257   2.27849    1202   14
   135   3.32817   2.75691   4.09788     574    9
   136   4.07260   2.83241   0.07618    2594   21
   137   2.33440   1.45069   5.01635     720   13
   138   3.11579   2.84257   2.27849    1017   12
   139   2.33381   1.40071   3.36333    1346   15
   140   0.93603   1.80092   1.71158     943   10
   141   2.33440   1.45069   5.01635     701   13
   142   3.80385   2.82105   2.95382     767   10
   143   2.42337   1.37168   3.31828    1405   19
   144   5.52048   1.69515   1.34231    2458   20
   145   5.56498   1.73120   1.18838    4508   29
   146   2.36246   1.40463   5.01070    3797   22
   147   5.54977   1.69167   2.73419     604   16
   148   2.40473   1.57167   5.06574     704   11
   149   2.35397   1.47300   0.40702    3966   21
   150   3.85986   2.87787   2.95206    1936   19
   151   0.61331   0.31310   3.37424     338    9
   152   2.44166   1.51270   4.84367    4347   23
   153   5.49344   1.65850   2.74839     389    7
   154   5.60318   1.72467   6.00188    1297   13
   155   0.85791   0.35515   4.66468     338    9
   156   3.98110   1.40230   6.14967     468   11
   157   3.69192   2.78806   2.88502    2925   19
   158   0.95887   1.93574   0.20236     625   12
   159   5.52863   1.68677   2.83336    2273   17
   160   3.98074   1.14997   1.39051     684   12
   161   0.85102   1.91910   0.22949    3664   26
   162   3.96636   1.23866   2.95569    1213   14
   163   5.49873   1.71239   1.37127     388    8
   164   0.84365   0.35230   3.17228    1069   12
   165   2.44340   1.31326   3.43179     879   11
   166   0.17909   0.30198   0.61484    3512   21
   167   0.82610   1.83030   0.17161     592   12
   168   0.23534   0.35182   2.13863     789   12
   169   3.96606   1.42398   4.61224     544   10
   170   0.37568   0.30327   0.40728    4885   24
   171   0.81544   1.92015   4.78771    1479   16
   172   0.17266   0.32963   3.91009     373    9
   173   3.94665   1.32928   3.13765     408    9
   174   3.68362   2.77012   1.27853    1669   14
   175   3.64958   2.88485   4.32916    4649   24
   176   2.34611   1.34340   5.02586    4036   25
   177   3.80012   2.79610   6.12375    2856   17
   178   4.05553   1.35306   2.94586     821   13