     1   0.00000   0.00000   0.00000       0    0
     2   0.58340   1.02693   2.07673     558    8
     3   2.39512   1.29241   5.56569    4663   21
     4   3.68040   2.30297   2.67049    6087   26
     5   1.32471   2.36844   2.06605    2880   14
     6   1.18475   2.30972   5.18229     439   11
     7   2.55017   1.05391   0.71752    1158   12
     8   0.77427   0.88693   3.44616    1507   11
     9   0.70520   0.84783   0.48879    2851   14
    10   2.53757   1.23569   0.86206    4815   17
    11   5.70419   1.86988   0.88905    1322   11
    12   5.70791   1.87911   5.59893    2210   13
    13   2.40728   1.31514   3.98605    1078    9
    14   4.55742   0.86434   0.95800    5950   22
    15   1.20321   2.26422   5.19655    1857   17
    16   5.72074   1.92723   0.64633    2635   17
    17   1.11783   2.29362   1.90439    1191   13
    18   1.15850   2.27818   0.49420    1917   13
    19   1.11783   2.29362   1.90439     922   11
    20   4.23277   0.73139   1.22646     599    9
    21   4.50349   0.76816   2.68955    1264   11
    22   5.55074   1.94673   3.96422    5019   23
    23   2.53028   1.22032   3.89767    1736   14
    24   4.35508   0.89080   5.81413    2437   13
    25   2.38885   1.15595   4.00863    2584   14
    26   3.71444   2.26019   2.70185    5382   22
    27   0.77919   0.88222   1.94036    2870   12
    28   4.43308   0.82791   4.24483    2258   14
    29   5.63039   1.95729   5.59666    1957   16
    30   1.15262   2.32395   5.18198    1365   12
    31   0.40864   0.89425   0.60905    5474   25
    32   1.36516   2.43919   5.31055     835   11
    33   1.40221   2.32806   3.74502    1548   11
    34   0.72266   0.92824   5.10589    1334   11
    35   1.27191   2.40587   5.12706    1791   13
    36   4.36686   0.83073   4.34280    3731   16
    37   0.64843   0.89743   3.67592     766    9
    38   2.44665   1.23802   3.91640    2363   16
    39   0.58340   1.02693   2.07673    1962   15
    40   1.21837   2.35910   0.47763    1171   10
    41   0.72719   0.88412   1.81577     780    9
    42   5.69142   1.92642   4.02144    1351   10
    43   3.57767   2.21670   4.18159    3464   19
    44   4.44452   0.82845   4.26621    2522   16
    45   3.90044   2.33056   2.80096    4419   20
    46   3.68748   2.26513   1.04528    1652   12
    47   3.74702   2.29835   2.62689    2371   16
    48   3.64815   2.30915   1.03510    3599   19
    49   0.49155   0.91215   3.62602    4349   17
    50   5.59259   1.78397   2.24658    1898   12
    51   1.16117   2.32701   3.46192    1541   13
    52   4.27557   0.72356   4.43118    1708   13
    53   1.28077   2.24562   0.49236    2764   21
    54   3.72430   2.43003   1.16829    4222   19
    55   5.72074   1.92723   0.64633    1966   13
    56   1.29268   2.24166   1.97393    2078   15
    57   2.39461   1.12118   5.52719    5591   19
    58   0.59393   0.93708   2.02950    1275   11
    59   0.57419   0.81000   0.36755    1732   13
    60   3.83723   2.29280   4.21478    2154   16
    61   1.19228   2.37714   5.12730    1896   14
    62   5.73179   1.90664   0.92709     586    7
    63   0.74002   0.86266   0.42023    3582   16
    64   3.78370   2.35726   1.05246    3825   19
    65   1.17053   2.19214   5.09458    1300   11
    66   2.51663   1.18702   0.87881     394    6
    67   4.36893   0.84806   5.84945    3882   17
    68   0.58340   1.02693   2.07673    2591   16
    69   2.52925   1.29954   2.39876    1058    9
    70   0.67616   0.88213   5.16686    1239   12
    71   5.72074   1.92723   0.64633    1369   11
    72   4.34141   0.87455   4.17263    3781   20
    73   4.45734   0.91164   0.99602    4887   21
    74   2.61053   1.22751   3.93707    1494   12
    75   3.81403   2.27908   1.18892    4016   18
    76   0.64087   0.95770   3.53391    1619   13
    77   4.51639   0.81897   5.74232    1542   15
    78   2.48153   1.24602   5.47333    3494   20
    79   5.60216   1.83189   3.94243     955    9
    80   4.45776   0.90526   0.99004    3087   18
    81   0.55195   0.77406   2.07507    4960   20
    82   0.77427   0.88693   3.44616     687    8
    83   5.52302   1.78725   3.79023    4914   19
    84   0.62014   0.92026   0.36704    1595   10
    85   3.63838   2.32188   2.48234    1737   13
    86   2.39594   1.29656   4.07875    2250   15
    87   1.17950   2.31806   5.11963    2869   15
    88   2.39433   1.17192   4.07792    3869   16
    89   4.47052   0.84650   2.61444    3506   17
    90   0.38827   0.85906   0.58740    1018   10
    91   0.77427   0.88693   3.44616    2179   13
    92   4.41006   0.95588   1.14928    2812   17
    93   3.74733   2.30487   2.71791     738    9
    94   2.35474   1.24988   3.92303    2139   13
    95   1.28433   2.24777   5.09088    1718   13
    96   5.54938   1.98947   0.78034    1184    9
    97   2.43575   1.32401   0.74305    1347   13
    98   0.54761   0.81570   3.52003    3428   17
    99   1.24968   2.26277   3.75305    1715   14
   100   5.62529   1.88272   3.91733    3337   18
   101   4.22582   0.76204   5.89731    2898   14
   102   2.48872   1.26389   0.82993    1838   16
   103   2.51430   1.21569   2.47805    1187   12
   104   4.51639   0.81897   5.74232     947    9
   105   5.53292   1.78786   2.24927    3608   18
   106   2.53418   1.21665   0.87926    2698   17
   107   1.36130   2.23242   5.24564    3295   18
   108   1.16117   2.32701   3.46192    1307   13
   109   0.77427   0.88693   3.44616    2483   17
   110   5.57696   1.95147   2.32052    3362   19