     1   0.00000   0.00000   0.00000       0    0
     2   0.05060   1.58378   3.01867    1744   20
     3   0.07977   1.75913   4.53788    1353   15
     4   0.51216   0.27648   4.30571    1079   13
     5   1.29167   0.19679   0.40993    2334   18
     6   1.60821   1.58218   4.87962    1139   12
     7   1.03415   0.24337   2.13669    1059   12
     8   1.71300   1.64975   1.70961     530   10
     9   0.04320   1.73362   1.31951    1164   12
    10   0.12735   1.77467   1.50310     323   11
    11   3.99322   2.94252   0.62122     944   12
    12   1.60821   1.58218   4.87962     587   10
    13   1.74854   1.80019   4.92194     641   10
    14   3.66332   2.91663   5.07273    1548   16
    15   1.66290   1.69956   1.65229    1241   15
    16   3.24972   1.53225   3.28505    2623   19
    17   0.07943   1.67308   1.37159    1625   17
    18   4.83617   1.56874   1.44343    3406   23
    19   0.65643   0.21355   4.18781     905   14
    20   0.22368   1.79587   6.09340     471   10
    21   3.60633   2.88591   4.95428     568   11
    22   0.10374   1.59008   1.51348     834   11
    23   0.19301   1.70507   6.14650     441   10
    24   4.97422   1.43767   4.51191    1553   14
    25   4.90062   1.35477   3.00292     434   10
    26   4.15487   2.98133   2.47270     830   11
    27   3.26349   1.40928   0.07879     745   10
    28   3.25171   1.46050   0.21669     427    9
    29   3.99725   3.09379   2.30084    1272   13
    30   0.12868   1.82217   6.14736    3740   24
    31   3.34235   1.36287   4.93066    2412   16
    32   4.88942   1.46487   2.98477     395    9
    33   1.63627   1.74665   1.65771     410   11
    34   0.05970   1.71901   2.99710    1853   16
    35   0.16709   1.81136   4.70219    1166   14
    36   0.14159   1.60945   2.94241    3495   22
    37   4.92153   1.37751   4.56543    1045   12
    38   3.14974   1.31551   0.25856    1464   15
    39   3.50823   3.02241   1.91268    1890   17
    40   0.14212   1.63371   1.39784     426   12
    41   4.96486   1.48912   2.88882     492   11
    42   3.59957   2.94659   5.04100    4870   28
    43   4.45742   2.90343   1.27863    1061   15
    44   4.95420   1.52007   1.46550     340    8
    45   0.50906   0.19022   1.13644     565   10
    46   3.21117   1.53284   3.29670    1266   14
    47   3.39319   2.99554   3.24562     391   12
    48   4.96534   1.58194   2.98832    1464   18
    49   4.95420   1.52007   1.46550     482   10
    50   4.81189   1.40644   1.40347     453   11
    51   4.78016   1.55211   3.07975     581   10
    52   4.83757   1.32183   4.67238    2299   16
    53   0.12735   1.77467   1.50310     458    9
    54   3.73190   2.98282   5.27752     774   13
    55   0.67117   0.21166   5.74582    5112   29
    56   1.73573   1.72104   1.74669    3469   22
    57   4.78556   1.43913   1.46006    3204   23
    58   3.78772   2.90496   0.41124     794   12
    59   3.35796   1.40485   4.75882    1068   12
    60   4.21374   2.98903   4.18106    1340   13
    61   0.06513   1.73401   2.89034     308    7
    62   4.83723   1.44958   4.57272     317    9
    63   3.94824   2.80673   5.47926     403   11
    64   4.90905   1.43301   6.08448     733   12
    65   4.79288   1.56282   1.53402    1064   15
    66   4.82294   1.42192   1.47188    1593   14
    67   4.16755   2.92381   5.62932    1660   16
    68   1.81277   1.66692   4.96454     905   12
    69   3.32750   1.44582   1.74456     767   11
    70   3.15019   1.38916   1.72037    2910   19
    71   4.73091   1.47079   1.53971     555   13
    72   3.33341   1.36828   1.62243    1954   17
    73   1.63233   1.70318   0.08012    3718   21
    74   4.56993   2.99705   6.04928     559    9
    75   0.07105   0.10893   1.51445     622    9
    76   3.22587   1.44863   3.38314     386   10
    77   3.28429   1.48443   1.74812     412    8
    78   1.37320   0.26684   5.13923    1051   12
    79   3.18803   1.46180   1.61621    4299   27
    80   3.18803   1.46180   1.61621     661   11
    81   1.22508   0.25753   2.00533     720   12
    82   0.05060   1.58378   3.01867     408    9
    83   3.27018   1.40859   4.78845    1408   15
    84   1.73908   1.69104   4.81989    2620   22
    85   4.92653   1.45100   3.10194    1418   17
    86   0.15368   1.82022   4.61526    4227   21
    87   4.89045   1.34256   6.20264    1073   15
    88   3.32993   2.92356   4.72245     369   10
    89   3.28087   1.40228   1.70284    2054   17
    90   4.63779   3.04365   4.53656    4653   21
    91   0.14918   0.05136   1.62635    1588   16
    92   0.12735   1.77467   1.50310     745    9
    93   0.14212   1.63371   1.39784    1091   16
    94   0.14726   1.74065   6.12339    1153   14
    95   1.19857   0.20551   0.38053     286    8
    96   1.68871   1.63311   1.82741    1691   16
    97   4.81189   1.40644   1.40347     572   10
    98   3.19334   1.37521   0.23170    1190   14
    99   0.10583   1.66479   4.62048     718    9
   100   0.00000   0.00000   0.00000    1876   17
   101   3.20167   1.44418   4.85651    1939   20
   102   0.17424   1.79199   6.11182     596    8
   103   4.88586   1.47040   6.13309     416   10
   104   1.78642   1.72651   3.24996     443   11
   105   4.25417   2.85682   5.69138    2612   19
   106   0.97428   0.27610   3.80137    2016   18
   107   3.99725   3.09379   2.30084    1156   13
   108   4.72942   1.43822   3.05221     529   12
   109   4.95163   1.36029   1.33341     890   10
   110   3.83419   2.94794   5.26229    3721   21
   111   0.12643   1.67632   1.57583     373   10
   112   3.37288   1.52324   0.18410     790   11
   113   0.19603   0.03839   3.06618    1200   13
   114   3.17821   1.31430   0.10151    1081   18
   115   1.83943   1.63886   1.82988     824   12
   116   0.04806   1.61021   1.48299    1009   13
   117   3.30429   1.36781   4.84561    5262   28
   118   0.10374   1.59008   1.51348     821   12
   119   4.43403   2.88907   2.74887    1923   17
   120   1.67277   1.66875   4.73681    3678   21
   121   0.12735   1.77467   1.50310     291    7
   122   3.58569   2.93763   0.30550     884   12
   123   1.27377   0.16743   0.36495    1923   20
   124   0.01104   1.59905   6.25744     557   11
   125   3.14474   1.47837   3.15413    1030   15
   126   0.85187   0.13851   5.62563    2597   16
   127   0.12735   1.77467   1.50310     847   13
   128   0.03975   1.82992   6.12566     449   10
   129   1.64427   1.68552   0.09070    2420   19
   130   3.15736   1.39458   3.23037    2558   16
   131   0.08322   1.69133   1.45879    1844   17
   132   0.07160   1.71069   6.05903     463    9
   133   3.51799   2.91516   1.80178     487   11
   134   1.78500   1.66171   0.26819     455   13
   135   0.12735   1.77467   1.50310     809   13
   136   0.59916   0.23814   5.70220     631   11
   137   1.69616   1.67863   1.64601     386   11
   138   4.89294   1.56894   1.31751    1726   15
   139   1.27377   0.16743   0.36495     503    9
   140   1.22058   0.17415   0.45870     518   11
   141   0.10374   1.59008   1.51348     390    7
   142   1.78668   1.69849   1.66204     696   10
   143   4.88468   1.55345   6.07513     668   12
   144   1.41933   0.17391   1.89632    1211   14
   145   3.28137   1.47589   1.56662     718    7
   146   1.59798   1.63188   0.09370    2272   16
   147   4.16089   2.83905   5.69379    2412   19
   148   0.12735   1.77467   1.50310     601   10
   149   1.70502   1.59677   1.81866     739   12
   150   1.36147   0.24896   0.22627    4444   23
   151   4.82711   1.41924   6.18671    1288   16
   152   3.30940   1.53320   1.67663    1610   17
   153   1.65389   1.73084   0.22728     710   14
   154   4.96537   1.41560   4.59176     704   14
   155   3.30780   1.41936   4.90678     845   12
   156   1.65475   1.57342   3.23597     631   13
   157   0.21764   1.76082   3.05113    2741   18
   158   4.00612   2.96956   5.33670    4865   26
   159   4.63043   2.91406   4.51272     658   12
   160   1.64846   1.68926   0.01531    2333   19
   161   3.17024   3.01327   1.54809    2073   17
   162   4.64614   2.88307   2.98670     632   10
   163   3.15856   1.43240   0.13098    1337   16
   164   0.99688   0.25551   0.63861    1798   17
   165   4.73271   1.51503   1.33216    1982   16
   166   1.19224   0.11002   1.95972     641   13
   167   4.82078   1.40961   4.52107    1507   12
   168   0.12735   1.77467   1.50310     719   12
   169   4.88640   1.37325   2.90992    2663   20
   170   0.21135   1.61037   4.51042    1627   17
   171   1.72855   1.67608   3.32659    1010   14
   172   0.10374   1.59008   1.51348     370    8
   173   0.12692   1.72402   4.59888    1617   14
   174   3.50478   3.01746   3.34493     704   12
   175   1.63131   1.68686   0.16905    1555   16
   176   1.71300   1.64975   1.70961     853   12
   177   0.76555   0.28410   4.17883     617   10
   178   4.94545   1.51085   3.06162     928   12
   179   3.25386   1.46644   4.81907    3324   21
   180   0.10374   1.59008   1.51348    1331   12
   181   1.59058   1.64991   0.16805    1035   15
   182   1.81180   1.58244   1.72701     691    9
   183   4.84800   1.41608   6.11064    2722   20
   184   0.19370   1.72373   3.00234    3311   20
   185   3.28131   1.43903   3.34306    4182   25
   186   0.07670   1.72634   1.47584    4386   22