     1   0.00000   0.00000   0.00000       0    0
     2   4.51726   1.26744   4.44350    2953   21
     3   6.02946   1.75749   4.41950    3045   16
     4   3.00475   1.39656   5.00852    1641   14
     5   5.93292   1.88550   2.98702    4367   24
     6   2.91645   1.26487   1.69491     737   10
     7   4.58476   1.29498   6.08740    1015   14
     8   3.41834   2.88874   2.05959    1014   12
     9   4.63623   1.28408   4.29072    1052   13
    10   0.74795   0.34156   2.26701    4336   21
    11   0.34309   0.47663   4.08617    3202   17
    12   1.47190   1.84053   1.81381    4135   19
    13   3.60375   2.92160   2.23242    3613   21
    14   1.36504   1.80994   3.40877     722   12
    15   1.46377   1.76867   3.47051    2073   15
    16   3.55321   2.71556   2.16942    4596   27
    17   6.07695   1.95702   6.01577     894   12
    18   0.49893   0.26709   5.56060     726    9
    19   3.41834   2.88874   2.05959     444   13
    20   1.53117   1.87811   5.05823    2005   19
    21   2.82612   1.38524   1.85006    1646   12
    22   6.06153   1.84115   1.29130    5032   26
    23   1.29112   1.85730   5.10695    2248   18
    24   5.94057   1.85390   1.40853     257    7
    25   5.93292   1.88550   2.98702     801   13
    26   6.06374   1.79123   4.55173    1652   14
    27   2.77016   1.26898   0.21834     689   12
    28   4.63623   1.28408   4.29072    1067   13
    29   1.35625   1.76897   3.42333    1688   16
    30   5.92180   1.92247   4.43778    1231   14
    31   3.77639   2.64018   2.29900    2534   18
    32   1.49509   1.81844   1.86810    3039   21
    33   4.45529   1.28072   4.52226     677   10
    34   1.39328   1.84039   5.01837     988   10
    35   6.00358   1.81962   4.42415     544    9
    36   3.63855   2.60163   5.50586     663   13
    37   2.83024   1.37815   3.35442     451   10
    38   4.54692   1.20987   5.98312     794   10
    39   6.05242   1.96535   1.20113    1410   12
    40   2.94985   1.40083   1.79071     434   11
    41   6.01412   1.72187   1.32740     493    8
    42   0.42813   0.45615   2.41528     716    8
    43   3.41834   2.88874   2.05959     503    8
    44   6.02946   1.75749   4.41950    1353   14
    45   5.93899   1.88097   4.39707     394    7
    46   5.96337   1.90175   2.87583    2686   17
    47   1.29190   1.69547   1.79997    1434   14
    48   3.84202   2.65106   4.00512    1914   15
    49   0.18449   0.40270   1.27156    1266   16
    50   2.95127   1.37626   0.24904    2511   19
    51   2.85846   1.37187   3.42565     887   10
    52   5.90242   1.93088   1.35959     964   14
    53   0.36811   0.43775   4.12950     437   10
    54   3.82489   2.74912   0.89901     648   11
    55   3.64799   2.71279   2.34069     529    9
    56   6.11993   1.82161   6.13848    4242   20
    57   6.12725   1.94529   1.23136    1310   13
    58   1.44787   1.80974   3.36671    2090   15
    59   6.00662   1.80820   4.46813    4402   23
    60   1.42433   1.91848   3.53458    2260   14
    61   6.11993   1.82161   6.13848     683    9
    62   3.98950   2.82076   1.01173     644   12
    63   4.52700   1.41893   2.83704     873    9
    64   1.37168   1.83808   3.48967     442   11
    65   1.40721   1.74694   4.98494     446   10
    66   3.41834   2.88874   2.05959     522   11
    67   1.32963   1.79752   3.37055    1491   13
    68   0.54910   0.47945   0.79222     395    8
    69   1.40697   1.84285   1.84867    1500   14
    70   2.78999   1.30057   3.35196    3448   19
    71   2.88625   1.25247   4.99559     373    8
    72   2.91856   1.25181   0.17848    1534   14
    73   2.91726   1.25973   4.83640    1067   11
    74   1.46349   1.77025   1.86193     994   12
    75   2.86112   1.16356   0.21141    1290   14
    76   1.32963   1.79752   3.37055     945   14
    77   1.27293   1.71998   3.46575    3856   24
    78   5.93292   1.88550   2.98702     435    7
    79   0.20782   0.44651   4.16805    1378   14
    80   0.53798   0.31785   4.01238    3438   18
    81   2.88432   1.38930   4.94147     874   16
    82   1.45064   1.81508   5.09685     276    7
    83   6.05642   1.80979   2.85356     579   11
    84   4.61258   1.30343   1.34508    1163   15
    85   1.36658   1.89244   3.29147    1569   13
    86   6.12725   1.94529   1.23136     436   10
    87   1.24178   1.74363   1.71965     413    8
    88   0.66233   0.25701   0.72344    2636   19
    89   1.39208   1.84361   4.91573    3021   19
    90   5.91841   1.81028   4.47451    1048   15
    91   0.57246   0.30517   0.69212     470    8
    92   4.43629   1.37069   1.27743     928   14
    93   0.56837   0.42937   4.04518    1139   18
    94   0.76494   0.26619   5.37852    1259   15
    95   3.88873   2.65526   0.83724    1341   14
    96   0.36855   0.33513   2.48873    2170   13
    97   2.75722   1.29699   5.01908     479   11
    98   0.41545   0.39303   4.07420    1179   15
    99   5.99828   1.74282   1.44396    3114   19
   100   1.36767   1.86977   5.09025     431    8
   101   2.89460   1.32570   1.73089    2303   19
   102   3.64799   2.71279   2.34069     790   11
   103   4.64700   1.30412   1.24570    1386   14
   104   4.65186   1.30622   2.73141    3850   21
   105   1.29190   1.73066   0.38515    5162   27
   106   2.78074   1.36506   4.98890     742   11
   107   4.55080   1.43175   2.84383    3163   14
   108   3.64799   2.71279   2.34069    1000   13
   109   4.64259   1.34526   5.92380    1251   12
   110   2.89606   1.31965   0.14905    1085   12
   111   0.57246   0.30517   0.69212     500    9
   112   3.98950   2.82076   1.01173    1037   12
   113   5.97366   1.74747   4.38824    3870   23
   114   3.41834   2.88874   2.05959     527   10
   115   6.01090   1.76859   2.88818    3730   21
   116   3.97533   2.79227   1.11609     874   12
   117   1.32963   1.79752   3.37055    1346   12
   118   0.68446   0.45270   5.38633     720   11
   119   3.02624   1.35164   4.94032     730   13
   120   6.03318   1.81777   6.05903    1527   15
   121   2.85008   1.27446   5.00138    1597   16
   122   5.92180   1.92247   4.43778     757   10
   123   4.52170   1.33346   6.04608     737   12
   124   0.61134   0.45729   0.72944     775   12
   125   3.92101   2.75742   4.12284    3901   20
   126   6.01971   1.85265   2.87593    1838   16
   127   1.37168   1.83808   3.48967    2635   17
   128   1.34857   1.85970   3.52773    1397   15
   129   0.18796   0.33303   1.17175    1755   16
   130   4.66029   1.34894   4.37532     545   10
   131   1.42756   1.91356   3.35899     378    9
   132   0.36855   0.33513   2.48873     449   10
   133   6.01290   1.83313   1.26574     442   11
   134   3.65135   2.72920   5.55836     600   10
   135   0.42158   0.31478   0.90446     780   11
   136   4.64970   1.22718   2.92873    5024   22
   137   1.50601   1.83650   0.33726    1792   15
   138   2.78264   1.29092   0.24711     508    9
   139   2.78999   1.30057   3.35196     598   13
   140   0.58785   0.24497   3.78711     415    9
   141   0.32895   0.44764   5.69856    1139   17
   142   3.52144   2.68729   2.08076    1648   15
   143   4.44082   1.20741   1.28892    1273   13
   144   2.94458   1.23473   3.26363    1037   12
   145   1.29706   1.75093   0.18147     621   12
   146   4.54534   1.29665   2.86659    1597   14
   147   4.55733   1.34257   2.79067    1929   17
   148   1.42079   1.70040   0.25419    3728   21
   149   0.36811   0.43775   4.12950     485    9
   150   4.40251   1.24512   1.35596    2688   17
   151   3.64799   2.71279   2.34069     389    9
   152   3.87229   2.70510   5.77779     274    9
   153   4.58847   1.30904   4.44643    1529   16
   154   3.00354   1.29809   0.21635    1886   15
   155   3.72767   2.78181   0.92259    2332   14
   156   4.57892   1.34180   1.33893     561   11
   157   6.12725   1.94529   1.23136    1142   12
   158   3.74068   2.78022   2.35385     601   10
   159   4.44170   1.22261   4.31955    1716   13
   160   2.80864   1.19934   0.38264    1883   17
   161   2.89385   1.26856   4.88582    1252   13
   162   4.50812   1.36981   1.33170     526   11
   163   1.32963   1.79752   3.37055    2029   15
   164   6.05917   1.83087   6.15150     709   11
   165   1.32963   1.79752   3.37055    1815   18
   166   2.91726   1.25973   4.83640     556   10
   167   0.19185   0.28164   1.04493    2786   18
   168   6.01652   1.79578   4.34728    4924   27
   169   2.90688   1.26581   0.29819    1146   11
   170   6.00662   1.80820   4.46813     758   14
   171   3.75781   2.69913   3.92427    2936   17