     1   0.00000   0.00000   0.00000       0    0
     2   3.33119   1.26392   3.43336    3178   13
     3   0.28312   1.91997   4.38253    1986   11
     4   0.28892   2.04872   2.91609    4247   16
     5   4.99398   1.34588   4.22788    3046   12
     6   3.46656   1.19709   1.79768    3167   13
     7   5.09912   1.27140   4.15765    4571   15
     8   0.28312   1.91997   4.38253    2307   10
     9   4.07442   2.59842   5.31062    3582   14
    10   4.18667   2.63752   0.63842    3144   13
    11   4.28685   2.62986   5.41692    4327   15
    12   5.04163   1.38431   5.75602    4842   16
    13   4.24651   2.54012   5.50193    3530   14
    14   3.37581   1.11982   1.97345    5122   16
    15   0.93639   0.56337   1.06107    5181   15
    16   0.19820   2.02835   4.27896    3615   14
    17   3.33622   1.06678   5.12770    2610   11
    18   3.81963   2.58200   2.03544    3112   13
    19   0.22113   2.10390   1.18452    3309   14
    20   1.88500   1.78783   1.95722    4366   15
    21   5.11933   1.22982   2.63899    3029   13
    22   3.37127   1.25379   1.85036    3626   13
    23   0.27675   2.02185   1.28780    4770   16
    24   3.19994   1.06150   5.21324    4061   16
    25   1.88103   2.02612   3.53424    4751   14
    26   4.05969   2.46466   3.73207    3632   15
    27   4.97591   1.25058   1.18573    3536   14
    28   3.28491   1.20030   0.46846    5138   15
    29   3.98837   2.59432   5.18474    3600   16
    30   0.13112   2.00868   5.93442    2829   13
    31   4.24651   2.54012   5.50193    2155   11
    32   5.01984   1.21113   2.68647    3876   15
    33   2.03163   1.83705   2.09537    5756   18
    34   0.37161   2.02695   4.40785    4114   13
    35   5.12546   1.26349   1.22244    2963   14
    36   5.07611   1.16966   0.97471    5043   18
    37   0.09433   2.10844   2.76029    5223   17
    38   5.04322   1.31502   2.70237    3836   12
    39   1.94719   1.97975   0.44435    3933   13
    40   1.94053   1.91568   3.48265    4218   16
    41   0.28312   1.91997   4.38253    3763   15
    42   3.25913   1.14997   3.45886    2442   10
    43   1.97311   1.84151   5.15543    5694   18
    44   3.96213   2.63162   3.61747    2194   11
    45   4.25792   2.53460   0.73550    4774   16
    46   0.34185   1.94072   5.94888    4714   14
    47   1.95684   1.83421   3.49922    4502   14
    48   5.05242   1.14934   2.71990    4488   13
    49   3.87165   2.61727   1.98531    4475   14
    50   5.15837   1.30714   2.77444    4328   15
    51   1.06284   0.44229   3.98033    4431   14
    52   3.97974   2.60485   5.31706    4160   13
    53   5.05890   1.23040   5.80328    4169   14
    54   0.28312   1.91997   4.38253    4025   14
    55   0.19820   2.02835   4.27896    4289   15
    56   0.34715   1.97902   5.91995    3763   15
    57   0.34757   1.95212   5.95986    4093   15
    58   1.93225   1.98222   5.13178    3981   15
    59   3.36933   1.23612   5.01621    4442   16
    60   0.79106   0.55127   2.65868    4118   12
    61   5.01831   1.13229   4.22690    4116   16
    62   4.08711   2.67016   2.11176    4826   16
    63   0.21587   2.12386   4.37276    5565   15
    64   5.16071   1.35303   2.76338    4195   15
    65   0.96546   0.56504   2.38839    2940   14
    66   0.96186   0.45555   5.70769    2957   14
    67   4.24900   2.56089   5.39041    5369   17