     1   0.00000   0.00000   0.00000       0    0
     2   0.11367   1.83649   1.60400    1360   14
     3   4.65150   1.54379   2.80808    1684   17
     4   3.17248   1.17605   3.08197    3045   22
     5   0.06687   0.37415   1.57036    1324   14
     6   0.19254   1.93559   3.24670    1484   14
     7   2.90329   2.92310   2.79196     984   14
     8   6.20915   1.86095   3.18970    1090   13
     9   4.70578   1.63850   1.30607     873   13
    10   2.62141   2.83490   4.22348    1516   17
    11   2.72547   2.72119   5.89810    1258   15
    12   3.10180   2.88834   3.07245    1856   19
    13   3.20445   1.18529   0.02761    2160   16
    14   6.21728   1.86669   3.24441    1031   15
    15   4.75268   1.70549   4.44594    1099   16
    16   1.54716   1.56757   1.86009    1147   16
    17   4.84699   1.64952   5.96338    1335   16
    18   0.06450   1.81525   3.07544    1267   14
    19   3.09204   2.88521   6.09008    1269   13
    20   6.25223   1.98350   1.58172    1136   16
    21   0.05316   1.89432   1.71907     822   12
    22   2.70392   2.84013   1.17596     969   12
    23   0.11295   0.34915   4.62803    1202   16
    24   3.30323   1.20016   6.21296    1338   13
    25   4.73631   1.51183   4.34187    1090   16
    26   4.79992   1.62929   4.41655    1552   20
    27   4.80650   1.60425   4.47758    1118   15
    28   3.16174   1.29005   3.10269     865   12
    29   3.04510   2.78941   2.95203     880   14
    30   1.65095   1.57910   5.07648    1177   14
    31   6.18902   0.31422   3.22863    1416   15
    32   3.01545   2.73548   4.53734     749   12
    33   0.05653   1.85523   4.66913    1537   14
    34   5.85275   0.22111   1.95880    1795   21
    35   2.76650   2.90273   1.11246    2118   18
    36   0.06386   1.99298   6.28197    1665   14
    37   6.23284   1.80038   3.05513    1220   14
    38   2.69939   2.88161   5.90084     868   10
    39   0.09224   1.86441   3.30922    1354   12
    40   3.29209   1.15743   6.21615    1204   13
    41   6.10832   0.43309   3.48914    1123   13
    42   6.09594   0.32992   3.43760    1006   14
    43   3.04156   2.80761   3.00009    1365   17
    44   1.66678   1.52596   1.87834     962   13
    45   4.84349   1.54013   4.44385    1911   18
    46   3.33786   2.76548   3.36396    1209   12
    47   1.72683   1.53134   1.86688    1604   15
    48   6.24908   1.76425   6.21952    1214   15
    49   3.07276   1.21795   1.51685    1908   19
    50   1.63079   1.54789   0.32446     811   12
    51   1.62621   1.45720   1.98689    1338   15
    52   2.46321   2.90053   4.10616     960   10
    53   3.12874   2.77583   6.27214    1207   11
    54   1.74473   1.59551   1.84763     782   12
    55   4.79463   1.68329   6.05410    1486   16
    56   3.38548   2.77707   4.87110     813   14
    57   4.66487   1.67083   4.43704     830   12
    58   1.58180   1.62456   4.99046    2338   20
    59   6.17994   0.28032   1.67165    1757   15
    60   2.78184   2.94601   1.03861    1834   18
    61   3.09863   1.39335   4.63561     984   13
    62   3.24613   2.77654   4.71238    1090   16
    63   3.23422   1.35440   4.71757    1131   17
    64   0.02289   0.40657   3.08135    1258   15
    65   2.90550   2.81844   6.11462    1232   17
    66   4.65556   1.56344   6.09494    2734   21
    67   3.18300   2.80417   1.43778     475   10
    68   0.12537   1.88400   0.02427    1423   16
    69   6.14766   0.29527   3.42105    1091   13
    70   0.03336   1.96719   0.01359    1314   14
    71   3.20013   1.16503   4.67763    2506   19
    72   2.71992   2.84647   4.27988    1146   14
    73   3.27412   2.83988   4.76929    2334   17
    74   6.27291   1.87556   4.68467    1078   17
    75   1.64344   1.61090   1.80434     634   12
    76   3.22446   1.30389   1.44763    1364   13
    77   3.20920   2.83796   3.16271    1001   15
    78   4.66972   1.72763   4.29912    1436   17
    79   1.62617   1.49546   0.38429    1117   12
    80   0.00916   1.76422   1.52577    1928   17
    81   3.19578   1.30714   0.03193    1494   15
    82   1.45738   1.42070   0.39654    1348   13
    83   6.18607   0.39630   4.88480    1635   16
    84   1.54985   1.48993   5.14545    1549   18
    85   4.88551   1.56651   2.86487    1106   12
    86   3.04968   1.24389   1.66088     947   14
    87   3.12876   1.37205   3.15623     938   12
    88   3.18300   2.80417   1.43778    1737   16
    89   4.84264   1.64902   6.11153    1233   15
    90   0.05311   1.90957   3.08269    1519   18
    91   2.79481   2.91346   1.15379    1964   20
    92   3.19578   1.18743   1.60656     908   12
    93   1.59495   1.40089   0.17328    1745   16
    94   4.83468   1.58409   2.91142     984   12
    95   4.75525   1.67963   2.94957     802   10
    96   3.30180   1.33819   3.11767     829   12
    97   3.19578   1.30714   0.03193    1307   17
    98   3.27464   2.85025   3.19773    2629   19
    99   0.14014   1.88058   4.82135    1416   14
   100   3.18165   1.14842   1.56182     901   12
   101   3.20091   1.15986   4.54340     865   12
   102   6.10832   0.43309   3.48914    1129   11
   103   2.93265   2.87003   1.25688     782   11
   104   6.21665   1.90235   1.65135     902   14
   105   2.97703   2.76691   2.94336     956   14
   106   0.04192   0.34274   4.84430    1289   16
   107   0.10913   1.75685   3.22115     899   14
   108   6.27290   1.97804   4.65940     651   13
   109   5.95527   0.36735   3.53759    1145   12
   110   4.85418   1.67161   2.88040    1154   11
   111   6.14274   0.28423   1.65376    1077   13
   112   5.76623   0.30804   0.59020    1819   18
   113   1.72303   1.51287   5.02759    2178   18
   114   0.06835   0.30240   6.24197     820   12
   115   1.62770   1.59977   4.89034    1088   14
   116   4.75525   1.67963   2.94957    1966   16
   117   4.64818   1.50024   2.90310     706   12
   118   1.62617   1.49546   0.38429    1207   13
   119   0.09109   1.74341   3.25159    2522   19
   120   4.64217   1.70606   4.39856    3048   23
   121   2.86333   2.84770   1.26378     787    9
   122   3.29404   1.26040   6.17716    1016   12
   123   1.69909   1.51352   5.14186    1388   16
   124   6.09831   0.31598   1.75871    1342   15
   125   2.97703   2.76691   2.94336    1402   16
   126   3.20051   1.22135   4.66605    2467   18
   127   1.62617   1.49546   0.38429    1389   14
   128   2.81028   2.72398   1.30679    1940   18
   129   1.64833   1.48599   3.34902    1351   14
   130   4.72568   1.61989   5.93036    1033   11
   131   1.54395   1.44219   0.22541    1723   18
   132   0.05407   1.94190   3.22985    1631   17
   133   3.11538   1.38508   1.53349    1226   14
   134   3.24116   1.23679   4.58843     934   17
   135   0.15835   1.93489   3.10820     835   12
   136   1.65172   1.52278   0.34713     986   13
   137   0.09237   1.97147   0.08410    1034   13
   138   6.21155   0.42139   3.28482    1137   10
   139   6.27291   1.87556   4.68467    1419   16
   140   0.18924   1.86995   3.28407    1170   15
   141   6.07942   0.18087   4.92864    1047   13
   142   6.18359   0.25763   0.15248     959   13
   143   6.27778   1.84635   0.02721     992   14
   144   3.23477   1.15895   6.13641     937   13
   145   3.01441   2.92376   2.95610     739   12
   146   5.83799   0.38125   0.45341     789   12
   147   4.84640   1.74997   2.85915    1856   17
   148   5.93787   0.30188   0.29998     774   13
   149   0.11562   1.94023   4.75406    1021   11
   150   0.04488   1.77776   1.67537    1280   14
   151   0.08050   1.78099   4.74551    1416   14
   152   1.70610   1.45759   0.34131    2133   17
   153   3.17968   1.24818   1.52354    1719   16
   154   5.80810   0.31067   0.54297    1192   17
   155   5.79462   0.27056   2.19866    1426   14
   156   3.13888   1.25465   6.21494    1019   13
   157   3.15032   1.25145   1.52083    2119   17
   158   0.05653   1.85523   4.66913    1334   14
   159   1.60117   1.58719   0.21335    1571   14
   160   3.29617   2.85239   0.17064    2085   20
   161   0.17300   1.83013   1.67030     851   12
   162   4.75303   1.65128   2.86373    1775   19
   163   3.15688   2.81772   6.13597    1907   16
   164   2.72768   2.90715   5.91723    1682   20
   165   5.95527   0.36735   3.53759     880   13
   166   1.50084   1.56423   1.89563    1936   17
   167   0.12223   1.79036   6.25875    1845   15
   168   0.12717   1.76969   1.56639    1447   14
   169   3.11354   1.22306   4.66092    1738   18
   170   0.11562   1.94023   4.75406    1500   16
   171   1.70522   1.44894   0.33352    1607   16
   172   0.06284   1.99621   3.07701    1856   17
   173   1.54985   1.48993   5.14545    1888   17
   174   1.71321   1.41817   0.16488    1352   12
   175   0.18334   1.89038   3.27583    1017   17
   176   0.04588   1.89550   1.70129    1579   18
   177   1.59185   1.60973   0.29411    1053   12
   178   4.81933   1.70980   2.86849    1267   11
   179   3.21914   1.24302   3.09094    1920   19
   180   3.27389   1.31758   1.55586    1151   13
   181   1.49774   1.49461   0.37294    1322   16
   182   2.68400   2.82938   4.10281     822   11
   183   0.13427   1.88538   0.04945    1173   13
   184   1.51582   1.51534   3.41315    1837   16
   185   3.07317   1.34312   1.47395    1762   14
   186   4.77139   1.72384   2.85972    1292   14
   187   3.19000   1.14207   4.68778    1473   18
   188   6.26443   1.88632   3.21038     820   11
   189   6.22677   1.92697   1.60952    1633   17
   190   0.05316   1.89432   1.71907    1739   18
   191   4.78213   1.61710   2.88033    1024   18
   192   4.69422   1.71916   2.77980    1726   17
   193   6.28241   1.96107   4.77080    1075   15
   194   2.94176   2.94691   6.02581     901   11
   195   3.14381   1.27549   4.77613    1891   19