     1   0.00000   0.00000   0.00000       0    0
     2   4.25351   0.83311   2.52448    1625   19
     3   1.25711   1.88313   0.37228    1923   18
     4   1.16720   1.19171   2.99914    1299   13
     5   3.20701   0.85407   0.24410    1209   15
     6   5.74904   2.39767   1.52575    1007   11
     7   3.71795   0.36497   2.11711    1291   12
     8   5.31836   0.55990   4.08999    1299   12
     9   2.96561   0.40514   1.91108    1404   13
    10   1.09240   1.82599   0.76381     833   12
    11   0.69935   1.80831   3.66552    1277   16
    12   1.07283   1.71575   3.65074    1566   15
    13   1.40487   0.80531   0.38267    1001   13
    14   4.01576   2.01389   0.30412    2238   23
    15   1.60243   2.33245   1.90933    1481   15
    16   3.01732   1.79179   2.86474    1589   14
    17   1.99630   1.12455   0.14304     606   11
    18   1.11453   1.13197   0.49855     885   14
    19   3.78416   0.99708   2.07673    1994   20
    20   3.79684   1.45702   4.25090    2458   22
    21   3.28479   0.76872   2.22816     739    9
    22   2.40874   2.30972   2.54499    1016   15
    23   3.45512   1.63805   5.71209    1399   16
    24   0.33859   1.98679   6.20495    1462   16
    25   5.22987   2.17745   5.95613    1611   16
    26   2.07412   2.17186   3.93294    1198   12
    27   0.97750   0.98761   0.67660     697    9
    28   0.48581   2.28485   1.20813    1216   17
    29   4.49698   0.86035   3.04720    1387   15
    30   5.24091   2.08459   3.03463     887   12
    31   0.74820   2.23652   5.71316    1229   15
    32   2.55067   1.88590   0.80583    1009   12
    33   3.84803   2.73435   5.88901     896   14
    34   2.33791   1.66716   4.13462    1627   16
    35   2.56867   0.74652   3.09576    1498   16
    36   3.02776   1.76008   4.55535    1568   17
    37   1.39499   2.78049   6.18766    1287   14
    38   4.86610   2.40275   4.52725    1656   16
    39   2.40772   2.63447   1.64056    1045   13
    40   2.99468   1.31746   2.78559    1201   13
    41   2.19435   1.51029   2.92877    1213   13
    42   2.77223   0.31334   4.83593    1465   14
    43   0.77223   1.45996   2.93965     791   11
    44   3.85861   1.18812   5.69513    1048   12
    45   5.17834   2.40453   2.97419     919   14
    46   4.03179   1.76274   1.28573    1550   20
    47   2.47050   1.00202   1.24036    1475   16
    48   1.85923   1.59609   0.78385    1978   18
    49   0.62105   1.84962   4.04859     921   11
    50   1.66114   1.44568   0.32810    1967   19
    51   0.36251   2.53302   1.39880    1175   16
    52   4.45888   2.99241   2.00983    1261   17
    53   4.27980   2.91171   3.18811    1193   14
    54   5.45639   1.44405   5.32134    1195   14
    55   4.05779   2.05894   0.52075    2179   20
    56   2.23274   2.43861   5.94824    1665   17
    57   1.11169   3.08781   4.49465    1135   12
    58   1.36524   0.80583   5.49522    1519   15
    59   4.29154   1.22931   3.65849    1084   13
    60   1.12526   2.25832   1.94539    1020   17
    61   6.15797   2.76582   0.85370    1423   17
    62   5.13722   0.45136   0.25597    1109   15
    63   5.87442   2.10275   2.61394    1957   18
    64   5.82733   2.73281   1.14392    1544   16
    65   0.03766   0.70609   5.43305    1735   18
    66   5.80388   2.15315   3.39363    1928   19
    67   4.27105   0.85154   0.59738    1544   17
    68   3.76223   2.34379   2.96472    1348   15
    69   6.20951   1.83474   3.55927    1375   15
    70   2.87954   1.47849   5.91902     977   13
    71   5.60030   1.65423   2.30632    1458   15
    72   2.35042   2.18953   5.32625    2140   16
    73   4.33003   0.92346   2.97753    1765   18
    74   2.62324   1.88509   3.41953     985   13
    75   5.63617   0.93310   4.42433     909   13
    76   6.18001   1.99521   1.98064    1273   14
    77   0.93703   0.89551   2.71723     943   10
    78   0.24768   2.50666   5.62163    1971   15
    79   2.33171   2.04257   5.06001     833    9
    80   3.02573   2.00210   3.48206    1035   12
    81   3.80101   2.15700   4.33181    2498   21
    82   2.58879   1.22750   2.47401    1053   12
    83   4.09824   2.85268   5.36022    1241   17
    84   2.50602   2.00844   2.03409    2033   20
    85   2.68671   1.84863   4.28912    1356   16
    86   3.20476   1.69978   6.12772    2238   18
    87   2.64973   1.59867   4.00198    1128   14
    88   4.16264   1.26167   3.39288     929   13
    89   6.00183   0.52780   6.18887    1737   18
    90   2.29254   1.04752   2.47695     706   13
    91   5.91860   0.74130   4.76802    1415   15
    92   2.42294   2.13646   1.79421    1195   16
    93   3.14794   1.24115   3.63328    1081   13
    94   5.40510   1.34605   3.70312     909   12
    95   0.59642   1.79767   5.74148    1464   16
    96   5.48152   2.26856   1.66504    2133   18
    97   0.77956   0.48476   3.82112    2264   18
    98   1.80420   0.70706   0.57663    1076   14
    99   3.15708   0.87275   1.17716    1188   16
   100   5.71862   0.96777   2.63162    1288   12
   101   1.15984   0.77458   2.03843    1607   16
   102   3.85312   1.92328   0.59579    1981   15
   103   1.01063   1.26193   2.20457    1491   18
   104   5.51775   1.52460   4.85041    1476   17
   105   0.70249   1.21681   0.12210    2335   20
   106   5.96884   2.08061   1.32349    1470   19
   107   2.45179   1.33472   0.37652    1224   15
   108   0.66972   1.51707   2.95913    1586   18
   109   2.02102   1.77684   2.10223    1201   14
   110   4.59597   1.46457   4.93722    1904   16
   111   0.97640   1.15624   0.92967    1336   18
   112   0.77784   2.18339   5.90183    1591   14
   113   1.76394   1.50720   3.08634     742   15
   114   1.34254   1.02622   0.89929    1454   12
   115   5.85813   2.14731   1.34065    1393   17
   116   2.24723   2.77711   1.72410    1327   13
   117   5.43905   1.28039   3.84492     793   12
   118   4.48170   1.93086   3.51656    1403   15
   119   3.92659   2.07714   2.48365    1933   20
   120   5.28224   0.66128   1.84551    1209   14
   121   4.05828   1.83975   4.80781    1168   13
   122   5.86038   2.25194   3.80968    1354   17
   123   3.97526   1.36794   1.80622     919   15
   124   0.49423   0.67092   5.03155    1403   16
   125   3.50793   2.32037   1.02717    1962   18
   126   1.62233   1.66586   0.95681    2046   18
   127   0.07517   0.74282   2.12188    1562   17
   128   5.83561   0.67489   3.07660    1504   18
   129   2.59851   2.29814   1.82321    1016   15
   130   4.69331   0.49548   4.30748     952   12
   131   1.98739   2.59500   2.44531    2031   18
   132   5.72389   0.86575   1.13293     747   12
   133   2.17329   2.40029   2.10670    1155   15
   134   1.31945   1.71590   3.42477    1225   16
   135   0.01879   1.27275   0.30350    1892   18
   136   1.00224   1.96967   2.78159    1468   20
   137   2.53048   1.04162   1.38875    1150   13
   138   4.36406   1.02501   3.65461    1697   18
   139   0.80665   2.41760   3.67670    1389   16
   140   0.34408   1.25470   3.16892    1910   18
   141   4.18953   1.13535   0.93077    1526   14
   142   5.65230   2.44198   5.02152     618    9
   143   3.80837   0.32243   4.51257    1902   13
   144   2.82056   2.25646   0.81266     680   11
   145   5.76922   1.46934   1.11915     722   12
   146   3.12021   1.34993   5.27823     578    9
   147   3.46040   2.01512   0.57341     919   12
   148   3.36602   0.45898   5.14249    1364   17
   149   2.10233   0.90895   2.90385    1760   14
   150   2.45283   2.59380   4.44523    1190   14
   151   5.11229   2.31542   1.75731    1125   15
   152   3.68535   0.75762   5.67794    1300   17
   153   4.65992   1.81157   3.87590    1017   14
   154   0.27449   1.16256   0.85581    1451   15
   155   3.52582   1.33202   4.81917     954   16
   156   3.06492   1.20005   3.83855     864   11
   157   5.53422   1.99799   6.22343    1259   13
   158   1.53983   0.74978   5.39410     476    9
   159   2.74653   0.21127   4.06832     691   11
   160   1.43041   2.42191   4.59453    1315   14
   161   0.89821   2.56518   0.89353    1239   18
   162   2.23943   1.78741   2.17730    1285   19
   163   0.89840   1.72776   5.51677    1358   17
   164   0.73184   1.79457   2.43735    1075   14
   165   5.76986   2.18716   4.55081    1508   17
   166   0.65684   1.20777   5.22606    1233   15
   167   5.24816   2.40444   5.68715    1167   14
   168   4.05880   1.01718   2.83250    1090   15
   169   6.21796   1.25169   4.73161    1311   16
   170   3.26331   1.54174   5.44460    1505   17
   171   6.10763   0.40407   0.22661     592   10
   172   0.29644   1.71844   0.42983    1398   15
   173   2.59636   1.33339   4.46202    1019   17
   174   1.36412   2.09004   0.07967     573   12
   175   2.98205   0.44558   1.80018    1538   16
   176   4.16569   1.77783   5.21201    1441   16
   177   3.74438   1.22700   2.99511    1414   15
   178   2.50828   2.23645   5.05220     790   11
   179   1.21189   0.53297   5.82572     732   10
   180   1.07764   1.11081   0.89089     946   13
   181   0.20449   1.59388   1.20188     921   14
   182   5.48512   1.54104   5.38860    1096   11
   183   3.63425   1.88426   2.45083     838   13
   184   1.79544   1.43284   1.75664     762   15
   185   3.41183   2.38685   1.57319    1308   18
   186   2.00318   1.01675   1.20636     565   11
   187   0.67786   0.86897   3.49860    1596   18
   188   5.41939   0.33459   2.51723    1716   19
   189   0.42286   0.86023   5.62930    1401   16
   190   2.77505   2.09219   4.43248    1240   13
   191   1.83391   0.64314   3.87199    1407   16
   192   5.89579   2.45912   5.12122    1785   18
   193   3.43225   1.08487   4.70817    2238   17
   194   2.08486   1.54898   3.13549     962   12
   195   4.93268   0.76838   0.27201    1053   11
   196   1.38988   1.76318   4.46613     886   11
   197   1.20336   2.17976   5.31388     953   13
   198   4.48526   2.71064   6.02969    1456   16
   199   0.15116   2.70433   3.83906    1480   14