     1   0.00000   0.00000   0.00000       0    0
     2   4.63589   1.09315   1.29031    1329   12
     3   4.60297   1.15440   2.93348    1176   14
     4   3.71057   2.63036   2.14939     499    9
     5   6.16306   1.73751   6.01081     733   14
     6   4.64123   1.07246   1.20705    1469   15
     7   4.83369   1.12896   4.38539    1382   14
     8   0.77910   0.39247   5.54001     845   12
     9   4.69962   1.14104   5.94601    1438   14
    10   0.79741   0.55479   0.67287    1666   16
    11   1.58542   1.95930   3.40328     962   14
    12   1.14028   0.49636   3.59839    1550   13
    13   3.76706   2.63626   5.40257    1527   13
    14   6.26407   1.91323   1.07851    1886   14
    15   2.93981   1.22726   1.93329    1996   21
    16   3.84354   2.59117   2.37135    1010   13
    17   1.60767   1.93732   5.02211     996   13
    18   1.61882   1.95102   4.93563     831   11
    19   4.81021   1.21358   1.28235    1049   15
    20   6.14195   1.80404   4.22033     940   12
    21   6.28089   1.91433   2.82913    1170   13
    22   6.20439   1.82527   4.32910    1283   14
    23   6.02604   1.94708   4.16097    1252   13
    24   1.43547   1.97612   0.15538    1458   13
    25   4.79369   1.17985   2.76496     983   14
    26   1.71448   1.93088   3.53800    1742   15
    27   3.89806   2.65411   2.41763    1325   16
    28   1.63251   2.06569   0.39745     787   13
    29   3.01560   1.18501   1.95378    1403   14
    30   3.00352   1.25387   0.40410    1367   13
    31   4.09193   2.67698   5.60133     878   11
    32   1.17428   0.46974   3.52474     997   14
    33   3.93315   2.70476   0.87012    2632   19
    34   1.65395   2.02189   3.45884    1185   15
    35   3.13750   1.25836   0.28791    1210   12
    36   1.61134   1.86556   0.24367     980   14
    37   0.99848   0.52602   3.78146    1192   15
    38   4.11386   2.69669   0.94649    2001   19
    39   6.28090   1.99113   4.32147    1765   15
    40   2.98359   1.34894   2.09212    1181   15
    41   4.59151   1.15128   1.38175    1160   14
    42   3.89919   2.69380   5.52394    1021   15
    43   4.73141   1.19175   4.43715    1142   15
    44   3.10674   1.21639   3.42166    1837   18
    45   4.66115   1.08124   5.92754    1301   13
    46   4.13641   2.70998   5.87367    1691   16
    47   0.68762   0.51768   0.83966    1138   13
    48   0.94106   0.52431   0.68254    2253   20
    49   3.86848   2.66647   2.35994    1595   18
    50   6.05987   1.86098   1.18993    1411   15
    51   4.06104   2.65957   2.65314    1966   23
    52   3.08069   1.20857   1.91768    1653   18
    53   1.58205   1.95671   0.30752    1329   15
    54   0.99577   0.60245   0.51345    1611   19
    55   4.82026   1.17062   4.42625    1327   15
    56   6.22346   1.81157   5.77322    1221   14
    57   3.02094   1.30526   5.13118    1560   15
    58   0.93254   0.54405   2.24986    1416   14
    59   1.60242   2.05669   4.92976    1332   15
    60   0.68651   0.48394   4.04438    1649   20
    61   0.63405   0.44520   2.36058    1266   11
    62   1.52594   1.97718   0.34614    1842   19
    63   3.79682   2.61521   0.70574    1139   14
    64   0.80166   0.47712   3.88709    2043   19
    65   2.98707   1.24588   5.17248    1239   14
    66   1.58542   1.95930   3.40328    1422   17
    67   6.24195   1.92732   5.91975    1246   15
    68   4.07732   2.59520   0.87899    1847   18
    69   6.02656   1.93993   4.29727    1319   14
    70   3.07947   1.32853   1.87461    1142   15
    71   0.90848   0.51684   2.17770     905   11
    72   3.01803   1.28488   3.54157    1281   18
    73   1.61579   1.97780   1.89891    2220   18
    74   1.63257   1.85848   0.35023    1045   14
    75   3.01043   1.26910   5.06968    1004   14
    76   4.73998   1.21671   5.87681    1141   13
    77   4.08328   2.59839   2.43554     942   12
    78   1.63251   2.06569   0.39745    1675   16
    79   0.84030   0.43882   2.29436    1385   19
    80   4.73401   1.20819   2.72460    1709   17
    81   6.09015   1.80642   4.39869    1569   19
    82   6.25351   1.91302   1.26565    1474   16
    83   0.90471   0.52928   2.06274    1186   13
    84   1.54207   2.01245   5.08685     972   15
    85   4.11177   2.56333   4.17216     703   11
    86   4.30552   2.66022   1.16864    1280   18
    87   2.98005   1.24584   3.54079     692   10
    88   3.04253   1.15341   5.24110    1600   15
    89   1.43439   2.01274   1.74108    1219   14
    90   1.51159   2.02795   1.86807     850   11
    91   6.07483   1.83854   5.90827    1982   19
    92   4.21165   2.67054   4.38287    1193   15
    93   2.94521   1.19965   3.58945     910   15
    94   4.33484   2.59131   4.33788    1254   15
    95   0.83372   0.53261   2.35478    1437   14
    96   4.72073   1.23590   1.29351     824   13
    97   4.09851   2.73707   2.53019    1236   15
    98   6.16811   1.73643   5.94989     733   11
    99   3.08206   1.30728   3.52537    1185   14
   100   4.81021   1.21358   1.28235     951   13
   101   6.14502   1.81559   4.26764    1724   15
   102   4.15949   2.75491   2.60491    1217   14
   103   3.93947   2.56725   2.30728    1347   11
   104   3.85666   2.71587   2.34423     906   10
   105   4.82193   1.24911   4.35477    1242   12
   106   6.18427   1.95241   4.35082    1454   14
   107   1.53383   1.98216   0.24679    1059   12
   108   6.10866   1.90926   2.61708    1006   14
   109   3.97705   2.63807   4.14533    1548   16
   110   0.01946   1.86557   2.68686    1231   15
   111   4.78637   1.13648   1.30934    1018   14
   112   4.68751   1.09289   2.71370    1218   15
   113   3.64604   2.63546   2.15206    1053   15
   114   0.84043   0.50542   2.19958    1378   14
   115   2.92478   1.33473   0.50297    1573   14
   116   3.05114   1.29611   1.97449    1081   14
   117   6.25355   1.93636   5.81323    1960   22
   118   6.10576   1.78045   2.66283    1067   16
   119   4.67216   1.24196   1.29105     840   13
   120   0.01774   1.85724   2.86126    1250   10
   121   4.81021   1.21358   1.28235    1789   16
   122   4.16683   2.53553   0.96424    1508   18
   123   3.96204   2.49414   2.48129    1842   17
   124   3.97237   2.61648   2.40175    1138   14
   125   1.62338   2.00000   1.97812     911   10
   126   0.90848   0.48032   2.14786    1037   13
   127   6.26074   1.99092   1.11896    1016   13
   128   3.98580   2.64977   4.01455    1095   13
   129   4.86422   1.09450   6.01193    1891   16
   130   4.78190   1.17935   2.75017    1149   13
   131   6.07017   1.73499   2.70202    1286   15
   132   0.74321   0.56858   5.56749    1438   14
   133   6.09952   1.72731   1.17590    1875   18
   134   6.12639   1.77915   2.61080     890   11
   135   0.76434   0.43178   3.99495    1157   11
   136   4.12372   2.58435   4.16720     929   12
   137   0.92691   0.55952   0.58953    1281   15
   138   4.59151   1.15128   1.38175    1038   13
   139   3.10696   1.23396   3.49841     701   10
   140   0.71079   0.49167   0.90147     960   11
   141   3.00352   1.25387   0.40410     987   13
   142   4.21891   2.71179   5.79073    1102   11
   143   2.91489   1.34496   0.49021    1027   14
   144   6.26407   1.91323   1.07851    1205   16
   145   1.10356   0.47467   5.17167    1202   16
   146   4.64122   1.28536   6.06209    1023   12
   147   1.59516   2.02533   0.38563    1204   16
   148   4.25746   2.72646   1.15325    1436   15
   149   0.97857   0.49408   3.59174    2321   20
   150   4.70396   1.24866   4.44866    1497   15
   151   6.26074   1.99092   1.11896    1104   12
   152   1.57994   1.84093   5.08199     993   12
   153   4.64221   1.28406   2.80412    1319   14
   154   1.43884   1.89984   4.87255    1835   16
   155   2.97443   1.19441   1.88172    1312   14
   156   1.54159   1.97313   3.33668    1429   13
   157   4.10831   2.59944   2.60658    2048   19
   158   1.04415   0.42515   3.62224    1665   15
   159   4.03290   2.69512   2.61545    1589   16
   160   4.76510   1.15308   2.83341    1208   17
   161   4.04129   2.63222   2.49219    1075   15
   162   1.13140   0.42494   3.61935    1686   17
   163   3.92213   2.58550   2.49649    1327   12
   164   1.61898   1.85430   0.36964    1761   16
   165   1.11371   0.55142   0.42814    1929   18
   166   4.26780   2.57945   4.23849    1476   15
   167   1.62922   2.08114   3.42470    1113   12
   168   6.09869   1.80648   2.61918    1591   16
   169   6.05987   1.86098   1.18993    1474   16
   170   6.07249   1.96103   2.68449    1728   16
   171   3.12439   1.35040   5.09584     634   12
   172   4.59163   1.12745   6.08178    1655   14
   173   2.97443   1.19441   1.88172    1274   15
   174   3.02488   1.28471   0.39670    1263   15
   175   2.87910   1.19596   0.50346     840   12
   176   0.02937   1.85960   1.23551    1492   15
   177   4.15757   2.72695   1.10031    1363   15
   178   3.94122   2.70013   3.91544     772   14
   179   6.26407   1.91323   1.07851    1240   15
   180   6.12495   1.80786   4.29002    1425   16
   181   1.60633   1.92382   2.00676    1638   18
   182   1.65000   2.01998   0.34169    1820   13
   183   6.26407   1.91323   1.07851    1275   15
   184   3.08605   1.24299   0.48339    1200   16
   185   0.65998   0.43356   0.77737     825   14
   186   4.82193   1.24911   4.35477     950   12
   187   4.65826   1.09236   6.08250    1100   14
   188   4.19464   2.65923   4.25241    1032   11
   189   1.73238   1.94543   3.54928    1740   17
   190   4.81021   1.21358   1.28235    1024   12
   191   6.07864   1.84102   5.90131     815   14
   192   6.19626   1.86366   1.27510    1555   16
   193   3.95009   2.69589   5.59864    1279   14
   194   6.18612   1.89029   5.86849    1311   13
   195   4.07199   2.51609   5.74710    1378   17
   196   3.87273   2.57701   0.67867    1766   17
   197   4.67649   1.19545   6.10501    1572   16
   198   1.64549   1.99635   0.34893    1658   16
   199   1.67832   1.98413   1.96110    1469   14
   200   1.51159   2.02795   1.86807    1260   13