     1   0.00000   0.00000   0.00000       0    0
     2   5.72340   0.21008   0.01770    2888   21
     3   5.53142   1.63210   6.27004     416   11
     4   2.37246   1.49703   1.73084    2107   15
     5   3.30594   3.00899   4.08478    1172   14
     6   5.60158   1.69050   2.99386     897   13
     7   2.38694   2.97903   3.14852    2264   18
     8   0.95842   1.62136   3.21858    2115   16
     9   2.52984   1.30617   4.71961    3044   18
    10   2.50027   1.54145   4.89893    2800   19
    11   2.47791   1.38758   0.05008    3059   21
    12   5.70289   1.68215   4.72808    2980   20
    13   0.89387   1.58970   0.21851    1462   18
    14   0.90105   1.58211   1.67711     735   11
    15   2.55762   1.43885   0.05075     473   10
    16   3.96079   1.43694   4.71165    2389   18
    17   5.64088   1.72019   1.52021    3268   24
    18   2.88363   3.00303   1.88156    2306   17
    19   4.15470   1.44631   3.06308     904   16
    20   5.62089   1.71969   4.54058     386   11
    21   2.54496   1.52546   4.68836    3948   24
    22   4.10494   1.40169   6.13727    3181   18
    23   4.01327   1.44886   3.03282     781   11
    24   2.43036   1.54537   6.26537     574    8
    25   3.94445   1.45458   4.52376    2903   19
    26   5.71254   1.77588   3.13908     892   12
    27   2.52490   2.88135   3.20981    1067   15
    28   5.64369   1.67275   1.36938    2499   19
    29   5.66981   1.62563   4.51713     782   10
    30   3.97017   1.48448   6.15666    2427   19
    31   0.01676   0.17095   4.03841    3317   18
    32   0.51851   0.13202   2.09445     507   11
    33   2.53349   1.31839   6.28041    2236   17
    34   4.10122   1.44143   6.28144    1588   19
    35   3.13081   2.89630   3.69184     366    7
    36   4.08243   1.51546   3.00362     325    8
    37   3.60461   2.91143   2.74700     362   10
    38   2.52490   2.88135   3.20981    1866   18
    39   3.28657   2.97698   2.33976    1206   12
    40   5.56959   1.57778   6.24876     430    9
    41   3.14183   2.88305   2.19223    5254   24
    42   1.05052   1.75503   3.27001    1787   11
    43   2.45072   1.57218   3.24307     320    8
    44   2.74987   2.89194   3.41751    2206   15
    45   3.13800   3.06087   5.31164     555    7
    46   5.53756   1.70423   6.22508    1917   15
    47   2.36282   1.44916   4.71277    1654   16
    48   4.06721   1.43375   6.06189    1531   15
    49   5.62255   1.53768   6.16480     848   10
    50   2.42125   1.54143   4.84993    3398   24
    51   6.00718   0.13407   2.63915    1401   15
    52   0.96097   1.60338   3.36424    2443   19
    53   5.78760   0.19311   3.04074     461   13
    54   2.58169   1.47734   4.80693    1186   14
    55   0.87330   1.57332   1.75397    2812   19
    56   4.15734   1.57081   2.97670    3714   22
    57   5.64134   1.74114   3.05193    3940   20
    58   2.51288   1.49851   1.70021    2341   20
    59   0.51851   0.13202   2.09445     522   10
    60   5.39746   0.03423   1.89753     579   12
    61   1.04614   1.73163   3.22355    1056   17
    62   2.38728   1.44576   3.16726    1857   18
    63   0.85675   1.65382   4.85614    4655   22
    64   4.58625   0.07373   2.64597    3845   18
    65   3.60461   2.91143   2.74700     744   12
    66   5.53151   1.73713   1.45044    2080   16
    67   0.57772   0.03655   0.36220    3750   17
    68   0.92999   1.70002   3.25552    1931   20
    69   5.59489   1.77162   4.72281    2570   16
    70   5.67515   1.63799   2.97799    1168   12
    71   0.88003   1.56199   0.01576    1455   13
    72   3.57554   2.91960   5.76794     460    9
    73   4.08678   1.47217   2.94145     754    9
    74   5.50775   1.75155   3.15628     416   11
    75   3.40878   2.84619   3.98581    1090   14
    76   5.62255   1.53768   6.16480     620   11
    77   2.87633   2.94348   1.96180    2057   19
    78   0.94634   1.68567   0.22185    1953   18
    79   1.58480   3.09760   2.17645     978   11
    80   5.70618   1.68365   2.98753    1426   14
    81   6.00718   0.13407   2.63915     369    9
    82   2.34774   1.44409   3.35458    1013   14
    83   4.13914   1.44152   6.09402    2613   16
    84   4.11359   1.38092   4.50779    2027   13
    85   0.71186   0.07596   4.97280     521   11
    86   2.39383   1.49883   3.17880    2480   14
    87   3.99811   1.46868   6.18665    3770   21
    88   3.57446   2.97049   4.32528     887   14
    89   2.51882   1.48374   4.84077     369    6
    90   4.12092   1.58951   4.57018     744    9
    91   0.95388   1.76808   3.28461     723   12
    92   0.51851   0.13202   2.09445    2400   25
    93   2.41848   1.33531   0.06915    2172   15
    94   4.15836   1.42362   6.10082    2868   20
    95   6.00718   0.13407   2.63915     819   10
    96   1.58480   3.09760   2.17645    1905   21
    97   0.27399   0.15844   2.23558    1788   18
    98   3.60461   2.91143   2.74700    2151   17
    99   3.28657   2.97698   2.33976     494    7
   100   5.65298   0.21090   1.41463     438    8
   101   0.87330   1.57332   1.75397     575    9
   102   4.07670   1.51213   6.22998     517    8
   103   6.22879   0.16842   4.08387     620   12
   104   6.04162   0.15040   1.08475     544    9
   105   2.87670   2.95300   4.99856    2363   24
   106   2.52239   1.33410   1.61190     752   13
   107   0.04912   0.22688   2.34109    4608   24
   108   2.54086   3.05368   4.87463     950   14
   109   2.36613   3.03739   3.05505    3885   22
   110   5.73398   1.69786   1.51523    3609   22
   111   5.44661   0.07736   0.29956    2416   19
   112   1.02300   1.53248   1.66205    2443   19
   113   3.95389   1.45513   3.06958    4016   17
   114   3.60461   2.91143   2.74700     575    9
   115   1.58480   3.09760   2.17645     969   13
   116   3.96003   1.44933   1.43826     752   12
   117   4.03145   1.52431   3.01171     421    9
   118   0.85612   1.62846   4.76800    1676   14
   119   2.37787   1.59491   3.26203     366    9
   120   4.11338   1.59964   4.57351    5473   23
   121   0.92887   1.58907   0.10512     512   11
   122   4.05555   1.48519   1.53056     808   15
   123   4.12745   1.58923   1.43417    1527   17
   124   3.60461   2.91143   2.74700     526   11
   125   5.57979   1.71847   3.07445     345   10
   126   0.51851   0.13202   2.09445     397   10
   127   6.14664   0.09406   4.20895     890   12
   128   0.00000   0.00000   0.00000     869   15
   129   2.44988   1.48630   4.71019    1474   13
   130   4.05529   1.56609   3.11247     943    9
   131   0.93678   1.62633   4.76770     931   10
   132   4.13751   1.47081   1.39751     767    9
   133   0.93317   1.56341   0.17540    2964   18
   134   5.54821   1.68933   4.53118     391   10
   135   4.07523   1.44791   4.61499    1081   12
   136   4.12952   1.57018   4.45314     608   10
   137   0.92799   1.71265   4.84687     769   15
   138   3.45636   2.97633   1.09943     481    9
   139   0.13721   0.08941   3.95597    1003   13
   140   5.51917   1.68288   1.55271     610    9
   141   5.70289   1.68215   4.72808    1411   14
   142   0.92986   1.60878   3.24116    1125   12
   143   5.58661   1.67736   3.07668     816   10
   144   5.66531   1.66984   6.23577     538    8
   145   0.51851   0.13202   2.09445    1441   17
   146   5.52627   1.61855   1.54919     513   10
   147   0.88591   1.59598   1.56329    2772   14
   148   0.71962   0.05173   1.72025    1043   12
   149   4.08243   1.51546   3.00362     268    7
   150   0.96022   1.71888   0.10633     209    7
   151   5.63988   1.64417   1.53798    1021   12
   152   0.51851   0.13202   2.09445    1253   14
   153   4.00557   1.37788   6.20416    4086   19
   154   0.51851   0.13202   2.09445     342   10
   155   2.56425   1.56697   3.15914     581    9
   156   2.57337   1.45216   3.17993     444    9
   157   5.62255   1.53768   6.16480     748   11
   158   0.96125   1.66769   0.03565     450    8
   159   2.45404   1.38045   3.19161    1545   19
   160   0.87873   1.61749   3.36805    1316   15
   161   0.86320   1.54616   1.69908     575   10
   162   0.96022   1.71888   0.10633     699   12
   163   5.66531   1.66984   6.23577     743   10
   164   2.45174   1.38145   4.93821    1219   11
   165   3.57554   2.91960   5.76794     269    8
   166   0.96125   1.66769   0.03565    1011   10
   167   0.62659   0.06501   0.31728     571   11
   168   2.93629   2.96878   5.25395    3355   19
   169   5.72006   1.64504   6.10023    5147   24