     1   0.00000   0.00000   0.00000       0    0
     2   3.84948   1.51435   4.85400    3256   14
     3   4.09601   2.99605   5.01371    1493   11
     4   3.72278   1.33228   1.49544    4731   18
     5   3.92494   1.44843   4.76504     591   10
     6   3.82830   1.35009   4.76552    2239   15
     7   0.96888   0.27006   2.89999    1820   15
     8   3.92494   1.44843   4.76504    5577   23
     9   0.55894   1.70270   4.81953    1661   14
    10   0.28441   0.09911   3.39541    3784   18
    11   5.48866   1.57753   1.46022    2190   15
    12   5.25906   1.62210   3.08641    2530   17
    13   0.56389   1.58051   1.66258    2771   16
    14   0.71240   1.78269   6.24588    2240   11
    15   0.52640   1.79837   4.72441    3257   19
    16   0.65762   0.15660   6.18342     692    8
    17   0.68229   0.15024   0.06525    2658   13
    18   0.66003   1.54712   0.08208    2224   10
    19   3.90400   1.40855   0.02323    1580   15
    20   3.71797   1.38352   0.01988    2039   14
    21   0.55880   1.69703   6.22321     464    8
    22   3.80161   1.37174   4.82061    3247   18
    23   3.27150   3.00481   2.71078    2082   18
    24   3.23217   3.06022   0.92023    2141   12
    25   2.22075   1.66662   0.08166    3963   18
    26   3.66668   2.90980   6.18289    1196   12
    27   0.82092   0.02649   2.99661    1817   15
    28   0.73953   1.74125   0.11305    4376   19
    29   2.12940   1.58430   4.85531    3817   18
    30   5.55450   0.08653   1.35070    2566   16
    31   0.54616   0.23176   4.73511    1912   16
    32   3.82830   1.35009   4.76552    2686   16
    33   5.38769   1.69564   4.60807    3649   19
    34   3.96127   2.89001   3.33257    1508   14
    35   3.01703   2.96778   5.51723    1136   11
    36   5.34475   1.54571   3.09973    1151   11
    37   2.28744   1.49771   3.26045    3845   16
    38   4.78722   3.00684   4.03454    3062   20
    39   0.64138   1.79409   0.10635     927   12
    40   2.17847   1.60658   1.69784    3885   14
    41   5.49513   1.54932   6.23159     568   10
    42   3.71535   2.98504   6.11211    1380   15
    43   5.40828   1.64248   1.36732    3488   17
    44   0.32944   0.06927   2.02274    3017   14
    45   3.67888   1.44859   3.21159    2796   16
    46   1.23431   0.08756   4.15736    1680   12
    47   5.27844   1.54008   1.53034    3199   18
    48   0.64138   1.79409   0.10635     635   10
    49   5.40675   1.49045   3.11028    3458   18
    50   5.25099   1.55805   4.57774     933    9
    51   3.69493   1.43436   0.02552    5270   21
    52   3.73635   1.46211   0.02315    2689   16
    53   5.29375   1.59855   1.39539    1901   12
    54   3.46424   2.93077   5.99268    4073   20
    55   5.33385   1.60217   1.41146    2066   13
    56   2.09179   1.54647   3.16275    2137   17
    57   2.34903   1.60250   1.58533     586    7
    58   3.75736   1.53653   1.58824    2026   16
    59   0.55880   1.69703   6.22321    1571   12
    60   0.54049   1.69533   4.70919    2481   14
    61   5.32315   1.66149   4.58619    1842   13
    62   5.33269   1.69675   1.42617    3793   19
    63   5.38050   1.44405   6.21693    2109   11
    64   3.96127   2.89001   3.33257    1218   12
    65   3.96127   2.89001   3.33257     804   12
    66   3.90400   1.40855   0.02323    1011   12
    67   0.77997   1.66305   3.09726    2005   14
    68   3.66668   2.90980   6.18289    1001    8
    69   3.13834   2.97550   5.71864    2007   15
    70   3.68512   1.40133   0.04778    2020   14
    71   3.96127   2.89001   3.33257     640   10
    72   3.67079   1.39423   4.68235    2083   12
    73   5.45200   1.51516   4.62343    1015   10
    74   3.82830   1.35009   4.76552    1539   14
    75   3.89277   1.38212   1.53257    2267   13
    76   5.30625   1.64389   3.05811    5629   23
    77   3.82830   1.35009   4.76552     338    8
    78   3.30197   2.95361   5.67546    1306   11
    79   3.38191   2.99386   1.22573    3383   17
    80   3.81747   1.35479   4.72271    4032   20
    81   2.27264   1.53496   6.27462    3345   16
    82   2.31596   1.47143   4.88059    2485   15
    83   3.81362   1.36557   3.01791    5565   21
    84   2.19727   1.67714   0.19610     701    9
    85   2.28154   1.46080   0.11392    3383   18
    86   2.09699   1.56560   3.34231    3020   16
    87   3.77407   1.55122   4.74509    1481   14
    88   4.67965   3.10384   2.49268    1012    9
    89   5.42130   1.49700   6.07697    3012   17
    90   2.20954   1.52697   4.83275    4660   22
    91   3.71633   1.42679   1.69600    3113   16
    92   5.47462   1.52599   1.38013    1727   14
    93   3.91327   1.42425   1.53558    4295   20
    94   3.92494   1.44843   4.76504    1194   11
    95   3.77468   1.32198   1.52301    4548   22
    96   5.40328   1.46908   6.06947    1001   11
    97   2.24831   1.48799   3.17470    1618   12
    98   5.38846   1.51557   6.12143     645   10
    99   5.46065   1.62298   4.56268    4867   19
   100   5.00742   3.01532   1.18398     629    7
   101   3.89633   1.34916   0.09376    3788   19
   102   3.81613   1.54920   0.04040    3288   14
   103   2.29121   3.08851   3.21446    1549   13
   104   3.66668   2.90980   6.18289    2747   16
   105   2.09573   1.56805   1.66211    1427   11
   106   2.20954   1.52697   4.83275    1458   13
   107   3.77364   1.54943   1.62854    2842   17
   108   2.14505   1.55663   0.13188    1710   13
   109   0.56470   1.63968   1.63685    1181   12
   110   5.40354   1.54761   1.29660    1058   10
   111   0.68629   1.64403   1.52364    1268   14
   112   3.10091   2.97005   0.97443    2894   14
   113   3.33771   3.00485   5.91985    1874   15