     1   0.00000   0.00000   0.00000       0    0
     2   4.69551   0.90153   2.55321     874   12
     3   1.59418   2.27826   0.56270     772   13
     4   1.63619   2.25060   3.71387     597    9
     5   0.78282   0.95538   5.22284    1167   17
     6   4.68015   0.77009   4.02594     637   12
     7   3.93957   2.28966   4.14728    1029   12
     8   5.85281   2.06654   2.30867     597   10
     9   2.66043   1.14363   3.95260    1060   16
    10   5.82076   2.08625   3.89109     432   10
    11   3.77939   2.29966   4.11547     952   13
    12   5.76376   2.10130   2.33713     272    8
    13   5.90115   2.16171   0.69855    1018   14
    14   4.66227   1.00194   5.78921     943   12
    15   0.73302   0.82473   2.09836     360   10
    16   0.75038   0.82951   5.34596    1095   15
    17   0.61118   0.81666   5.43814    1431   15
    18   1.69559   2.22718   5.44519    1174   16
    19   2.84379   1.12088   2.35590    4198   22
    20   0.75593   0.74071   0.67237     825   14
    21   3.95439   2.24029   2.60613    2799   20
    22   2.82626   1.09370   2.34250    1254   17
    23   0.84848   0.91500   5.13081    1588   17
    24   1.75818   2.26556   2.33686     774   13
    25   2.78636   1.17917   5.32544    1032   14
    26   3.78914   2.25554   4.13625    1229   19
    27   4.65925   0.83058   2.61955     730   14
    28   5.97140   1.92078   5.58747    1016   11
    29   1.55598   2.25189   3.63832     697   11
    30   2.78636   1.17917   5.32544    1655   20
    31   3.89908   2.33911   5.62969    1711   19
    32   5.74182   2.03417   5.57033     393    9
    33   2.78058   1.14806   3.88775    1123   17
    34   4.73006   0.87327   0.92430    3013   24
    35   0.89036   0.86187   0.58657     802   15
    36   1.40446   2.30653   3.64623     595   15
    37   0.63750   0.78448   3.87237     808   16
    38   2.73959   1.16850   2.24362    1890   19
    39   2.76091   1.02320   2.31908    2082   19
    40   2.77666   1.07911   5.46818    1625   20
    41   4.87786   0.87081   2.45285    1250   17
    42   5.81641   2.07402   2.45181     828   13
    43   4.63371   0.84394   2.43824     738   11
    44   1.57327   2.23644   2.10966    1974   18
    45   2.72329   1.13527   0.75639    1900   18
    46   2.71900   1.19931   0.64345     892   14
    47   2.64223   1.05352   2.37655    1109   15
    48   3.96051   2.20261   5.79357    1558   16
    49   4.53728   0.92843   1.17497    1937   17
    50   3.95153   2.35051   5.79778    1785   17
    51   5.83714   1.88725   3.99873     984   14
    52   0.71251   0.98143   2.16777     693   12
    53   1.58228   2.12566   0.47014    3895   25
    54   2.62672   1.16279   2.44818     881   13
    55   4.75762   0.92011   5.70694    1054   14
    56   2.72828   1.10115   0.70080     791   13
    57   2.65232   1.13181   3.85245    1554   16
    58   2.69582   1.14754   0.67053     530   12
    59   4.56920   0.96231   4.10633    1091   15
    60   2.85025   1.11721   5.46440    1835   16
    61   4.54317   0.88706   1.08612    1645   20
    62   2.80273   1.09785   2.27535    1100   11
    63   4.50823   0.93864   4.27213     743   13
    64   5.83908   1.97714   3.89565    1473   16
    65   4.52769   0.92271   2.60327     395    9
    66   4.68198   0.82877   2.43310    2184   19
    67   5.81444   1.96824   0.67437    2801   21
    68   3.78288   2.32057   0.86038     636   12
    69   3.86076   2.32816   0.92391     565   12
    70   3.92404   2.20044   4.12789     508   11
    71   1.45114   2.28283   5.36650     835   15
    72   5.80731   2.11314   3.79447    1554   17
    73   1.48074   2.22347   3.62640     772   13
    74   2.68350   1.01089   5.52733    1776   17
    75   0.57961   0.78624   0.66403     843   12
    76   2.69786   1.07370   3.81800    1449   16
    77   2.78636   1.17917   5.32544     697   12
    78   5.91564   1.93011   0.72511    1319   19
    79   2.73091   1.12968   0.73012     986   11
    80   4.71886   0.97166   4.11187    1830   19
    81   5.86115   2.13984   3.99468    1069   15
    82   2.60953   1.08512   0.73282     665   10
    83   0.67551   0.93148   2.18196     947   14
    84   4.69721   0.97100   2.58020    1228   15
    85   3.78859   2.34666   0.88994    1004   13
    86   4.79841   0.89347   5.77181    2151   19
    87   5.96224   1.95729   4.04335    2118   17
    88   3.88467   2.43075   2.53546     740   14
    89   4.68572   0.97767   1.02275     389   10
    90   4.75359   0.97204   4.24035    1561   14
    91   2.77619   1.17824   5.44222    1029   15
    92   4.68330   0.84931   4.02897    1118   14
    93   5.90614   2.08741   5.50558    1615   14
    94   0.74014   0.78146   0.54725    1414   15
    95   3.87964   2.24251   4.05932    3401   23
    96   4.68917   0.82442   0.92340     490   10
    97   5.95783   1.98373   4.06561    2207   21
    98   4.66855   0.94620   5.80499     747   12
    99   3.94301   2.35662   0.94702     594   12
   100   3.88040   2.14650   2.61420     718   14
   101   2.61160   1.18167   2.41389    1434   17
   102   1.47636   2.17642   5.31462     444   12
   103   3.86379   2.13552   5.65978     792   10
   104   0.85050   0.92713   3.69429    1440   20
   105   0.85998   0.88874   5.16558    1873   18
   106   3.94944   2.20346   4.30532     243    7
   107   2.56311   1.12775   2.42028     556   10
   108   2.70011   1.00407   2.27073    1344   13
   109   1.63951   2.22958   2.23968     834   13
   110   5.76793   2.10753   2.42752    1794   18
   111   1.67680   2.12681   5.39116     556   11
   112   4.80871   0.87156   5.61344    1028   14
   113   3.91291   2.32100   2.54531     825   11
   114   3.69680   2.33554   0.91049    2159   21
   115   2.78636   1.17917   5.32544     565   12
   116   5.93572   1.91858   5.55973     723   17
   117   1.53786   2.28831   2.16419    1286   18
   118   5.81398   1.95775   2.27331     662   13
   119   2.78636   1.17917   5.32544    1447   19
   120   2.74628   1.15842   2.30995     625   15
   121   5.70418   1.98192   2.23614     964   13
   122   4.81340   0.80971   5.77107     604   12
   123   5.83820   2.02859   0.72897     917   14
   124   1.47746   2.21646   2.03051     870   14
   125   0.62867   0.93031   3.71517     791   15
   126   5.84429   2.02613   2.39701    1899   19
   127   0.55745   0.85840   0.73475    1055   14
   128   0.00000   0.00000   0.00000    1001   12
   129   5.91895   2.13694   2.44024     684   15
   130   2.71755   1.07146   0.77173    2313   19
   131   4.79878   0.93197   5.62227    1245   17
   132   1.44554   2.31253   3.69605    1238   15
   133   5.79326   2.02354   3.91670    1265   14
   134   5.86713   1.96711   5.50364     550   11
   135   1.67427   2.22820   0.66298    2151   19
   136   5.86713   1.96711   5.50364     445   12
   137   5.84225   2.14937   2.39576     641   13
   138   2.67578   1.13817   5.46951     517    8
   139   2.56311   1.12775   2.42028    1097   14
   140   5.85097   2.03310   4.04803     531   10
   141   2.66847   1.07058   0.82623    1711   17
   142   0.55059   0.85125   2.33583    1384   16
   143   4.64713   0.92215   4.23696     965   12
   144   4.64822   0.94015   5.69230     933   16
   145   3.92581   2.19714   4.25158     648   11
   146   5.84769   1.95248   3.86600     597    8
   147   0.78351   0.97622   2.11577    1385   16
   148   1.55648   2.21973   5.21978     690   12
   149   3.79876   2.29624   0.94051     894   12
   150   0.73708   0.76999   0.62620    1221   12
   151   0.73302   0.82473   2.09836     987   11
   152   5.86704   1.96115   5.47102     726   11
   153   3.91057   2.16149   1.01248     638   13
   154   4.59388   0.87154   5.64671    1466   17
   155   0.52361   0.83439   3.83878    3082   26
   156   4.53221   0.94567   4.15688    1083   14
   157   5.93395   2.12963   2.33926     580   11
   158   2.78377   1.11974   2.23334     692   13
   159   0.66309   0.80424   5.26851    1195   20
   160   4.68572   0.97767   1.02275     701   11
   161   5.99252   2.06629   2.46983     658   13
   162   0.63796   0.78162   3.81173    1948   19
   163   4.55402   0.85132   5.82576     537   10
   164   0.71251   0.98143   2.16777    1512   16
   165   0.90053   0.81099   3.64632     788   15
   166   1.53631   2.25645   2.01690    1731   18
   167   4.63595   0.79914   2.70117     898   14
   168   0.75626   0.89135   5.41813    1567   21
   169   1.64126   2.36105   2.23348     445    9
   170   5.85054   1.92043   0.70278    1802   20
   171   2.69403   1.04224   3.95052    3627   24
   172   0.71027   0.88426   3.83652    1956   15
   173   1.55598   2.14939   0.57711     676   14
   174   0.73827   0.78658   2.28469     551    9
   175   2.73280   1.12632   2.38904    1264   14
   176   4.59817   0.75199   5.74011    1296   16
   177   0.59901   0.88700   2.26685    1236   17
   178   2.67995   1.14348   5.57607     349    7
   179   2.78377   1.11974   2.23334     496   11
   180   0.62225   0.85198   5.32284     873   13
   181   3.76997   2.19844   5.63023    1058   18
   182   2.66958   1.06252   5.61203     395    9
   183   4.78091   0.90897   2.53088     397    8
   184   0.63298   0.89577   0.68365     506   11
   185   2.70399   1.21653   2.44437    1307   16
   186   5.86751   1.89445   3.87013    1146   13
   187   3.99604   2.20544   2.57676    1586   17
   188   5.96147   2.06660   5.65864    2454   22
   189   0.77111   0.92325   2.05381     669   12
   190   4.83701   0.83226   3.94309     330   10
   191   0.82546   0.97274   5.27258     727   16
   192   2.72655   1.25453   2.27049    1617   18
   193   2.61160   1.18167   2.41389     270    8
   194   1.46979   2.27092   1.99927     805    9
   195   4.55839   0.87104   5.87928    2538   21
   196   2.85326   1.02500   0.65013    1154   18
   197   3.92176   2.25675   0.91226     493   10
   198   2.56311   1.12775   2.42028     361   11
   199   4.70013   1.02746   4.22484     924   13
   200   2.60985   1.10092   5.50127    1719   20
   201   1.68134   2.29642   0.63564    1815   17
   202   2.68827   1.17704   3.92235     738   14
   203   1.75135   2.33389   2.35002     363   11
   204   5.94514   2.03398   2.25393    1786   17
   205   4.60899   0.75038   5.71722    1122   15
   206   4.67306   0.92769   2.58946     810   11
   207   2.86405   1.11024   5.37279     712   13
   208   4.68572   0.97767   1.02275     241    7
   209   0.61285   0.92733   2.31503     612   10
   210   2.78636   1.17917   5.32544    1152   13
   211   4.02908   2.31452   5.78968    1508   16
   212   2.78636   1.17917   5.32544    1217   15
   213   0.76254   0.82449   2.14676    1423   18
   214   1.38917   2.36168   2.00751    5159   29
   215   5.92223   1.96901   0.69089     349    8
   216   0.88127   0.95973   2.10651     636   11
   217   1.49353   2.37120   5.19328    1070   15
   218   0.69403   0.72992   3.71412    1013   14
   219   2.56311   1.12775   2.42028     546   12
   220   5.75242   1.99961   2.38156    1228   13
   221   5.82250   2.02235   0.74861     713   10
   222   0.70596   0.84445   2.08759    1863   18
   223   0.71552   0.79176   5.29963     508   10
   224   4.74910   1.01411   2.45623     899   13
   225   5.94344   2.02765   5.63838     931   13
   226   4.81101   0.85606   4.18336    1309   16
   227   2.78636   1.17917   5.32544    1925   17