     1   0.00000   0.00000   0.00000       0    0
     2   5.93918   1.98300   2.27197    1147   13
     3   6.03014   2.19714   2.42285    1454   15
     4   0.73585   0.85801   0.63425    1269   14
     5   2.80503   1.04983   5.51281    1158   19
     6   4.76712   0.98509   4.10531     981   13
     7   0.56695   0.90992   2.32287     799   11
     8   0.69296   0.92010   0.75291    2463   19
     9   2.72540   0.96577   0.90545     871   14
    10   1.51507   2.13940   2.21958     330    9
    11   4.83808   0.97797   2.51106    1293   16
    12   3.98272   2.14529   0.95863     700   11
    13   1.78961   2.23177   5.51857     608    8
    14   0.64123   1.02859   3.90762    1169   17
    15   5.92128   2.05542   3.80721    1489   15
    16   1.56545   2.23470   2.31164     638   11
    17   0.55607   0.88676   3.88609    2231   21
    18   0.64555   1.00924   0.87102     477   10
    19   1.51507   2.13940   2.21958    1103   14
    20   0.75557   0.92691   3.83501    3962   26
    21   4.94520   0.86371   5.40101    1142   14
    22   5.91071   2.13927   4.02595     823   14
    23   2.77495   1.10396   2.40248    1738   20
    24   1.70281   2.11314   3.77461     667   13
    25   5.91444   2.13715   5.52019     995   13
    26   0.76394   0.96033   2.19935     714   11
    27   5.83051   2.05479   3.86251     655   11
    28   3.86495   2.20356   5.59714    1107   16
    29   1.66759   2.22113   0.81274    1153   14
    30   4.87983   0.83216   5.48380    2402   20
    31   2.82168   1.09820   0.85655     796   11
    32   3.80704   2.20394   5.51097     653   12
    33   3.82558   2.28823   4.05792    1049   13
    34   0.62062   1.03946   3.90737    1320   17
    35   3.94963   2.27666   3.97942     738   14
    36   3.77784   2.23432   5.56931    2608   18
    37   1.80151   2.14894   3.97103    1153   14
    38   5.83733   2.21918   3.86973    1248   15
    39   2.87233   1.01029   0.68728    1330   18
    40   0.71592   1.00070   5.42489     591   14
    41   0.71794   0.99763   0.59744    1610   21
    42   2.72540   0.96577   0.90545    1781   20
    43   6.02170   2.08664   2.47423    1310   16
    44   4.67536   0.84672   2.58042     541   11
    45   3.87079   2.17202   2.35937    2874   22
    46   5.94456   2.09544   2.42171     566   12
    47   3.82346   2.25552   0.92633     456    9
    48   1.60351   2.11857   2.29187    1336   13
    49   2.62795   0.93982   0.80973     265    6
    50   2.61779   1.10420   5.65691     855   10
    51   5.80510   2.11793   5.59512     769   14
    52   0.72149   0.93162   5.53023    1156   16
    53   3.80473   2.14466   2.50387     926   18
    54   6.00214   2.05112   0.72549    2929   24
    55   0.70469   1.07475   3.85023    1743   20
    56   3.83942   2.09703   2.40811     897   16
    57   3.92893   2.12606   2.53204    1009   15
    58   1.80529   2.31288   3.90956    1279   13
    59   1.78483   2.24815   2.31331     432   12
    60   4.73688   0.85075   5.57769    1921   21
    61   3.83958   2.20183   4.07249    1861   19
    62   0.75776   1.07693   0.71357     821   13
    63   4.94520   0.86371   5.40101     264    7
    64   0.72451   0.93785   2.27982    2442   20
    65   1.69064   2.32673   5.37158     622   12
    66   0.76214   1.00388   3.75827    1293   14
    67   5.93966   2.09341   5.63517    1092   14
    68   3.90103   2.27752   4.03227    2368   26
    69   0.72900   0.84412   0.63034    1281   16
    70   2.73004   0.90465   5.56616     637   11
    71   3.80473   2.14466   2.50387     565   13
    72   1.54002   2.12294   0.53328    2437   21
    73   5.86632   2.24686   3.88215     753   12
    74   2.72540   0.96577   0.90545    1177   14
    75   5.97938   2.11102   2.32282    2454   21
    76   1.74216   2.22904   5.34876     643   10
    77   0.69603   0.87908   3.81047     494   10
    78   4.73688   0.85075   5.57769    2300   18
    79   5.83778   2.23781   3.90129     941   14
    80   4.96840   0.93406   5.47551     534   11
    81   4.72120   0.89420   0.85081     730   10
    82   6.02058   2.11564   3.85336     970   11
    83   0.77897   0.90415   0.70126     859   14
    84   3.96904   2.25595   4.08253    1856   17
    85   3.94397   2.14383   4.08879    2515   18
    86   2.84783   0.97663   0.67139     554   14
    87   1.78735   2.31459   2.33984     767   10
    88   0.62666   0.91585   2.34038    2764   18
    89   3.90856   2.08457   3.99675    1736   21
    90   1.75334   2.13897   5.57642     665   12
    91   5.85552   2.05061   0.77949     345    8
    92   4.68269   0.78351   5.72556    1996   21
    93   2.65453   1.02946   3.95381    1270   18
    94   0.63034   0.81829   0.78795    1190   12
    95   2.87233   1.01029   0.68728    1962   20
    96   2.80204   0.93852   0.81740     587   14
    97   2.78200   1.02525   2.46992    1529   17
    98   3.87715   2.32922   2.54059    1550   18
    99   1.55026   2.22154   2.19478     602   10
   100   3.87715   2.32922   2.54059    1402   14
   101   5.74623   2.18622   5.31493    1350   15
   102   1.59438   2.34954   3.85936    1135   16
   103   5.76851   2.11689   0.70786     785   17
   104   2.64596   0.92717   0.76257     709   11
   105   5.72406   2.16365   0.63877     880   11
   106   4.81584   1.02324   2.31239    2075   21
   107   4.74433   1.03242   2.48208    1984   18
   108   3.80473   2.14466   2.50387    2638   24
   109   0.66809   0.81882   3.93616    1915   19
   110   1.57886   2.25185   3.80968     679   12
   111   2.70119   0.99367   0.72615     905   15
   112   2.66692   0.94310   0.88510     989   17
   113   5.94583   2.15196   3.96036    2587   24
   114   0.75561   1.04061   3.85434    1127   11
   115   4.91382   1.05461   0.83323    1839   21
   116   2.85682   1.11781   5.41127     601   12
   117   4.72120   0.89420   0.85081     329    9
   118   4.80004   1.01185   5.70291    2513   20
   119   0.61502   0.94274   2.45707     543    9
   120   3.85754   2.21590   2.38996    1037   14
   121   5.95930   2.05735   0.92848     889   11
   122   4.95765   0.88391   2.29631     743   13
   123   2.61720   1.03374   2.41754     595   12
   124   6.00961   2.16965   5.59621    1189   11
   125   4.68673   0.84611   4.09969    1070   13
   126   1.73791   2.19630   0.71487     575   11
   127   0.65280   1.04548   2.21290    2573   19
   128   4.74966   1.01992   2.55727     583   14
   129   4.74129   0.99840   2.44957     567   11
   130   3.71899   2.29709   0.79161     852   11
   131   5.89698   1.99623   5.62338    2379   18
   132   4.91359   0.86288   3.88715    1106   15
   133   4.91388   1.09103   3.91428    1346   16
   134   0.66037   1.02011   0.77561    1215   14
   135   5.87721   2.15212   3.99590    1238   16
   136   3.80872   2.11762   2.47118     735   13
   137   0.85314   0.96158   2.25977     973   13
   138   0.83810   0.85179   5.35180    1324   11
   139   0.72358   1.02252   0.64972     383    9
   140   3.97365   2.23269   5.72518    1215   17
   141   2.79027   1.13249   5.47171     535   11
   142   4.76016   1.01191   5.72356    1726   15
   143   5.85552   2.05061   0.77949    1877   18
   144   6.00295   2.16077   4.01481    1061   14
   145   3.82958   2.21369   5.57068    1003   17
   146   1.67839   2.23447   0.59045     933   13
   147   0.82280   0.85920   2.27293     837   12
   148   2.72540   0.96577   0.90545     689   11
   149   3.84411   2.15630   0.87746     851   13
   150   3.87861   2.35869   5.58484     816   12
   151   2.75476   1.00766   3.83610     983   13
   152   0.74376   0.88798   3.89612     942   13
   153   1.78387   2.19572   2.32391     907   14
   154   4.67536   0.84672   2.58042     585   16
   155   6.03948   2.13518   0.85301     603   11
   156   4.92201   1.07491   3.91935     558   11
   157   5.88692   2.20727   0.80712    1193   13
   158   1.69311   2.35921   0.87613    3744   27
   159   5.78023   2.05771   2.30133    1160   15
   160   2.70195   0.91190   2.34570    1935   16
   161   5.97938   2.11102   2.32282     814   12
   162   5.95069   2.16736   0.76313    1896   17
   163   5.95532   2.16711   0.77799    1027   16
   164   4.75482   0.88357   0.96265    1702   14
   165   1.71029   2.13954   3.91452    1297   14
   166   4.65753   0.86529   5.71024    1426   19
   167   2.80643   0.99926   0.74202     883   13
   168   3.90783   2.16002   5.50115     522    8
   169   3.87497   2.21067   5.69052     664   11
   170   1.62457   2.24657   0.65344    1526   18
   171   5.92128   2.05542   3.80721    1525   19
   172   4.71860   0.78669   0.91301     652   14
   173   5.78191   2.21600   3.93838     736   13
   174   3.92549   2.13995   5.65072     585   12
   175   2.72540   0.96577   0.90545     848   14
   176   5.01119   0.85032   0.78091    1506   15
   177   5.95838   2.01291   0.87528    1911   21
   178   3.86263   2.16308   5.44808    3509   24
   179   4.61917   0.93236   5.74949    1011   13
   180   2.82168   1.09820   0.85655     574    9
   181   4.91321   0.90087   0.88847     292    9
   182   3.90642   2.20544   5.51062    2178   19
   183   1.52825   2.23314   2.14936    1520   19
   184   0.77299   0.92643   3.78795     829   13
   185   4.90873   0.83042   5.38798    1332   14
   186   5.80498   2.20837   2.16063    1309   16
   187   4.87635   0.90890   5.50700     624   11
   188   4.75017   0.86533   3.88852    1349   15
   189   0.61502   0.94274   2.45707     465    9
   190   0.69814   0.84010   3.88759     740   10
   191   5.92128   2.05542   3.80721    1313   17
   192   2.72729   1.10445   3.93288    1505   17
   193   0.67169   0.85186   5.58517     470    8
   194   1.78337   2.15034   3.91663     566    8
   195   1.68563   2.35020   4.02363     819   12
   196   1.76068   2.30511   3.93093     752   13
   197   4.00166   2.18892   2.44028     501   11
   198   4.78977   0.87538   5.51927     667   14
   199   5.92685   2.08764   2.40963    1700   19
   200   2.71757   0.97649   5.41433    1125   14
   201   2.65453   1.02946   3.95381     715   13
   202   2.79482   0.96049   2.35516     587   12
   203   4.88334   0.95247   5.54667     384    9
   204   3.95989   2.30942   0.91432     894   14
   205   0.66030   1.04327   2.34180    1082   18
   206   1.78961   2.23177   5.51857     298    9
   207   0.63812   0.81220   2.26577    1435   14
   208   0.53090   0.88987   0.76685     635   12
   209   5.86496   2.14774   0.87439     742   12
   210   2.72540   0.96577   0.90545    1036   14
   211   0.73273   0.92941   5.45739    1648   21
   212   2.82407   0.95233   3.96828    1346   16
   213   2.79216   1.06637   5.34414     507   10
   214   4.78810   0.99340   3.93995     646   14
   215   4.94657   1.01333   5.44745    1546   17
   216   5.90280   2.10848   0.74470     826   14
   217   5.86496   2.14774   0.87439     397    8
   218   3.67687   2.16862   0.71902    1151   15
   219   1.47148   2.21051   0.52498    1890   17
   220   3.86790   2.29446   5.48777     762   13
   221   3.80473   2.14466   2.50387    1394   15
   222   0.61426   1.00243   5.41231     338    9
   223   0.84067   1.00677   5.42563     528    9
   224   2.72540   0.96577   0.90545    1134   19
   225   3.98124   2.18140   5.70858     356    6
   226   1.59171   2.20281   2.13883    1582   17