     1   0.00000   0.00000   0.00000       0    0
     2   0.80393   1.89468   2.26227    4336   19
     3   2.58374   2.00226   3.97653    1693   13
     4   4.56710   2.49385   0.40083    4439   14
     5   1.29055   2.11500   4.90468    6763   20
     6   2.74949   1.17940   3.55005    1479   10
     7   0.25956   2.06971   4.27084    1057   10
     8   1.09568   0.83128   2.78280    2181   15
     9   2.24286   2.15353   4.09296     574    8
    10   1.99722   2.73860   0.84046    3472   15
    11   1.64627   0.23532   1.53680    4813   18
    12   2.47317   1.69850   5.49127    3510   15
    13   6.08152   1.09390   2.31582    1658   13
    14   5.46839   1.06045   2.64035    3726   15
    15   1.47516   1.13716   0.16268    2548   14
    16   4.89429   2.60076   2.56815     830    6
    17   3.75755   2.39347   5.56869    1436   10
    18   5.96581   1.74603   1.82207   12781   27
    19   1.43189   2.88055   1.46163    3372   15
    20   5.04527   0.40596   3.20209    1434   12
    21   1.63009   0.61087   0.89083    2730   11
    22   4.38043   2.01841   3.06051    1497   14
    23   0.17420   0.90750   2.31277    1263   11
    24   6.01909   2.08875   6.04953    3814   16
    25   0.24591   2.87860   2.71218    1881   13
    26   6.01402   2.56321   1.76044    7906   23
    27   4.07052   1.95912   3.58164    4292   15
    28   1.69559   1.90456   1.07165    2037   10
    29   2.88616   0.84505   5.32742    4692   16
    30   5.88534   0.83206   5.67192    1785   10
    31   2.45036   1.71269   1.79190    4182   13
    32   4.56704   1.90766   0.33421     702    9
    33   2.92469   1.30692   0.59308    1639   12
    34   4.92791   2.86017   3.91201    2306   14
    35   4.17940   0.99031   2.95383    3885   16
    36   3.91772   0.27305   2.00078     769    9
    37   1.91227   2.01854   3.56727     781    9
    38   1.42562   1.27017   3.34864    9318   20
    39   5.76342   1.57370   3.90004    3238   14
    40   0.90046   2.03461   3.03347    2577   13
    41   2.37849   2.25369   2.48394    2288   11
    42   1.12553   2.07365   3.68563    3225   14
    43   3.43631   2.71903   1.80511    2538   13
    44   6.21621   0.48159   2.49733     761    8
    45   1.06541   0.89415   3.88058    5965   17
    46   3.09756   2.59889   1.60583    1804   11
    47   2.16064   1.64219   3.15535    1284   12
    48   5.15146   2.28933   3.41925   15674   29
    49   4.93851   1.90049   5.84060   13787   26
    50   2.46972   1.93587   0.82995   16132   26
    51   3.98864   0.74583   1.09339    5709   19
    52   4.37902   1.59190   6.14619    1278    9
    53   5.22282   2.64426   2.71358    3152   13
    54   0.82710   1.75499   3.58089    3511   15
    55   5.26442   1.92447   2.70275    2028   13
    56   6.27607   1.75133   3.35923    2692   15
    57   1.97889   0.96385   2.91406     316    7
    58   1.35398   0.91574   5.52081    1306   12
    59   1.47269   0.95716   4.32462    2424   13
    60   0.05967   1.76019   1.93829    1711   13
    61   0.12378   1.47985   4.62294    2440   15
    62   3.11317   2.00128   2.49018    7844   22
    63   6.12742   0.20999   3.32124    1915   12
    64   4.35736   0.61720   0.53835    1043    8
    65   1.01215   2.35387   5.63165    2013    9
    66   1.68579   1.99700   0.16673    3669   13
    67   4.31397   1.98939   3.71305    2357   15
    68   3.29128   1.31503   3.16620    2145   16
    69   3.42594   1.82900   2.48003    1529   11
    70   0.71661   0.45101   0.68600    3597   13
    71   2.89710   1.88004   3.24216    2004   12
    72   2.15666   1.39101   2.32726    2269   15
    73   4.70581   1.21642   3.25960    2488   14
    74   3.46054   1.69800   3.26877    1468    7
    75   5.11936   0.55883   2.50275    1894   10
    76   1.77322   2.27677   3.55759     820    7
    77   4.33651   1.67862   5.55812    5994   14
    78   1.70483   1.41917   0.52697    5674   20