     1   0.00000   0.00000   0.00000       0    0
     2   0.20049   0.28069   5.27335     365    8
     3   0.39338   0.15398   0.13134    1381   13
     4   0.51889   0.27965   0.17916    2432   13
     5   0.30526   0.29210   5.01761     878   12
     6   3.81321   1.40542   4.83185     807   13
     7   5.24798   1.49580   4.56624     449    9
     8   0.60112   1.77294   6.20961    4091   25
     9   3.81321   1.40542   4.83185     823   11
    10   3.79113   2.90637   1.62545     790   10
    11   2.15873   1.66386   1.85207     350    9
    12   2.33802   1.42450   3.30774    2354   17
    13   3.81321   1.40542   4.83185     769   13
    14   0.52439   1.76210   6.26184    1303   15
    15   2.29849   1.62794   0.29252     479   10
    16   5.44142   1.56991   4.57229    1620   19
    17   2.20628   1.54279   0.09987    1833   14
    18   0.64687   0.22752   0.00883    4021   24
    19   3.85241   1.34167   3.11774    3792   20
    20   0.92797   0.25579   5.95719    1329   13
    21   0.53873   0.15256   3.16545    3455   22
    22   3.92871   2.77948   0.13293    1038   15
    23   3.67812   1.39965   6.20771    1769   14
    24   3.86197   1.33803   1.40065    3299   19
    25   3.79384   1.42016   0.03659    3059   21
    26   0.56015   1.79479   4.70329    2736   19
    27   3.90657   2.87840   1.70212    2192   19
    28   2.21391   1.43570   5.00038    1504   14
    29   3.71437   1.25107   6.17951     493    8
    30   3.63150   2.85072   6.03133    2033   18
    31   0.66221   0.19531   1.51927    3833   21
    32   3.51153   2.91021   2.74722     658   12
    33   3.45960   2.96962   5.95886     434    8
    34   0.73813   1.81685   3.08529    2023   16
    35   3.54995   2.88022   1.22752     563   10
    36   0.00014   0.15338   5.33661    4239   20
    37   2.17342   1.56083   1.70660    1663   15
    38   0.84774   0.30184   1.40975     575   10
    39   2.19318   1.54744   5.04539    1203   13
    40   0.49348   0.31273   1.80100     799   14
    41   3.81321   1.40542   4.83185     856   13
    42   3.20198   2.86945   0.90616     436   11
    43   3.77477   1.33435   6.12158     321    6
    44   0.54430   0.27546   4.85027     364    8
    45   0.63830   1.75617   6.24746    2282   21
    46   0.77616   1.80106   0.03578     580   12
    47   2.25262   1.67709   1.77978    5223   29
    48   2.27173   1.42593   4.85991     813   12
    49   3.71437   1.25107   6.17951     500    7
    50   5.39332   1.67812   4.46454    1542   14
    51   5.26744   1.69632   2.94165    1165   17
    52   3.85055   1.38291   1.60591    1416   15
    53   3.74136   2.82841   3.11911     674   11
    54   3.72846   2.90722   6.20484     668   13
    55   2.33043   1.57086   3.37266    1215   15
    56   2.17342   1.56083   1.70660     652   11
    57   4.01510   2.89041   0.24586    2279   20
    58   0.71856   1.79508   1.70606     336    7
    59   2.19997   1.55709   1.73631     788   12
    60   2.10609   1.58119   3.40416     289    6
    61   0.52676   1.73049   6.24539    1435   17
    62   3.44575   2.96855   4.42166     305    8
    63   3.81006   2.82853   0.13402     598   11
    64   5.46261   1.70055   2.93905    1788   19
    65   0.46750   0.17632   3.39865     911   13
    66   0.64617   1.78186   0.11423    4610   27
    67   3.51013   3.04881   5.92034    4217   26
    68   0.75785   1.78274   1.65395    2488   19
    69   2.30880   1.50019   3.34937     273    9
    70   3.65270   2.87753   1.44048    3481   24
    71   3.82334   1.35259   6.14043    1663   15
    72   3.77721   1.24866   6.19483    1568   16
    73   3.81321   1.40542   4.83185     528   14
    74   3.36084   3.02252   5.94242    3828   21
    75   3.74056   1.45639   4.62694    4743   25
    76   2.15635   1.42660   3.39658     498   11
    77   0.78036   1.75032   0.01959    2069   20
    78   3.81006   2.82853   0.13402     558   10
    79   0.68876   1.82283   4.79024     910   10
    80   3.81321   1.40542   4.83185    1341   13
    81   5.49926   1.50466   4.44288     630   13
    82   3.92998   1.42584   3.08394    1565   16
    83   3.81006   2.82853   0.13402     437    8
    84   0.30479   0.19712   0.45073    1576   15
    85   3.75520   1.37152   3.13633     313    6
    86   0.94031   0.27913   2.87605    2001   19
    87   3.81321   1.40542   4.83185    1864   12
    88   0.72951   1.66190   1.68464    3288   20
    89   0.87559   0.11038   4.53340     924   11
    90   5.48906   1.59219   1.36785     596   13
    91   3.92998   1.42584   3.08394    5032   25
    92   0.62398   1.67219   1.64729     522   10
    93   0.73496   1.77077   0.07673     411    9
    94   5.32349   1.56233   6.11695    2350   19
    95   0.14845   0.25440   5.33773     525   11
    96   0.76193   1.80717   3.07575     343    9
    97   5.49926   1.50466   4.44288    1130   11
    98   3.18382   2.82999   4.13515    1278   15
    99   5.32179   1.67514   3.03638    2788   21
   100   3.90103   2.80262   0.18252    2059   20
   101   0.58341   0.21209   1.51177    3180   18
   102   3.81321   1.40542   4.83185     689   12
   103   0.59225   1.83780   4.77173     371    9
   104   0.16987   0.30268   0.52391     443   10
   105   5.36980   1.57840   6.09835    2517   20
   106   0.68361   1.73872   3.21904    1983   15
   107   5.29581   1.66822   4.53642     977   12
   108   0.62284   1.82340   6.22579    1893   14
   109   0.14845   0.25440   5.33773    4867   28
   110   0.10412   0.32501   5.14275     430    8
   111   5.29570   1.59093   4.54084    2871   20
   112   3.69238   1.36684   0.08636     565    7
   113   2.34710   1.52011   0.08403    1683   19
   114   2.90580   3.00914   0.64189    1507   14
   115   5.49926   1.50466   4.44288     660   11
   116   3.93555   1.35146   4.66820    1589   17
   117   2.18374   1.56199   4.95787    2301   15
   118   3.77518   1.38686   4.82661    3551   18
   119   0.57414   0.14885   4.75890     848   12
   120   5.42807   1.50977   3.02092    1109   12
   121   3.71872   2.93701   1.36009    1964   20
   122   5.44417   1.60879   2.90809    1256   12
   123   0.76641   1.76490   3.18826    1032   14
   124   3.72613   1.35560   4.66457    1770   17
   125   3.40213   3.02297   1.05230     596   11
   126   2.33809   1.46605   3.43742    1834   15
   127   3.97687   2.87504   4.75892    3112   20
   128   5.41109   1.68890   5.96794     659    9
   129   6.16192   0.18195   3.97149    1358   15
   130   0.56015   1.79479   4.70329     478    8
   131   3.31689   2.93407   1.05497     822   13
   132   3.70645   1.29863   1.54305     803    9
   133   0.57414   0.14885   4.75890     768   12
   134   5.24786   1.63573   1.41614     924   13
   135   3.28002   2.98556   4.31320     978   12
   136   2.23287   1.58032   1.90153     883   13
   137   3.70065   2.85051   6.14166     681   14
   138   6.24609   0.18404   5.36456     949   13
   139   0.63048   1.77333   4.75845    1408   14
   140   5.48479   1.64981   4.48817    1216   13
   141   3.59179   2.85404   1.32576     604   10
   142   3.40213   3.02297   1.05230     361   11
   143   3.53401   2.81769   1.23886    2863   23
   144   3.36765   3.00859   4.26356     809    9
   145   2.11622   1.59031   3.50024    1563   14
   146   3.63508   2.89803   2.91135    1587   12
   147   5.33884   1.60964   2.89615     702   10
   148   2.10609   1.58119   3.40416    1571   15
   149   5.27630   1.62129   6.17622     610   12
   150   3.18382   2.82999   4.13515     562   11
   151   2.30880   1.50019   3.34937    3534   21
   152   4.21447   2.89619   1.87358     851   11
   153   3.82229   2.89324   3.26020     570    6
   154   3.89676   1.34610   1.53780     666   11
   155   3.79384   1.42016   0.03659     353    9
   156   3.74431   2.87475   1.56983     754   11
   157   3.92842   1.39399   4.55127    1201   13
   158   5.27070   1.57386   4.47345     839   12
   159   3.26021   2.98315   4.12124     908   12
   160   0.14845   0.25440   5.33773     416    9
   161   3.98934   2.88859   0.15053    1027   12
   162   3.74277   1.38012   3.10105     648   11
   163   0.62961   1.70097   3.19013     374    9
   164   2.25682   1.43943   4.86940    2170   19
   165   3.05950   2.97737   3.94393    3701   22
   166   3.49797   3.03773   4.43547    1328   17
   167   3.52396   2.87510   1.30324    2950   18
   168   3.40213   3.02297   1.05230    1556   16
   169   0.77616   1.80106   0.03578     625   11
   170   3.81321   1.40542   4.83185     443    9
   171   5.48394   1.53970   4.57893    2627   24
   172   2.14136   1.48729   3.38125     873    9
   173   3.79384   1.42016   0.03659     453   11
   174   2.28946   1.56055   0.18511    4116   25
   175   3.45281   2.83792   5.97407    3127   18