     1   0.00000   0.00000   0.00000       0    0
     2   0.74117   1.79860   6.22963    1503   13
     3   4.41456   2.41949   2.95351     355    9
     4   5.37292   1.75372   1.31681     170    7
     5   4.56043   2.45583   2.39233     646    9
     6   2.01531   2.11271   2.74319    6078   15
     7   6.23527   1.47294   0.23100    1546   12
     8   1.69916   2.61092   4.55653    1504   15
     9   0.40952   0.67841   0.26825     358    9
    10   3.82817   1.54415   6.27464    1126   12
    11   0.30695   2.00692   5.42994    2422   12
    12   2.09380   1.01482   0.09186    1827   11
    13   3.61557   0.62142   0.87628    1199    8
    14   0.87955   1.00155   5.55069     249    6
    15   1.19218   1.82937   5.16745    1044    9
    16   0.06716   0.63515   3.21407    5331   20
    17   1.71394   0.43218   5.39339     175    4
    18   4.74024   1.96561   5.19050    1992   13
    19   2.51524   0.85879   4.10592     688   11
    20   5.17750   0.37992   5.02599   14666   26
    21   2.33404   0.25823   0.61154    1238   10
    22   0.56410   2.10928   3.06339     640    9
    23   4.36914   1.70830   6.20930     865    8
    24   3.59026   2.14658   1.18081    3722   18
    25   0.03159   1.09024   1.76894      91    6
    26   5.97918   1.09249   3.64226    1792   13
    27   4.12523   1.37119   2.38463     723   13
    28   2.54535   0.37573   0.96486    8316   28
    29   2.09047   0.70136   3.43949     196    5
    30   0.28990   2.07851   3.55324    1077   11
    31   2.30905   2.07062   3.33897    3968   13
    32   5.00769   2.06457   5.11221    1052    8
    33   2.37883   1.01628   1.23180   13369   29
    34   1.04072   1.41267   4.41800     182    6
    35   3.84623   1.14628   3.27821    7773   23
    36   1.00330   2.05047   2.04562     577    6
    37   3.02880   0.95493   1.85941    7674   20
    38   0.63950   1.11414   5.18457    7417   23
    39   3.52895   0.84820   2.03629     289    8
    40   1.99446   1.18614   4.75884     873   12
    41   5.11401   1.88054   0.01519     445    9
    42   0.71917   2.66350   0.30036    1163   10
    43   6.25701   0.60278   4.26637    1445   15
    44   1.97971   2.22078   1.01149     207    6
    45   0.74424   0.17228   1.06760    1626   11
    46   3.89591   2.17069   2.54948    1767   12
    47   2.79315   1.06725   2.32391     530    9
    48   4.62094   1.31621   5.15384      57    4
    49   1.63391   2.15588   4.50070    1527   10
    50   0.35869   1.76516   1.70370     386    6
    51   5.17760   0.92145   2.97920    1786   11
    52   2.79753   1.22369   5.40383   15056   33
    53   1.72647   1.60101   6.19150    2055   14
    54   4.44252   1.61595   4.34138    1414    8
    55   1.36928   1.82896   3.47668    1117    9
    56   4.39634   1.24204   4.31342   16588   29
    57   3.71470   1.46332   4.93346    3118   19
    58   2.00958   1.52213   0.37785    1075    9
    59   1.67370   2.36561   3.93859     714   11
    60   6.25613   2.14438   3.26499    4190   17
    61   0.71291   2.50363   5.21886    7188   18
    62   3.20319   1.22030   6.08102    2549   18
    63   2.09698   2.42446   1.95997     508    9
    64   0.24759   2.44327   4.39289     930   10
    65   1.75612   1.02162   3.84504     721    9
    66   0.81930   0.60750   6.21402   21038   36
    67   2.62704   1.19605   0.27940     672    7
    68   3.72304   0.58116   0.56585    2962   15
    69   2.96290   0.55634   1.79272     787   12
    70   5.22317   0.16625   5.21898     889    9
    71   4.62154   1.86952   0.85524    1987   14
    72   3.36854   1.58305   2.48111    2940   15
    73   3.04653   2.32357   5.07697    2208   13
    74   3.80621   2.33081   5.25892    4043   14
    75   2.63412   1.23475   0.89237     553    8
    76   1.01461   1.61912   0.94038    5003   23
    77   5.05545   1.17922   2.50364    5700   21
    78   5.39232   0.21164   3.00494    2472   11
    79   2.08573   1.14718   4.00240    1971   15
    80   1.73703   0.78298   5.26389     867    9
    81   2.87152   1.05208   4.26625    2422   15
    82   5.02256   0.17466   2.64397     722   10
    83   1.25483   1.24761   1.41164    2325   16
    84   2.95081   0.91821   4.43489    2416   17
    85   0.93658   2.75725   3.67295    1428   12
    86   0.80557   0.99066   4.69294   11166   31
    87   2.41044   2.07313   5.50788    1984   11
    88   4.88225   2.42579   0.73750     206    7
    89   6.10856   1.86458   5.95202     611    7
    90   6.02806   0.89110   3.99918    3601   19
    91   0.83085   2.23427   4.52368     770   10
    92   2.69890   2.18600   0.41980     296    6
    93   1.87373   0.78831   5.01096    2548   14
    94   2.81944   0.68430   1.52729    4682   13