     1   0.00000   0.00000   0.00000       0    0
     2   5.60279   1.87103   0.76572     519   11
     3   1.13564   2.22342   0.43809     488    8
     4   5.63255   1.83235   5.53896     790   11
     5   1.22030   2.27568   3.54177    2522   13
     6   5.61994   1.68465   0.81885    1232   14
     7   0.54680   0.83861   0.27904     385    9
     8   5.58401   1.75809   5.61277     767   13
     9   5.60279   1.87103   0.76572     613   12
    10   0.64762   0.68560   3.55058     913   10
    11   2.48992   1.30375   0.74528    1491   13
    12   2.37138   1.47709   5.48498     262    6
    13   2.44249   1.35639   0.72263     531   11
    14   5.53745   1.91302   3.86767    1052   11
    15   1.02697   2.21354   1.77046    1444   15
    16   2.38619   1.30826   0.82855     783   13
    17   5.52436   1.90321   5.48609    2323   13
    18   0.62756   0.81604   3.43949     909    9
    19   4.00616   2.28379   1.39266     648   11
    20   1.06466   2.32831   4.90650    1703   16
    21   5.58401   1.75809   5.61277    1745   19
    22   1.10789   2.36303   5.11629    2505   18
    23   5.63482   1.98223   3.99851     573   10
    24   2.56798   1.31785   3.88243     914   14
    25   2.58732   1.40325   3.85219     346    9
    26   0.65095   0.84542   0.40643    3773   24
    27   2.36918   1.27128   3.93229     609   10
    28   5.58401   1.75809   5.61277     483   13
    29   3.72254   2.30816   4.29368     570    9
    30   0.50800   0.84922   3.66235    1837   16
    31   2.51717   1.18709   2.25265     773   12
    32   0.60068   0.84240   3.43347     955   15
    33   0.52102   0.73981   5.17003    1199   13
    34   1.05359   2.42301   3.31951    1903   21
    35   4.29019   0.90838   5.94193    1507   15
    36   2.36326   1.31071   0.76909     499    9
    37   3.77488   2.36843   2.92529     847   15
    38   5.58401   1.75809   5.61277    1461   14
    39   0.63991   0.86237   1.91727    1621   16
    40   1.17965   2.43179   1.91169     944   12
    41   2.36326   1.31071   0.76909    2079   16
    42   2.48638   1.27330   5.38048     654   12
    43   3.91078   2.26546   1.32980     380   11
    44   0.74811   0.78791   5.04180    2000   18
    45   1.06353   2.43878   4.99819    1041   17
    46   3.88138   2.41272   6.07369    5236   28
    47   2.45053   1.34133   2.36207    2303   20
    48   5.49650   1.77594   2.29850    1054   14
    49   5.63715   1.78773   5.52175    1438   15
    50   5.62444   1.85108   5.47925     690   10
    51   2.43035   1.30960   5.48057    3118   22
    52   1.02328   2.27872   0.32847     436   10
    53   0.63782   0.69054   3.35558     619   10
    54   2.34080   1.44731   5.55445     333    5
    55   5.60279   1.87103   0.76572     581    9
    56   5.45950   1.80474   5.49040    1638   14
    57   2.54962   1.32706   2.41428    2712   17
    58   0.63045   0.82487   1.95973    1059   13
    59   1.07895   2.34817   5.15190     480    8
    60   2.42563   1.29830   2.43749     992   14
    61   1.07895   2.34817   5.15190     594   11
    62   2.56206   1.28113   0.74376    1173   12
    63   3.65029   2.30668   2.79981     567   10
    64   5.58401   1.75809   5.61277     838   15
    65   4.22290   0.79186   1.30671    2919   19
    66   2.48454   1.32992   3.89489     833   10
    67   2.47042   1.42149   2.40926     761   15
    68   1.04607   2.34905   1.98743    1235   14
    69   1.14473   2.34872   3.48750    1793   15
    70   2.36326   1.31071   0.76909     677   11
    71   2.34090   1.21561   5.45962    1968   14
    72   1.02827   2.24839   5.14309    3925   21
    73   5.60279   1.87103   0.76572    1212   15
    74   2.33298   1.35166   2.48051     589   10
    75   5.52994   1.82658   3.83875    2896   21
    76   5.53935   1.85548   0.65268     450    8
    77   1.08681   2.23230   0.36326     463   13
    78   4.29327   0.81407   4.32703    2092   15
    79   0.52218   0.71893   0.40625     736   13
    80   4.29249   0.98641   1.32985    1584   16
    81   2.48407   1.41948   2.25204     964   11
    82   5.60279   1.87103   0.76572     863   12
    83   1.24637   2.25153   0.51835    3128   23
    84   3.80997   2.38043   1.31561     483   12
    85   1.07895   2.34817   5.15190     545   10
    86   5.63566   1.75591   3.84650     373   10
    87   2.47042   1.42149   2.40926    2123   18
    88   2.46578   1.27839   0.71820     743   12
    89   5.71371   1.80598   0.78398     562   12
    90   1.14687   2.34826   0.44591    4469   27
    91   0.63025   0.87639   0.43961    3194   22
    92   1.01797   2.41590   3.32079     999   11
    93   5.60279   1.87103   0.76572     679   12
    94   3.81668   2.29679   6.02591     779   13
    95   1.02774   2.43736   5.09564     846   13
    96   3.78228   2.28200   1.12087     887   12
    97   2.35335   1.39966   0.71004     634   13
    98   2.43074   1.26754   5.42846    1132   12
    99   0.62642   0.77758   3.47125    4364   23
   100   2.42598   1.36699   3.88141     627    9
   101   2.47110   1.48005   3.97009    1191   13
   102   2.42598   1.36699   3.88141    1269   13
   103   1.23624   2.21669   5.09926    1554   14
   104   1.15859   2.24504   3.47013    1397   15
   105   3.80994   2.36251   5.96652    1693   17
   106   4.25728   0.79755   5.92191    1962   17
   107   5.63715   1.78773   5.52175     252    7
   108   0.57582   0.91544   1.84001     701   14
   109   0.63782   0.69054   3.35558    1248   14
   110   3.69630   2.30205   1.07007     965   11
   111   5.54232   1.79113   0.68270    4404   30
   112   3.80069   2.36859   5.95168     427   10
   113   5.58401   1.75809   5.61277    3298   18
   114   1.31456   2.38766   3.65360    2832   21
   115   3.80128   2.39038   5.99573     921   11
   116   0.45700   0.73258   0.44990    4213   22
   117   4.21087   0.73572   4.33494    1114   14
   118   4.30285   0.81949   2.85210    1600   16
   119   1.11210   2.44107   3.48830     401    7
   120   3.77402   2.34319   1.19342    1805   17
   121   3.75929   2.24533   5.84395    1267   11
   122   5.60279   1.87103   0.76572    1298   14
   123   0.99468   2.22229   4.91645     523   12
   124   0.86112   0.87391   3.35986    2858   25
   125   1.22305   2.19550   5.08701     551   11
   126   5.49887   1.91812   0.80527    2048   17
   127   5.58306   1.78029   5.47339    3257   27
   128   5.61326   1.83869   5.42536     738   14
   129   4.17228   0.72925   4.41708    1023   12
   130   5.60279   1.87103   0.76572     567   10
   131   2.55551   1.35803   2.30431    1025   14
   132   5.47924   1.79082   3.95168    1800   16
   133   5.58401   1.75809   5.61277     562    9
   134   4.29301   0.87782   2.65414    5014   25
   135   2.43832   1.36539   3.86684    1629   17
   136   3.87727   2.32848   4.40275    1729   18
   137   2.36937   1.43927   5.46071    2019   18
   138   4.19305   0.85101   6.10338    4291   26
   139   4.17409   0.73546   1.33429     487   10
   140   0.99995   2.35361   0.38537     522   10
   141   4.31277   0.77866   1.23933    1321   18
   142   3.77402   2.34319   1.19342     417   10
   143   2.48955   1.34119   5.58228     636   10
   144   3.55895   2.35894   5.78362    4676   26
   145   0.72079   0.72568   4.97480    1481   17
   146   4.31796   0.79351   1.09980    2719   22
   147   1.09847   2.26750   5.05352     459   10
   148   1.07895   2.34817   5.15190     913   16
   149   0.94017   2.31383   3.32367    1177   13
   150   2.55218   1.32440   2.41443    2959   19
   151   0.64859   0.69130   1.92668    3033   25
   152   4.22889   0.84937   1.25571    2864   17
   153   3.96896   2.31870   2.98991    1258   16
   154   1.09332   2.26584   5.05882    2516   22
   155   3.77402   2.34319   1.19342     384   11
   156   5.58401   1.75809   5.61277     641   10
   157   5.60886   1.69364   2.28258    3022   22
   158   3.72087   2.20477   1.17307    3420   21
   159   0.95722   2.27541   0.28802    1879   17
   160   3.55895   2.35894   5.78362    1528   18
   161   1.10985   2.36969   3.52162    1394   19
   162   0.51666   0.92277   1.90489     798   11
   163   1.22029   2.32996   1.86258     377    9
   164   5.60279   1.87103   0.76572     939   14
   165   2.45735   1.28546   2.46245    2711   23
   166   5.59046   1.89209   5.56466    1117   14
   167   5.52313   1.67020   2.32877     686   14
   168   2.52227   1.37300   5.45686     612    9
   169   1.16752   2.31264   0.37735    1159   11
   170   2.44821   1.43126   2.30844    1370   15
   171   0.63249   0.77426   0.32414     393   10
   172   3.76282   2.39708   5.98033     831   14
   173   3.91460   2.33435   4.56296    3434   24
   174   2.47042   1.42149   2.40926     670   10
   175   5.60279   1.87103   0.76572     372    8
   176   3.91739   2.36418   6.01068    4521   26
   177   3.82654   2.32079   5.97671    1783   13
   178   2.44249   1.35639   0.72263    2253   15
   179   5.58401   1.75809   5.61277     489   13
   180   1.11084   2.41456   5.16451    1139   12
   181   0.60698   0.95894   1.90588    1171   18
   182   0.98096   2.27384   0.20614    1186   18