     1   0.00000   0.00000   0.00000       0    0
     2   4.28690   2.65124   5.05621    1758   16
     3   4.84720   1.29456   2.00212    1151   13
     4   6.03848   2.39674   3.97889     828   12
     5   5.33753   0.73490   2.90437    1128   13
     6   3.16817   0.70931   0.93397    2075   20
     7   1.23972   2.19894   5.53482    1097   13
     8   1.25380   1.57565   4.67518    1386   15
     9   3.90189   1.78502   4.59081     932   14
    10   2.31648   1.84390   3.86308    1111   16
    11   0.28719   1.55334   5.55960    1707   15
    12   3.29642   2.68717   5.22975    1447   16
    13   3.53012   0.97841   1.21635    1374   16
    14   5.58781   1.89877   2.70457    1494   15
    15   2.13182   0.88575   3.66182     550   10
    16   5.91665   0.95759   3.61790     827   12
    17   6.21256   0.64019   3.88532    1485   17
    18   3.98686   2.29053   4.21159    1916   19
    19   5.94435   1.42845   5.39435    1232   16
    20   6.00866   0.92599   1.04899     741   10
    21   1.07355   1.26727   4.14358    1364   16
    22   1.33918   1.46611   4.18131    1448   16
    23   6.11780   2.50172   3.95032    1089   15
    24   4.87405   2.23694   0.69827    1818   18
    25   2.83428   1.70332   4.45698     803   11
    26   2.91849   2.05667   0.02411    1040   13
    27   2.76569   0.92969   2.16407    1570   17
    28   1.85460   0.77284   2.02781    1135   16
    29   5.57525   1.07980   0.84701     898   15
    30   2.17968   0.73545   6.25250    1057   14
    31   5.35241   2.30993   0.92852    1278   14
    32   0.02071   1.91013   4.25727     985   12
    33   1.65731   0.94498   1.87160     842   13
    34   5.98990   2.83737   2.50567    1863   18
    35   5.39932   2.35205   3.26000    1409   15
    36   5.98999   0.59195   1.74502    1383   14
    37   2.79200   2.11545   4.18038    1486   15
    38   4.74387   1.46878   6.22358    1968   16
    39   2.07524   2.17203   3.41236    1352   16
    40   2.74032   0.74000   4.90035     974   13
    41   1.27715   2.40267   3.12339    1066   14
    42   5.46154   1.11279   4.05477    1085   16
    43   2.60101   0.60127   4.12176    1301   13
    44   5.45139   1.94144   0.73991    1030   13
    45   2.10362   0.80848   2.82154    1543   15
    46   6.06231   1.71543   3.23480    1408   16
    47   1.05126   0.15336   3.92589    2587   19
    48   5.50245   1.22533   3.88191    1179   16
    49   2.21614   1.18069   1.18920    1955   17
    50   1.39848   1.34003   3.04115     780   11
    51   5.76422   2.07408   2.75584    1105   15
    52   4.12611   0.97437   0.34915    1003   13
    53   0.94880   1.33472   0.66200    1048   15
    54   0.46002   1.21106   0.03682    1204   10
    55   4.07473   1.18559   2.45588    1018   14
    56   5.52567   2.11590   3.96491    2173   19
    57   0.88525   1.04012   3.28701    1129   14
    58   0.01226   2.32486   2.20968    1955   17
    59   2.47935   0.72769   5.33244    1387   17
    60   2.40659   1.38560   3.91907    2001   20
    61   4.50803   1.19528   3.18798    1448   15
    62   2.07308   2.08361   0.35835     989   13
    63   1.54258   0.53200   4.12400    1560   15
    64   3.62563   2.25250   1.57668    2029   18
    65   1.42992   0.91449   6.11241    1951   17
    66   0.01342   1.22253   4.58914    1507   17
    67   4.90035   2.32450   4.00799    1097   18
    68   0.57622   0.68802   1.06447    1997   17
    69   4.95134   1.63921   2.98968    1156   15
    70   4.22937   2.66269   5.80718    1433   12
    71   1.86293   1.33355   0.08214    1859   17
    72   0.38150   2.15397   5.77891    1447   17
    73   3.79753   1.65420   2.50725    1682   17
    74   4.69844   1.71264   3.16501    1428   15
    75   4.34206   2.23150   1.52637    1674   18
    76   1.59452   0.88363   5.80720    1652   16
    77   5.14382   0.89813   4.82395    1160   12
    78   4.34426   2.07172   6.10659    1440   15
    79   2.76675   0.58366   1.13454    1555   17
    80   6.00014   1.61355   0.56746     753   12
    81   5.57966   2.32038   5.53545    1462   15
    82   2.57178   0.80139   1.90746     970   11
    83   2.10822   2.99195   3.05876    1949   20
    84   3.44736   2.04706   1.33223    1811   18
    85   3.27897   2.15422   0.88750    1116   12
    86   3.47597   1.73931   5.50413    1112   14
    87   4.12334   1.07971   0.72203    1369   15
    88   2.42568   1.42771   1.44345    1532   17
    89   2.48632   1.12548   0.28031    1247   13
    90   4.09438   1.37254   0.26742    1217   14
    91   3.47090   1.17875   4.49958    1395   15
    92   2.48038   1.93164   2.25785     831   11
    93   2.59283   1.74597   0.93469    1706   17
    94   4.64094   1.76450   0.27429    1129   16
    95   2.08298   1.99555   4.19774    1440   15
    96   2.51992   1.40538   4.80668     905   14
    97   2.64646   3.03574   0.32158    1747   15
    98   0.74504   1.78521   3.89605    1552   19
    99   0.49720   3.07845   6.05521     862   11
   100   0.70439   2.12988   2.85186     859   14
   101   0.20282   1.14427   0.44040    1188   16
   102   2.36049   1.93199   1.56992    1105   15
   103   2.49688   0.69008   1.23910     950   13
   104   5.68613   0.88544   2.63046    1660   16
   105   1.97177   0.98438   1.59042    1378   18
   106   5.58309   2.03410   1.37866     852   11
   107   6.02139   0.65474   0.23164     506    8
   108   0.55195   1.98404   4.04012    2579   20
   109   3.71384   1.05122   0.76554    1837   17
   110   1.61275   0.78998   2.19699     689    9
   111   5.00970   2.27363   5.64896     558   10
   112   0.89656   0.96192   5.60994    1533   13
   113   3.92163   2.23999   4.64187    1386   13
   114   0.87939   1.58652   2.47511     777   11
   115   0.03042   0.73541   5.53747    2076   20
   116   1.99323   2.09771   3.23532    1708   14
   117   1.27847   1.93671   3.09830     930   12
   118   2.80475   0.44344   1.15255    1660   15
   119   2.82653   1.49590   5.69801    1887   16
   120   3.98473   0.99288   0.12689     652   12
   121   1.26031   2.13104   4.81931    1245   16
   122   0.89334   1.42496   2.95044    1291   15
   123   6.10225   1.97907   5.98150    2348   17
   124   2.55902   1.54731   0.82175    1350   16
   125   0.28747   1.35629   3.15279    1427   16
   126   5.32448   1.51994   3.09277    1291   17
   127   5.17606   2.27662   4.03977    1073   13
   128   3.86065   1.89618   1.00745    1678   16
   129   1.43187   1.96497   5.96185    1238   13
   130   3.07347   1.54712   2.26209    1358   15
   131   5.75716   2.29490   6.00753    1269   15
   132   4.99481   2.10406   5.97790    1065   13
   133   5.18421   1.93794   4.49896    1311   15
   134   3.33678   1.45191   0.21793     988   15
   135   3.80482   0.91830   1.37229     763   13
   136   1.98590   1.66008   1.71677    1141   15
   137   4.21086   0.83853   0.82917    1965   21
   138   2.13344   1.55497   1.71025    1245   17
   139   5.44159   0.20025   3.81943     833   11
   140   0.24155   1.26288   3.01470    1496   13
   141   1.74803   2.27634   4.03213    1110   13
   142   2.61854   1.60229   4.18025    1372   17
   143   6.07286   2.86026   3.94441    1794   14
   144   5.35735   1.51967   4.56088    1165   16
   145   5.81342   1.08505   2.53449    1858   18
   146   2.36992   0.98289   2.21598    1458   16
   147   0.44313   1.15604   1.77130    1688   21
   148   5.96215   2.52020   1.42797    1185   18
   149   1.09095   1.73555   6.13776    1186   15
   150   5.82668   2.40872   5.13244    1721   20
   151   1.10199   2.23383   4.99739    1084   13
   152   2.32521   2.04239   4.50990    1230   12
   153   2.53302   1.06865   0.17434     804   13
   154   4.48537   2.61481   3.18023    1135   14
   155   5.45182   1.97004   1.23803     888   11
   156   1.83057   1.68700   0.82899    2323   20
   157   1.88772   1.70679   5.86773    1409   18
   158   3.06288   1.18892   0.46313    1128   13
   159   4.01993   1.84586   4.53768    1177   16
   160   3.09532   0.90059   2.40399     758   14
   161   5.71008   1.32732   0.69416    1866   18
   162   0.44160   2.68496   4.51264    1084   13
   163   5.64055   0.90799   4.30298    1101   13
   164   5.18340   1.90359   1.71123    1083   13
   165   2.07613   2.27132   5.59239    1046   14
   166   1.01566   1.85641   0.39686     909   11
   167   5.97794   1.17411   5.14106    1409   14
   168   0.47435   2.23897   4.74724    1395   13
   169   4.22778   2.35477   1.07098    1337   14
   170   2.96649   0.92877   0.00216     882   13
   171   1.94892   1.15868   2.34546    1443   18
   172   3.84750   1.57457   0.19107     865   12
   173   1.54232   1.62927   3.39615    1324   14
   174   1.78418   2.21106   5.84733    1119   15
   175   4.24892   0.30135   5.48110    1752   16
   176   3.98472   0.91291   2.10719     936   12
   177   4.72428   2.06204   3.30978     867   11
   178   6.23117   2.98190   2.95604    2829   22
   179   3.98594   1.16686   6.05173    1824   14
   180   1.70570   1.26343   5.37199    1092   12
   181   3.70737   0.83300   4.62223    1474   15
   182   5.25209   2.83823   2.93365    1067   13
   183   4.49305   0.82943   0.79583    1221   13
   184   5.38661   0.90655   1.16577     874   12
   185   5.03634   2.29171   3.86004    1063   11
   186   6.18910   1.71955   2.25715    1592   15
   187   3.91197   1.57781   2.80874    1175   15
   188   3.64996   1.93447   2.10523    1912   17
   189   0.89976   2.21904   2.41480    1121   14
   190   2.35990   1.67355   2.26490    1163   12
   191   5.03832   1.60905   4.42118    1055   11
   192   3.18507   2.04418   1.85872    1241   14
   193   0.56984   0.89477   0.35129    1730   16
   194   0.49999   1.28214   1.61172    1257   10
   195   4.52673   2.63928   0.18536     874   12
   196   5.15293   2.46489   3.73334    1022   14
   197   0.65333   1.92055   2.93672    1050   14
   198   6.21064   1.52645   4.96987    1044   13
   199   4.90742   2.06440   5.37543    1301   14