     1   0.00000   0.00000   0.00000       0    0
     2   0.61438   2.24977   4.13425    1325   16
     3   5.59688   1.77471   4.02551    1708   18
     4   2.61816   2.19448   1.44544     895   11
     5   3.06501   2.17218   1.87592    2237   16
     6   0.98996   0.72840   2.75435     808   12
     7   3.89994   0.10476   1.07591    1392   15
     8   5.24376   1.45206   4.41664     916   12
     9   4.27730   1.89452   5.77206    1363   12
    10   1.23088   1.23215   4.27375    2155   17
    11   0.26194   2.23480   4.72976     836   10
    12   3.05980   0.15633   5.12480    1293   14
    13   5.30312   1.34086   6.14933    1100   12
    14   3.35152   1.39361   1.27654    1351   16
    15   3.78433   0.93664   4.10012     917   14
    16   0.95081   1.94799   1.59151    1150   17
    17   3.50517   1.80105   4.82525    1354   13
    18   3.19457   0.87075   4.55779    1364   15
    19   1.00771   1.81020   2.92398    1672   16
    20   1.86944   1.89912   0.10839    1108   14
    21   4.26194   2.31496   3.11085    1234   13
    22   4.33600   1.07803   2.99256     785   15
    23   0.80155   1.22285   3.06506    1408   15
    24   3.00026   2.99194   6.10816    1539   15
    25   3.53243   1.82752   1.28116    2053   17
    26   1.84628   2.01899   4.09906    1184   15
    27   0.14355   1.10271   1.69541    1350   17
    28   3.70795   1.15544   5.50689    1328   15
    29   0.41874   2.14731   0.02854    1749   17
    30   0.50210   1.25570   0.17444    1142   12
    31   2.07061   0.56585   4.15479     512   10
    32   0.13097   0.22457   3.72087     834   13
    33   4.04932   1.89285   3.81566     945   13
    34   4.01504   1.16255   5.89834    1184   14
    35   1.13925   0.45848   5.06804     902   16
    36   1.28893   1.61490   3.59662    1758   16
    37   6.02181   0.71984   5.73015    1440   17
    38   0.31911   0.54317   3.86038    1004   13
    39   2.31421   1.85513   0.90165    2959   18
    40   3.33248   0.45264   4.82258    1678   15
    41   3.84604   1.27493   0.49684    2147   18
    42   5.10750   1.38661   1.03006     859   10
    43   5.19073   2.56759   3.03811     870   11
    44   4.70045   1.11746   0.36271    1481   15
    45   2.37557   1.82394   5.52721     803   14
    46   4.56998   1.72714   2.34777    1715   16
    47   3.88603   0.42665   2.59384    1472   14
    48   6.25147   2.79685   5.31357     811   13
    49   0.16613   1.79121   6.20653     809   12
    50   3.07765   1.25178   2.70169     710   10
    51   5.55089   1.50905   3.87621    1109   13
    52   1.64308   2.03188   0.38290    1786   17
    53   2.18503   2.29706   3.32079     658   14
    54   3.37815   0.41126   5.18637    1241   18
    55   1.63982   1.17779   3.01506     891   12
    56   3.27547   1.11103   2.92424    2648   21
    57   2.75743   1.97481   2.45170    1231   15
    58   5.65149   1.86596   3.83498     611   11
    59   4.71205   1.29228   0.33178    1115   11
    60   4.98989   1.19230   1.61413    1166   16
    61   4.50293   1.41994   3.75456     786   12
    62   3.25135   1.83606   5.02669    2084   20
    63   1.67409   2.38808   1.66314    1153   13
    64   0.81440   1.25696   0.00525    1026   18
    65   0.53830   1.39619   4.97721     769   12
    66   1.91244   1.07322   2.72744    1063   13
    67   0.05424   2.59365   5.04170     625    9
    68   3.09494   0.61185   5.60407    2378   21
    69   5.49130   0.94904   1.97475    1079   13
    70   1.83854   0.74545   0.71902    1401   18
    71   3.76147   0.71900   3.32745    1058   12
    72   0.46072   1.60916   4.47495    1097   14
    73   3.48447   0.79619   3.67617    1740   16
    74   1.80302   0.65751   5.29764    1177   13
    75   3.22237   1.71647   0.07932     742   12
    76   5.48125   2.46108   1.51745    1096   14
    77   5.21782   2.47139   0.95332     868   11
    78   4.14176   0.98832   0.83701    1666   13
    79   0.86722   2.27603   4.38699     575   10
    80   0.37051   2.23893   2.74375    1274   15
    81   1.96256   1.54205   3.49803    1058   15
    82   5.28880   1.31373   1.30533    1251   17
    83   2.20577   1.87304   4.78480     849   14
    84   0.54361   2.19564   5.93841     857   12
    85   5.69624   1.52768   1.02457     887   11
    86   4.59404   1.08867   4.51623    1810   18
    87   0.35548   1.48698   0.38533    1410   17
    88   5.44834   1.71655   6.23789     783   10
    89   2.77797   2.30915   1.67427    1553   17
    90   0.34303   1.89117   3.13530    1564   14
    91   5.58996   1.20785   4.86823    1651   16
    92   4.85422   0.30595   3.82846    1868   16
    93   6.24272   1.17875   2.32909    1320   14
    94   3.82559   1.10981   5.82133    1088   14
    95   3.31505   1.87731   4.91391    1124   15
    96   5.23733   1.92998   3.76065    1181   14
    97   2.26134   1.67591   2.39657    1955   19
    98   2.06707   0.67503   5.54591    1508   11
    99   4.22901   1.61598   1.26812    1341   13
   100   0.78414   1.22736   5.69594    1015   15
   101   0.52570   2.38619   4.66374    1165   15
   102   2.00081   1.56444   0.36883    1628   18
   103   2.46296   2.24280   1.45596    1445   13
   104   1.56249   2.39745   0.86167    2379   20
   105   2.15839   2.34664   5.03892     898   12
   106   4.80697   0.98109   2.74944    1868   17
   107   1.04093   1.48116   0.03280    1477   18
   108   2.18129   2.72305   1.36266    1049   16
   109   1.22913   1.77597   2.64516    1050   12
   110   4.95002   2.22429   1.22950    1040   12
   111   4.80341   1.36971   3.33363    1309   16
   112   5.89268   2.24237   3.39912    1355   14
   113   2.00590   2.91006   2.71693    1589   16
   114   5.48449   0.59656   3.62522    1275   14
   115   2.25756   1.10707   0.52238    1293   16
   116   2.90651   1.13137   5.52453    1459   15
   117   0.80849   1.80976   2.46105     704   13
   118   3.86346   0.98381   0.26285    1409   19
   119   2.22295   2.03377   3.80578    1413   16
   120   4.84926   0.95324   3.16006    2109   17
   121   0.63571   1.81606   2.44224    2192   19
   122   5.49461   2.21304   6.25181     986   11
   123   5.72018   1.22728   5.10002    1416   12
   124   3.64902   1.12529   4.60336    2528   18
   125   5.82164   0.46116   5.91686    2161   22
   126   1.36987   1.00751   5.53682    1173   14
   127   3.47741   1.48784   4.64769    1642   16
   128   4.76982   1.58575   4.12527    1574   15
   129   0.34561   1.13123   0.59734    1052   13
   130   1.23196   2.13449   3.79243    1788   18
   131   6.12307   0.89059   2.72211    1293   15
   132   3.02819   2.08690   4.18588    1703   16
   133   6.25406   1.61125   2.00144    1707   17
   134   0.08686   1.86347   4.17482    2697   21
   135   5.76465   2.10398   4.69426    1280   15
   136   4.60844   0.51105   6.02496    1277   12
   137   0.47346   0.70481   5.11951     953   14
   138   5.71660   2.18513   1.67278     755   10
   139   2.80467   2.36452   0.51641    1922   17
   140   6.20986   2.11724   3.57673    2383   20
   141   1.98425   1.35880   3.97351    1114   15
   142   5.60014   2.09357   0.75243    2026   18
   143   4.29401   1.06810   2.45682    1276   15
   144   0.29742   1.96172   2.02130    1425   17
   145   1.04474   0.27458   4.13859     964   12
   146   3.36413   1.20531   0.54895    2252   19
   147   3.57557   2.26022   3.41639    1128   16
   148   1.29941   2.30252   5.39406    1483   14
   149   0.28694   2.69311   2.42433    1340   16
   150   4.26144   1.89566   1.86719     874   13
   151   3.84665   2.08190   1.95668     943   14
   152   3.67974   1.14009   5.80113    1317   15
   153   4.74244   0.26038   4.54222    1504   13
   154   0.49011   0.72686   5.70740     640   10
   155   1.35511   0.31418   2.73747    1602   15
   156   5.93845   0.56981   2.59519    1322   17
   157   2.05930   1.66043   3.90381    1641   17
   158   5.46777   2.07042   1.61103    1774   17
   159   2.14898   1.09343   5.66050    1046   12
   160   2.48578   0.69234   4.55221    1778   16
   161   1.91531   0.05213   0.78126    1298   13
   162   2.00540   1.03640   4.22569    1126   14
   163   1.72807   2.26591   4.52781    1103   14
   164   3.93890   1.20958   3.84968    1145   17
   165   1.90441   0.63233   2.84991    1476   17
   166   5.30865   1.29614   5.69758     920   12
   167   5.53130   1.66202   0.53575    1300   15
   168   6.04383   2.32950   2.06282    1336   15
   169   5.88560   1.01811   2.67858     935   11
   170   5.70941   1.73771   3.90284    1544   15
   171   4.27771   1.43700   0.03268    1339   14
   172   0.34909   1.75619   4.00192    1462   17
   173   1.70740   1.38613   2.64637     695   12
   174   1.03950   1.86226   2.91873    1164   11
   175   2.53866   0.73089   5.92012    1443   16
   176   5.45129   0.98301   2.71618     910   13
   177   1.75285   1.56978   2.15579     972   14
   178   3.68355   2.53741   1.75388    1317   14
   179   6.21635   2.30710   3.52913    1204   16
   180   0.85845   0.83839   1.72044    1754   15
   181   3.97940   1.41979   5.45932    1318   15
   182   5.54125   1.89916   4.63502     792   11
   183   3.57992   1.19425   1.38229    1869   18
   184   3.03148   0.58595   1.64790     790   14
   185   1.94256   2.57461   0.66638    1946   19
   186   0.95156   1.44573   4.71769    1957   19
   187   6.03152   1.02932   1.06162    1517   12
   188   0.00149   2.52979   0.88606    2330   18
   189   5.68262   2.08702   4.51293     881   12
   190   0.57592   1.44489   3.34108    1181   12
   191   1.67213   1.66562   4.31154    1025   15
   192   5.53728   0.64207   0.17323     600   12
   193   1.39908   1.36570   3.57148    1356   13
   194   2.63823   2.43826   3.51071    1064   15
   195   0.33657   2.25295   0.65295    1857   17
   196   0.72533   2.02210   4.47040    1228   12
   197   4.70235   1.88108   4.73134    2350   20