     1   0.00000   0.00000   0.00000       0    0
     2   1.89896   1.47284   4.83620    1032   15
     3   3.28380   1.53193   3.14369    1178   14
     4   4.89071   1.60567   4.59240    2725   18
     5   0.12409   1.56682   1.60824    1538   20
     6   5.51352   0.05918   5.69153     529   11
     7   5.80286   0.10857   0.65534     529   11
     8   0.59584   0.13222   1.18124    1248   17
     9   3.97078   3.07054   3.71376    1636   17
    10   1.80959   1.42878   3.06373     451   12
    11   4.96254   1.63498   4.65951    1031   17
    12   0.12458   1.66155   0.08313     571   14
    13   0.58492   0.15056   5.87111     978   13
    14   1.89292   1.61656   1.66143     535   10
    15   0.32532   1.64973   4.68056    1121   17
    16   1.89292   1.61656   1.66143     849   13
    17   3.34665   1.42147   6.23863     826   12
    18   5.87266   0.08501   3.68554     529   12
    19   1.82365   1.55811   4.71921    1049   13
    20   2.89004   2.98448   5.69228    1999   20
    21   4.90761   1.48710   3.20849    1219   17
    22   4.36710   0.16544   0.45019     735   10
    23   3.35874   1.61183   1.57619    4130   29
    24   1.50985   3.08513   5.97357    1615   16
    25   3.36450   1.53682   3.05188     836   15
    26   0.19422   1.56292   3.26267     478   12
    27   5.80286   0.10857   0.65534     687    9
    28   1.91444   1.39632   4.71267    1346   14
    29   0.19546   1.62008   4.80314     391   10
    30   1.88727   1.56735   1.59012    1248   19
    31   1.75231   1.53464   0.07247     750   11
    32   4.91510   1.53580   3.20054     514    9
    33   4.09190   0.12327   0.87459    1354   13
    34   1.67088   1.64843   0.06322    1331   14
    35   5.05583   1.61021   2.97644    1536   17
    36   4.95831   1.73360   6.27627     730   11
    37   3.23720   1.51799   4.61880     835   13
    38   0.30529   0.12862   6.19047     465   10
    39   1.85329   1.52491   3.09302    2289   19
    40   5.47249   0.04350   4.24406     574   14
    41   4.93062   1.68768   3.16975     769   15
    42   4.98161   1.62326   1.53642    1226   14
    43   0.10449   1.62292   4.79344     428    8
    44   6.13938   0.10478   3.46466    1536   20
    45   1.70999   1.56496   0.01033    1201   15
    46   3.39367   1.64567   4.66345     883   15
    47   2.34497   3.02766   3.77238    1372   19
    48   0.12672   1.65373   3.15348    2673   18
    49   5.05583   1.61021   2.97644     465   12
    50   3.83233   3.03876   5.28412    1037   14
    51   5.43904   0.08227   5.71359    1659   19
    52   0.29678   1.51983   1.65033     461   10
    53   0.16971   1.63634   3.15274     927   13
    54   0.26226   1.55994   1.61454     723   14
    55   1.79914   1.55208   3.07743     878   16
    56   1.71219   1.51904   3.28521    2052   18
    57   0.30225   3.06518   3.13823    1105   17
    58   1.73589   0.04050   1.71515     770   12
    59   4.94236   1.73160   1.58805    1471   15
    60   0.26142   3.07978   1.56210     356    9
    61   3.42428   1.60768   1.45062    1376   16
    62   0.13310   1.59869   0.15434    2487   18
    63   3.26983   1.51515   1.56389    1641   20
    64   6.24814   0.10394   0.17520    1324   15
    65   4.81361   1.55111   4.64535    1424   18
    66   0.27520   1.58234   1.70023    1251   15
    67   1.82983   3.04219   0.04592     379   10
    68   3.46720   1.64737   1.55684    1398   18
    69   4.89804   1.54063   4.74493     721   12
    70   5.88975   0.11594   3.69109     890   12
    71   1.75282   1.55292   6.23817    2803   21
    72   0.20991   1.65138   3.12928     859   11
    73   1.87122   1.55075   1.48288    1489   13
    74   1.84143   1.44455   4.76393     704   10
    75   2.86418   3.05895   1.20277     418    9
    76   4.91215   1.60476   3.00423    1089   16
    77   3.41360   1.40118   0.00689     696   11
    78   3.44764   1.49042   6.19915    2044   18
    79   3.24959   1.46303   3.11255     687   12
    80   4.79330   0.11408   3.19446    1434   17
    81   1.93862   2.96634   1.64402     343   10
    82   3.14289   3.12744   2.91675     490   12
    83   2.35674   2.98437   0.61549    1071   17
    84   1.83530   1.56115   3.14386     799   13
    85   0.24949   1.72754   0.02875    2565   22
    86   3.37913   1.45807   1.46159     665   11
    87   3.37523   1.45124   1.53245     906   13
    88   3.83137   3.01120   2.07572    1127   15
    89   3.42186   1.61725   6.26615    1261   14
    90   3.42428   1.60768   1.45062     648   12
    91   1.87313   1.49947   3.07166     700   12
    92   2.41458   2.96211   2.19246     495   10
    93   1.69105   1.51438   3.15825    1477   17
    94   0.26688   1.57505   4.74942     648   12
    95   3.44487   1.43332   4.62375     841   13
    96   3.41034   1.40304   6.24455    2395   23
    97   3.37998   1.62228   1.54576     890   13
    98   0.10449   1.62292   4.79344     639   13
    99   4.91510   1.53580   3.20054    2559   18
   100   5.64098   0.16212   5.48038    1902   19
   101   3.30262   1.58015   3.17980     406   10
   102   1.24066   3.08056   4.17099     581   14
   103   4.91058   0.16003   4.79761     525   15
   104   3.28971   1.51680   1.48956     911   13
   105   0.67010   3.07161   1.92000     704   11
   106   0.12384   1.64237   3.07016     643   10
   107   2.86418   3.05895   1.20277     813   14
   108   0.31368   1.67302   0.03152     854   17
   109   2.41458   2.96211   2.19246     535   13
   110   1.20829   2.96210   2.56074    2040   21
   111   2.86418   3.05895   1.20277     534    9
   112   3.37223   1.41943   2.97223    1878   19
   113   4.72375   0.07278   5.02057    1444   18
   114   5.00668   1.64476   1.41015     962   13
   115   4.27547   0.13541   5.36028    1004   12
   116   2.04949   3.05281   4.98252     529   11
   117   4.97627   1.71791   4.81769     389    9
   118   0.25346   1.68028   1.62625     727   11
   119   1.81499   1.64626   6.25365    1284   14
   120   1.89292   1.61656   1.66143     789   12
   121   3.32891   2.97842   6.28166     821   10
   122   0.22293   1.51499   3.27437     520   12
   123   3.36058   1.64429   1.59895    1646   17
   124   4.88193   1.69506   2.99539    1603   23
   125   3.45104   1.52234   6.18531    2537   22
   126   1.74348   1.55501   1.71112     712   13
   127   3.10323   0.06146   1.79754    1273   18
   128   0.16971   1.63634   3.15274    1480   15
   129   0.16239   1.66071   0.09078     762   11
   130   0.20313   1.67771   3.21803    1201   14
   131   0.13121   1.62727   0.02102     619   12
   132   0.33855   1.48268   3.28406    1002   13
   133   1.84767   1.45968   4.83772     799   10
   134   5.00668   1.64476   1.41015    1816   20
   135   0.21260   1.56439   4.85487     717   15
   136   0.62519   0.08035   5.84509     667   10
   137   4.02930   3.11190   5.42245     336   12
   138   0.34077   1.63059   3.20912    1025   11
   139   1.81862   1.54671   1.50335    1608   18
   140   1.89292   1.61656   1.66143    1380   15
   141   2.86418   3.05895   1.20277     836   11
   142   1.84888   1.56447   4.71679    1023   15
   143   3.37663   1.62614   0.01906     752   10
   144   4.90744   1.59176   1.56172     865   12
   145   4.88114   1.67068   3.11819    1257   15
   146   5.13541   0.13027   1.46309     705   13
   147   0.27842   1.68872   0.10361    1563   15
   148   1.77393   1.57622   1.53193    1968   21
   149   1.77393   1.57622   1.53193    1632   17
   150   2.27539   3.10441   0.55400     485   10
   151   0.31285   1.66935   4.81245    1597   17
   152   0.31585   1.62736   4.80890    3077   20
   153   0.22340   1.51821   0.05863     755   10
   154   3.71866   0.04624   4.34882     938   13
   155   1.12832   3.10846   0.78720    1157   11
   156   1.76667   1.54657   4.74531     596   10
   157   1.87307   1.44286   0.03305     794   14
   158   4.85231   1.50555   1.44031     948   14
   159   2.82237   2.96897   2.58863    1006   15
   160   2.43803   3.03189   2.30867    1411   16
   161   0.27188   1.60641   1.65172     962   15
   162   3.37535   1.48321   1.53486    1985   19
   163   5.05583   1.61021   2.97644     844   13
   164   1.69172   1.47701   0.02952    1627   16
   165   1.83203   1.46518   6.19508     479   12
   166   6.25516   0.08027   3.50014     430   10
   167   0.25610   1.54844   4.73610     649   15
   168   4.81508   1.51885   3.07331     418   11
   169   0.42766   3.05275   1.78577    1712   19
   170   0.09432   1.71974   4.71425    1293   13
   171   0.27713   1.62885   3.17628     459   11
   172   1.77393   1.57622   1.53193    1139   18
   173   2.29795   2.99897   2.08850     941   13
   174   1.78954   1.49590   3.18941    1716   17
   175   3.41360   1.40118   0.00689     426    9
   176   3.48063   1.65492   3.14103    1476   15
   177   3.48576   1.54790   4.76152    1066   16
   178   5.05583   1.61021   2.97644     609   13
   179   3.34489   1.46980   1.58248    1595   21
   180   1.64620   3.00175   6.22093    1559   17
   181   1.78274   1.47677   0.13497    1079   14
   182   3.42186   1.61725   6.26615    1238   16
   183   2.15082   3.09541   3.60794    4820   28
   184   1.74277   1.51465   0.12110     794   10
   185   3.25296   1.52631   4.64634     645   12
   186   4.89280   1.66381   3.12109     778   10
   187   0.30672   1.50663   3.19078     816   14
   188   1.19654   3.10221   4.14395     973   13
   189   3.46450   1.45418   6.25779     799   15
   190   5.01300   1.75041   1.51107     991   15
   191   1.81370   1.41589   1.53762    2584   19
   192   1.78290   1.41085   1.49867     877   11
   193   1.70177   0.02146   4.78378     852   10
   194   0.25636   1.73019   3.14655     751   12
   195   5.00668   1.64476   1.41015     920    9
   196   5.02910   1.66356   6.25682    2992   20
   197   4.89804   1.54063   4.74493     911   15
   198   2.87592   0.06360   2.16219    1286   13
   199   4.93099   1.55807   4.60657    1692   15
   200   1.80414   1.64228   0.00542    1098   13
   201   0.17075   1.57631   3.21660     517   10
   202   5.01620   1.57216   4.66666     905   15
   203   1.86942   1.55975   4.81166    1897   20
   204   6.00251   0.16125   3.52785    1059   14
   205   1.97538   3.06789   1.66615     929   15
   206   1.78836   1.56729   0.12843     428    8
   207   5.00862   1.49266   4.76045     809   15
   208   1.60762   0.04777   4.88602    1388   17
   209   3.45562   1.56484   3.06291    1238   15
   210   0.17283   1.59936   4.83702    1934   18
   211   1.80451   1.46257   1.59511    2563   26
   212   1.01703   3.04354   3.89559     781   14
   213   4.89804   1.54063   4.74493     549   11
   214   0.09873   1.73968   3.17411     563   10
   215   3.36477   1.41073   3.13280    1937   18
   216   0.26236   1.64991   0.03041     943   14
   217   4.96079   1.68762   1.48684     984   14
   218   3.96078   0.09620   2.56496    1386   15
   219   6.14910   0.12730   4.94205    2875   23
   220   1.81267   1.44144   4.76138     584   12
   221   2.84334   3.06858   2.70790    2666   22
   222   5.01719   1.64688   3.00373     710   14
   223   5.05199   1.70557   0.00001    4314   24
   224   5.80286   0.10857   0.65534    1761   13
   225   3.38277   1.55248   4.56915     976   11
   226   4.92782   1.68219   0.05009    1032   18
   227   5.03389   1.66498   6.16080    1143   14
   228   5.04128   1.50631   4.64274     607   11