     1   0.00000   0.00000   0.00000       0    0
     2   5.52266   1.70085   2.55723     935   14
     3   1.04170   1.99741   4.72036    1520   14
     4   0.71614   0.54637   3.39659    1727   18
     5   2.54142   1.46536   5.22084    1296   13
     6   0.88126   2.02971   3.19369    2225   15
     7   0.83012   2.19023   6.21727    1148   11
     8   0.89797   2.19826   6.25441     747   10
     9   0.90835   0.60418   6.23967    1347   15
    10   0.90692   2.02688   0.07543    1205   15
    11   0.85190   0.55129   1.60030    2088   18
    12   0.70451   0.67797   4.84406    1347   14
    13   3.95537   0.92738   3.03207     508    9
    14   5.65859   1.53455   4.20707    1312   13
    15   1.06096   0.53481   1.49477    1076   14
    16   3.72580   2.58024   2.96556    1707   18
    17   3.89801   2.51376   1.41079     513    9
    18   0.84716   2.02377   3.10782    1591   16
    19   4.10826   2.60726   0.01641    2826   20
    20   5.55986   1.53696   4.13595    1210   15
    21   0.89401   2.09041   6.20653    1581   18
    22   3.92672   1.07494   1.57602     739   12
    23   2.42761   1.57625   0.57819    1088   16
    24   4.04975   2.60028   1.57323     824   13
    25   0.91212   0.50500   3.18760    1283   15
    26   3.91458   2.63540   1.52031    1254   13
    27   1.03726   2.09893   4.80436    1212   14
    28   5.72633   1.62597   2.63134     968   16
    29   1.03041   0.49782   3.07352    1062   12
    30   5.71388   1.70709   4.28053    1105   14
    31   3.72596   2.65224   5.93989    2188   16
    32   5.58255   1.62930   2.61258    1303   13
    33   0.93008   0.57781   1.56146    2113   18
    34   0.71360   0.49710   1.74904    1130   15
    35   0.97696   2.13478   3.19288    1531   13
    36   3.95844   1.06652   1.44572    1179   13
    37   5.58227   1.60556   2.65535    1197   14
    38   0.94195   0.43407   4.75831    1354   14
    39   4.07409   1.08211   6.20473     875   12
    40   0.91212   0.50500   3.18760    1138   14
    41   0.73551   0.49930   3.24786     790   13
    42   1.02358   0.46154   2.99979     788   12
    43   5.56435   1.67784   5.73845    1250   15
    44   5.51853   1.65182   1.10067    2300   18
    45   5.53568   1.63189   1.04652    1573   14
    46   5.51244   1.68178   4.25586    1146   14
    47   2.49406   1.64513   5.24811    1904   19
    48   3.94692   2.54348   3.06268    1522   16
    49   4.20671   1.05797   3.02395     933   13
    50   4.06653   1.01003   4.63975    1082   12
    51   2.54554   1.54315   2.09890    1047   11
    52   1.04022   0.44002   4.67119    1598   17
    53   0.91241   0.55769   4.63914    1443   15
    54   0.85733   0.60842   1.63844    1196   14
    55   2.42392   1.48873   0.62774    1373   14
    56   4.10530   1.12333   6.21649    1290   18
    57   2.44938   1.58664   0.44893    1278   18
    58   4.00264   1.09805   4.76825    1221   15
    59   0.90650   2.10099   3.14752    1300   13
    60   5.48466   1.61402   4.12118     749   14
    61   0.91353   2.00750   1.68315     568    9
    62   2.46348   1.58830   5.22412    1603   14
    63   4.00874   1.07969   3.14217    1984   17
    64   4.11648   1.01895   4.61154     663    9
    65   2.39211   1.59811   3.75825     666    9
    66   5.65779   1.55466   2.67725     917   12
    67   4.04772   1.15680   4.73424     877   11
    68   2.44583   1.37785   5.19213     847   13
    69   0.90692   2.02688   0.07543    1683   16
    70   3.98656   2.57723   6.27237    2760   21
    71   2.42793   1.54539   2.10966    1167   19
    72   0.94737   1.97964   1.57395    2065   20
    73   4.08321   1.09254   3.05345    1533   16
    74   0.82813   2.21814   0.03882    1465   22
    75   4.05809   1.10973   0.05935    1123   12
    76   2.52988   1.57163   2.15231    1490   14
    77   4.02172   0.99056   1.49327    1445   15
    78   2.42392   1.48873   0.62774     502    9
    79   5.55485   1.55888   5.69139    1496   15
    80   5.67255   1.68099   2.55068    1139   12
    81   4.08941   0.97423   0.00682     973   13
    82   4.00141   1.18445   4.75055    1803   19
    83   0.84771   0.45403   0.16003    1269   13
    84   0.57933   0.46727   1.94651    1662   16
    85   2.56518   1.49220   0.58219    1272   14
    86   0.80056   0.56263   0.07674    1372   15
    87   3.95379   2.63691   3.15042    1680   16
    88   0.94620   2.03541   0.04273    1200   13
    89   0.80661   2.15542   3.27833    1345   13
    90   5.56798   1.68981   5.73036     913   13
    91   4.13157   2.66389   4.88068    1154   17
    92   0.78086   0.54320   3.20423     911   13
    93   5.70948   1.57845   4.15589    1342   16
    94   2.55141   1.50353   2.07274    1292   16
    95   0.84030   0.47636   3.19102    1148   12
    96   1.05905   1.97920   0.09916    1393   16
    97   0.89401   2.09041   6.20653    1819   17
    98   2.43243   1.60583   5.29536    1198   13
    99   0.99442   2.10566   3.29615    1329   16
   100   3.80538   2.63352   2.86691     865   13
   101   4.17736   1.15521   2.97507     813   15
   102   1.05604   1.99843   4.91986    1520   20
   103   4.14942   1.05447   1.54028     653   10
   104   0.78931   0.60162   0.12426    1086   16
   105   4.06590   2.64686   0.03390    1285   13
   106   0.75972   2.08372   3.11034    1284   15
   107   2.58091   1.49926   3.57956    1118   14
   108   1.05191   2.05812   1.65312    1650   16
   109   4.10869   2.75338   3.09487    1720   16
   110   5.52266   1.70085   2.55723    2005   19
   111   2.51736   1.44801   2.02302     975   12
   112   0.78234   0.54728   1.70563     510    9
   113   4.09879   0.92279   6.18991    1121   14
   114   4.07069   0.98761   6.22071    1189   14
   115   4.08037   2.55522   3.09333    1712   20
   116   0.64321   0.56094   3.36517     918   14
   117   0.97092   2.06986   1.72920    1282   14
   118   5.49782   1.65422   2.70093     769   12
   119   0.86787   2.08314   1.60232    1235   15
   120   4.16152   2.70585   3.16767     947   11
   121   0.74118   0.41016   3.29312    1216   13
   122   3.80786   2.61942   4.46547    1791   18
   123   2.44986   1.51369   2.07971    1424   15
   124   0.84771   0.45403   0.16003    1401   14
   125   0.51001   0.53379   0.32657    1602   12
   126   5.64098   1.55072   1.06303    1346   12
   127   5.52177   1.60513   5.78599    1162   14
   128   5.59720   1.57894   1.06307    1495   14
   129   4.00466   0.98319   3.10761    1467   16
   130   2.57939   1.47483   3.56024     832   11
   131   5.65105   1.53734   5.77915    1864   14
   132   4.07048   1.10452   2.97018    1091   13
   133   0.91776   2.10127   1.68267     765   11
   134   3.90418   0.92647   1.58057     796   12
   135   3.64545   2.63646   2.84413    1100   12
   136   3.94471   2.63913   6.20839     719   11
   137   5.64554   1.56120   2.76458    1990   19
   138   1.06096   0.53481   1.49477    1854   17
   139   0.80455   2.08462   3.04425    1638   18
   140   3.82520   2.49010   2.96672    1426   15
   141   5.57603   1.55177   1.11218    1490   18
   142   3.92521   0.95222   0.05115    1200   15
   143   5.65651   1.67911   5.88274    1633   16
   144   2.46669   1.46197   0.58958    1164   15
   145   2.40816   1.53130   5.18167    1261   17
   146   2.46392   1.50838   3.68056    1225   16
   147   5.61912   1.56582   1.02341    1679   17
   148   0.75540   0.38954   1.71703    2393   21
   149   1.06096   0.53481   1.49477     697   10
   150   3.93477   1.00279   1.51254    1177   14
   151   0.71869   0.48142   4.78765    1461   16
   152   0.96823   2.16689   1.56447    1557   16
   153   3.87137   2.56234   1.51156    3050   20
   154   3.92115   2.72517   3.04241    1011   12
   155   5.47589   1.56892   4.12969    1507   16
   156   4.04547   2.49674   3.01964    1373   16
   157   4.01514   1.10690   4.72068     801   15
   158   4.10059   1.20654   4.69808    1132   12
   159   4.00130   2.75967   0.02280    1719   17
   160   5.62202   1.65813   2.61800    1664   15
   161   2.40670   1.48212   3.77238    1360   11
   162   0.87573   2.09029   0.00108     962   14
   163   0.95238   2.03195   3.34092    1150   13
   164   0.89362   2.03745   1.65113    1729   18
   165   5.58755   1.47267   0.99059    1155   15
   166   0.99969   2.10260   3.15530    1734   18
   167   4.00059   1.15174   0.03598    2266   21
   168   2.46022   1.44048   2.09660    1409   15
   169   3.83044   2.57907   1.36076    1777   14
   170   3.89801   2.51376   1.41079    1873   18
   171   5.51244   1.68178   4.25586    1515   13
   172   2.45502   1.49338   0.60927    1467   16
   173   4.06387   1.04540   6.13242    1047   16
   174   0.87910   0.57855   0.02864    1021   16
   175   3.95083   2.50860   1.60530    1612   16
   176   5.56134   1.52270   1.18957    1974   16
   177   2.49440   1.40499   3.65394    1110   16
   178   4.14551   2.53140   0.18112    1706   15
   179   2.48694   1.44849   3.68173    1519   17
   180   2.59267   1.56545   3.59029    1511   15
   181   4.05429   2.62514   3.02460    2183   18
   182   3.89801   2.51376   1.41079    1650   18
   183   0.73921   0.53343   1.75255    1204   15
   184   0.89358   2.00767   6.27246    1366   14
   185   0.88493   2.05224   3.11862    1657   16
   186   4.18264   1.10407   3.10400     700   12
   187   4.16462   1.07235   1.51322     671    9
   188   3.96526   1.14323   3.20402     401    7
   189   5.69138   1.74476   2.61188    1625   16
   190   5.68112   1.62339   4.20297    1088   14
   191   5.72337   1.57563   5.82854    1456   18
   192   5.56439   1.51461   2.61152    1032   10
   193   0.80661   2.15542   3.27833     917   13
   194   4.09612   1.12541   4.56597    1096   14
   195   0.86998   0.44936   3.11268     997   14
   196   0.80661   2.15542   3.27833    1108   13
   197   3.89801   2.51376   1.41079    1997   18
   198   2.48593   1.51314   5.24976    1966   18