     1   0.00000   0.00000   0.00000       0    0
     2   3.35383   2.44002   2.94945    1604   13
     3   1.77070   0.37728   5.72947    1122   15
     4   3.20729   1.24917   1.97877     926   12
     5   0.71846   2.34977   2.78313    1137   13
     6   4.24914   1.89442   2.62005    1617   16
     7   2.43904   1.17167   5.68425    1318   14
     8   1.43700   0.27107   5.04831    2131   18
     9   0.39971   2.94091   3.86505    1242   16
    10   1.91428   1.86473   0.82102     919   16
    11   1.78928   0.50238   5.86820    1165   11
    12   4.76969   0.89879   1.07005     773   11
    13   5.77643   0.86918   3.19711    1443   18
    14   5.43892   1.16254   3.87610    1065   15
    15   0.21616   2.06080   2.07980     706    9
    16   0.13052   2.96973   5.01952     905   12
    17   5.24169   1.35731   4.90999    2208   17
    18   5.60419   2.13964   0.91422     675    8
    19   0.37480   1.15511   1.91663     875   14
    20   3.29606   1.67898   1.46623    1569   14
    21   0.90495   1.89293   3.60107    1221   13
    22   2.31740   2.31195   3.07782    1695   16
    23   0.03130   2.65538   3.94018     651   12
    24   4.93690   2.37090   1.57871     998   12
    25   0.65776   0.76034   0.68925    1331   15
    26   4.94417   2.60046   5.47106     572    9
    27   4.78831   2.15059   0.62562     691   12
    28   5.38532   1.88365   3.87695    1139   13
    29   3.19325   0.53724   5.30716    1468   15
    30   2.40371   1.04384   2.34165    1753   12
    31   5.52986   0.80680   5.35487    1178   13
    32   1.94702   1.87352   0.42415    1868   17
    33   0.75318   2.18939   2.57850    1442   16
    34   3.39625   2.06082   1.30294    1917   18
    35   2.62155   1.31095   4.25768    1267   17
    36   4.62276   1.83492   0.76804    1255   15
    37   5.99929   2.10772   1.89694     935   11
    38   0.75535   1.14405   4.00509    2092   19
    39   1.88005   1.73990   2.16370    1294   13
    40   1.69980   0.56922   1.63758    1460   14
    41   5.72946   2.37827   2.81951    1405   16
    42   4.46073   1.78956   5.65515    1457   14
    43   0.80269   1.73105   1.95928     786   10
    44   5.98398   2.80607   0.46799    1349   13
    45   1.05255   1.40066   0.07612    1111   13
    46   2.61524   0.18536   2.65171    1955   15
    47   5.67652   2.38483   2.03482    1495   16
    48   5.47813   1.67659   5.50344    2368   20
    49   2.19046   0.52708   4.04606     967   16
    50   5.14210   2.12335   0.17626     729   12
    51   6.20570   1.53056   3.20697    1614   13
    52   0.42829   0.61488   0.39219    1969   18
    53   2.82843   0.65358   5.28597    1791   15
    54   4.90712   2.06850   5.67077    1746   18
    55   4.49885   0.89278   6.18616    1350   15
    56   2.14874   1.28096   0.28786    1307   12
    57   4.53041   1.13355   5.67818    1535   14
    58   4.59756   1.81410   1.55191    1119   11
    59   4.53649   2.63983   0.61100    1115   15
    60   5.79879   1.56493   2.18748    1365   17
    61   6.04570   1.04717   1.20770    1395   15
    62   6.04730   1.86638   2.68972    1253   13
    63   1.35451   1.83242   1.28352    1101   13
    64   2.89695   0.55959   5.79853     755   13
    65   3.76913   0.90966   2.48854    1327   14
    66   5.61746   1.09117   4.16247    2018   20
    67   2.94576   0.40564   2.96508     560   10
    68   1.40940   2.43968   3.64480    1617   16
    69   0.22067   0.67934   3.67003    1029   14
    70   3.11773   2.29547   6.14374     759   11
    71   2.92579   1.35316   1.63778     846   14
    72   3.66670   2.10071   2.63420    1302   15
    73   3.03630   2.32274   5.38313    1458   14
    74   4.26408   1.31252   4.16285     992   14
    75   1.47022   1.94523   4.03411    1949   14
    76   0.98508   1.69032   4.07255     753   12
    77   2.76046   2.59866   5.06648    1809   16
    78   0.28894   0.59371   3.77520    1009   16
    79   4.72762   1.09135   1.47334    1793   19
    80   1.54871   1.75717   5.43563    1234   16
    81   4.32182   0.76068   2.59761    1347   15
    82   0.09885   0.73054   0.69140    1922   20
    83   1.24126   1.68232   2.67379    2642   15
    84   3.51772   0.91199   3.58213    1645   17
    85   0.88826   2.01504   2.40545    1628   17
    86   4.37321   0.95951   5.85525    1330   16
    87   3.65688   0.80415   5.25397    1156   12
    88   4.36257   2.47043   3.77206    1334   17
    89   0.63720   1.85874   3.33107    1043   12
    90   4.20067   1.04192   0.97797    2009   16
    91   0.22906   1.03022   0.55346    1215   15
    92   2.20737   1.75222   5.53136    1369   15
    93   4.53797   0.81180   5.23990     783   12
    94   1.39165   2.10090   0.87189    1090   13
    95   2.68764   0.19362   0.39003    1266   14
    96   4.99421   1.93420   1.75805    1163   16
    97   3.81463   1.86031   4.68407     936   11
    98   3.82322   1.40191   6.16774    1407   13
    99   2.15777   1.44824   5.62058    1160   11
   100   1.14439   0.85120   1.98127    1232   14
   101   0.77228   2.05921   4.77576     951   12
   102   0.17406   0.77562   1.39735    1125   13
   103   1.21324   0.85279   2.05148     792   10
   104   6.05343   1.69134   5.49299    2037   18
   105   0.63476   0.69047   0.69655     809   12
   106   0.43243   1.56198   2.49225     964   13
   107   0.98697   1.51281   2.82008     948   14
   108   5.01807   1.15652   3.14191    1263   15
   109   2.32488   0.86154   4.68805    1547   17
   110   1.83208   0.41106   4.72201    1476   17
   111   1.24188   1.20757   2.26403    1256   14
   112   0.14323   1.65405   5.50460    1342   13
   113   1.35601   0.05699   5.31561    1086   17
   114   2.35938   0.44879   3.54760    2276   18
   115   6.20152   1.55659   0.10074    1455   16
   116   1.98844   1.95250   1.08285    1772   16
   117   2.84865   2.28141   1.13848    1720   17
   118   6.01631   0.80939   0.62953     677   10
   119   5.40428   1.90475   4.20682    1681   14
   120   0.62887   0.62094   1.99449     848   12
   121   1.08339   1.99625   1.09715    1438   17
   122   4.57870   2.06400   4.35478    1552   15
   123   1.41736   2.36772   3.83065    2173   17
   124   0.44238   0.77820   5.12118    1765   15
   125   0.18629   0.52941   1.55388    1346   13
   126   4.31170   1.62964   1.95537     693   10
   127   0.05009   1.76407   0.39545    1150   12
   128   0.10584   2.16735   4.79182    1237   11
   129   6.09979   2.67393   0.00826    1195   14
   130   0.16795   2.03135   2.78655    1025   13
   131   1.23498   1.88748   6.04171    1198   12
   132   0.84415   2.44426   0.08526    1341   16
   133   6.20670   1.68591   2.46493    2037   18
   134   5.42165   2.04984   6.25793    1342   12
   135   4.33011   1.41287   5.68419    1308   15
   136   5.33799   1.88571   6.11213     949   14
   137   5.06477   1.41050   5.81301     824   11
   138   2.63029   1.43998   5.53754    1309   14
   139   4.38628   1.81516   0.67108    1726   18
   140   5.63771   1.93494   6.21614    1731   18
   141   3.82170   2.64497   6.11082    1778   14
   142   5.33903   0.46773   4.15805    1365   16
   143   4.47188   0.81626   4.76294    1642   15
   144   2.59462   2.49450   1.28978    1259   16
   145   5.03649   2.47709   6.20193    1751   19
   146   1.93447   1.75048   1.18249    1199   16
   147   5.58455   2.12562   5.40314     780   11
   148   4.93413   1.10920   2.87400    1734   15
   149   2.55847   1.89262   2.58541    1107   14
   150   3.30449   2.25357   4.25418     822   12
   151   5.83406   1.24821   4.29579    1090   11
   152   2.89641   0.80615   0.10652     785   13
   153   3.16055   0.47692   3.56147    2400   17
   154   6.09473   1.16885   2.68697    1038   13
   155   1.91859   0.32750   4.88893    1506   14
   156   4.61628   1.03810   1.51051     804   14
   157   5.35853   2.23404   3.02214    1396   15
   158   1.04074   0.96748   1.91644    1093   12
   159   1.33112   1.02901   2.93990    1026   12
   160   3.22637   0.91373   4.92090    1414   15
   161   4.40620   0.58875   0.27475    2209   15
   162   5.80266   2.09004   1.36411    1296   15
   163   6.17749   1.44077   0.38302    1699   15
   164   0.07908   2.37034   3.73282    1138   15
   165   1.53264   2.04378   5.21861    1253   16
   166   3.71137   1.93110   5.32791    1278   18
   167   2.56030   2.25008   5.30306    1494   18
   168   3.02083   1.79118   1.99130    1478   16
   169   5.41567   1.28099   0.40846     770    9
   170   0.60903   2.00724   2.27638    1530   12
   171   2.93124   1.13391   0.80795    1629   15
   172   5.52712   2.27528   2.78816    1534   14
   173   5.28331   1.19256   2.50969     741   10
   174   1.59307   2.05638   2.34444    1135   13
   175   3.46461   1.57819   1.09582    2770   18
   176   5.13850   1.34819   4.39879     790   10
   177   4.35534   0.68907   5.84896    1940   17
   178   2.60140   0.98454   0.61934    1267   13
   179   3.71107   2.23918   2.34597     695   13
   180   2.53827   2.37710   4.70497    1435   18
   181   5.26727   0.74334   5.73491    1323   16
   182   1.98065   0.60517   2.38768    1423   17
   183   1.17942   2.66843   1.35017    1164   14
   184   2.51258   1.77079   5.96608     849   13
   185   4.43935   1.49340   5.26479    1346   16
   186   0.27628   1.16753   4.12286    1069   14
   187   1.05914   1.45355   5.65649    1033   11
   188   4.12770   1.18612   3.34290    1333   18
   189   3.67361   2.00457   3.18598    1142   16
   190   0.37912   1.69485   2.48498     977   11
   191   1.06667   0.79482   5.82448     938   15
   192   3.47017   2.60053   2.84082    1648   17
   193   2.37554   0.04856   2.21778    1315   13
   194   1.32066   2.62338   0.53950    1401   13
   195   1.24524   1.51124   1.90697    1130   13
   196   5.69962   1.58819   0.80282     822   12
   197   4.54076   1.11094   6.27287    1621   17
   198   4.37016   1.25167   2.81445    1803   15
   199   6.14126   2.91421   2.24909    1577   17