     1   0.00000   0.00000   0.00000       0    0
     2   4.08024   1.52301   1.24426    3757   11
     3   0.97963   1.75947   1.84188    3583   14
     4   4.00221   1.36553   4.57345    3319   12
     5   0.87594   1.70272   4.94760    3019   14
     6   4.10282   1.44298   4.53483    4166   13
     7   5.50940   1.80346   1.48505    5762   19
     8   2.46199   1.33809   3.14612    3566   12
     9   0.01680   0.22723   2.46006    4025   14
    10   3.96196   1.44340   6.15734    4275   15
    11   3.95658   1.60481   6.16496    5100   14
    12   3.95839   1.46915   4.55334    4675   16
    13   4.00836   1.35812   3.00409    2732   10
    14   5.52863   1.71753   4.58880    4988   16
    15   0.80131   1.72427   3.34910    3291   11
    16   0.15619   0.13751   0.63380    3521   12
    17   5.79975   0.29678   2.94246    3730   13
    18   2.45979   1.34041   1.71420    4056   14
    19   0.88105   1.73009   1.75387    3071   13
    20   4.03839   1.57447   3.03751    5824   19
    21   4.09177   1.41018   1.28309    4732   15
    22   0.80641   1.70982   3.38806    3651   13
    23   5.56379   1.78715   4.69044    3478   13
    24   5.56024   1.68990   4.72972    3066   14
    25   5.82909   0.23708   5.99992    3858   13
    26   6.27688   0.19086   0.85124    2997   12
    27   2.47141   1.39397   3.15898    3562   14
    28   2.45252   1.34843   4.77302    4983   14
    29   2.47922   1.46145   0.20975    4897   17
    30   4.05466   1.52012   2.91987    3843   13
    31   5.56881   1.66235   4.69305    2628   11
    32   2.52971   2.88910   3.14488    3072   14
    33   4.03766   1.45930   5.97448    4133   15
    34   0.86109   1.78734   0.09466    4510   16
    35   6.05806   0.25677   5.84164    4293   16
    36   3.98558   1.46513   1.37514    2824   12
    37   0.38323   0.25796   5.25946    3879   16
    38   6.15655   0.23823   5.68364    5303   17
    39   0.56451   0.16264   4.95204    4050   15
    40   0.95180   1.69205   3.32676    3532   14
    41   0.23781   0.22229   3.72192    3777   15
    42   2.41477   1.36593   4.79225    3776   12
    43   4.01105   1.43555   6.04163    4386   14
    44   0.07962   0.23068   5.50583    3592   17
    45   3.98248   1.52380   4.45972    4749   15
    46   5.65175   1.72916   6.14758    4479   17
    47   3.96798   1.40053   2.99410    4702   17
    48   3.99089   1.46529   4.55540    4259   13
    49   2.47447   2.87999   1.58430    5459   18
    50   3.97355   1.31876   1.36571    5827   17
    51   3.95770   1.39386   1.29156    2527   12
    52   5.36862   0.15234   0.24404    2422   11
    53   4.01940   1.45237   3.02743    5513   18
    54   3.95609   1.46099   6.06141    4620   15
    55   2.94594   2.93137   2.06028    3028   16
    56   4.03839   1.57447   3.03751    2702   12
    57   5.51521   0.15085   1.62791    3598   15
    58   5.93357   0.20968   4.29634    4378   16
    59   0.28707   0.21315   5.38258    4322   13
    60   5.60376   1.79199   3.05573    4809   13
    61   4.03839   1.57447   3.03751    3610   13
    62   4.08440   1.49925   1.39740    2095   11
    63   2.39656   1.49215   4.77513    3808   14
    64   2.36062   1.54956   4.89201    2605   12
    65   6.28301   0.28371   5.53814    4342   14
    66   3.96783   1.46011   3.04974    4404   16
    67   2.94554   2.83135   2.10427    4604   16