     1   0.00000   0.00000   0.00000       0    0
     2   2.86369   1.50836   1.58410    1075   12
     3   4.29746   1.47268   4.67981    4787   21
     4   3.98569   3.05581   5.73174    1165   17
     5   2.76754   1.51195   4.85735     587    9
     6   4.50327   1.45145   1.47677     841   14
     7   6.01616   1.59297   2.96756     740   10
     8   2.31682   0.02021   0.62625    1087   12
     9   4.50394   1.45386   1.59493     510    9
    10   2.81133   1.56582   4.66709     689   10
    11   1.55005   0.12745   4.48636    2325   14
    12   2.94677   3.05745   3.15695     975   14
    13   4.45866   3.03076   3.29126     407    9
    14   2.81399   1.64700   0.10061    3176   21
    15   3.59235   2.95085   5.36918     325    8
    16   6.08630   1.65447   1.56506     669   10
    17   2.86266   1.54306   0.05855     472    9
    18   2.86750   1.51625   4.77655     418   10
    19   1.14700   1.67954   1.53852     694   11
    20   5.97608   1.49665   3.16722     713   10
    21   1.23337   1.67418   3.14577     541   10
    22   4.42514   1.56132   0.02028     382    8
    23   4.34279   1.60213   6.25727     406    9
    24   5.97886   1.64425   3.08152    1658   18
    25   4.41898   1.64662   1.52000     345    9
    26   1.02414   0.02668   3.36328     906   11
    27   0.70518   0.17103   2.14414     510   10
    28   1.26280   1.71788   1.58127     825    9
    29   6.10125   1.47776   2.99082     541   10
    30   4.40530   1.50485   1.52424     785   12
    31   4.31419   1.50273   0.03670     359    8
    32   2.66618   3.05413   4.49698     932   11
    33   5.45052   0.10318   3.56873    1431   11
    34   2.83299   1.47600   6.22477    1536   20
    35   4.45866   3.03076   3.29126     339    9
    36   1.36966   1.70238   0.00895     365    9
    37   6.08630   1.65447   1.56506     291    8
    38   5.99703   1.58490   4.59420    1183   15
    39   4.41090   1.41808   4.65850    1482   14
    40   1.55005   0.12745   4.48636     432    9
    41   1.55005   0.12745   4.48636     626   12
    42   2.95315   1.65046   4.72302     583    8
    43   5.89547   1.54445   6.21773     704   11
    44   1.30956   1.59827   4.65525    1493   14
    45   5.86630   1.63843   6.23450     922   12
    46   6.00042   1.58866   0.05494     478   10
    47   1.99756   0.11639   0.94502    2162   18
    48   1.90645   0.04122   0.91044     359   10
    49   0.99195   0.03773   1.77187    1989   17
    50   3.93799   2.94166   5.77747    1457   17
    51   5.95871   1.71739   4.62297     513    9
    52   6.05509   1.54899   6.16672    2918   20
    53   6.03386   1.54126   4.76776    2629   16
    54   2.77697   1.52983   3.23300    2806   17
    55   1.36966   1.70238   0.00895    1027   13
    56   5.69672   3.09111   1.30421    3806   19
    57   5.67712   0.15775   5.01217    2876   20
    58   1.22850   1.53184   1.53486     704   11
    59   1.29749   1.64200   4.86297     490    8
    60   5.95871   1.71739   4.62297     878   14
    61   0.62452   0.09510   0.62189     288    8
    62   2.66759   2.96358   4.55148     731   12
    63   2.63152   2.96815   6.11257     604   11
    64   2.86442   1.52529   3.18865    2997   20
    65   6.03933   1.72864   4.69193    1300   15
    66   3.69254   2.91382   4.09037    3614   21
    67   2.94677   3.05745   3.15695     804   11
    68   1.36966   1.70238   0.00895    1275   13
    69   5.97296   1.61450   1.55137     511   11
    70   4.29746   1.47268   4.67981     356    6
    71   4.51002   1.44653   3.09429    4558   28
    72   5.96942   1.56341   6.22707    1060   12
    73   4.46216   1.42114   4.71336    2201   16
    74   1.99756   0.11639   0.94502     635   11
    75   2.75855   1.53940   1.59230    2036   19
    76   1.99756   0.11639   0.94502     354   10
    77   4.41090   1.41808   4.65850     738   10
    78   0.42960   0.03924   0.75666    1323   15
    79   0.93064   0.16383   0.30081    1802   17
    80   2.94821   1.50923   4.81112     986   13
    81   2.74187   1.49567   4.89915     574   11
    82   2.85007   1.54045   4.86046     607   11
    83   5.93288   1.72669   4.69570     874   11
    84   5.98215   1.57576   3.05153    3862   21
    85   6.07071   1.71075   6.16077     811   12
    86   2.92799   1.57135   3.18936    2636   19
    87   1.23112   1.65469   0.05734    4153   21
    88   2.86848   1.53480   1.67593    4880   24
    89   5.93717   1.71434   3.15155    2558   18
    90   6.08630   1.65447   1.56506    1319   15
    91   4.36833   2.98299   3.16862     750   12
    92   2.96081   1.47018   3.24111     755   15
    93   1.48869   0.15706   5.98214    1027   10
    94   5.80572   0.07290   4.83841    1269   16
    95   2.72266   3.07730   6.14498    4105   28
    96   5.95871   1.71739   4.62297     589   10
    97   1.02599   0.15237   0.25547    1101   13
    98   4.43706   1.54022   1.62768    3026   19
    99   5.67052   0.09345   4.97635    1908   17
   100   4.47619   2.98844   3.29463    4334   19
   101   6.00042   1.58866   0.05494    1003   12
   102   1.36966   1.70238   0.00895     774   12
   103   2.61097   3.07754   2.95286     404   10
   104   5.93487   1.47544   3.08074     682    9
   105   0.02114   0.13454   1.12645    1317   13
   106   4.02362   2.98023   4.23107    4414   22
   107   5.95871   1.71739   4.62297    4474   23
   108   1.25023   1.55074   4.63624    1214   16
   109   0.36357   0.17099   0.93264     975   10
   110   1.90645   0.04122   0.91044     364    8
   111   1.28044   1.54359   1.66953    1114   12
   112   1.23539   1.56555   1.71438     391   10
   113   4.29687   1.59559   6.18343    5711   29
   114   4.50534   1.61068   4.76911    1563   18
   115   5.98870   1.65887   3.09278     470    8
   116   4.48722   1.60240   1.49224     718   13
   117   5.98946   1.59361   6.23871    3971   19
   118   4.36127   3.02812   6.15219    1838   18
   119   1.36966   1.70238   0.00895    1688   12
   120   2.79629   2.98601   4.69278    1397   12
   121   5.95871   1.71739   4.62297     371    7
   122   2.83929   1.46218   1.62996    1780   14
   123   1.28926   1.54205   1.63283    3992   23
   124   2.83589   3.02582   4.71782    1679   20
   125   6.23289   0.07374   1.22307    2577   19
   126   5.95871   1.71739   4.62297     336    8
   127   0.51557   0.05618   2.43339     466   10
   128   2.73450   1.66421   0.10816    5509   29
   129   4.26381   2.99180   6.10900     335    9
   130   6.01698   1.68649   6.24993    2143   17
   131   6.00915   1.65437   4.70891    4780   26
   132   1.33165   1.74798   3.27885    2831   19
   133   1.23337   1.67418   3.14577     486   13
   134   2.86618   1.49218   4.85490    1672   17
   135   4.18486   3.08334   1.21752    2415   19
   136   5.98110   1.52211   1.54684    3088   21
   137   1.20780   1.72836   1.63339    1248   14
   138   6.05518   1.57435   1.47937    2343   20
   139   4.53359   1.54821   4.72288    1241   11
   140   1.27084   1.64637   0.14462    3035   20
   141   1.48371   0.13259   2.94687     853   11
   142   4.38256   1.51103   1.40889     576   10
   143   1.26271   1.56113   1.72475    1160   15
   144   5.32393   3.05880   5.61066    1168   13
   145   6.08630   1.65447   1.56506     609    9
   146   1.31288   1.72804   3.25591    1642   16
   147   2.77368   1.45683   0.10525    2641   18
   148   4.31483   1.66668   4.75597    1103   13
   149   1.31483   1.52639   4.89140    1538   13
   150   2.25903   3.02544   4.12300    2304   18
   151   1.36966   1.70238   0.00895    3170   20
   152   2.74187   1.49567   4.89915     730   12
   153   1.35002   1.72885   3.20310    1543   15
   154   1.15135   1.57840   0.08011     737   11
   155   2.87817   1.48173   0.02473    1322   15
   156   5.78098   3.06955   1.29630    1548   14
   157   0.00000   0.00000   0.00000    1777   18
   158   2.85686   1.58557   4.87531     689    9
   159   3.51434   3.04721   3.78349     805   12
   160   1.31485   1.57442   0.07498    2157   20
   161   1.27585   1.74153   0.09101    1398   14
   162   2.22750   3.04210   4.16773     612   11
   163   4.34874   1.58020   4.65880    1299   15
   164   5.85222   0.05702   4.95777    1820   15
   165   5.95871   1.71739   4.62297    1829   14
   166   2.66618   3.05413   4.49698    2283   19
   167   1.20890   1.62572   3.25162     743   13
   168   6.03619   1.70550   0.05798     644   11
   169   1.29848   1.59044   1.68284    3140   20
   170   4.50506   1.38762   6.15488     691    9
   171   1.18633   1.52675   3.22351     879   11
   172   2.89656   1.48596   4.80362    2634   22
   173   6.08630   1.65447   1.56506    2793   21
   174   4.32050   1.50140   1.43606     863   12