     1   0.00000   0.00000   0.00000       0    0
     2   3.51370   2.52438   1.37123    2226   17
     3   5.29946   1.70284   5.77529    2025   18
     4   4.26909   2.57262   1.79964    2773   22
     5   1.98281   1.90411   3.78395     324    8
     6   2.44744   1.53051   4.83582     532   10
     7   3.60800   2.49103   3.08285    2401   18
     8   0.53778   2.14978   4.95344     501   10
     9   0.53082   2.33848   4.87608    1991   16
    10   4.11252   1.83748   6.22017     271    8
    11   0.18830   0.55506   0.30450    1152   13
    12   2.26496   1.57429   5.60907     901   11
    13   3.57464   2.43585   4.65916     926   13
    14   4.93218   2.51204   2.94169    1473   14
    15   5.05326   1.70389   5.63319     553    9
    16   4.93655   1.11365   3.81279    2817   16
    17   5.98558   1.08390   3.73355     751   13
    18   3.75405   0.85592   2.97040    2608   20
    19   4.92203   2.11980   2.18205    1883   14
    20   3.76818   0.97909   6.13572    2311   15
    21   5.24851   1.70501   5.66023    1954   21
    22   5.54659   1.00060   5.25727    1136   11
    23   5.12201   1.80212   3.66028    1670   19
    24   5.78018   0.42977   2.22127    2269   17
    25   5.16193   1.59238   5.75200    1346   14
    26   1.47458   2.52651   0.00627    1490   17
    27   3.57730   0.95463   1.38611     335    8
    28   5.89982   1.31986   1.35196     811   11
    29   5.84817   1.88322   5.48555    1575   12
    30   3.85464   0.86951   6.04475     685    8
    31   5.10811   1.47312   4.95596     851   12
    32   3.32829   2.55932   4.31393     535    8
    33   5.23508   1.80025   2.52069    2717   22
    34   0.36225   2.29572   6.27360    3873   24
    35   3.65634   2.47655   6.26347    1763   16
    36   0.34661   0.60731   4.78580    2848   17
    37   0.38032   2.15476   1.51723     873   10
    38   3.33018   2.36940   1.15867    2012   20
    39   1.98805   1.40003   5.42342     583   10
    40   4.73776   1.13399   1.53880     417    9
    41   0.28095   2.38374   4.10220     453   11
    42   5.96578   0.80495   5.16947     539   11
    43   0.56603   2.21176   1.64169    1173   13
    44   3.08960   2.56161   0.75405    4609   23
    45   4.39248   2.16620   5.12094     486   11
    46   5.89982   1.31986   1.35196     323    8
    47   0.59602   2.23078   0.49334     651   11
    48   3.12949   1.48587   0.68872     472   12
    49   5.39703   0.91011   5.19905    1133   15
    50   3.36992   2.41884   4.57532    1651   18
    51   0.07440   0.96079   1.61750    1332   13
    52   5.12606   1.53938   2.44180    1885   15
    53   3.05594   2.30786   3.69461    4129   17
    54   6.05561   0.40685   5.05371     783   11
    55   3.32080   2.77132   3.66438    1962   14
    56   5.27859   1.75862   2.44332     608   12
    57   1.02795   2.32575   3.21823    3226   20
    58   3.60800   2.49103   3.08285    1478   14
    59   3.25209   2.47527   6.03113     422   11
    60   0.91683   0.99574   5.93645    3548   20
    61   1.97412   1.54690   2.84495     622    9
    62   0.46493   2.21076   4.90495     617   11
    63   3.45042   1.93953   5.54751    2893   20
    64   5.05378   0.85505   2.43818     774   13
    65   0.70902   2.22640   3.36660     464   11
    66   2.17801   1.52272   0.71475     514   11
    67   0.55425   0.73098   2.36504    5641   29
    68   2.06638   1.31522   0.67322    1075   12
    69   3.69236   0.83451   3.07557     294    8
    70   0.44948   0.90636   2.61549    4208   22
    71   3.67654   0.87035   1.39853     510    8
    72   0.70902   2.22640   3.36660    2217   19
    73   3.56689   2.55932   6.24595     683   10
    74   2.04375   0.85826   3.92980    1165   12
    75   0.33662   0.73793   3.40029     331    8
    76   3.52529   2.51496   3.09515     954   12
    77   0.31985   0.65001   3.35613     587    8
    78   3.36992   2.41884   4.57532    1760   18
    79   3.07600   0.83517   2.42507    1811   17
    80   4.25213   2.42942   3.44344     995   12
    81   5.03778   2.25075   1.29521    1602   13
    82   1.70507   0.91924   2.24729    1399   14
    83   1.61005   1.94427   3.48889    1264   11
    84   3.56689   2.55932   6.24595     929   12
    85   5.24286   2.00523   3.67825     858   12
    86   1.33560   1.94488   1.52085    1125   13
    87   3.48994   2.26411   2.98697    1772   11
    88   2.78498   0.83039   2.43448     871   13
    89   2.93012   2.23626   5.39666    3279   19
    90   5.10811   1.47312   4.95596     371    9
    91   5.35821   1.12582   0.60181    1041   11
    92   3.63093   0.85601   3.10373     457   11
    93   2.02090   1.53988   5.38270     396    8
    94   3.71533   0.88061   4.67107    1048   17
    95   1.96483   1.48423   2.16077    1073   12
    96   2.13756   1.37217   0.50116    4033   23
    97   0.24940   1.78681   0.42312    2351   16
    98   5.67505   1.13318   0.91524    1126   11
    99   0.47834   1.26207   2.26173     760   14
   100   1.40779   0.85557   4.44829    3706   21
   101   3.89769   2.42587   2.67091    1072   12
   102   3.36992   2.41884   4.57532    1902   16
   103   2.01746   1.49110   0.74991    1502   11
   104   3.46730   2.46753   6.24604    3633   19
   105   3.38172   0.88356   5.23283     659   11
   106   5.27951   1.63880   1.04511    1659   12
   107   0.49529   2.19391   5.56056     630   12
   108   5.32507   0.15877   2.26373     637   12
   109   2.54946   0.83961   2.91445     474   10
   110   0.53484   2.25718   4.86158     450    9
   111   0.68484   0.53745   2.63691    3801   24
   112   5.71024   2.01053   4.11768     951   12
   113   3.54870   0.17660   5.24226    2508   18
   114   5.50594   1.05993   0.64123    2237   15
   115   0.70902   2.22640   3.36660    1520   14
   116   5.95205   1.95271   5.44764    1121   11
   117   4.54801   1.21477   0.62117    2168   16
   118   3.27816   2.43095   1.24068     673   11
   119   0.33018   0.64699   0.25786     403   10
   120   1.53565   2.03829   2.07617     806   11
   121   3.68693   0.80544   4.55719    1317   12
   122   5.14836   1.69882   1.05418    2454   17
   123   4.98266   1.87610   0.87406     346    7
   124   1.96319   1.98173   5.45081    2092   17
   125   2.33911   1.22053   3.55378    3167   21
   126   0.59602   2.23078   0.49334     646   11
   127   0.38499   0.66141   1.76263     870   14
   128   5.11519   1.68685   0.95907     492   13
   129   3.32829   2.55932   4.31393    1454   15
   130   0.33593   0.74663   0.83083    1021   11
   131   5.32507   0.15877   2.26373     683   11
   132   3.60695   2.45855   2.98081    3741   22
   133   1.98281   1.90411   3.78395     834   11
   134   3.47776   2.50623   3.04705     972   11
   135   0.33662   0.73793   3.40029     329    8
   136   2.12885   1.38351   3.80540    1005   15
   137   0.69341   2.16531   5.02120     482   10
   138   3.71533   0.88061   4.67107     925   12
   139   0.51246   1.63168   1.37136    3578   19
   140   0.25614   0.62040   4.87362    3546   26
   141   0.55774   2.21024   4.98983     326    9
   142   1.44597   1.95153   1.35796    4743   23
   143   2.82418   1.27294   0.23878    2569   15
   144   5.07387   1.64026   3.94717     738   13
   145   3.52491   2.38054   6.16691    1048   14
   146   3.88636   1.80970   3.51085    3052   19
   147   2.24029   2.45476   1.75849    2837   20
   148   3.65356   0.94649   4.49044    3313   23
   149   0.11089   0.21254   3.04660     527   11
   150   0.34155   0.52789   4.83565    1591   16
   151   3.62045   2.55192   4.70798    4815   25
   152   2.22784   1.87212   3.24018    1863   13
   153   6.20909   0.79580   1.62307     789    9
   154   3.76146   0.92052   6.18327     803   12
   155   0.46493   2.21076   4.90495     843   14
   156   1.98281   1.90411   3.78395     619   12
   157   2.14163   1.42358   5.25431    4946   23
   158   3.82786   0.99507   6.08202    1021   11
   159   5.65440   1.36094   1.91329     791   11
   160   5.29881   1.12062   5.49322    5312   23
   161   0.88288   2.69029   1.62632    2543   19
   162   1.94999   1.42608   2.19830    1472   14
   163   0.41951   0.56477   1.61469     993   12
   164   3.42411   2.45836   4.62698     550    9
   165   4.80769   2.15045   5.50866     858   10
   166   0.43898   2.11419   3.18451    1016   12
   167   1.46515   1.47700   3.85081     611    9
   168   0.69768   2.17657   6.18968     445   12
   169   2.22497   0.93702   1.02299     651   10
   170   3.44299   2.50470   4.47904     804   11
   171   2.08765   1.39653   2.32430     404   10
   172   4.21330   1.71785   4.96221    3890   25