     1   0.00000   0.00000   0.00000       0    0
     2   3.84036   1.15136   0.55473     817   14
     3   3.84128   1.20430   5.17560     870   13
     4   5.61309   1.22381   4.28754     971   14
     5   3.88686   1.04715   0.35255    1170   14
     6   5.59437   1.12923   1.23608     761   11
     7   4.63480   2.54576   5.39526    1224   13
     8   0.87533   1.93446   2.80167     898   13
     9   1.69272   0.68050   5.39857    1190   12
    10   3.98812   1.14894   0.41819    1402   17
    11   0.83444   2.02055   2.80069     655   10
    12   3.84856   1.18122   3.60169    1991   16
    13   3.84897   1.23617   5.06659    1236   14
    14   0.68225   1.92147   1.04593    1984   19
    15   2.44995   1.92963   3.58874    1296   15
    16   1.49272   0.60329   2.51881    1902   17
    17   3.83640   1.01633   0.36715    1238   14
    18   2.60036   2.03989   2.04747    2175   20
    19   0.69125   1.97554   2.65070    1681   17
    20   0.71852   2.01938   2.79246     847   11
    21   3.80220   1.11946   2.00479     801   12
    22   3.87925   1.21180   3.44527     932   13
    23   3.90515   1.25647   5.10883    1869   17
    24   3.89597   1.16290   3.49017     832   13
    25   2.51163   2.02679   0.54748    1797   16
    26   0.73785   1.92731   4.35561    1611   15
    27   1.66874   0.60144   5.54338     827   10
    28   0.79030   2.00573   4.41934     990   14
    29   1.39388   0.59856   4.24262    1078   14
    30   3.88686   1.04715   0.35255    1216   14
    31   3.92306   1.09542   3.64987     932   13
    32   3.91885   1.20499   3.66852    1553   17
    33   0.83444   2.02055   2.80069    1403   17
    34   0.71871   1.95991   1.11840     900   14
    35   3.81762   1.15243   2.13938    1357   14
    36   5.63011   1.24430   2.56115    1869   20
    37   5.60931   1.09057   4.26182     814   14
    38   4.74179   2.50518   2.25123    1077   14
    39   2.52411   1.98142   3.60046     975   15
    40   2.56340   1.81352   2.05253    2013   17
    41   4.83324   2.46994   5.60493    1054   11
    42   3.88352   1.08915   2.10521     832   12
    43   5.62333   1.24084   4.28422    1481   15
    44   2.48058   1.98033   5.22762    1424   14
    45   3.86074   1.21039   5.22848    1786   17
    46   3.86714   1.29258   2.05887    1950   16
    47   0.74047   1.98312   5.84863    2869   18
    48   4.74877   2.49253   3.89174     978   14
    49   2.44104   2.02482   1.95033    1548   13
    50   1.41805   0.56901   2.65934     732   11
    51   2.53649   1.99496   0.34609    1105   13
    52   3.89626   1.05746   5.12680     918   13
    53   5.68217   1.31057   1.07910    2047   19
    54   3.76842   1.12073   5.30552    1397   15
    55   2.50010   1.90580   3.67073    1551   15
    56   5.70647   1.19024   1.07516    1323   15
    57   4.73873   2.54823   5.48214     935   12
    58   3.90660   1.10551   1.97730    2917   22
    59   3.84248   1.11599   2.04319    1071   13
    60   1.59261   0.52490   2.35332     809   15
    61   3.86151   1.17487   0.30984    1714   17
    62   1.72664   0.59761   0.66188    1323   15
    63   2.40754   1.83891   1.96149    1851   18
    64   1.59615   0.63345   3.94098    1442   15
    65   1.67943   0.57718   5.41486     926    9
    66   1.53738   0.45916   4.02653    1022   13
    67   2.41255   2.03818   0.29119     725   12
    68   3.91161   1.15479   3.56117     892   14
    69   3.80220   1.11946   2.00479     962   13
    70   5.63668   1.10772   2.79127    1244   16
    71   2.55081   1.93679   1.93765    1294   15
    72   3.79365   1.12979   0.48026    1603   16
    73   1.51516   0.53431   0.82216    1190   15
    74   4.02425   1.16668   4.96288    2795   21
    75   5.68832   1.16935   4.26534    1766   18
    76   1.41813   0.68665   5.75070    1074   12
    77   0.62813   2.02220   5.73716    1317   12
    78   2.54473   1.97810   2.04939    1172   13
    79   0.69063   2.13526   1.19116     619   13
    80   0.73763   1.91719   2.77161     897   14
    81   0.80005   1.95305   2.86535    1429   14
    82   3.96217   1.14016   5.08385    1421   18
    83   1.73034   0.60132   2.22402    1933   19
    84   3.91091   1.06132   0.44324    1320   12
    85   1.28953   0.68212   4.17281    1183   13
    86   0.73236   2.02991   1.25934    1726   13
    87   4.60173   2.58172   3.71657    1768   16
    88   2.52919   1.94854   5.09326    1267   15
    89   3.80317   1.17809   0.51887    1085   15
    90   0.66470   2.09217   5.77551    1360   15
    91   0.68182   2.08080   2.58842    1058   14
    92   2.48407   1.88402   5.19875    1107   12
    93   5.74833   1.11705   5.73093    1174   15
    94   3.87023   1.21102   3.56845    1939   15
    95   1.67943   0.57718   5.41486     735   10
    96   5.57690   1.19353   1.01879     740   12
    97   1.63145   0.73464   3.85576    1415   11
    98   2.45131   1.85340   3.55674    1318   16
    99   1.56651   0.62564   2.33700    1129   13
   100   2.49977   2.03956   0.48683    1262   16
   101   5.69562   1.16325   1.01201    1619   15
   102   2.52363   2.01068   5.23445    1022   15
   103   3.98229   1.11363   3.48919    1270   14
   104   5.69004   1.12483   2.78392    1302   14
   105   0.72045   2.04271   4.23973    1501   16
   106   3.82679   1.06934   0.46507    1058   12
   107   4.64901   2.46704   0.65117    1353   18
   108   5.70480   1.18937   4.10897    1439   16
   109   5.55691   1.25174   2.67180    1113   15
   110   1.49186   0.71017   0.82973     536   10
   111   4.66828   2.57733   2.24728    1437   16
   112   4.70532   2.57859   5.42399    1760   18
   113   1.53013   0.45382   5.57212    1463   14
   114   5.58863   1.27571   1.15971    1775   15
   115   1.61521   0.61064   0.78646    1422   15
   116   2.44522   1.90078   3.63525    1450   14
   117   5.57912   1.26725   2.65586    1853   15
   118   5.57690   1.19353   1.01879     865   10
   119   4.62216   2.56674   5.28791    1626   16
   120   2.46388   1.97551   5.29164    1179   16
   121   0.83444   2.02055   2.80069    1029   12
   122   3.79907   1.10179   0.58375    1477   14
   123   2.44291   2.10174   5.16302     953   12
   124   1.67312   0.50010   2.34238    1221   12
   125   5.73682   1.18872   2.65822     875   11
   126   1.60754   0.61547   3.89516    1150   15
   127   2.46986   2.02435   0.51524    1090   15
   128   0.64685   2.06924   5.80525    1820   18
   129   2.44152   1.95364   5.11803    2022   17
   130   5.68832   1.16935   4.26534     996   12
   131   5.64222   1.23311   2.74257    1584   16
   132   3.84897   1.23617   5.06659    1597   15
   133   0.75568   2.09421   5.84468    1112   13
   134   4.64599   2.67359   0.71145    1685   15
   135   5.64321   1.21746   5.68793     998   12
   136   3.81119   1.08609   3.50355    2269   21
   137   1.52617   0.67333   5.53974    1515   13
   138   4.75384   2.54734   2.37057    1810   18
   139   4.84782   2.60588   3.99780    1130   13
   140   5.67219   1.06962   5.77507    1398   16
   141   0.81426   1.96811   5.78214    1236   14
   142   3.94641   1.21768   1.85513    1549   15
   143   4.80742   2.49258   0.78058    2105   16
   144   3.96228   1.08156   1.87114    1140   12
   145   5.61984   1.21515   4.11890    1182   12
   146   3.82746   1.18894   5.19846    1112   15
   147   3.89654   1.13406   0.43018    1022   14
   148   1.57022   0.55812   2.34422    1266   14
   149   3.82746   1.18894   5.19846    1382   18
   150   5.72132   1.10013   1.14288    1552   15
   151   5.57504   1.07556   5.85217    1347   16
   152   3.82357   1.08276   5.15606    1177   15
   153   1.41584   0.47907   2.59707    1350   19
   154   2.59817   2.00152   0.44972    1720   15
   155   2.43396   1.94858   2.12746    2064   18
   156   0.84445   2.04382   5.89592    1848   17
   157   4.78137   2.51498   5.49526    1527   15
   158   0.76400   1.94542   5.82827    1296   13
   159   1.41805   0.56901   2.65934     615   10
   160   2.51081   1.95861   3.64817    1642   17
   161   4.61292   2.63582   0.69783     900   12
   162   4.63720   2.62350   3.78589     894   11
   163   0.70173   2.04448   4.16681    1458   13
   164   4.73157   2.59469   2.31826    1318   13
   165   3.83841   1.11029   1.97680    1885   18
   166   4.64040   2.64520   3.71913    1028   15
   167   1.46332   0.65284   2.49262    1754   14
   168   2.49734   2.08657   5.26262    1579   17
   169   0.71352   2.04213   1.22462    1403   14
   170   3.91503   1.23624   3.50098    1447   19
   171   4.85804   2.50706   5.52710     833   11
   172   5.57690   1.19353   1.01879    1001   15
   173   3.95022   1.17861   0.32692    1353   15
   174   1.75988   0.57058   5.30337    1475   15
   175   0.76009   2.02343   4.18134    2085   18
   176   2.50886   1.88175   5.34170    1184   15
   177   1.54873   0.66166   2.36988     682   10
   178   3.88686   1.04715   0.35255    1197   16
   179   4.81303   2.53221   2.42769    1040   14
   180   1.39526   0.45492   2.58194    2791   21
   181   4.69941   2.51261   3.90116    1712   16
   182   1.66111   0.67916   5.40429    2223   19
   183   5.68674   1.21745   5.85129    1299   13
   184   1.60749   0.53527   3.97217    1064   14
   185   2.59709   1.90669   2.08708    1396   16
   186   2.46843   2.00440   5.28573     914   13
   187   4.78516   2.54014   2.35349    1157   15
   188   2.54643   1.90096   3.62327    1805   14
   189   3.95748   1.08459   5.16564    1136   14
   190   3.88686   1.04715   0.35255    1078   13
   191   3.85576   1.11016   0.38284    1051   12
   192   2.53052   2.03564   1.99975    1776   15
   193   3.88403   1.12591   2.11056     643   13
   194   2.46495   1.97853   2.07987    1221   13
   195   1.55792   0.64025   5.56074    1239   14
   196   3.97878   1.26588   2.02274    2139   19