     1   0.00000   0.00000   0.00000       0    0
     2   0.86194   0.70883   2.01503    2270   17
     3   1.65478   2.31163   3.66789    1540   16
     4   0.90179   0.71311   0.51840    1077   11
     5   5.97734   1.92514   4.05928    1160   17
     6   4.84668   0.95527   2.70901    1172   11
     7   1.68192   2.34927   5.19395    1926   17
     8   6.00001   2.00823   4.03194     762   11
     9   4.67790   0.78966   5.98185    1317   15
    10   2.88433   1.36795   3.78839    1850   21
    11   2.85005   1.28622   3.79940     636   10
    12   1.66160   2.28081   5.17605     713   12
    13   1.13037   0.69774   0.36727    1446   14
    14   1.70558   2.14722   0.54603     985   14
    15   4.22346   2.36504   2.68275     692   11
    16   5.99751   1.86936   0.89032     986   16
    17   4.75126   0.97662   2.74549     893   13
    18   1.63355   2.17300   3.51104    1227   13
    19   1.44805   2.12472   5.03370     887   13
    20   6.00274   1.90872   2.55901    2022   18
    21   4.24642   2.42713   4.41218    1272   14
    22   1.01834   0.69167   5.06901    1891   19
    23   1.71477   2.19601   0.52224    1347   17
    24   4.56867   0.79506   1.25774    1150   13
    25   2.90442   1.29999   2.25755    1462   16
    26   2.92215   1.19542   2.26243    1569   17
    27   6.02810   1.75718   5.53338    1026   14
    28   1.70176   2.24771   0.44181    2541   19
    29   4.27720   2.33236   5.85645    1840   14
    30   0.95824   0.78612   5.21063    1701   18
    31   1.12508   0.67415   2.00680    1228   15
    32   5.95511   1.87523   0.85196    1455   13
    33   4.21514   2.47924   2.69446     765   13
    34   6.00181   1.88375   3.91040    1712   15
    35   0.94489   0.88164   3.48866    1083   10
    36   4.14669   2.43125   5.73604    1375   17
    37   2.85364   1.20023   3.88703    1328   15
    38   1.56303   2.33744   4.98872    1066   13
    39   4.31022   2.37197   4.38419    1587   19
    40   2.87730   1.35911   0.78738    1417   16
    41   6.04081   1.88599   2.48905     923   11
    42   2.91837   1.11042   2.30025    1598   14
    43   1.39644   2.22830   0.26038    1243   17
    44   4.69976   0.90721   4.37694    1157   16
    45   1.15722   0.80373   0.28600    1083   14
    46   1.37809   2.22403   0.22997    1616   18
    47   1.62570   2.18796   5.26448    1123   14
    48   2.92957   1.26970   2.28087    1094   15
    49   2.88837   1.28449   3.91019     863   13
    50   1.59146   2.12358   0.40057    1014   15
    51   4.56065   0.96288   2.88162    1769   16
    52   4.76192   0.95533   1.04372    1286   15
    53   4.56065   0.96288   2.88162    1087   14
    54   4.26679   2.29679   4.37857    1427   17
    55   0.95935   0.66918   0.43916    1605   14
    56   3.96547   2.34157   4.17159    1420   14
    57   4.81554   0.98311   2.66706    1041   15
    58   6.02132   1.77312   3.92035    1673   18
    59   1.54224   2.15415   3.50896    1958   16
    60   6.05204   1.92361   4.09068    1008   11
    61   2.90329   1.29969   2.31977    1601   15
    62   6.05842   1.82124   3.93291    1164   13
    63   4.71445   0.88016   1.16453    1278   13
    64   4.64766   0.92378   2.72978    2231   23
    65   1.58533   2.25601   5.24695    1363   12
    66   4.68199   0.81445   4.29567     933   13
    67   0.94502   0.79469   3.58476    2105   15
    68   0.89735   0.70222   5.18404    2443   17
    69   2.90091   1.25901   3.78344    1013   15
    70   4.06552   2.39302   4.17941    1746   17
    71   6.06671   1.91287   2.52596     599   10
    72   4.11184   2.51605   4.17783     713   10
    73   4.10046   2.47267   0.98100    1015   13
    74   0.99797   0.84627   3.47741    1558   12
    75   6.08257   1.86224   3.97783     737   13
    76   4.80252   0.95755   1.00094    1272   13
    77   4.15139   2.24451   4.16521     865   12
    78   6.02910   1.93236   3.90437    1324   14
    79   4.09122   2.23259   1.03804    1174   15
    80   1.01745   0.66621   5.09747    1886   21
    81   1.64011   2.27547   5.26593    1548   18
    82   4.12142   2.44169   4.30478    2930   23
    83   2.92957   1.26970   2.28087    1110   13
    84   4.09805   2.40439   4.36514     926   16
    85   1.14839   0.65088   0.41312    1250   15
    86   1.53323   2.18708   5.10262    1435   16
    87   3.95947   2.42151   0.98753    1171   14
    88   2.81648   1.21156   2.26444     968   11
    89   1.60271   2.27808   3.65570     976   14
    90   1.72230   2.14832   0.51004     899   10
    91   6.06401   1.81412   3.93447    1521   17
    92   0.84381   0.67639   2.06254    1909   15
    93   3.94496   2.38186   4.16456    1564   14
    94   6.07003   1.78991   2.56980    1553   12
    95   2.98137   1.20063   5.45607     665   11
    96   1.71477   2.19601   0.52224     932   13
    97   1.67965   2.09141   0.45718    1679   16
    98   5.97043   1.79540   5.69046    1512   15
    99   5.99296   1.92678   3.89113    1188   13
   100   1.58011   2.26444   1.96917    1140   19
   101   4.16598   2.35370   1.12065    1897   16
   102   1.50035   2.22575   0.44890    1564   15
   103   2.84984   1.28760   5.55242     931   14
   104   2.89738   1.13021   5.54792    1570   17
   105   6.05013   1.93042   2.32129    1738   20
   106   1.09595   0.85747   0.34469    1095   13
   107   0.97923   0.68593   0.36302    1277   13
   108   1.67055   2.22296   5.02573    1296   15
   109   4.13775   2.29649   5.88300    2094   18
   110   2.85872   1.33893   3.72255    2252   17
   111   2.89537   1.30443   0.75979    1809   16
   112   4.70534   0.96581   5.74986    1538   15
   113   2.78249   1.22272   3.79867    1395   12
   114   5.96940   1.87641   2.33316    1060   15
   115   1.65696   2.26861   1.99362    1196   15
   116   2.75916   1.27145   3.90894     991   15
   117   4.61407   1.00432   1.19058    1432   15
   118   2.92957   1.26970   2.28087     585    8
   119   4.21312   2.43389   5.94017     988   15
   120   5.92435   1.91638   3.93658    1236   13
   121   6.11358   1.85326   2.56735    1266   17
   122   4.66003   0.87169   5.84391    1714   20
   123   2.82087   1.23667   5.41851    1140   14
   124   5.96399   1.96049   2.44089     881   11
   125   2.92957   1.26970   2.28087     992   15
   126   6.04046   1.89744   4.09904    1321   17
   127   4.06046   2.48596   5.77584    1194   13
   128   4.23442   2.33427   4.37740     846   14
   129   1.52826   2.11658   1.88882    1571   15
   130   4.07167   2.51756   4.32636    1433   13
   131   4.05567   2.36169   2.55050    2885   21
   132   1.45631   2.29272   1.84278    1630   19
   133   4.54275   1.01895   2.86525    1135   15
   134   1.48554   2.25155   1.93599     944   12
   135   4.70297   0.91045   4.41808    2052   16
   136   4.19068   2.43811   4.23300    1464   15
   137   6.09716   1.97236   5.63604    1653   16
   138   2.92165   1.27115   5.47071    1351   15
   139   1.59556   2.32027   3.55918     968   11
   140   2.81483   1.23818   2.22079    1631   19
   141   4.09479   2.30167   1.06064    1871   17
   142   1.58014   2.27514   3.54304    1126   16
   143   1.58388   2.22258   0.52267    2954   21
   144   1.44805   2.12472   5.03370     592    9
   145   4.74471   0.83736   4.39010    1378   14
   146   3.92497   2.40082   2.52115    2202   16
   147   3.94712   2.45428   4.06277    1318   16
   148   1.51393   2.25703   4.97786    1431   14
   149   4.69146   0.85009   1.06193     928   13
   150   1.59622   2.33373   5.13030    1039   16
   151   4.63125   1.02975   2.89558    1943   17
   152   2.80526   1.24181   3.87085     704   14
   153   1.73642   2.27583   2.05909    1750   16
   154   2.89856   1.23364   0.70124     642    9
   155   4.05212   2.24854   4.23639    2130   15
   156   1.46612   2.24253   2.02390    1013   12
   157   6.05900   1.96579   2.54849    2065   18
   158   2.91933   1.21174   2.15159    1567   14
   159   4.18206   2.27303   4.32308     846   12
   160   1.01549   0.65031   0.43786    1632   14
   161   1.74983   2.16056   3.72587     938   13
   162   2.96886   1.12819   3.83941    2039   18
   163   2.84185   1.15208   0.62950    1123   11
   164   4.68118   0.97918   4.27969     859   12
   165   1.54390   2.34035   3.42949    1461   15
   166   2.74714   1.19922   0.70828    1704   17
   167   0.85849   0.68116   0.46655    2117   17
   168   6.09924   1.94003   5.71801    1002   12
   169   4.61573   0.91612   2.63942    1718   17
   170   4.13775   2.29649   5.88300    1555   20
   171   4.86890   1.00328   2.57904    1227   13
   172   1.01342   0.85171   5.10863     842   11
   173   4.85601   0.90090   1.08505     917   13
   174   1.12508   0.67415   2.00680    1319   15
   175   2.87494   1.23818   2.30040    1103   11
   176   4.67287   1.00294   1.18627    1322   13
   177   2.75916   1.27145   3.90894    1085   12
   178   4.11184   2.51605   4.17783    1057   13
   179   1.44173   2.31754   3.51068    1434   15
   180   4.08404   2.36599   1.09367     758   11
   181   1.03403   0.84199   3.59824    1140   15
   182   1.59818   2.27875   1.95408    1323   18
   183   1.56440   2.27576   3.65947    2067   19
   184   1.45387   2.26333   3.53549    1025   11
   185   4.09894   2.42216   4.30210    1580   17
   186   4.00853   2.32367   2.58973     869   13
   187   1.71477   2.19601   0.52224    1693   15
   188   1.66160   2.28081   5.17605    1486   15
   189   5.97586   1.86047   0.74400    1909   20
   190   0.92973   0.89938   0.46641    1041   13
   191   2.91584   1.17249   2.39409    1083   11
   192   1.05621   0.85083   5.11350    1025   12
   193   3.81117   2.41642   2.50890    1404   15
   194   4.22615   2.43615   5.80434    1513   18