     1   0.00000   0.00000   0.00000       0    0
     2   2.20720   0.90125   2.39086     873   11
     3   1.80218   1.42439   4.82943     884   12
     4   2.61895   1.51139   5.80161    1564   17
     5   3.43920   0.80500   4.14609    1585   14
     6   3.06549   2.42212   0.90324    1202   11
     7   5.97161   1.16328   1.51080    1141   15
     8   5.71827   0.54887   1.07227    1322   14
     9   0.88770   2.28191   2.36267    1106   16
    10   6.17861   2.27983   4.55877     984   13
    11   2.66863   2.29012   3.64023    1176   14
    12   1.73312   2.62786   2.91491    1023   12
    13   2.98519   1.91779   1.61688    1378   17
    14   4.62211   2.40016   2.80936    1298   12
    15   2.69593   1.76914   2.25203     917   13
    16   6.02203   1.39071   2.26853    1455   14
    17   0.41070   1.37046   0.99275    1534   15
    18   5.60891   2.63183   4.83202    1318   13
    19   5.08852   0.08387   3.51593     936   12
    20   3.28794   1.39146   2.55736     855   13
    21   3.89052   1.33840   0.82641    1458   14
    22   4.97232   2.51623   5.50276    1087   14
    23   3.62689   2.21312   0.51367     955   13
    24   6.06349   1.67539   4.84419     927   13
    25   2.58025   0.75287   1.37939    1423   15
    26   0.23274   2.30020   3.88496    1396   15
    27   4.06507   2.09884   0.56012    1491   17
    28   0.43165   0.81042   4.54676    1230   16
    29   2.95004   1.80059   2.49786     504    9
    30   3.22236   0.23994   3.25237     874   11
    31   2.93043   0.94444   1.09008     772   13
    32   2.69400   1.41710   4.05181    1274   17
    33   5.51262   1.10770   3.79401    1245   15
    34   2.39402   0.95968   1.21426    1193   13
    35   3.65874   1.38735   0.03368    1234   16
    36   3.57640   0.85495   5.86712    1641   19
    37   1.37418   2.70429   3.87801     854   13
    38   5.82431   1.34120   4.41455    1643   16
    39   3.49801   1.62262   1.50086    1562   14
    40   1.93781   0.75541   1.11881    2643   21
    41   5.57681   1.29811   4.15341    1544   16
    42   3.79320   0.40832   5.51898    1320   15
    43   1.88178   1.79593   6.02190    1293   15
    44   2.82335   2.28763   5.78230     571    9
    45   4.37873   1.94379   3.06060    1649   17
    46   1.49491   1.51896   4.39188    1142   12
    47   1.08960   1.54820   1.82603    1287   13
    48   2.00137   0.27941   2.32135    1049   16
    49   2.66567   1.93838   2.12702    1003   12
    50   5.09342   1.07046   4.28339    1439   17
    51   4.45343   1.20585   0.89360     998   13
    52   0.59521   2.00714   3.98396    1206   15
    53   1.22756   0.91151   5.62618    1410   15
    54   0.98129   1.61365   2.92013    1017   14
    55   2.45354   1.07655   5.25260    1556   18
    56   5.46873   1.65957   5.23968    1444   15
    57   2.44864   0.72819   5.69439    1720   16
    58   5.51268   0.70589   5.52094    1778   15
    59   0.80426   1.45579   5.26479    1268   12
    60   0.75949   2.75154   2.93093    1226   13
    61   5.66411   1.03263   1.42182    1122   14
    62   3.82663   1.93337   3.19404     799   10
    63   5.02221   1.89076   4.41454     974   12
    64   2.46894   0.23672   3.18378     821   11
    65   5.05141   0.42518   4.59260     859   13
    66   0.08135   2.88425   0.25434    1535   16
    67   4.73850   1.77757   0.30015    1202   11
    68   1.17898   0.93353   1.21566     982   11
    69   5.97052   2.15969   5.31441    1035   13
    70   5.58346   0.59956   2.25599    1191   15
    71   6.17104   2.09053   1.85358    1068   14
    72   0.06013   1.84745   2.11598    1845   15
    73   2.25288   1.32795   3.78054    1098   14
    74   2.12919   2.59930   5.48271    2109   18
    75   2.22157   1.96837   5.80646     774   12
    76   0.88225   1.18883   0.93457    1368   20
    77   5.65036   1.34357   6.22782    1335   17
    78   2.94701   2.78326   0.05925    2028   17
    79   3.34953   0.70326   3.04886     980   11
    80   2.57938   2.62990   1.86783     845   10
    81   3.92696   1.61615   2.02918    1063   14
    82   4.53017   2.67478   4.83338    1895   16
    83   5.15109   2.97606   2.22174    1240   14
    84   4.00645   0.26704   4.51071    1074   13
    85   2.19774   1.33941   4.11861    1880   18
    86   5.82431   1.34120   4.41455     768   12
    87   5.90874   1.85533   1.12846    1008   13
    88   1.02041   1.80055   3.48122    1987   21
    89   0.35606   0.27287   0.09516    1477   14
    90   0.89159   1.66962   5.81178     879   11
    91   2.18166   1.36628   5.21592    1414   14
    92   0.91301   1.16747   3.42682    1224   13
    93   0.02565   0.54676   5.39832    1760   16
    94   0.61842   0.99217   2.28911     778   14
    95   1.28658   0.95938   1.21333    1446   16
    96   3.56466   2.25842   5.70402     713    9
    97   3.37206   1.94840   3.15781    1483   16
    98   0.98587   2.10256   1.76176    1144   11
    99   4.78477   1.56837   5.45414    1845   17
   100   5.61168   1.28553   0.96230     900   12
   101   1.36802   1.17812   2.63069    1063   13
   102   5.82820   2.61127   2.77044    1743   15
   103   0.66254   1.93758   0.55378    1134   14
   104   5.84283   1.50006   5.92834    1178   13
   105   3.34784   0.90979   0.49561    1362   17
   106   5.39062   1.55999   6.18917    1796   17
   107   3.49220   1.06668   5.95663     935   13
   108   3.74416   1.43195   4.03005    1921   17
   109   1.76970   0.22960   4.94853     985   13
   110   5.75615   1.98065   3.90876     582   12
   111   5.14388   1.10966   5.18132     809   11
   112   5.57825   1.27812   4.80436    1207   15
   113   5.39416   1.02947   5.39139    1478   18
   114   3.55260   2.17527   2.05163    2347   21
   115   1.48653   1.50393   0.16587    1118   13
   116   5.70719   1.87921   2.36872     727   11
   117   0.51751   1.97839   2.16472     848   13
   118   1.87817   0.66496   4.18192    1222   13
   119   1.98847   1.04462   0.79460    1767   18
   120   1.81179   1.98856   0.08705     840   10
   121   1.29860   0.42883   4.35373     647   10
   122   3.25352   2.66815   2.19204     746   10
   123   1.45461   1.92363   4.16256    1595   15
   124   3.61992   1.36406   5.88209     883   13
   125   4.62609   2.05458   1.19156     900   13
   126   3.35762   2.11111   3.99329    1632   13
   127   3.41498   1.05413   4.30265    1079   15
   128   3.80829   2.82003   6.17788    1562   15
   129   0.10066   1.77421   2.31160    1125   14
   130   4.90793   2.02828   6.23127    1440   16
   131   4.76702   1.93242   5.77001    1650   19
   132   1.12452   0.77122   3.80472    1516   16
   133   3.12878   1.32432   0.27588     994   15
   134   2.63570   1.60776   5.57778    1194   15
   135   5.89059   0.89636   2.82055    2554   18
   136   5.44225   2.10100   2.83857    1201   15
   137   5.95175   1.78143   2.40410     773   10
   138   4.32219   0.77006   4.56787    1395   17
   139   5.03159   2.23697   0.66367    1346   17
   140   4.07669   0.63435   5.06670    1005   12
   141   4.48855   0.28497   3.50674    1705   18
   142   2.72346   0.40975   4.29508     760   12
   143   2.98718   2.43283   2.93470    1262   14
   144   2.93250   2.44528   0.82905     932   11
   145   3.49221   1.29327   1.00804    1607   15
   146   3.76788   2.33241   1.68557     903   15
   147   0.65689   1.10918   3.38663    1542   16
   148   3.78797   1.49698   0.45672    1219   12
   149   5.04108   1.25572   0.55821    1285   16
   150   6.16482   0.55933   5.24737    1046   12
   151   2.36801   1.58778   3.68346    1022   12
   152   4.32089   2.41223   3.52087    1227   15
   153   6.01063   2.80884   5.07145    1131   11
   154   5.56681   2.31951   2.56118     918   14
   155   0.99909   1.84190   5.73592    1761   20
   156   4.19194   1.11488   5.47784    1325   13
   157   4.63686   1.12424   6.23675    1424   16
   158   0.58291   2.85231   1.90308     926   14
   159   2.34229   1.08814   0.71469    2013   20
   160   4.31538   0.87768   0.14782    1146   13
   161   1.07128   2.82502   4.73335    2281   18
   162   4.41944   1.79810   2.29638    1491   15
   163   0.88834   2.38563   0.13703    1749   20
   164   5.70599   1.56003   5.99353    1360   16
   165   1.67641   0.79120   3.71792    1577   15
   166   5.62550   0.98746   5.83669    1947   20
   167   3.41461   0.84407   5.60840     639   13
   168   0.15278   2.07255   2.91193    1695   15
   169   2.08105   0.66590   5.13753    2135   17
   170   2.01324   2.80580   1.21999    2061   16
   171   4.44349   0.82114   1.82263    2049   19
   172   3.07860   1.77975   2.49541    1501   13
   173   2.21142   1.90680   6.13080    1014   12
   174   0.90999   2.46344   4.17860    1494   18
   175   0.70600   1.88975   4.77113    1524   12
   176   4.29137   2.11412   3.91871    1868   16
   177   2.13372   2.16873   2.34632     893   10
   178   1.79483   2.22231   5.53345    1625   18
   179   2.80657   1.74781   4.12064     591   11
   180   2.83863   1.68739   4.75470     794   11
   181   3.14429   2.82897   0.02664    1699   17
   182   0.89364   2.37465   3.86018    2167   19
   183   5.64820   3.11907   0.70132    1267   17
   184   2.25581   0.89428   4.96578    1775   20
   185   1.02653   1.58572   0.12222    1131   14
   186   3.90729   0.43001   2.13489    1903   16
   187   1.82400   1.61275   3.24249    1827   19
   188   5.42163   2.12934   5.76731    1884   18
   189   1.33100   2.03419   2.33464    1339   15
   190   3.00346   1.80525   4.39426    1364   15
   191   1.57840   1.53359   5.73981    1170   15
   192   0.43544   2.25233   4.28829    1037   14
   193   4.32793   1.03297   0.86784    1262   13
   194   0.17654   1.93347   2.54862     927   14
   195   4.86019   1.93098   0.98456    1606   18
   196   5.47408   1.23737   5.27252     905   12
   197   5.88672   2.37850   0.64317    2331   20
   198   5.63630   1.41849   0.05242    1654   16
   199   2.45609   1.52466   3.51165    1958   16
   200   5.36567   1.64766   4.82796    1704   17
   201   5.82387   1.46212   3.10953    1668   18