     1   0.00000   0.00000   0.00000       0    0
     2   2.87385   1.19959   4.25081     743   14
     3   2.73112   0.79407   0.11539    1328   16
     4   5.81856   0.47734   3.28278    1809   15
     5   4.13006   1.89724   2.45244     797   12
     6   1.76351   0.98843   4.41589    1316   14
     7   2.26340   0.23839   2.43494    1315   15
     8   2.29446   2.12304   1.59610    1283   17
     9   5.16336   2.28644   1.10736    1101   16
    10   3.97612   1.03591   4.66217     852   12
    11   5.19437   0.44148   5.48044    2084   18
    12   5.79127   0.84902   5.93895    1662   16
    13   5.92632   1.68306   6.26981     548    9
    14   5.51401   1.42531   2.63841    1070   15
    15   6.12381   1.08098   3.46789    1354   14
    16   0.69574   2.52331   0.63171    1884   13
    17   1.81930   0.57067   1.51022    1008   15
    18   3.52475   1.80906   5.63413    1447   15
    19   2.11804   1.40878   1.47216    1343   16
    20   3.41540   0.70457   5.28102     836   15
    21   5.27687   0.95607   4.35510    1343   19
    22   1.43784   2.01939   0.44514     987   13
    23   2.16129   1.33919   2.85666    1098   14
    24   3.78404   1.33428   4.46239    1344   14
    25   0.92140   0.64496   6.00210     809   11
    26   0.92810   0.80226   1.68329    1545   15
    27   0.72691   1.58080   3.97457    1786   17
    28   3.83523   1.49619   3.75725    1301   14
    29   0.68409   1.29732   3.87219    2165   22
    30   4.31129   2.15582   5.81141    1645   21
    31   2.18395   1.43976   3.20348     681   12
    32   2.16709   1.17263   0.54065    1503   16
    33   0.08874   0.59284   2.32769    1270   12
    34   3.24260   2.83245   2.20085    1242   14
    35   5.54901   1.30868   0.41787    1475   15
    36   5.79213   2.48927   3.15246    1454   15
    37   0.03942   1.61741   4.96440    1257   15
    38   4.38057   0.26343   1.62173    1930   18
    39   4.86746   2.00876   4.65841     967   14
    40   1.95025   1.55311   1.54665    1528   15
    41   0.10564   2.64973   4.11055    1166   14
    42   5.28562   1.92763   3.67195    1923   18
    43   5.91471   2.33015   1.34460    1028   14
    44   4.39673   2.28886   0.67475     768   11
    45   1.04064   0.93307   3.61619    1547   14
    46   3.53165   2.05584   4.99017    1368   15
    47   4.62162   1.93172   3.69241    1149   18
    48   1.03549   2.28074   3.05545    1360   17
    49   1.28502   1.97978   2.30614    1969   19
    50   0.97588   1.01364   0.39284    1131   15
    51   2.33142   2.05620   5.28825    1078   14
    52   0.93759   0.68749   2.20773    1045   13
    53   0.99284   2.48209   2.77409    1670   15
    54   3.41504   1.48780   2.26641     931   13
    55   3.24725   1.97681   0.61455    1027   14
    56   2.10429   0.64841   6.20528    1185   12
    57   2.06215   1.72417   0.66076    1164   17
    58   3.35047   3.00187   0.17517     682   12
    59   3.07635   2.27242   4.86665    1443   14
    60   5.08513   1.87310   5.63215     751   11
    61   0.13232   1.96113   0.70113    1521   16
    62   1.59698   0.65207   2.58096     945   10
    63   4.09108   2.25958   4.89160    1091   12
    64   1.40770   0.83119   2.42354    1092   13
    65   4.16463   1.85097   4.79562    1484   17
    66   6.14225   2.73109   0.43547     971   14
    67   2.98499   1.98142   2.93618    1306   16
    68   4.61080   0.14244   3.31249    2774   22
    69   0.71350   2.30866   5.94754    1370   14
    70   6.13283   0.22527   0.18683    1346   15
    71   1.77159   1.59671   5.84531    1734   15
    72   4.61511   1.38131   1.44867    1133   11
    73   3.92462   1.87359   5.35100    1789   14
    74   2.58268   0.77516   5.84765    1055   14
    75   5.48602   1.38903   6.16886    1929   19
    76   3.15147   0.18822   5.79756    1079   15
    77   5.85063   1.95216   0.85134    1417   13
    78   1.04064   0.93307   3.61619    1223   13
    79   1.73945   0.87137   5.92735    1363   16
    80   0.25599   0.41592   0.30529    1103   10
    81   2.44050   1.15484   2.36009    1186   16
    82   3.18643   2.41106   1.79788    1635   17
    83   5.36917   1.31331   5.48640    1930   16
    84   3.12746   2.36123   3.93485     832   10
    85   3.32372   0.17798   4.49623    1133   12
    86   0.41147   1.97176   0.22412    2505   19
    87   3.98790   1.80207   0.77947    1016   13
    88   3.83067   1.14032   5.17781    1139   13
    89   4.21555   1.93589   1.58680     980   12
    90   5.30408   2.02799   4.82694    1324   14
    91   1.60962   1.66751   5.02487    1469   13
    92   2.74496   0.92330   0.93749    1078   16
    93   1.61085   2.81846   4.70824    1738   16
    94   4.44622   2.49367   3.10382    1235   16
    95   3.80614   2.69640   0.49059     773   13
    96   6.24281   1.96352   0.09083    1571   17
    97   3.23026   1.27336   5.22600    1746   18
    98   1.36692   2.69280   3.79609    1333   15
    99   5.49912   0.43937   0.97934    1176   13
   100   1.07676   1.46918   0.58602    1271   14
   101   4.22569   2.39704   3.95457    1216   12
   102   1.13346   1.95801   1.79402     839   10
   103   1.08221   0.84209   4.29679    1607   16
   104   2.20486   0.94622   2.04011     861   11
   105   3.04768   1.16455   0.19862     771   10
   106   6.16042   1.01897   5.83149    1858   16
   107   5.19132   0.87313   3.78164    1457   15
   108   0.94867   1.28145   4.65969    1259   14
   109   1.09494   1.31107   1.54683    1268   15
   110   3.72294   2.52931   3.87301     702   12
   111   4.15069   1.68255   0.93420    1220   13
   112   4.41552   2.43331   3.90988    1424   14
   113   1.83348   2.41943   2.87475    1791   18
   114   1.05087   2.12286   4.04732    1555   16
   115   0.19288   2.69515   3.19550    1452   15
   116   0.19441   2.44179   0.63991    2089   20
   117   4.32064   0.88061   6.14234    1411   17
   118   1.07607   0.23298   5.64204     662   11
   119   3.25246   0.96874   2.62745    2255   20
   120   1.63194   1.11983   5.72883    1217   12
   121   1.34302   1.68255   0.33741    1745   18
   122   4.88741   2.27984   3.27244     816   13
   123   1.42475   2.24913   4.74432     740   13
   124   4.83036   1.35940   1.17323    1420   17
   125   5.06587   2.20583   3.05373    1067   13
   126   0.81133   1.71674   5.18772    1162   13
   127   0.30048   1.59222   4.97903    1658   15
   128   1.87229   2.39020   1.10867    1508   14
   129   4.13461   1.75079   1.48653    1420   13
   130   2.98080   2.63429   2.01305     858   12
   131   0.80367   0.61428   3.59378    1195   15
   132   2.19820   1.66615   3.37430    1191   13
   133   4.13299   0.40723   2.01592     895    9
   134   0.65218   1.65684   0.87470    2049   18
   135   6.05395   1.08961   2.61586    1114   11
   136   4.41471   1.29440   2.03518     773   11
   137   2.50719   2.41205   1.06767    1288   14
   138   3.42826   1.68031   1.75687    1453   17
   139   5.43020   1.01653   4.00791    1117   14
   140   3.85178   2.07047   1.32809    1208   13
   141   0.21000   2.78531   5.05886    2014   15
   142   4.02249   2.17305   5.16940     966   13
   143   2.69560   2.71462   5.29718    2015   18
   144   5.23406   0.87045   5.28942    1563   20
   145   0.59568   2.64079   5.46495     828   14
   146   2.27197   1.08151   2.11508    1401   17
   147   6.14741   2.23423   4.46731     976   15
   148   3.83723   2.40500   6.15519    1219   13
   149   5.34669   0.98855   2.17727     593   11
   150   1.90396   1.04103   0.40619    2046   17
   151   2.51198   2.26857   3.56739    1071   14
   152   0.28648   2.52762   3.04446    1974   19
   153   1.13824   0.64975   3.22090    1230   16
   154   1.57128   2.39310   1.61867    1383   16
   155   1.99123   2.30291   1.73215    1503   16
   156   4.09624   0.71461   2.10248    1794   16
   157   3.00389   1.96168   0.14933     815   13
   158   1.28976   0.54898   3.87534    1064   14
   159   2.99022   0.55201   0.76378    1270   14
   160   5.77733   1.29488   5.03992    1175   17
   161   5.18142   1.63275   4.24714    1556   17
   162   6.06777   1.60795   4.47143     893   12
   163   1.54009   1.27217   0.39432     816   14
   164   5.65305   2.37898   3.13083    1003   15
   165   0.30572   1.06348   1.99472    1347   15
   166   1.53910   0.54973   2.40329    1711   18
   167   2.96588   0.47063   1.45997    1084   13
   168   6.01353   0.28475   4.47228    1088   13
   169   1.74862   2.22347   2.84013    1567   15
   170   3.07241   0.91787   2.46397    1455   16
   171   0.76204   0.38675   2.98504    2109   18
   172   5.85363   2.23179   2.24139    1257   14
   173   0.50876   2.91093   2.69675    1368   16
   174   3.71493   2.15249   2.69414    1503   15
   175   1.26225   2.06873   3.86529    1917   21
   176   0.62267   2.52435   3.80924     758   12
   177   3.35399   1.49601   2.81275    1256   17
   178   3.65193   2.17430   1.33263    1045   13
   179   2.11307   1.09535   0.60918    1226   13
   180   1.19014   1.36348   0.19400    1757   18
   181   0.05403   0.97050   1.99515    1276   15
   182   1.49025   2.40003   3.35197    1467   15
   183   3.95482   0.92483   0.53913    1582   14
   184   2.05484   1.53060   3.99039    1419   15
   185   3.49327   1.95642   2.94238     845   13
   186   4.86722   1.30342   2.81539     886   10
   187   5.29820   1.21291   0.74466    1148   15
   188   0.13290   0.79379   3.66517    1532   16
   189   2.96121   1.71419   5.87444    2701   18
   190   1.75545   0.84006   0.98822    1395   19
   191   5.50582   1.64813   1.22705    1286   16
   192   1.73106   1.10293   6.12118    1540   14
   193   2.68742   1.08486   0.00624    1837   18
   194   1.47434   2.44261   4.08118    1938   19
   195   1.04175   1.11574   1.62221    1333   15
   196   5.93001   1.85347   1.99036    1302   15
   197   3.54460   2.41636   4.67757    2102   18
   198   1.33115   1.79172   2.85459    1058   14