     1   0.00000   0.00000   0.00000       0    0
     2   2.84404   1.51488   4.64547     431   10
     3   5.90975   0.03581   4.77837     766   10
     4   4.34001   1.47144   1.49643    1151   12
     5   1.17010   1.60285   3.27802    1118   12
     6   5.87478   1.60523   1.65140    1082   13
     7   2.67676   1.65309   0.02764    4070   24
     8   3.44111   3.08854   3.90207     811   10
     9   3.35842   2.99104   2.21707    1063   10
    10   2.65767   1.49542   0.00243     745   12
    11   2.77743   1.47529   3.24480    1423   16
    12   4.23604   1.59657   1.42381    1758   17
    13   1.20875   1.59964   1.62930    2758   16
    14   2.72006   1.64409   0.02878    4079   20
    15   1.94050   0.11942   0.83068    2885   18
    16   6.24724   0.08928   2.67550     370    8
    17   5.76314   1.56812   4.77181    2636   21
    18   1.15096   1.74395   4.78591    1995   16
    19   2.65022   1.63297   6.23115    4717   29
    20   1.18720   1.52951   3.10907     428    8
    21   1.21026   1.51716   3.32009    2448   18
    22   2.65025   3.05630   6.12691    3235   24
    23   4.43053   1.55260   3.11485    3167   19
    24   2.76797   1.65082   0.05245    2541   21
    25   1.26031   1.54065   4.89080     702   11
    26   4.26968   1.63208   0.01613     711   12
    27   1.15900   1.62497   4.72304     613    9
    28   3.21919   3.04843   0.55741     416   12
    29   5.99233   1.61387   4.60037    3084   19
    30   3.21986   3.09301   3.58714    3940   27
    31   4.28266   1.46477   6.28276    2595   21
    32   4.26476   1.47801   0.09377    2118   22
    33   2.98639   0.07024   4.44769    1863   17
    34   1.12642   0.12586   4.83362    1294   13
    35   4.34781   1.62223   3.08520    1003   13
    36   1.23428   1.51590   4.77861    1314   13
    37   5.78516   1.58399   4.59529    5256   29
    38   4.30089   1.57440   3.22278     249    8
    39   6.04127   0.14838   2.92306     646   12
    40   5.88530   1.63051   3.08787     331    9
    41   1.05987   1.53421   4.67415    2721   19
    42   4.24335   1.53765   0.08590     539   10
    43   2.42040   3.06081   1.32662    1426   12
    44   2.74270   1.58776   4.86438     490    6
    45   2.78011   1.57497   3.29853     506    9
    46   4.42525   1.57503   6.24515    1177   14
    47   0.20300   0.09013   1.07100    3296   18
    48   4.99345   0.08116   2.44378    1362   15
    49   5.48362   0.10051   1.89137     993   12
    50   5.77218   1.51617   4.66860    3890   23
    51   1.10163   1.65385   4.70031    1013   12
    52   0.58737   3.09535   0.99911     496    9
    53   3.19914   3.05344   3.68788     482    9
    54   1.06457   1.60349   1.59721    1093   12
    55   1.21609   1.55732   0.08244    1307   15
    56   5.77461   0.13079   3.24231    1291   15
    57   6.04127   0.14838   2.92306     598   12
    58   1.12016   1.53175   1.59990    3491   21
    59   3.96792   3.07629   4.25419     682   13
    60   2.77743   1.47529   3.24480    1897   17
    61   5.89019   1.65480   6.24330     572   11
    62   4.23123   1.46631   4.64208     381   10
    63   2.84404   1.51488   4.64547    1743   17
    64   2.50705   0.05535   3.40079    1298   12
    65   5.85885   1.65848   1.48900    2432   19
    66   1.15729   1.64520   1.66194    1880   14
    67   4.32364   1.51572   6.27988    2385   20
    68   5.88468   1.70160   6.13511    1325   13
    69   4.30089   1.57440   3.22278    1043    9
    70   6.24621   0.10576   4.25543     325    6
    71   5.97116   1.66102   0.02478     530   11
    72   5.88974   1.61464   3.01250    3288   18
    73   2.71769   1.47999   3.21374     493   10
    74   4.43465   1.58399   6.26470    1267   13
    75   1.06124   1.66396   1.46907    3217   25
    76   1.23150   1.67682   3.07819    1212   14
    77   2.65022   1.63297   6.23115     278    7
    78   4.28541   1.57428   3.03909    1285   15
    79   4.43053   1.55260   3.11485     397    8
    80   2.79003   1.54064   4.75395     892   13
    81   4.29175   1.52625   6.25062     785   14
    82   4.21924   1.52949   6.24324     767   12
    83   4.27170   1.55717   1.52744    1607   13
    84   4.33971   1.52020   1.53780     788   16
    85   4.33971   1.52020   1.53780     939   10
    86   2.69497   1.58709   4.72997     395    9
    87   4.36466   1.41564   3.23296    1710   14
    88   4.31803   1.49616   1.41592     479   10
    89   2.84404   1.51488   4.64547     379    9
    90   2.71381   1.48393   1.76102     484    8
    91   1.94050   0.11942   0.83068    3451   21
    92   4.25915   1.47951   1.49890     735    9
    93   1.14042   1.51361   4.77223     887   14
    94   1.80402   3.04672   3.81486     817   11
    95   2.84554   1.57366   6.25841     587   12
    96   0.24501   0.08389   2.41412    1332   12
    97   1.20433   1.68155   3.16427    1213   12
    98   2.84404   1.51488   4.64547    1272   12
    99   1.21112   1.51871   0.07507    2292   14
   100   4.29894   1.57349   1.59924     493   11
   101   1.42560   0.15754   1.20954    3306   22
   102   1.25131   1.67662   1.64723     805   12
   103   4.74518   2.96642   5.17759    1103   12
   104   5.93032   1.60151   1.48924    1538   15
   105   2.71196   1.42958   4.73001    3146   20
   106   0.58737   3.09535   0.99911    1014    9
   107   0.20046   0.11052   5.59680     381    9
   108   2.87618   1.58870   3.14456     778   11
   109   1.25131   1.67662   1.64723     617   11
   110   2.71381   1.48393   1.76102    1035   13
   111   1.29715   1.65516   3.27058     807   15
   112   0.19563   0.08171   4.14757     656   10
   113   5.93097   1.51037   0.01250    4266   23
   114   5.56726   3.13334   5.85556     542    8
   115   1.23428   1.51590   4.77861    1128   14
   116   5.76524   1.49309   1.60414     435    7
   117   1.94050   0.11942   0.83068     512    9
   118   1.94129   0.08833   4.00291     851   11
   119   5.88689   1.55577   1.45656    1268   18
   120   5.87451   1.72592   4.70689     893   11
   121   2.84404   1.51488   4.64547     587   13
   122   4.33971   1.52020   1.53780    2350   17
   123   5.91856   1.70731   6.08339     356    8
   124   2.72480   1.50045   4.66455     969   14
   125   1.12299   1.66617   4.84985     719    9
   126   2.71381   1.48393   1.76102     500   11
   127   5.95394   1.56548   3.10875     483   10
   128   6.01773   1.67051   1.58003     579    9
   129   4.42510   1.63346   1.55815     699   10
   130   5.78866   1.62845   3.20150    3511   24
   131   1.18030   1.56565   1.58655    1348   11
   132   1.15900   1.62497   4.72304    1486   12
   133   1.25131   1.67662   1.64723    1474   15
   134   3.31711   2.96890   0.46230     551   11
   135   2.70991   1.54588   1.71063    2826   22
   136   5.98614   1.70068   6.15836    2002   20
   137   5.31493   0.05097   0.56978     992   12
   138   3.19914   3.05344   3.68788     672   12
   139   1.15319   1.62876   3.05459    1013   11
   140   5.35061   0.08490   2.15223    2060   15
   141   4.43720   1.48506   4.71943    1250   16
   142   6.04127   0.14838   2.92306     404    8
   143   5.98494   1.49022   6.24594    1391   16
   144   4.25091   1.53785   1.57426    1006   11
   145   2.74823   1.46117   4.81869    2406   19
   146   2.71381   1.48393   1.76102    1135   11
   147   1.23428   1.51590   4.77861     655   11
   148   5.85885   1.65848   1.48900     457   10
   149   0.89367   0.14895   3.42886     395    9
   150   2.84404   1.51488   4.64547     773   12
   151   0.58737   3.09535   0.99911     780   14
   152   2.84404   1.51488   4.64547     848   10
   153   5.88288   1.50937   3.10705     278   10
   154   2.72348   1.58610   3.28313    5410   25
   155   2.81126   1.51585   3.20156    5360   27
   156   3.71645   2.94003   5.55612     760   13
   157   2.92372   3.02293   4.79103    2554   22
   158   4.29206   1.57705   0.06620    2747   17
   159   4.60857   3.02730   1.89608    1180   17
   160   2.70802   0.07818   0.10481    4815   24
   161   4.41659   3.02094   0.10344     875   12
   162   1.25131   1.67662   1.64723    1591   13
   163   0.57930   0.20867   3.61715    1535   19
   164   2.51775   3.03657   2.87109    1314   14
   165   3.75822   2.97992   5.70290     905   12
   166   2.69008   1.54444   4.75856    4301   20
   167   3.56899   3.02117   0.81131    1250   16
   168   6.20419   0.13517   2.85777     364   10
   169   5.79975   1.56674   2.98614    1862   17
   170   5.74694   0.15868   1.64339     967   13
   171   4.35170   1.63621   4.67759    2194   16
   172   4.33971   1.52020   1.53780     785   12
   173   4.42289   1.55875   6.21889     394   10
   174   0.05349   3.10653   5.04018    1607   15
   175   5.84205   1.60903   3.19826    3652   22
   176   5.32033   0.08371   2.10662    1481   15
   177   2.84404   1.51488   4.64547    2302   20
   178   4.33281   1.53814   1.59377    1686   18