     1   0.00000   0.00000   0.00000       0    0
     2   1.65890   1.69842   3.25418    2229   15
     3   0.80242   0.16878   0.88387    1299   15
     4   0.06512   1.81480   2.91791    1503   12
     5   4.92711   1.49243   1.38618     419    8
     6   0.48536   0.22159   4.24602    3951   21
     7   0.02582   1.88241   6.16913     539    8
     8   4.92129   1.50740   6.02899     475   10
     9   3.98937   2.97966   0.76553    1536   16
    10   3.27624   1.38860   4.83621     968   15
    11   3.76213   2.92637   2.13847    1053   13
    12   0.02582   1.88241   6.16913    2082   16
    13   1.62910   1.81379   1.67309     784   11
    14   1.59950   1.67620   0.20750     500   10
    15   0.06378   1.68542   4.61673    1219   14
    16   4.39620   2.77699   4.20333    5061   25
    17   3.15739   1.46607   3.33694    2749   17
    18   1.14559   0.26128   5.17374    1847   16
    19   1.62885   1.80523   5.00685    1127   14
    20   4.31950   2.80538   4.17955     505   11
    21   3.57273   2.90777   3.48053    1073   16
    22   4.22698   2.79381   0.94211    2838   19
    23   3.21918   1.25729   1.75768     814   15
    24   1.59950   1.67620   0.20750     744   14
    25   4.81107   1.39493   5.98117     973   11
    26   1.06345   0.36307   0.62200    1233   12
    27   0.17691   1.81454   6.03114    1036   14
    28   1.14693   0.31877   5.24782    1033   11
    29   3.23349   1.28658   3.47680     907   12
    30   1.59950   1.67620   0.20750     452    7
    31   4.83878   1.37520   6.17866    1978   18
    32   0.09955   1.92105   4.38492     678   12
    33   4.22934   2.87253   2.62828     920   13
    34   4.04378   2.85451   0.73210    2774   15
    35   0.65324   0.32615   2.75041     842   12
    36   4.92711   1.49243   1.38618    1680   15
    37   0.79498   0.39512   4.10090    1323   15
    38   4.85219   1.42168   2.94694    3944   21
    39   0.62820   0.31482   4.13555    4117   26
    40   3.97983   2.85706   2.34841     774   11
    41   3.69700   2.79076   5.01652    3642   21
    42   0.07944   1.66904   2.94856     508   11
    43   0.85757   0.35523   0.85811    2103   16
    44   4.08673   3.01233   3.83915     708   11
    45   4.92711   1.49243   1.38618     710   10
    46   1.70763   1.75101   1.75616    2193   18
    47   0.65324   0.32615   2.75041    1173   13
    48   0.58120   0.27943   1.04470     385   10
    49   1.59950   1.67620   0.20750     375   10
    50   3.38392   1.34962   3.21289    1102    9
    51   0.15955   1.78143   2.91475    1523   19
    52   1.62184   1.84995   4.99493    1564   16
    53   3.80693   2.91258   3.77572     841   11
    54   4.83058   1.32636   2.96035    1699   14
    55   4.93642   1.28118   4.55833    1401   11
    56   3.25192   1.32836   1.71987    1010   12
    57   0.09054   1.72993   4.48596     854   12
    58   1.59950   1.67620   0.20750     862   11
    59   0.16448   1.92814   4.51713     561   12
    60   3.19309   1.28639   1.81100    1242   15
    61   3.95689   2.95108   0.76062     398    9
    62   0.58116   0.21866   1.18448    2579   17
    63   4.94998   1.29441   2.83905    3859   20
    64   4.88956   1.46393   4.48342    2124   14
    65   1.82213   1.75610   4.97593    1358   13
    66   3.61013   2.82292   3.45232     878   13
    67   3.36374   1.32043   3.23929    1634   15
    68   4.99592   1.35215   4.37881     274   10
    69   4.92711   1.49243   1.38618     524   10
    70   3.15184   1.37040   3.39856     646    8
    71   4.81107   1.39493   5.98117     358   10
    72   4.92711   1.49243   1.38618     575   12
    73   3.89207   2.86983   3.86390     654   10
    74   1.84939   1.72148   0.25477    4256   26
    75   4.87792   1.36169   2.79334    1911   17
    76   3.38392   1.34962   3.21289     580   12
    77   3.22862   1.21502   4.95714    5207   27
    78   4.27028   2.77956   2.53335     570    8
    79   0.05742   1.81397   4.54716    1024   15
    80   3.21226   1.25048   1.65017    2812   22
    81   0.02582   1.88241   6.16913    2225   14
    82   0.99498   0.28436   2.31335    1013   13
    83   4.85589   1.40756   1.37814    1205   16
    84   1.59950   1.67620   0.20750     657   12
    85   4.78262   1.38049   1.30528    2584   17
    86   4.85458   1.33507   1.41554    1224   15
    87   3.26791   1.39761   1.68415    3264   22
    88   4.84419   1.33072   5.98014    1269   18
    89   1.77597   1.71146   4.88341     731    9
    90   3.87533   2.82940   0.51243     416   10
    91   0.13781   1.79276   2.92298    1636   13
    92   1.75178   1.69645   3.36332    2345   17
    93   0.11774   1.76348   6.15870    2412   16
    94   0.14636   1.68734   4.51015    1731   19
    95   1.84629   1.75664   0.18633    1866   18
    96   4.01981   2.82808   5.50615    1680   16
    97   4.16335   2.77707   5.62981    1057   15
    98   3.30535   1.34963   3.34287    3033   19
    99   0.38748   0.33338   6.14418     593    8
   100   3.34638   1.24587   1.82623    1775   14
   101   3.29271   1.24091   0.23551     477   10
   102   4.98459   1.27113   4.34472     823   11
   103   0.62953   0.30633   2.69999     403   11
   104   0.52828   0.33540   5.97009     665   11
   105   4.81107   1.39493   5.98117    1513   13
   106   0.10846   1.92876   1.34203    2872   17
   107   3.97390   2.80414   2.23115    2785   22
   108   3.21420   1.29312   3.27527     920   14
   109   1.12783   0.36136   5.24906     450    9
   110   4.85919   1.28838   1.44694     349    9
   111   4.77803   1.37912   3.03805     488    8
   112   0.17538   1.79312   4.39490    2353   18
   113   3.20835   1.32600   1.78458    3564   22
   114   4.83542   1.39657   1.43282     319   10
   115   1.03367   0.35914   0.64366     299    7
   116   4.30612   2.91275   4.08699     702    9
   117   1.59950   1.67620   0.20750     613   10
   118   0.62820   0.31482   4.13555     684   11
   119   1.82081   1.87815   0.31646     642   14
   120   3.35339   1.45332   3.30129    1296   14
   121   4.21878   2.85655   4.11467     882   13
   122   3.27739   1.41989   1.89496    2200   15
   123   1.09491   0.28338   0.64177    2163   18
   124   0.46420   0.24265   4.30748    1819   16
   125   3.25704   1.27909   4.91390     840   12
   126   3.23804   1.25757   1.70742     643   12
   127   4.82117   1.41299   2.91171    1151   14
   128   4.89720   1.42065   1.32447    2412   19
   129   1.84459   1.87327   0.16210     873   14
   130   1.59950   1.67620   0.20750     641   13
   131   3.97588   2.79562   2.30179    1132   16
   132   4.92711   1.49243   1.38618     416   12
   133   4.81107   1.39493   5.98117    1208   16
   134   4.33403   2.84315   5.84260     786   12
   135   3.93125   2.93233   0.65014    2466   18
   136   0.25108   1.82845   1.49419    1146   13
   137   3.50231   2.86794   0.31849    4153   20
   138   3.27378   1.31371   0.11173    3951   23
   139   4.88947   1.42208   2.90891    1400   11
   140   1.59950   1.67620   0.20750     767   18
   141   4.92711   1.49243   1.38618     926   14
   142   4.18485   2.86501   0.85965     736   13
   143   4.95780   1.40234   1.37069    1818   15
   144   1.66294   1.74800   3.38317    1950   19
   145   4.93119   1.49294   4.43737     630   13
   146   0.63014   0.39539   4.18697    5431   30
   147   0.09686   1.86394   2.91978    1134   11
   148   4.88621   1.33148   6.05121    4870   26
   149   0.80316   0.36524   0.97239    1220   12
   150   1.70673   1.66556   0.33093     275    9
   151   0.93952   0.28113   5.49082     983   11
   152   3.37733   1.29334   0.07573     624   11
   153   0.96796   0.34624   5.34112     943   15
   154   1.59950   1.67620   0.20750    1334   15
   155   3.90235   2.87125   5.32447    3064   22
   156   4.82992   1.47519   2.85793     460   12
   157   3.10340   1.31050   1.91405    3518   22
   158   3.48205   2.85122   1.86349     826   10
   159   4.31717   2.76269   5.63498    1956   16
   160   3.35658   1.34204   0.17530     686   11
   161   4.92711   1.49243   1.38618     584   11
   162   1.73467   1.66463   1.84461    3028   21
   163   3.64767   2.81904   1.93883    1458   12
   164   4.19900   2.96249   4.05394    1181   15
   165   0.22484   1.69913   1.43804     417    8
   166   0.09035   1.77452   2.83883     673   14
   167   0.12032   1.71029   5.97866    3725   22
   168   0.81523   0.17732   0.91530     871    9
   169   0.85165   0.46423   4.03089    5417   26
   170   3.75196   2.78633   0.55743    3191   19
   171   0.16155   1.77193   5.97641     602   10
   172   3.64946   2.85167   5.07279    2459   18
   173   0.13901   1.68270   1.29238    1271   11
   174   0.73645   0.43012   0.95379    1245   15