     1   0.00000   0.00000   0.00000       0    0
     2   0.79440   2.27600   3.45234    1376   14
     3   3.47357   2.29938   1.39780    1091   14
     4   3.54378   2.32666   1.32950    1129   15
     5   2.02014   1.34977   2.44824    1532   18
     6   0.79814   2.41866   0.27377     754   12
     7   3.67201   2.40002   1.39199    1049   14
     8   2.16740   1.41510   2.35259    1573   17
     9   3.70381   2.26026   4.50259     908   11
    10   5.42137   1.71168   3.97214     720   15
    11   5.20062   1.73552   5.43345    2066   19
    12   5.24101   1.76862   5.35060     308    9
    13   3.50640   2.32003   4.47541     892   14
    14   5.30438   1.84171   5.61051    1007   14
    15   3.97621   0.68548   2.78987     924   12
    16   0.84855   2.33403   4.93388     600   11
    17   3.90554   0.69958   4.42087    1595   18
    18   0.85803   2.35761   3.40884     596   11
    19   3.59109   2.29590   6.07674     791   15
    20   2.11635   1.40604   5.58354     863   14
    21   3.92855   0.70827   4.42113    1192   15
    22   2.03082   1.44760   0.89864    1122   13
    23   2.11795   1.42768   2.39012     891   13
    24   3.88980   0.62300   4.34085    2088   21
    25   3.80644   0.59879   6.04272     644   13
    26   0.33215   0.85248   4.96386    2518   17
    27   4.07240   0.70566   5.84140     615   12
    28   3.45084   2.34381   6.05474     685   14
    29   0.85926   2.35775   4.97351    1405   16
    30   2.10788   1.32222   5.65725    1786   15
    31   5.39083   1.84000   3.84434    2607   19
    32   2.18265   1.38298   0.81703    1030   15
    33   3.85243   0.87356   1.33198     385   10
    34   0.33592   0.87047   3.52662    1155   15
    35   0.49352   0.88923   3.28896     458   10
    36   3.85243   0.87356   1.33198     692   13
    37   3.67201   2.40002   1.39199    1136   16
    38   3.55838   2.37444   4.34049    1217   13
    39   4.12582   0.81141   5.92828     811   12
    40   0.96865   2.46106   3.57961     942   15
    41   5.19514   1.82946   2.33449     504   11
    42   0.80962   2.23144   5.03511    1417   14
    43   0.26582   0.88650   5.07711    1022   13
    44   0.49386   0.80436   1.66341     897   12
    45   3.50640   2.32003   4.47541    1047   17
    46   5.24071   1.75496   5.39509     436    8
    47   3.38551   2.38285   1.14086     872   13
    48   3.98287   0.65341   5.91545     763   14
    49   0.94492   2.30534   3.47692    1479   17
    50   3.86948   0.78127   1.45051    1122   14
    51   3.52989   2.19953   1.26971     413    8
    52   0.66979   2.36817   0.06249     969   13
    53   2.07477   1.30981   4.00416    1935   18
    54   3.40558   2.40835   1.14119    1191   19
    55   3.89532   0.83867   4.33390     617   11
    56   0.56790   0.92444   0.13703     574   10
    57   0.80802   2.34259   5.06585     432    9
    58   5.15469   1.76275   3.81963     791   13
    59   5.32401   1.81712   2.38439    1374   19
    60   2.10056   1.36987   5.47444     709   12
    61   5.41399   1.76637   5.52007    2245   21
    62   0.50644   0.84492   0.10519    1517   16
    63   3.98066   0.78468   1.21927    1447   18
    64   5.31156   1.89258   3.90834     705   12
    65   3.47654   2.34304   4.34447     558   11
    66   0.72545   2.31080   4.96419    2032   23
    67   3.35433   2.40518   1.20269    1238   15
    68   2.16710   1.33541   0.80408     682   11
    69   3.47326   2.34587   6.04330    2370   20
    70   4.12582   0.81141   5.92828     784   11
    71   0.51711   0.85839   4.95999    1385   16
    72   2.12544   1.35113   2.44476    3975   25
    73   0.80802   2.34259   5.06585     868   14
    74   0.46696   0.79526   0.35775    1732   18
    75   5.25941   1.91474   3.78464    1619   16
    76   4.06961   0.80017   1.21813    1070   12
    77   3.85562   0.63146   1.32686    2275   21
    78   0.43545   0.78541   4.90283    2773   23
    79   2.14179   1.40887   2.29758    2004   19
    80   2.17126   1.50556   2.41045     554   12
    81   5.38378   1.77142   3.91203     762   15
    82   0.40304   0.77589   3.28641     877   10
    83   4.13523   0.75919   4.25042     569   11
    84   0.82711   2.43709   3.44832    1012   14
    85   0.70780   2.32674   1.83060    1245   17
    86   0.43893   0.93981   5.01168    1767   17
    87   2.14751   1.39812   5.51555    3231   23
    88   0.61569   2.41933   1.69931    1843   16
    89   0.80082   2.35405   1.82029     536   12
    90   4.03371   0.71703   4.44865     764   11
    91   3.56598   2.31938   4.40305    1141   17
    92   5.17482   1.69989   3.75043     650   12
    93   0.51744   0.78329   1.84805     419   13
    94   5.18505   1.74202   3.80282     878   12
    95   5.32050   1.64626   5.36710     682   12
    96   3.63563   2.20546   1.34709     954   16
    97   3.82225   0.80017   4.42468     647   11
    98   3.91148   0.73594   4.39504     830   15
    99   2.07828   1.34885   4.05607    1357   15
   100   4.11765   0.80190   4.28896     243    9
   101   2.05062   1.42195   4.06136     399   12
   102   0.38982   0.86586   3.33053     688    9
   103   0.40578   0.82752   0.15517    1052   14
   104   2.12874   1.33690   0.93542    1739   16
   105   1.00574   2.40952   5.22561    1586   16
   106   0.49949   0.82186   0.32928     547   10
   107   0.82965   2.44377   1.94175    1090   16
   108   3.84826   0.81052   1.43737     843   12
   109   0.43467   0.87401   0.31239     500   11
   110   3.68970   2.38779   2.95533     293    9
   111   3.52989   2.19953   1.26971    1214   15
   112   0.88035   2.38033   3.50714    1332   15
   113   3.90019   0.77058   5.99422     646   14
   114   2.14179   1.40887   2.29758    2618   20
   115   3.47214   2.31960   4.41532     754   13
   116   0.41902   0.85848   0.29994    1349   18
   117   5.24912   1.72355   0.68513     544   11
   118   0.83471   2.30427   3.57038    1376   17
   119   5.28179   1.91198   5.46651    1256   16
   120   0.38182   0.84545   5.02735     481    9
   121   0.42621   0.93337   4.89359     485   12
   122   0.49352   0.88923   3.28896     497   11
   123   3.60733   2.28750   1.37503     672   16
   124   3.85243   0.87356   1.33198     808   12
   125   0.52468   0.77871   3.40410    1446   18
   126   2.11185   1.44591   5.62838     501   10
   127   0.50055   0.85294   0.14643    3554   27
   128   0.93100   2.36248   3.56710     602   10
   129   5.21373   1.70827   5.35509    1058   13
   130   3.67201   2.40002   1.39199    1241   17
   131   5.26245   1.72650   3.92182     807   15
   132   3.89340   0.72555   1.24352     969   16
   133   2.20422   1.41407   3.88220    1257   15
   134   2.23910   1.43780   3.97514    2066   18
   135   2.11054   1.32661   0.88015    1719   16
   136   3.62962   2.43232   2.80578    1937   20
   137   5.34516   1.88078   5.42146    1763   16
   138   3.38551   2.38285   1.14086     610   12
   139   2.03082   1.44760   0.89864     551   10
   140   3.73358   0.77893   2.97954    1531   17
   141   2.20063   1.30706   0.70674     694    9
   142   5.31863   1.75016   0.77404    1041   14
   143   2.12526   1.32803   5.63434     524   11
   144   4.00034   0.91092   5.97955     388   10
   145   3.52989   2.19953   1.26971    1048   15
   146   4.00678   0.73039   2.90907     567   13
   147   5.27587   1.72571   3.85723    1153   18
   148   0.34291   0.88852   1.79097    1958   19
   149   2.05844   1.36049   3.89692     552   11
   150   3.89281   0.68975   6.02503     620   10
   151   5.38925   1.80934   3.89096     629   11
   152   3.86296   0.85438   1.33842     803   13
   153   5.24686   1.77833   5.43031     632   10
   154   0.44466   0.82953   4.96939     769   13
   155   0.71576   2.52708   0.22105    1139   16
   156   4.11765   0.80190   4.28896    1293   17
   157   5.38633   1.70172   2.36451     681   11
   158   2.09676   1.45839   3.99882     546   12
   159   3.55465   2.33220   4.51291     144    6
   160   2.16590   1.35340   3.91751    1093   14
   161   5.24236   1.72419   3.92133    2435   22
   162   2.21877   1.33154   4.05836    1088   17
   163   3.52216   2.17220   5.99973     859   12
   164   3.46150   2.39034   5.99255     725   14
   165   3.96983   0.89626   1.29684     591   12
   166   2.15667   1.30927   5.52770    2426   22
   167   2.20866   1.51167   0.89411     924   15
   168   0.49352   0.88923   3.28896     292    7
   169   0.40264   0.89727   0.41026     778   14
   170   3.38551   2.38285   1.14086     588   13
   171   4.13523   0.75919   4.25042     691   11
   172   4.03371   0.71703   4.44865    2842   26
   173   0.81203   2.38763   1.87789     742   15
   174   0.62960   2.41774   1.71124     690   14
   175   3.49429   2.34230   4.49117     981   15
   176   0.86791   2.46725   5.20549    1205   15
   177   2.03082   1.44760   0.89864     287    8
   178   0.83785   2.32396   3.51884     928   13
   179   0.37283   0.93823   1.78806    1339   17
   180   2.16356   1.48069   2.43555    1917   20
   181   0.42050   1.00223   4.87623    1839   21
   182   5.25565   1.74440   2.29442    1552   17
   183   2.09685   1.39384   2.45356     859   14
   184   0.44661   0.83332   3.26851    1074   15
   185   0.88006   2.27896   0.33894     659   14
   186   0.87217   2.22940   3.42765     922   16
   187   0.84402   2.45727   5.03028    1017   16
   188   3.90312   0.84237   1.34414     515   13
   189   5.36694   1.74634   0.76735    1042   14
   190   3.95715   0.78546   2.95055    1485   17
   191   5.32660   1.79802   2.29625    1433   15
   192   0.74596   2.30901   3.29583     976   13
   193   4.04819   0.77177   1.14913     555   10
   194   0.48346   0.95283   4.95804     545   12
   195   3.89281   0.68975   6.02503     966   15
   196   0.77547   2.44001   4.88059    1632   16
   197   4.12582   0.81141   5.92828     594   13
   198   3.90312   0.84237   1.34414     463   11
   199   3.85007   0.80809   4.53777    3032   25
   200   0.53324   0.71577   3.35055    1232   16
   201   4.08063   0.83935   2.77932     508   11
   202   0.51608   0.79427   1.67465     936   16
   203   0.64534   2.32224   4.83044    1633   17
   204   3.92877   0.84726   1.32617    1231   16
   205   3.74740   0.74488   3.00136    1344   19
   206   3.36958   2.23092   1.15575    2496   22
   207   3.57519   2.28942   4.52609     481    9
   208   2.07150   1.32017   5.56127    1285   17
   209   5.18505   1.74202   3.80282     850   16
   210   1.99618   1.44113   5.58673    1224   14
   211   0.80802   2.34259   5.06585    1007   12
   212   0.63198   2.52874   1.82599    1330   14
   213   5.15617   1.76884   0.68603    1922   22
   214   0.33239   0.82097   3.36700     714   10
   215   0.95479   2.46822   3.56313     754   12
   216   0.42050   1.00223   4.87623    1625   17
   217   5.27828   1.78573   3.91941    1477   14
   218   0.32184   0.75192   5.02676    1669   17
   219   5.33043   1.75763   5.44585    1168   16
   220   3.76381   2.29390   6.23507    4593   27
   221   0.51257   0.72347   0.26342     469   10
   222   3.96632   0.78540   1.32484     488   13
   223   2.10829   1.23691   4.02822    1543   15
   224   3.92222   0.70221   6.01973    2587   25
   225   0.46044   0.89048   3.37291     754   12
   226   5.36153   1.78637   5.44329    1306   15
   227   3.70872   2.25587   4.53897    1241   14
   228   0.74536   2.29198   0.22024    1524   16
   229   0.69000   2.35255   3.20821     674   14
   230   4.11765   0.80190   4.28896     314    8
   231   3.56910   2.20816   1.40788    1253   14
   232   3.92733   0.70055   1.32306     658   14
   233   5.32509   1.90787   3.82489    1754   17