     1   0.00000   0.00000   0.00000       0    0
     2   1.15339   2.38133   0.23912    1327   13
     3   1.16799   2.39891   1.82238    1107   15
     4   5.68169   1.52422   0.67210    1078   14
     5   0.92259   2.51307   0.15401     722   12
     6   2.37877   1.44807   5.60350     646   11
     7   3.99241   2.32512   4.61636    1845   17
     8   4.40711   0.70292   5.99279     869   10
     9   5.64140   1.60882   2.35827     473   11
    10   4.25891   0.73603   6.06985    1751   17
    11   2.37877   1.44807   5.60350     531   10
    12   2.40514   1.37689   3.95946    2046   16
    13   4.08251   2.25600   6.21278    1161   17
    14   1.10853   2.42033   0.13377     867   14
    15   0.74949   0.94597   3.25419    1075   15
    16   4.02417   0.73606   4.58999     500   11
    17   0.87888   0.90896   1.64687    1559   16
    18   5.55917   1.63871   3.86005     832   14
    19   4.03211   2.34927   1.42788    1306   13
    20   1.13974   2.37670   4.87936     677   12
    21   1.14883   2.39989   5.00425     722   11
    22   0.81889   0.78642   3.24680     963   14
    23   2.60546   1.45652   5.62303     893   14
    24   1.22267   2.48823   0.24414    1074   17
    25   1.21513   2.44776   1.77140     816   15
    26   0.81690   0.94523   0.06195     752   12
    27   4.13336   0.67929   1.52460    1267   16
    28   1.21658   2.38684   3.47770     936   15
    29   5.52333   1.69494   3.74607    2340   22
    30   1.17983   2.53019   3.33849    1222   16
    31   4.01699   0.73004   6.23884    1504   19
    32   3.96346   2.30192   2.98313    1047   13
    33   2.59558   1.40338   2.43561    1278   13
    34   4.06321   2.24862   6.08056     594   11
    35   3.89214   2.26049   1.35798     914   12
    36   5.67366   1.77753   5.36221    1007   11
    37   4.24533   0.68332   1.40796     624   12
    38   0.82098   0.81252   3.18538     753   14
    39   0.91063   0.85467   0.06879     898   10
    40   2.37877   1.44807   5.60350     322   11
    41   3.92239   2.22914   4.47067     767   14
    42   1.13677   2.43813   4.86925     535    8
    43   3.95017   0.70360   3.11492    1651   19
    44   3.88614   2.22221   1.50315     702   13
    45   3.91591   2.19275   1.35118     547   13
    46   0.82530   0.81412   3.31706    1044   16
    47   3.96986   2.27067   6.13913     804   17
    48   2.52420   1.44258   0.88639    1013   15
    49   0.85270   2.44928   3.23639     982   17
    50   0.95299   2.35838   6.23649     571   11
    51   0.94850   0.82272   0.07885     488   10
    52   2.37877   1.44807   5.60350     723   15
    53   1.01579   2.38230   4.80276    1646   16
    54   0.79596   0.83029   1.62648    1291   15
    55   3.77578   2.27333   4.41435     877   16
    56   0.91158   2.40311   0.02311    1393   21
    57   2.55494   1.55667   5.51808     677   12
    58   0.96487   0.90044   0.00283     598   13
    59   0.89363   2.33549   1.65302    4692   24
    60   1.15193   2.44152   4.97538     539   13
    61   5.70357   1.53456   0.74922    1034   13
    62   3.82086   2.30567   1.38989    1745   15
    63   4.01516   0.66091   1.44741    1154   18
    64   0.83190   0.84956   3.33508     552   13
    65   2.55408   1.46241   5.51003     795   15
    66   0.72551   0.80949   3.27087     851   16
    67   4.00256   2.21379   1.46404    1102   12
    68   4.12702   2.20307   0.00377    1086   11
    69   4.16735   0.78265   6.16075    2859   23
    70   1.10962   2.43884   0.08981    1465   16
    71   0.84950   0.98774   4.90737    2028   24
    72   0.69233   0.85773   3.36166     488   12
    73   0.78187   0.84895   3.17225     858   16
    74   5.69027   1.61883   2.25372    1755   19
    75   5.65067   1.75858   2.24251     541   11
    76   4.12792   0.68431   1.44057    1344   15
    77   2.37877   1.44807   5.60350    1242   15
    78   1.06335   2.43566   0.12957     577   11
    79   3.85482   2.21058   4.58442     382    8
    80   1.19140   2.49352   0.30219     935   14
    81   1.01067   2.42436   4.88116    1250   15
    82   0.86439   0.76722   1.63594     774   10
    83   0.78187   0.84895   3.17225     698   12
    84   3.89907   2.23880   2.94963     936   13
    85   3.86392   2.16956   1.41469    1018   15
    86   1.05783   2.37335   1.72678     531   11
    87   4.01710   2.23503   6.20199     967   14
    88   0.95651   0.88761   1.75271    1338   15
    89   5.60890   1.76342   5.30640     399   10
    90   5.70357   1.53456   0.74922     387   10
    91   3.90376   2.24134   4.41992    1834   18
    92   2.49594   1.36602   2.51223    4263   23
    93   5.60600   1.56805   5.35308    2192   20
    94   2.55670   1.53630   3.91695     403    9
    95   2.40722   1.33393   0.88737    2196   21
    96   5.55046   1.80147   0.67412     693   11
    97   4.16285   0.64402   4.68332    1868   22
    98   2.40662   1.42970   2.42071     701   13
    99   2.60274   1.39077   5.62552     516   12
   100   0.97429   2.47365   4.90913     679   11
   101   4.00599   2.19028   2.94009     679   16
   102   4.21846   0.72062   1.32944     876   14
   103   0.96759   0.83110   1.67126    1412   13
   104   4.23412   0.72232   6.09767    1146   14
   105   0.79221   0.90134   1.72416     497    9
   106   4.11260   0.78263   4.49227     741   11
   107   0.85270   2.44928   3.23639     762   11
   108   3.95952   2.34884   6.12966    1647   15
   109   0.71593   0.92314   1.80238     971   14
   110   1.00014   2.41267   4.78532    1379   18
   111   0.93722   2.43091   3.10015    1167   16
   112   0.83637   0.85124   1.61936    1852   22
   113   1.07581   2.52732   5.00826     494   14
   114   0.74478   0.80169   0.11725    1940   17
   115   0.77575   0.77852   4.83561     766   12
   116   2.50631   1.40959   2.39317    1740   19
   117   4.05386   2.27775   6.10708    1346   15
   118   2.50130   1.38633   0.86742    1516   17
   119   0.78187   0.84895   3.17225     739   16
   120   5.52831   1.74429   0.74323     980   16
   121   5.67018   1.77258   3.84371    1061   15
   122   1.00974   0.85503   4.72849     735   13
   123   0.81889   0.78642   3.24680    1097   15
   124   1.04272   2.51201   1.76316    1574   21
   125   0.65562   0.84462   1.83826     868   14
   126   1.00629   2.36734   3.22724    1964   19
   127   4.05981   2.28695   6.07943     974   12
   128   1.06335   2.43566   0.12957    2101   19
   129   5.55008   1.77708   3.86861    1467   16
   130   4.00518   2.24271   1.58147    1251   15
   131   2.41051   1.54813   4.00055    1180   14
   132   2.41041   1.37271   5.68010     650   13
   133   2.48730   1.50962   3.98267    1233   17
   134   5.60765   1.53901   0.68605    1193   14
   135   0.69365   0.85307   1.83110     434   12
   136   5.57748   1.72085   5.40156    1080   14
   137   0.87445   2.45863   3.14973     703   12
   138   4.23624   0.68484   6.19513    2312   21
   139   4.05318   0.79407   1.54928     362   10
   140   0.99992   2.35730   3.34434     799   13
   141   0.90930   0.78462   4.81068     972   10
   142   3.99324   2.36924   3.09132    1594   20
   143   5.52968   1.68153   3.74900    1081   13
   144   2.43791   1.42843   2.43248     818   12
   145   1.10045   2.49919   1.87331     522    8
   146   3.82504   2.22817   1.30864    1793   16
   147   0.85326   0.84198   1.68058     558   14
   148   4.13691   0.64274   1.38699     648   12
   149   0.99541   2.41994   1.76263    1122   16
   150   4.22652   0.75831   1.24992    4118   28
   151   5.61688   1.59920   3.79099    1873   17
   152   2.52691   1.48968   5.55072     408    9
   153   0.82067   0.83899   0.17549     977   16
   154   0.77136   0.81488   0.12854     598   11
   155   2.47051   1.55479   5.53595    1217   15
   156   2.37877   1.44807   5.60350     578   10
   157   5.65582   1.63043   3.90013    1003   16
   158   2.53124   1.43269   3.95250     911   13
   159   5.62225   1.70944   0.74713    1601   16
   160   4.09266   2.32428   3.07891    1729   18
   161   0.89177   0.93472   4.80218     674   12
   162   2.56073   1.60214   0.80362     887   12
   163   5.62317   1.66780   2.29219    1351   16
   164   4.27167   0.68159   3.01301     537   12
   165   4.20253   0.61883   4.54888     493   13
   166   1.08243   2.47308   4.94540    1318   17
   167   5.64573   1.72096   2.26996    1199   15
   168   5.61560   1.69011   2.34824     994   14
   169   2.48626   1.43497   2.40439     652   12
   170   3.96322   2.30481   3.02894    1847   21
   171   0.85183   0.90558   3.30662     944   14
   172   0.89498   0.78492   1.59271    1045   13
   173   3.98556   2.18892   4.49639     874   11
   174   4.05318   0.79407   1.54928     581   12
   175   4.08984   2.22367   6.26045     634   12
   176   4.33302   0.74752   1.22302    1024   14
   177   5.55662   1.66426   3.76746    1028   18
   178   4.26794   0.75611   4.47160     860   14
   179   2.46198   1.34982   4.01359     766   12
   180   0.79662   2.46497   1.61893     573   14
   181   2.50107   1.38244   3.96498    1896   15
   182   4.26096   0.71874   4.51766     769   12
   183   5.53273   1.77141   5.46450     892   14
   184   3.88566   2.32499   6.17578     362    8
   185   5.53887   1.69080   5.33796    2217   22
   186   0.76763   0.79209   1.68378    2492   21
   187   4.15718   0.78613   6.24510     836   12
   188   0.88163   2.48503   3.12849    1588   17
   189   5.48505   1.61753   3.78360    1507   16
   190   1.08243   2.47308   4.94540    3675   24
   191   0.94664   2.46367   0.13893     615    9
   192   4.04610   0.75540   2.99751    2549   22
   193   4.05011   2.24595   1.47996    1831   18
   194   0.85183   0.90558   3.30662     498   12
   195   4.14774   2.32984   6.25463    1399   13
   196   4.11984   2.17440   2.99238    1512   17
   197   1.03519   2.37904   1.75996    1020   12
   198   5.56780   1.77745   0.69188    2189   20
   199   3.97813   2.29484   2.99734    1690   18
   200   0.72223   0.86220   0.20089     890   17
   201   3.87998   2.16444   6.03652     487   13
   202   0.99689   2.51587   0.13172    1554   18
   203   1.23674   2.46146   3.46007     414   11
   204   4.11260   0.78263   4.49227    2743   23
   205   3.86519   2.29394   3.04505    1092   16
   206   4.11260   0.78263   4.49227    1383   16
   207   4.26391   0.75982   1.38481     289    8
   208   4.33150   0.75220   6.08718     265    8
   209   5.58280   1.81223   0.65196     645   12
   210   4.08810   2.21583   3.01563     435   10
   211   2.55670   1.53630   3.91695    1147   14
   212   2.35213   1.51076   4.01479     775   11
   213   0.81889   0.78642   3.24680     382   11
   214   4.16141   0.69941   2.99299    2270   18
   215   1.01544   2.40919   4.94661    1230   13
   216   3.86312   2.24434   1.37715    1543   17
   217   5.74020   1.65207   3.85101    1146   14
   218   0.78035   0.85351   3.17256     870   12
   219   3.89214   2.26049   1.35798     704   16
   220   0.85533   0.89787   4.77250     702   12
   221   0.88371   2.36685   3.18321    2712   23
   222   0.82530   0.81412   3.31706    3090   21
   223   4.36975   0.69771   4.48886    1604   16
   224   5.65892   1.74801   3.89294     924   10
   225   1.13652   2.40722   4.96478     922   15
   226   2.36098   1.45180   5.55712     931   12
   227   1.04279   2.37273   0.22672    3246   24
   228   0.94287   0.93612   3.22591     501   11
   229   0.98691   2.45413   3.14543     570   11
   230   5.56780   1.77745   0.69188     777   11