     1   0.00000   0.00000   0.00000       0    0
     2   5.87110   2.06990   0.36560    1439   15
     3   5.01332   2.24566   0.92161    1798   15
     4   0.29713   2.28603   1.79141    1283   13
     5   1.66599   0.96244   2.09837     839   10
     6   0.14277   0.87214   0.73918     790   11
     7   6.12108   1.95333   3.52975    1585   19
     8   0.74813   1.02883   5.77694     954   13
     9   0.91203   1.03157   5.78161     943   12
    10   3.75290   0.16836   3.94602    1208   13
    11   1.93849   1.85231   1.54488    1197   14
    12   5.14692   1.40011   4.25834    1380   14
    13   5.09119   1.53421   2.30943    1081   14
    14   0.77377   1.26891   0.91874    1574   18
    15   0.06563   2.02985   4.15475    1320   13
    16   2.15004   1.68954   5.93583    1077   10
    17   0.93136   2.75155   5.99840    1868   17
    18   4.44349   2.28164   6.02468    1106   15
    19   1.76602   1.20976   5.22132    1393   15
    20   4.15520   0.72889   6.28066    1823   19
    21   2.10047   0.60285   0.57003    1100   13
    22   2.63027   0.65888   4.19880    1855   17
    23   1.64177   0.48082   1.32854     816   12
    24   5.52330   1.20122   1.15181     988   14
    25   1.77649   2.19766   0.24152     914   11
    26   1.51317   1.00793   1.15879     984   11
    27   5.52932   1.89420   4.66640    1676   17
    28   2.29676   2.05939   3.90253    2070   20
    29   2.56713   0.94356   0.38210     786   12
    30   2.95931   1.47535   3.79630    1709   16
    31   3.63921   1.40752   0.10405    1392   16
    32   2.62881   2.90479   0.80801    1037   12
    33   0.56615   1.33734   3.08078    1625   18
    34   0.83327   1.96107   3.35772     875   11
    35   1.63141   1.16517   2.06603    1044   14
    36   1.88595   1.46697   5.26914    2488   19
    37   4.35292   0.99690   4.05198     961   10
    38   2.21353   0.60805   3.02501    1679   15
    39   2.67848   1.79376   5.14149    1368   16
    40   4.22871   2.01364   5.60238    1139   12
    41   2.94397   2.55702   5.68275    2035   18
    42   3.76583   1.22409   4.99192    1850   19
    43   4.13653   1.78839   4.04199     986   13
    44   3.49894   1.43006   0.77565     842   12
    45   4.20925   1.41092   5.84040    1515   16
    46   5.17518   0.86606   6.11424    1420   17
    47   2.33784   0.69273   3.05513     800   12
    48   1.10656   0.86106   3.36163    1775   19
    49   2.22623   1.42256   5.45675     884   14
    50   2.32787   1.55076   2.40212    1597   15
    51   1.32935   2.18052   2.49060     765   12
    52   4.35867   2.23563   6.03883     927   13
    53   0.93934   1.01885   2.72070    2220   18
    54   4.49079   1.04167   4.35597    1249   15
    55   3.84013   0.99399   3.60984    1602   14
    56   2.71843   1.46041   5.90732    1429   15
    57   3.97527   0.79905   4.32406     977   12
    58   1.12357   2.71702   0.62911    1125   12
    59   0.59166   1.48532   2.35378    1433   15
    60   0.77353   1.28852   5.47573     960   12
    61   6.08468   1.65508   1.73971    1670   16
    62   3.89278   0.83669   0.83669    1175   17
    63   4.47809   0.98024   0.85331    1790   15
    64   1.20046   0.21915   3.79165     745   11
    65   5.08594   2.96665   2.10295    1967   17
    66   0.87302   1.23796   3.85904     992   14
    67   5.80535   1.11808   4.43189    1074   11
    68   2.70339   0.76326   3.74088    1333   14
    69   3.07976   1.88214   2.13295    1918   15
    70   2.13481   1.11654   5.39529    1852   18
    71   2.15846   1.02265   1.41115    1217   12
    72   1.09669   2.06420   6.22915    1347   12
    73   5.44574   1.67727   5.37288    1659   15
    74   0.28928   0.19033   1.72730    1734   17
    75   2.41855   1.31844   5.71083     654   11
    76   5.01099   1.38359   3.81559     883   12
    77   1.47347   2.53990   4.70662    1501   16
    78   2.32985   2.07167   4.03277    1526   16
    79   2.11618   1.01850   2.25610    2270   19
    80   2.34740   2.04081   3.90768    1657   17
    81   4.31546   0.99651   1.11080     832   12
    82   1.64805   2.25144   4.87972    1528   17
    83   1.18278   1.28363   4.55040     819   12
    84   2.82624   1.67175   2.59277    1295   14
    85   0.91806   2.36329   5.41333    1398   14
    86   3.11305   0.65925   0.77950    1635   16
    87   2.59220   2.10573   3.80387    1418   14
    88   4.04320   2.26441   1.15809    1083   14
    89   2.94288   2.33179   1.05979    1446   15
    90   3.71205   2.27912   3.17932    1135   15
    91   3.44214   1.43743   5.14393    1828   17
    92   5.58855   1.72539   6.17617     978   15
    93   1.75814   1.61489   6.25345    1101   14
    94   0.86550   1.85604   5.03501     883   11
    95   3.47318   1.85927   3.33442    2380   16
    96   4.67906   0.61747   5.81065    1358   18
    97   6.25349   2.36766   0.72422    1340   14
    98   0.81973   0.16190   2.69477    1528   16
    99   5.66744   1.70886   5.18861    2187   18
   100   0.97898   1.87598   1.13596     743   11
   101   3.30516   2.43894   3.65825    1494   15
   102   0.28333   1.40817   1.25060    1033   12
   103   5.68634   1.97599   1.56901    1928   17
   104   5.12676   0.36130   5.61685    1230   14
   105   4.72124   0.53537   1.57911    1361   14
   106   4.13011   1.94682   5.13239    1036   14
   107   5.76905   1.13646   5.88515    1974   19
   108   3.43692   2.04113   5.20286    1518   15
   109   1.36765   2.91576   4.52261    1866   13
   110   1.53587   0.80650   3.99381     665   11
   111   3.91826   1.53108   0.24936    1598   16
   112   3.27391   1.28826   1.52258     816   10
   113   6.07878   1.08300   2.28798    1243   14
   114   5.05659   1.09146   4.91136    1601   16
   115   3.60435   1.06289   5.20241    1421   15
   116   3.91215   1.53481   3.82362    1246   14
   117   3.68608   2.35167   4.54814    1238   14
   118   0.31046   1.31769   2.80843     818   10
   119   4.16665   2.18766   5.61186    1184   17
   120   3.79473   2.09964   4.34507    1582   18
   121   0.70174   2.07735   5.91497    2189   21
   122   5.81339   0.11683   4.10701    1642   18
   123   2.64441   2.28833   5.24911    1459   17
   124   3.77209   2.19331   4.14030    2074   17
   125   3.99584   0.80074   4.51269    1988   16
   126   5.61605   1.30183   1.13045    1669   15
   127   1.25027   2.37803   1.69603     621   11
   128   1.47111   0.95045   4.44190    1175   11
   129   3.03250   2.80391   1.60147    1226   14
   130   1.82382   1.13563   5.94920    1233   16
   131   1.45809   1.59105   2.42867    1434   17
   132   5.06676   0.78679   1.89999    1214   16
   133   1.94866   0.21067   4.39501     834   13
   134   4.29364   1.99832   2.76529     826   12
   135   5.16055   2.16528   4.78281    1222   16
   136   4.97377   2.08013   0.33179     835   12
   137   0.21566   1.90676   0.96972    1702   16
   138   5.41184   0.82026   2.08895     784   13
   139   5.53386   2.03562   4.78935    1946   19
   140   1.57498   2.14226   4.87535    1958   16
   141   6.27926   1.15667   0.53912    1315   15
   142   1.58361   0.73231   1.79413    2917   19
   143   4.92152   2.73601   5.10716    1023   15
   144   0.55854   1.93840   3.74939    1480   14
   145   6.11910   1.44735   4.91630    1010   15
   146   3.62063   1.69369   3.63655    1364   18
   147   6.00076   2.34582   2.23360    2113   17
   148   2.66320   1.55479   2.69718    1381   12
   149   2.70312   1.87029   2.15915    1086   14
   150   3.22359   0.77766   5.45883    1016   14
   151   4.23182   1.64973   4.23856     790   15
   152   4.82866   2.00603   6.25360     701   10
   153   0.53350   1.75565   5.93751    1491   15
   154   5.79983   1.65268   1.90121    1124   15
   155   6.19844   1.01504   5.22652    1232   13
   156   0.84292   1.46651   0.61704    1234   14
   157   6.22423   0.77344   3.47693    2020   16
   158   3.53571   1.32531   3.36385    1530   16
   159   1.21817   2.40544   5.01414    1070   11
   160   5.47135   1.24086   5.59971    1281   13
   161   5.06227   2.24350   6.28260    1160   13
   162   1.71837   0.98062   3.94170    1182   14
   163   5.80525   0.80047   5.13372    1582   15
   164   0.24012   2.38805   2.90172    1369   13
   165   5.10195   1.66319   2.90050    1533   15
   166   1.63689   1.56744   0.50397    1309   14
   167   2.07602   0.70514   3.20274    1437   14
   168   5.66022   1.03982   0.92467     951   13
   169   4.20568   2.38168   1.49991    1355   17
   170   2.64701   1.48842   5.08544    1354   15
   171   0.62573   2.43936   4.26377    1498   15
   172   4.26938   1.39969   1.86000    1376   15
   173   3.45210   1.54525   0.23316    1934   19
   174   0.01827   2.14774   0.82388     902   12
   175   4.82507   0.95098   3.27917     815   10
   176   2.11797   0.17021   4.00292    1527   18
   177   0.59101   2.44789   5.94766     961   14
   178   4.04404   0.85183   4.34080    1454   18
   179   0.59369   2.15460   3.84207     722    9
   180   2.72171   0.61653   0.52202    1250   14
   181   6.23590   2.71879   1.00647    1534   16
   182   5.38454   1.24445   5.44127    1186   14
   183   3.25015   1.64669   2.05247    1071   13
   184   1.03603   2.70021   0.94599    1723   16
   185   3.23816   1.29675   3.38233     909   12
   186   5.52684   2.08501   0.38832    1999   14
   187   3.38842   1.93920   6.25392    1296   16
   188   0.57114   1.98139   5.24969    1358   15
   189   3.26837   1.91256   3.90407    1441   15
   190   4.62506   0.87628   3.09687    1060   12
   191   2.87976   1.32268   3.61127    1461   14
   192   0.75269   2.84858   3.26456    1393   16
   193   2.76647   2.53165   6.25814     766   10
   194   4.32629   2.01313   5.30031    1057   10
   195   3.19412   2.92310   2.54086    1219   13
   196   5.51320   0.91083   3.18975    1505   17