     1   0.00000   0.00000   0.00000       0    0
     2   3.50053   2.54605   6.01785    1028   14
     3   3.83443   0.88221   1.49640    1547   17
     4   0.80812   2.25049   3.42435    1071   14
     5   3.76127   2.59004   1.46834    1242   13
     6   0.71100   2.20959   1.67494    1492   15
     7   2.24497   1.38203   3.89822    1697   17
     8   3.78845   0.82628   6.08655    1089   12
     9   0.29019   0.71106   3.43300    1598   15
    10   5.32810   1.59761   0.98739    1100   15
    11   3.97025   1.05253   1.31954     875   13
    12   3.84636   0.99375   2.86976     607   11
    13   5.23025   1.77796   4.16084    1133   13
    14   0.57776   0.58329   4.71880     638   11
    15   5.35003   1.71301   5.77628    1691   14
    16   0.81670   2.11707   0.20867     681    9
    17   3.56752   2.48649   4.49636    1039   13
    18   2.20117   1.31137   3.76753    1471   16
    19   0.48711   0.75663   3.35628    1332   16
    20   3.74522   0.99646   6.07628     951   14
    21   2.29486   1.29886   3.61764     802   13
    22   2.20459   1.52751   3.80857    1810   15
    23   5.33780   1.78792   0.95874    1246   14
    24   0.33706   0.59231   1.77627    1365   14
    25   2.25221   1.47487   2.23612    1384   16
    26   2.31922   1.36603   0.61655    1150   13
    27   5.20881   1.74651   5.54754     824   10
    28   2.09205   1.39102   2.10169    1552   14
    29   3.44129   2.53675   2.74667    1235   12
    30   3.65891   2.56500   1.36459    1442   12
    31   5.27773   1.86862   0.86283    1544   16
    32   0.36931   0.68677   0.23635     588    9
    33   3.61455   2.52411   1.23471    1884   17
    34   3.94274   0.96481   2.81808    1591   17
    35   3.93647   0.84556   1.41611    1784   17
    36   0.50551   0.61664   0.11046    1302   16
    37   5.28758   1.70046   0.85303     936   12
    38   3.38265   2.47293   4.26961     956   13
    39   5.37525   1.85213   0.94433     920   14
    40   2.24778   1.51719   0.62862    1427   16
    41   5.38571   1.80515   0.95237    2013   21
    42   3.98820   0.97016   2.82318    1421   16
    43   4.02081   0.92704   6.02530    1088   13
    44   3.85482   0.92203   4.54347    1193   11
    45   3.38265   2.47293   4.26961     701   11
    46   5.28790   1.83581   2.49989     714   12
    47   2.13990   1.54013   3.83039     812   11
    48   5.29148   1.84326   4.04291    1084   14
    49   0.33131   0.74850   3.43820    1380   16
    50   2.19218   1.35850   0.54841    1926   17
    51   3.61066   2.58917   2.91056    1209   18
    52   2.13782   1.40816   0.62819    1368   15
    53   0.28745   0.64079   1.96805    1040   14
    54   3.42497   2.36808   2.77891     802   14
    55   0.68481   2.17947   0.16681     761   11
    56   2.28208   1.51348   2.12092    1723   16
    57   5.35834   1.75431   0.87969    1861   16
    58   0.20608   0.55713   2.04182    1282   14
    59   0.33603   0.73593   2.04346    1170   13
    60   4.01702   0.97067   2.85458    1320   12
    61   3.93713   0.84623   4.52960    1601   16
    62   0.78869   2.14945   4.96716    1697   18
    63   0.72178   2.19182   3.30815     734   14
    64   0.64389   2.26451   4.92067    1620   15
    65   0.34726   0.58057   3.44060     638   10
    66   2.22622   1.50865   5.25886    1212   14
    67   3.85482   0.92203   4.54347    1748   17
    68   3.75855   2.51635   2.99071    1432   17
    69   3.61718   2.55322   4.39218    1193   17
    70   3.60524   2.41445   6.14805    1658   16
    71   3.89158   0.98982   5.98508    1071   11
    72   3.83007   1.00400   1.51393    1303   15
    73   3.62311   2.42216   4.39471     922   13
    74   0.39571   0.62474   1.91262    1284   16
    75   5.31823   1.68700   3.95548    1281   15
    76   3.64885   2.42033   2.82127    1468   13
    77   2.23034   1.37261   2.16688    1531   16
    78   0.80812   2.25049   3.42435    1019   12
    79   2.22599   1.45390   0.53300    1068   15
    80   3.92330   1.06322   1.27330    1339   16
    81   0.88103   2.20961   0.23703     785   13
    82   0.59628   2.19894   3.17789    1064   16
    83   0.69734   2.28480   0.18940     653   12
    84   3.88053   0.94650   3.05147    1332   15
    85   3.88730   0.94344   1.48748    1581   16
    86   0.72524   2.16743   3.35328     918   13
    87   0.37075   0.57999   3.33055    1102   13
    88   2.24214   1.34694   0.53610     859   10
    89   3.93306   0.95547   2.88387    2370   19
    90   2.10290   1.38065   3.89412    1639   17
    91   5.35973   1.78043   4.05490    2269   18
    92   0.87203   2.18472   0.18147    1810   16
    93   3.81440   0.97833   2.94964    1422   12
    94   2.13990   1.54013   3.83039    1551   14
    95   5.34870   1.77262   0.94376     963   14
    96   3.96380   0.90177   3.00049    1084   15
    97   0.25876   0.65809   5.21643    1519   14
    98   3.72576   2.55243   2.91213    1167   13
    99   3.63063   2.55117   1.41390    1589   16
   100   2.11800   1.42689   3.83950    1429   17
   101   3.97474   1.02101   1.24943    1407   14
   102   3.64885   2.42033   2.82127    1296   15
   103   5.39501   1.65142   2.51955    1511   13
   104   5.26398   1.64858   5.61934    1962   18
   105   0.35760   0.68059   3.44660    1895   18
   106   0.50695   0.54484   0.19626    1540   18
   107   3.38265   2.47293   4.26961    1538   15
   108   5.27870   1.62781   4.05781    1904   19
   109   4.02651   0.96351   1.28253    1089   12
   110   3.61718   2.55322   4.39218    1649   13
   111   0.46851   0.64278   5.02288    1119   15
   112   0.77934   2.23263   1.71398    1389   14
   113   0.30632   0.58377   3.42537     980   11
   114   3.62591   2.40938   2.92480     769   12
   115   0.79560   2.27368   5.06830    1816   21
   116   3.82366   0.93828   4.62772    1081   14
   117   3.59216   2.41948   6.01205    1084   14
   118   5.19758   1.84155   0.86293     932   14
   119   0.71354   2.14996   4.84236    1805   16
   120   3.90583   1.03710   2.96477    1317   15
   121   5.34254   1.82103   4.05347    1004   11
   122   2.22162   1.46020   0.63663    2120   21
   123   5.28521   1.82327   3.98698    1355   13
   124   0.78359   2.18838   4.94683    1282   14
   125   5.32310   1.77715   0.85341    1124   15
   126   0.75590   2.21617   0.10690    2155   19
   127   3.46085   2.47772   1.29384     791   12
   128   2.13682   1.42621   0.51367    1410   16
   129   3.91751   0.83602   1.39951    1982   17
   130   3.82133   0.91426   6.09982    1236   13
   131   5.36419   1.78138   0.93047    1395   14
   132   3.69803   0.90522   6.27206     904   13
   133   3.88757   1.01815   4.39917    1196   14
   134   4.06582   0.96324   2.78925    1292   15
   135   5.36121   1.66973   1.04500     976   14
   136   5.43632   1.83801   0.95976    2902   19
   137   3.62806   2.59821   2.91729    1545   16
   138   0.82628   2.14730   0.17564    1135   15
   139   2.19447   1.47889   5.26928    1553   17
   140   5.29118   1.67649   4.19091    1476   14
   141   3.79341   0.88902   1.37616     929   13
   142   2.21453   1.39931   3.84282    1350   16
   143   0.52133   0.60826   1.78347     705   11
   144   0.58691   2.26005   0.04739    2787   19
   145   3.92340   1.01365   4.50946    1771   16
   146   2.27454   1.34512   3.68962    1133   14
   147   3.47545   2.47610   1.35409    1083   15
   148   3.44859   2.56150   4.27280    1169   14
   149   5.28979   1.74504   4.00131    1176   14
   150   3.95192   1.06909   6.14231    1627   16
   151   0.69857   2.30540   0.22857     951   12
   152   5.43281   1.69222   5.75681    1468   18
   153   4.01702   0.97067   2.85458    1502   15
   154   0.57317   0.68917   3.25968    1999   18
   155   0.73439   2.24132   1.75904    1494   16
   156   0.53364   0.74192   3.31885     594   10
   157   3.99012   0.98774   1.25725    1308   14
   158   5.31824   1.73568   4.08298    1651   14
   159   2.07795   1.39505   3.76549    1003   13
   160   3.61066   2.58917   2.91056     945   11
   161   0.40509   0.65645   3.28326     686   10
   162   0.82499   2.14428   1.82317    1169   14
   163   2.22505   1.40590   3.79879    1765   17
   164   3.85482   0.92203   4.54347    1570   16
   165   3.62761   2.48743   2.95065     891   11
   166   0.94036   2.25649   3.46060    1972   18
   167   2.27076   1.36941   3.82504     869   13
   168   5.28971   1.80093   5.56322    1175   17
   169   3.62134   2.49251   1.40034     869   13
   170   3.90945   0.88247   4.41805    1323   12
   171   0.85410   2.20253   0.22767    1633   14
   172   4.01702   0.97067   2.85458     588   11
   173   5.47483   1.72471   0.91704    1313   15
   174   0.78272   2.29407   0.22719    1668   19
   175   3.91282   0.95330   6.10311    2068   17
   176   0.80812   2.25049   3.42435    1566   15
   177   0.90045   2.24885   1.89139    1896   16
   178   0.71100   2.20959   1.67494     974   13
   179   0.44824   0.68404   4.87854    1826   18
   180   3.84959   0.87753   6.13019    1331   16
   181   0.37284   0.61162   3.58340    1921   17
   182   3.46277   2.50075   4.36763    1323   14
   183   3.87835   1.03538   2.94373    1551   15
   184   0.77632   2.18985   0.24153    1126   16
   185   0.31244   0.63928   0.42274    1042   15
   186   3.91863   1.00191   2.91227    1110   16
   187   3.61718   2.55322   4.39218    2444   19
   188   3.94989   0.90246   4.34675    1585   14
   189   5.26276   1.70120   2.51916    1206   13
   190   3.99214   0.86866   1.21552    1066   14
   191   2.24275   1.46000   5.48454    1621   16
   192   3.34927   2.54477   4.28138    1689   17
   193   2.25778   1.50773   5.28519    1027   14
   194   3.94633   0.94937   4.54749    1156   16
   195   0.86755   2.17395   4.94763    1572   14
   196   2.27986   1.44039   5.32455    1348   16
   197   3.61704   2.51480   6.17015    1608   17
   198   0.53364   0.74192   3.31885    1219   14