     1   0.00000   0.00000   0.00000       0    0
     2   6.03601   2.27887   4.09823    1784   17
     3   4.91721   0.99833   0.60923    1223   14
     4   3.67767   2.11872   2.02474     891   13
     5   0.52322   0.93389   5.67753    1543   20
     6   1.72717   1.96976   5.67064    1245   12
     7   1.81304   2.00146   2.42453     671   13
     8   1.73239   1.95612   2.39149     721   13
     9   1.66046   2.05883   2.40169    1790   15
    10   3.64864   2.24839   0.48390     983   15
    11   2.70679   0.84196   2.20784    1022   12
    12   4.88276   1.15619   2.23120    1524   16
    13   4.80549   1.18015   0.66672    1621   15
    14   2.89438   0.81308   2.18863    1339   15
    15   2.86945   0.77399   5.23139    1069   15
    16   4.92772   1.17870   3.76288     675   11
    17   0.45963   1.04577   1.02498    2245   21
    18   5.83112   2.28872   3.85990    1038   13
    19   4.74657   1.11112   3.83441    1115   17
    20   0.56436   0.98010   1.00878    1084   13
    21   5.98394   2.42320   2.38583    3427   20
    22   1.65412   2.06349   5.56749    1894   15
    23   0.38707   0.88858   4.23670    1418   14
    24   0.00000   0.00000   0.00000    1074   17
    25   2.82622   0.70284   0.55679    1665   16
    26   5.97391   2.28799   0.85559    1641   19
    27   5.88093   2.30105   2.47589    1221   14
    28   0.59525   0.96380   5.54372    1208   13
    29   2.81203   0.82071   2.17835    1380   13
    30   6.01975   2.41669   1.09081    1379   15
    31   1.75051   1.95556   5.59223    1501   14
    32   0.58887   0.96257   0.98756    1393   14
    33   3.58372   2.14784   5.25439    1866   17
    34   2.71593   0.81784   3.90153    1720   14
    35   2.75538   0.89017   3.83322    1081   13
    36   2.77593   0.91291   5.46360    1073   12
    37   4.89700   1.09719   5.36031    1482   14
    38   0.00000   0.00000   0.00000     422    8
    39   1.75312   2.08840   2.50644    1571   14
    40   4.90869   1.08809   3.75830    1311   11
    41   0.55958   0.93154   4.12976    1794   17
    42   2.68606   0.87873   0.69379    1868   21
    43   3.52682   2.12227   5.24319    2816   21
    44   2.89438   0.81308   2.18863    1456   16
    45   5.97665   2.26611   5.54947    1977   19
    46   4.92893   1.05337   3.85141    1569   16
    47   0.39304   0.99678   4.13492     852   10
    48   0.49557   1.06969   4.09055    1681   17
    49   1.74085   2.15334   2.41487     867   13
    50   0.47221   0.93096   1.06752    1869   16
    51   3.81183   2.13838   3.87799    1835   18
    52   4.82222   0.99255   5.39558    1459   18
    53   2.89438   0.81308   2.18863    1761   19
    54   2.81460   0.74812   2.33223    1692   18
    55   2.66465   0.86605   3.90406    1510   14
    56   5.95533   2.31224   3.95724     993   12
    57   5.86568   2.21887   2.37259    1399   12
    58   3.59623   2.13517   5.27492    1722   15
    59   2.85608   0.77516   3.72189    1634   18
    60   2.77964   0.83649   5.41933    1265   15
    61   2.72999   0.83097   0.77243    1688   16
    62   0.49631   0.95994   4.01805    1100   15
    63   1.85214   2.06097   0.93240    2057   18
    64   4.88220   1.23828   3.76484    2688   23
    65   0.63931   0.97400   2.55157     801   11
    66   5.96683   2.40902   2.39174    1428   18
    67   1.55449   2.09896   3.91940     915   16
    68   2.88126   0.78187   0.67362    1445   16
    69   0.42507   1.00959   1.16919    1049   16
    70   3.51438   2.27948   3.60733     737   13
    71   2.82002   0.83405   0.53602     766   11
    72   2.80813   0.81445   2.16217    1045   14
    73   4.90219   1.07905   3.86229    2601   18
    74   4.91530   1.10801   2.26976    1411   15
    75   4.83339   1.07914   0.67929    1410   16
    76   1.71209   2.00174   2.39820     967   11
    77   0.00000   0.00000   0.00000    1104   11
    78   4.82242   1.08957   3.82629     872   16
    79   3.76006   2.16953   5.32662    1033   11
    80   6.01389   2.34798   4.11992    1081   15
    81   3.65696   2.21865   2.09716    1265   15
    82   4.84029   0.97428   0.74357    1534   18
    83   2.88295   0.74884   3.76537    1106   11
    84   4.83996   1.10400   0.76876     744   12
    85   1.78770   2.03425   2.47705     834   11
    86   2.70945   0.73578   3.85506    1621   15
    87   5.95260   2.34447   5.61846    1235   19
    88   2.91350   0.76926   3.74759    2156   19
    89   4.78468   1.16768   2.35029     686   13
    90   3.55785   2.15260   2.21012     983   14
    91   5.90438   2.36373   0.95800    1337   14
    92   4.80584   1.03964   2.26934     959   12
    93   4.78675   1.20637   3.78224     926   14
    94   0.43740   0.92160   1.03747    1364   14
    95   0.66870   0.94415   5.63665    1263   12
    96   0.48116   1.00297   4.13713     821   11
    97   0.48168   0.96527   2.53026    1040   15
    98   4.94735   1.08480   2.29957    1472   17
    99   2.82915   0.67300   5.27356    1644   18
   100   0.52492   0.95356   2.56336     834   12
   101   0.53675   1.04930   1.00527    2305   22
   102   1.84953   2.01112   0.84286    1711   17
   103   3.66537   2.20227   2.03051    1065   12
   104   0.41729   0.99405   2.68160     870   13
   105   4.75704   1.06583   5.43989    2360   20
   106   0.50068   0.97658   4.27489    1747   15
   107   6.05132   2.45599   2.50341    1200   13
   108   0.51606   0.96068   5.61252    1195   14
   109   0.59459   1.01899   0.87309    1624   18
   110   1.76477   1.91430   0.94488    1082   13
   111   2.74459   0.70606   3.77021    1410   15
   112   4.85485   1.01513   3.88941    1304   13
   113   1.70043   2.02991   2.41576     777   11
   114   1.77585   2.02084   4.03256    1915   18
   115   2.77221   0.93414   3.95507    1443   14
   116   0.42507   1.00959   1.16919     775   12
   117   4.73797   1.05393   3.86311    1274   13
   118   1.71556   2.05268   2.43952    1642   16
   119   4.74984   1.12234   2.26789     894   13
   120   5.87530   2.37639   2.53731    1132   15
   121   1.74277   1.94612   4.12446    1441   14
   122   5.78484   2.36099   2.31727     915   12
   123   2.77754   0.85364   5.32628     963   14
   124   5.00092   1.06883   5.34224     814   11
   125   1.74256   2.12286   4.01748    1255   15
   126   1.74584   2.03828   2.45417    1605   14
   127   5.87530   2.37639   2.53731     927   13
   128   2.62310   0.81095   2.43566    1046   15
   129   3.67767   2.11872   2.02474     853   10
   130   3.68697   2.20215   3.73317    1544   15
   131   1.74913   2.07948   5.59536    2362   19
   132   1.77023   2.05060   4.04569    1583   17
   133   4.96776   1.07283   2.21242    1808   19
   134   1.71823   2.09398   0.86999    1452   16
   135   3.57269   2.16724   0.47467    1390   14
   136   5.95834   2.42968   0.85447    1313   13
   137   1.71898   2.10740   5.59604    1363   16
   138   3.55730   2.16556   5.15998    2318   19
   139   2.85067   0.84989   3.80904     747    9
   140   0.64531   1.00458   0.94964    1072   10
   141   5.86424   2.32423   2.39841     729   10
   142   5.92286   2.37664   2.35727     835   12
   143   1.70500   2.01420   5.52813    1713   16
   144   2.73485   0.86796   5.37776    1700   19
   145   2.92642   0.80968   0.55592     841   13
   146   3.76006   2.16953   5.32662    1202   13
   147   2.76241   0.78048   2.30340    1362   14
   148   0.65433   0.97410   4.08714    1175   14
   149   1.74854   2.06835   2.52716    1354   13
   150   2.79366   0.81269   3.73918    1518   15
   151   3.58552   2.25286   2.04985    1421   17
   152   5.94972   2.41202   2.36310    1045   15
   153   2.83104   0.81191   5.29090    1331   13
   154   6.00285   2.26818   5.57903    1592   16
   155   6.03249   2.33156   1.02395    1272   15
   156   2.71514   0.84056   2.21213    1304   14
   157   1.78747   2.09772   2.46863    1241   16
   158   0.55451   0.89861   5.67761    1148   15
   159   2.76670   0.89310   3.78725     949   13
   160   4.73870   1.15896   0.78211    1039   16
   161   4.85129   1.02848   2.24108    1300   16
   162   2.83512   0.78785   5.34689    1376   13
   163   0.43161   1.02103   5.75674    1222   12
   164   5.87874   2.25501   2.41372    1151   12
   165   5.82112   2.33355   0.84629    2284   18
   166   3.62558   2.06549   3.76992     890   12
   167   5.86755   2.38993   5.52987    1485   12
   168   3.63803   2.11770   0.56514    1217   15
   169   4.73797   1.05393   3.86311     581    9
   170   5.00773   1.08853   3.78255    1157   17
   171   6.01480   2.42478   1.02384    1055   12
   172   3.58398   2.23095   3.78417    1610   15
   173   1.63374   2.13925   3.93377    1104   14
   174   0.50441   1.04016   1.00506    1723   13
   175   3.59878   2.23277   3.69645    1567   17
   176   1.72784   2.00305   4.06930     940   12
   177   3.54677   2.22292   0.45597    1129   13
   178   5.01332   1.19895   5.34051    1191   18
   179   0.41729   0.99405   2.68160    1344   17
   180   2.75904   0.80558   3.83054    1491   13
   181   2.91606   0.78233   5.20770    1491   17
   182   3.79801   2.12351   2.25816     874   11
   183   4.82085   1.10474   0.68960    1241   16
   184   0.52588   0.98746   2.53878    1105   12
   185   4.87684   1.19441   3.83406    1258   14
   186   4.90142   0.96033   5.44672    1749   18
   187   0.52860   0.90054   0.92862     872   11
   188   0.59927   0.91828   2.63092     818   13
   189   4.85129   1.02848   2.24108    1120   11
   190   3.76006   2.16953   5.32662    1790   14
   191   4.90643   1.00937   3.86483    1539   12
   192   3.64156   2.20754   2.10487    1656   16
   193   1.67581   1.91707   0.87661    1881   21
   194   0.47411   0.93792   2.59391    2274   19
   195   2.78749   0.79274   2.14114    1117   15
   196   3.78029   2.13508   5.40420     924   13