     1   0.00000   0.00000   0.00000       0    0
     2   5.79519   1.65647   4.03090    1281   15
     3   4.29923   0.86526   4.53462    1386   15
     4   5.67471   1.57204   5.71010    2078   21
     5   5.80332   1.53220   1.00883    1112   10
     6   5.82258   1.61094   0.87989    1945   16
     7   1.08169   2.28960   0.18196    1311   13
     8   4.17872   0.89256   1.63755    1009   14
     9   2.69621   1.38080   0.60467    1299   16
    10   5.64749   1.67064   4.02839    1094   13
    11   2.74265   1.45594   3.69638    1019   13
    12   1.18058   2.17574   4.92856    1294   16
    13   5.80264   1.64659   4.06357    1458   17
    14   5.74239   1.67956   3.95889    1238   14
    15   2.58509   1.52836   0.64007    1201   15
    16   5.70113   1.68095   0.82042     962   12
    17   4.09750   2.44226   6.18579     799   15
    18   4.07032   0.83129   4.86007     732   10
    19   4.22283   0.92397   3.15175    1212   12
    20   0.94282   0.70679   0.03397    1562   16
    21   4.04041   2.36195   3.05030    1075   13
    22   5.67808   1.55431   0.98638     986   12
    23   4.11825   2.35802   3.02756    1542   15
    24   4.15917   2.39935   4.79621    1404   14
    25   5.70153   1.45258   0.87933    1031   13
    26   5.71022   1.54279   2.41361    1610   17
    27   1.10582   0.72106   1.48713     960   13
    28   1.17677   2.25915   0.04662     633   10
    29   2.56710   1.55170   0.54892    1327   14
    30   5.69003   1.65046   0.94266     938   13
    31   4.17146   0.92978   6.24412     857   10
    32   0.94615   0.81040   4.90247    1062   14
    33   2.65262   1.50777   0.61957    1703   18
    34   4.31008   2.35085   3.20569    1014   12
    35   1.20325   2.12453   0.13271    2518   20
    36   2.58576   1.50829   5.37052    1397   13
    37   5.75688   1.53915   2.43542    1031   13
    38   4.22632   0.94138   3.05078    1522   16
    39   5.74877   1.66483   5.55710    1474   16
    40   5.72724   1.70747   5.63249    1423   17
    41   5.70125   1.54648   0.91503    1517   15
    42   1.00534   0.79808   3.09529    1097   13
    43   4.08480   2.50402   4.52178    1459   18
    44   4.32913   2.42334   4.83451     974   12
    45   3.92939   2.41927   6.09804    1210   15
    46   4.17023   2.41505   6.25386    1121   15
    47   2.67928   1.51880   3.80400    1016   12
    48   4.35111   0.99731   1.42523     773   12
    49   5.68427   1.66861   2.42894    1815   13
    50   1.21592   2.22051   0.03543     822   14
    51   0.97751   0.56170   4.89488    1584   16
    52   1.11871   2.15456   1.74602    1103   15
    53   0.93434   0.68955   3.21296    1462   16
    54   4.36302   0.82946   1.42342     747   13
    55   5.82226   1.54382   5.72855    2054   17
    56   4.23536   0.86620   4.75705    1354   14
    57   1.00953   0.80170   0.12101    1090   13
    58   5.76536   1.59438   5.52382    1513   16
    59   1.19586   2.18443   3.24354    1769   14
    60   4.30901   2.38265   3.14936     833   13
    61   1.02217   2.17652   4.88072    1570   14
    62   5.76872   1.62385   4.00094    1000   16
    63   2.64096   1.61857   3.86440    2083   19
    64   1.09119   2.24650   1.76592    1833   19
    65   1.08757   0.60347   4.64033    1839   19
    66   5.70125   1.54648   0.91503     955   12
    67   0.94018   0.77247   0.13303    1251   14
    68   4.32994   2.37930   0.13518    1108   13
    69   0.99583   0.76229   6.22721    1192   13
    70   0.94615   0.81040   4.90247     695   11
    71   3.90843   2.47479   6.10007    1494   16
    72   4.23717   0.87666   4.77833    1151   13
    73   4.03216   2.57297   4.65454    1345   15
    74   5.79784   1.72188   5.59639    1234   15
    75   5.84720   1.57379   4.11348    1416   13
    76   4.34247   0.77834   2.95385    2355   18
    77   5.64429   1.62774   5.53747     891   13
    78   0.99688   2.25375   0.15082     857   11
    79   5.79908   1.55180   4.06595     785   11
    80   0.96231   0.58405   1.74202    1546   16
    81   1.10653   0.57709   4.75636    1323   16
    82   2.59556   1.57769   2.22801     878   10
    83   5.73652   1.61717   2.51519    1342   15
    84   1.06262   2.21258   0.05848    1379   14
    85   4.20768   2.43716   4.62861    1500   16
    86   0.99573   2.19468   0.08397    1316   14
    87   2.56628   1.51695   0.70279     934   13
    88   1.10869   0.57889   6.21937     902   13
    89   0.94615   0.81040   4.90247     978   10
    90   4.28118   0.95053   4.58027    1277   13
    91   1.15717   2.15543   4.68512    1257   15
    92   1.11245   2.26598   3.26068     885   12
    93   4.20177   2.48310   4.57613    1083   15
    94   2.74936   1.55631   3.67494     926   13
    95   4.18182   2.43839   6.16033    1111   14
    96   1.18954   2.18805   3.26835    1627   17
    97   1.07771   0.66507   1.60664    1841   17
    98   1.17677   2.25915   0.04662    2512   17
    99   4.34476   0.85239   1.41199    1668   13
   100   2.65207   1.53585   2.36393    1141   14
   101   5.67589   1.54023   4.17596    1548   16
   102   2.69267   1.54295   3.70105    1646   17
   103   2.65007   1.47900   2.15147    1012   12
   104   1.00653   2.20691   4.66633    1367   15
   105   2.70806   1.47059   5.44459    1716   16
   106   2.59187   1.49742   5.39412    1395   15
   107   0.94615   0.81040   4.90247    1773   16
   108   0.95638   2.20883   3.11055     789   13
   109   5.88413   1.50958   0.84204     672   12
   110   4.22355   2.38358   3.11141    1522   16
   111   4.24553   0.87159   4.62459    1291   15
   112   4.36571   0.81489   4.54256    1762   15
   113   5.73652   1.61717   2.51519    1614   11
   114   4.26042   0.81310   1.48250    1644   15
   115   5.86145   1.62738   2.46873    1186   15
   116   4.16666   0.94859   1.52557    1725   18
   117   4.35248   2.44278   3.24610    1426   17
   118   4.28603   2.50824   4.76417    1374   14
   119   5.64915   1.64915   0.92536    1113   15
   120   0.91632   0.73332   3.20068    1637   17
   121   4.18050   0.87778   4.71157     700   11
   122   3.99995   2.39757   1.47417    1763   15
   123   4.13354   2.49045   4.69122    1299   16
   124   3.92939   2.41927   6.09804    1193   17
   125   1.17677   2.25915   0.04662    1031   12
   126   0.95250   2.19969   4.70586    1969   20
   127   4.17313   0.89874   1.41417    1555   14
   128   3.98918   2.55472   1.38901    1280   15
   129   5.74303   1.59790   5.46654    1509   14
   130   4.27538   0.99319   6.13735    1320   14
   131   4.15521   0.90195   1.59790    1828   17
   132   2.73148   1.50173   5.47666    1160   14
   133   4.27390   2.50809   3.16584    1250   15
   134   1.07260   2.33430   3.07328    1152   14
   135   5.82328   1.56605   5.52184    1767   17
   136   0.88972   2.30394   1.41901     876   12
   137   5.84720   1.57379   4.11348    1441   18
   138   5.68427   1.66861   2.42894    1395   15
   139   2.66035   1.45171   3.82234    1362   15
   140   5.76558   1.57583   4.06530     962   13
   141   4.28561   0.85027   1.38873    2092   20
   142   4.11772   2.57509   3.02507    1426   15
   143   1.15158   2.24396   1.73666    1194   14
   144   2.61403   1.51429   0.62110    1178   12
   145   1.13339   0.64373   6.18011    1643   15
   146   0.90777   0.80631   1.68269    1674   17
   147   1.01280   2.33495   1.69139    1251   14
   148   1.09590   2.18962   0.16251     719   12
   149   4.23781   1.02731   1.58698    1104   15
   150   4.14515   2.56445   6.21924    1183   15
   151   4.27914   2.43665   1.58292    1797   18
   152   5.73636   1.46301   5.52945     624   11
   153   4.09913   0.91634   0.07754    1403   15
   154   2.65693   1.56075   2.37016    1368   12
   155   1.24542   0.77789   3.08187    1615   15
   156   4.06442   2.47814   4.62389    1375   16
   157   4.35866   0.82257   1.38665    1475   15
   158   1.17059   2.26221   4.91799    1792   17
   159   1.15717   2.15543   4.68512    1502   18
   160   2.62394   1.52362   3.85876    1348   14
   161   2.71158   1.44863   5.46951    1443   14
   162   5.63662   1.69405   4.03850    1234   15
   163   4.08913   2.33843   1.56632    1318   17
   164   0.95055   2.13953   6.26913    1361   16
   165   5.81557   1.65907   2.41223    1428   18
   166   0.99573   2.19468   0.08397    1565   17
   167   0.88719   0.69968   1.71942     914   14
   168   1.01015   0.67723   0.02858     958   13
   169   4.20288   2.42120   1.42990    1115   15
   170   4.13667   0.85712   1.68190     823   12
   171   2.58998   1.48357   0.70213    1120   15
   172   4.08882   0.93443   4.82499     992   15
   173   1.07260   2.33430   3.07328    2614   19
   174   5.89790   1.58290   5.50256    1942   18
   175   5.69985   1.62329   2.53137    1247   15
   176   2.64223   1.42469   3.82534    1349   18
   177   4.08905   2.57311   1.37789    1190   13
   178   5.82226   1.54382   5.72855    2152   18
   179   1.08982   0.72993   0.01810    1602   14
   180   0.87529   0.78812   0.19323    1919   18
   181   4.07157   2.51468   4.65065     874   13
   182   4.16348   0.78165   1.61811    1961   17
   183   5.77083   1.62377   0.88803    1084   11
   184   0.95250   2.19969   4.70586    1785   15
   185   3.94542   2.43557   6.05983    1337   15
   186   1.19115   2.21304   3.23191    1347   15
   187   1.17978   2.22261   3.29935     775   12
   188   4.08457   2.47942   4.71220    1400   16
   189   2.71258   1.39982   2.27128    1201   14
   190   4.33462   0.74857   2.93559    1074   12
   191   3.96711   2.50311   2.93190    1626   14
   192   2.59334   1.46011   2.32831    1229   15
   193   5.82258   1.61094   0.87989     616   11
   194   4.25102   1.04086   3.16698    1162   14
   195   1.06896   0.60829   3.26241     855   13
   196   2.67788   1.59009   3.74849    1892   16
   197   4.06302   2.50615   6.01089    1443   16
   198   5.72695   1.56811   0.85384    2118   21