     1   0.00000   0.00000   0.00000       0    0
     2   4.62869   1.25107   1.66314     240   14
     3   3.55292   1.11148   3.73569    1094   22
     4   1.06302   1.79398   1.25560     583   18
     5   0.71214   1.56763   1.84409     220   12
     6   0.88931   0.07728   5.64682     250   14
     7   4.36335   1.91785   0.33420     452   13
     8   0.27387   1.25517   5.05689     461   16
     9   3.49784   1.46890   0.01949     258   15
    10   2.33921   1.37075   4.82546     133    8
    11   4.95547   0.72725   3.46586      21    3
    12   2.56491   1.01517   3.16589     167   10
    13   5.67406   1.82215   1.92604     332   16
    14   1.31013   0.84800   4.61010     253   12
    15   2.87985   0.90594   2.75688     348   15
    16   4.55691   2.06532   4.65387     915   24
    17   0.89363   1.47758   4.89237     686   20
    18   1.59268   1.75198   3.17532      37    4
    19   6.21779   0.88278   0.72303     450   14
    20   3.21129   1.87725   2.24286     445   19
    21   2.11997   2.23097   5.89613     758   23
    22   0.70206   1.01466   0.21557    1257   26
    23   4.95621   1.32250   4.46650     506   20
    24   5.40179   2.11581   3.95073     114    9
    25   5.37110   0.78804   2.47810      59    9
    26   5.26913   1.82525   2.03379      50    7
    27   6.04579   2.15381   1.48680     716   16
    28   5.19098   2.21724   3.90418     487   14
    29   4.84008   2.48697   1.31647     108   12
    30   5.17230   1.02246   5.45753      97    9
    31   5.63444   2.51723   1.99578     309   17
    32   5.00465   1.19614   2.57762     224   10
    33   0.37769   2.25251   3.97875    1454   29
    34   1.86791   2.07193   4.06273     296   11
    35   2.18046   2.08170   5.17677     286   14
    36   4.70758   2.05143   5.85744      76    8
    37   2.29646   1.24676   5.90991     328   15
    38   2.63111   2.86771   6.14964      46    5
    39   3.99573   1.00095   6.20605     123    7
    40   2.22804   2.20368   5.99776      53    6
    41   1.22366   1.99525   2.97282     726   21
    42   0.14280   1.22299   6.23182     297   13
    43   3.95973   0.56644   2.64422      87    7
    44   4.15395   1.77931   1.99727     168   13
    45   2.19101   2.12452   4.14831     293   14
    46   0.88686   1.77751   5.47174     114   10
    47   3.65188   0.16780   3.13006      71    9
    48   2.79967   1.27675   0.14494     219   12
    49   0.59743   0.94350   1.32568     166    9
    50   2.68750   1.60707   0.11918     317   15
    51   0.76638   1.13132   5.85855     283   15
    52   1.37588   1.79608   3.11618     293   11
    53   5.32993   2.01300   5.41668     150    8
    54   3.97663   1.84484   6.16839     198   10
    55   3.53700   1.14601   3.06520     470   15
    56   0.58750   1.97331   5.30647      22    1
    57   4.19505   2.55948   5.61038     104   10
    58   1.64089   2.35468   0.17377      26    1
    59   0.93013   1.47824   5.10913     302   12
    60   4.10991   1.59039   3.44790      68    6
    61   2.29431   0.58705   3.02445     277   14
    62   5.66119   2.57237   0.35459     115    8
    63   5.37392   1.73232   1.06469       1    1
    64   1.93283   1.34581   0.31543     158   12
    65   1.85696   0.79763   2.09879     162    8
    66   0.68193   0.88459   1.45881     254   13
    67   3.95527   0.52679   1.00875     233   12
    68   3.97708   1.29439   4.71895     501   16
    69   0.97400   0.91557   5.51515     609   17
    70   6.17888   1.36245   0.97272     514   17
    71   4.41669   1.87985   2.14100     878   22
    72   3.68997   2.16408   2.31488     154   10
    73   3.59816   1.82722   1.84142     167   10
    74   2.09843   1.59612   0.57399      66    4
    75   2.43843   2.33646   1.70564     441   16
    76   5.14731   2.20186   5.79171      71    8
    77   4.92129   2.28764   5.34083     356   13
    78   3.58926   1.12708   0.93403      14    3
    79   5.42766   1.31978   2.79946      67    5
    80   1.53496   1.09347   2.43972     979   24
    81   2.73435   2.66791   1.79191     110    8
    82   0.33277   0.97521   5.68653      31    6
    83   3.44632   0.48394   3.10507      96   11
    84   6.08170   2.47920   3.35650      34    5
    85   5.34605   0.46976   1.03048      77    9
    86   0.00146   1.67290   2.88419     142   10
    87   2.28938   2.16007   2.96173     128    9
    88   0.51987   1.68079   2.43729     548   16
    89   0.65905   1.18105   0.02402    1655   31
    90   2.29044   1.12945   5.15269     493   15
    91   2.39627   1.51657   0.11049    1194   27
    92   3.19148   2.31713   1.13405     812   19
    93   1.28255   0.97601   3.51056     108    9
    94   2.59911   0.77968   3.02967      94    9
    95   4.84008   2.48697   1.31647     446   14
    96   4.82148   1.79777   1.00244     194   11
    97   4.81246   1.17682   5.61733     238   12
    98   0.04703   2.02676   4.02025     345   15
    99   3.49812   0.87694   3.59007      88   10
   100   0.20042   0.87369   0.81222     423   18
   101   0.62994   2.23208   0.29566     223   11
   102   2.54347   1.95731   1.31492     224   10
   103   5.40609   1.89448   5.11289      53    5
   104   5.93997   2.63974   6.26024     142   11
   105   0.37167   1.22169   3.07759    1695   32
   106   5.52983   0.79612   5.84100     453   17
   107   4.41416   1.67929   5.85747     102   10
   108   3.33577   2.19338   2.08384     307   10
   109   2.12730   1.06360   3.56208     169   11
   110   0.72582   2.05241   1.00938     165    9
   111   5.51507   1.36559   5.59073     667   21
   112   1.71957   2.02750   3.25669     714   20
   113   3.91024   1.83492   3.64358    1153   21
   114   4.18512   1.40195   1.94802     334   12
   115   4.21547   1.73055   3.63411      60    7
   116   3.32958   1.81928   3.66245       3    2
   117   4.74868   1.82599   1.58645      72    8
   118   0.51839   0.36834   0.03416      45    6
   119   5.95985   2.05526   4.51938     305   13
   120   6.24707   2.82333   4.16564     375   17
   121   4.81082   1.35830   4.19461     437   16
   122   0.77982   1.70663   0.78497     346   13
   123   1.42745   0.95185   4.20165      99    8
   124   0.65479   1.76949   4.12381     327   12
   125   1.14126   1.94132   2.23472     155   11
   126   0.73055   0.06400   3.75450     147    8
   127   0.01809   1.06616   4.72002     133   13
   128   3.51512   0.41992   2.52314      62    8
   129   3.52000   1.94328   0.75183     237   11
   130   2.00647   0.36481   2.36950      18    5
   131   3.03072   1.81974   4.22305     171   11
   132   3.68997   2.16408   2.31488      49    7
   133   1.00351   2.78635   1.79383       7    1
   134   5.68901   1.58073   3.92625     808   21
   135   5.89192   0.82779   2.54738     815   27
   136   2.96094   1.07316   6.16272     124    9
   137   6.12592   0.21912   2.87725     891   26
   138   5.94954   2.27919   1.06001     242   12
   139   2.70702   1.12997   0.81685     422   12
   140   2.37411   2.00048   0.19041      86    9
   141   1.23576   1.37772   6.04939     150   10
   142   2.38594   1.10831   5.36167     261   16
   143   4.77240   2.47073   2.60612      24    6
   144   5.42222   3.00098   4.56777      68    8
   145   2.46330   0.62228   1.15375     426   17
   146   3.15562   2.07512   3.31919     872   21
   147   3.09059   1.60338   6.03062     249   13
   148   3.76606   2.07068   4.42131     269   12
   149   5.62592   0.82687   3.54545     258   14
   150   1.73290   2.01544   5.01716     604   21
   151   2.46020   1.67289   5.80101      93   10
   152   3.35763   2.39553   5.30313      53    8
   153   4.31903   1.62662   1.50780     225   11
   154   3.63892   1.03065   3.44426      95   10
   155   5.42420   1.24447   5.47818     172   13
   156   3.98368   0.87193   4.99808     135   13
   157   2.86062   1.02450   0.87455      79    6
   158   3.02720   2.19392   5.48248     229   14
   159   3.12002   3.05486   2.71196     136   10
   160   3.15530   1.54025   1.05514     388   16
   161   3.07941   1.64834   0.02087    1315   22
   162   4.01503   2.23128   1.92281     725   21
   163   2.10397   2.02001   0.26599     130    9
   164   5.26689   2.69538   0.67171     148   12
   165   5.61747   2.91772   4.73184     351   13
   166   6.22611   1.58057   3.92010     294   15
   167   2.15656   2.44821   2.74156     196   12
   168   1.47703   1.81253   5.29451     329   13
   169   4.91761   2.58748   5.78225     122    9
   170   4.29003   2.21902   5.03298      88    7
   171   0.31986   0.59169   5.10437     509   15
   172   6.24455   2.56478   5.33729     188    9
   173   1.27677   0.65261   2.05550      25    5
   174   0.93013   1.47824   5.10913       1    1
   175   3.98368   0.87193   4.99808      57    8
   176   4.02163   1.18286   3.26583      45    6
   177   6.22559   1.56911   3.81092     501   15
   178   0.61151   2.34421   1.88354     734   16
   179   4.95609   1.37264   5.63153    1178   28
   180   4.90732   2.08854   0.86839      96    7
   181   5.28623   1.31868   0.72850     198   12
   182   2.65662   2.06082   0.11365     180   11
   183   5.15140   1.78467   5.27778      59    9
   184   0.14395   2.24658   3.06552     524   18
   185   5.95770   0.34437   4.73560      19    5
   186   3.35763   2.39553   5.30313      80   11
   187   5.26986   2.06814   0.96064      47    6
   188   3.12622   2.39691   1.04888     158    9
   189   0.25235   1.30575   0.53494     583   19
   190   3.85144   1.07112   3.37212     233   11
   191   5.49443   0.71459   6.24958     234   13
   192   3.07645   2.37542   5.40573    1221   23
   193   3.16624   1.98605   5.66172     574   20
   194   1.60434   2.35733   1.69582    1085   25
   195   0.73819   1.00688   2.17943      77    7
   196   0.85047   1.18500   3.72822      21    7
   197   2.91037   1.97045   1.83290     388   15
   198   2.73104   2.59446   1.96029      30    4
   199   4.97112   2.09266   1.41296     533   19
   200   3.18337   0.70465   2.98588     224    9
   201   3.88171   0.37259   0.34037     117   13
   202   5.81226   1.47163   3.92353     434   18
   203   1.09107   1.03973   4.95089     329   14
   204   2.07082   0.20002   5.44592     138   12
   205   3.63012   2.37744   2.65227    1004   22
   206   2.80648   2.72003   3.00352    1559   32
   207   5.82838   2.43344   1.74291     165   10
   208   5.45816   1.73892   5.06911     273   12
   209   6.00160   1.46227   0.23668     473   17
   210   0.82365   2.85651   2.57150    2075   37
   211   5.66016   1.87582   1.30037      70    7
   212   3.26943   0.76329   6.04897     106    9
   213   5.37309   1.85501   5.40841      13    1
   214   5.89623   1.82663   0.81210     665   25
   215   2.46568   0.88456   3.50935      46    5
   216   1.15031   1.71578   3.04564     630   18
   217   4.01051   1.45911   3.94135     146    9
   218   2.34380   1.29678   4.91355     110    9
   219   5.79669   0.84473   1.01107      51    6
   220   1.96478   1.03750   5.01702     305   15
   221   4.56331   2.26564   3.59388     441   19
   222   4.07151   0.50968   3.22635       2    1
   223   2.50567   0.64184   5.58163     174   15
   224   5.05065   2.46938   5.17732     899   18
   225   0.14305   1.26153   3.81674     298   14
   226   5.41721   2.31256   1.05257     181    9
   227   4.18482   1.50120   5.99819      20    1
   228   6.00173   1.23437   3.34420     159    6
   229   4.08612   2.37412   4.62872     591   19
   230   1.61090   0.93900   5.41560     236   10
   231   6.10651   1.14925   2.22869     155   10
   232   0.64524   1.58382   0.26037      59   11
   233   2.06856   0.83107   5.42898     207    9
   234   3.94369   1.89147   1.11510      40    6
   235   4.82979   2.24213   1.72570    1946   36
   236   3.55724   0.11059   5.97372     635   18
   237   1.81867   2.56504   0.25326     432   22
   238   3.82034   2.21023   6.09967    1383   25
   239   4.39396   1.13980   3.22534      84    4
   240   2.62031   2.21510   1.43406     215    8
   241   5.60681   1.36679   0.44169      32    7
   242   6.11726   1.03500   1.12893     629   18
   243   5.87625   2.92567   3.08145     579   19
   244   1.87463   0.97943   4.77762      86    8
   245   5.58041   2.13184   0.26088     184   11
   246   4.66270   2.99320   3.41054     486   18
   247   4.95544   0.71235   0.44083     174   13
   248   1.73077   1.09701   0.66057     564   19
   249   0.88995   1.69960   2.29658      52    9
   250   1.11237   2.54685   1.96210     178   13
   251   0.70623   1.28352   2.46421     159   11
   252   1.31366   1.74999   5.09587     513   19
   253   6.27638   1.93287   5.60397     366   13
   254   3.90961   1.40203   0.65775     611   18
   255   5.92555   1.79867   0.16775     101    9
   256   1.03043   1.70795   1.16023      27    3
   257   0.82393   1.23009   1.10616    1610   24
   258   0.46538   1.85790   3.67188     330   16
   259   2.06522   1.98199   4.02401     170   10
   260   3.62956   1.90432   4.12572      56    7
   261   0.82954   2.05537   3.38453    1122   32
   262   4.40099   0.73379   0.89163     642   19
   263   3.42277   1.72107   5.02804      60    4
   264   4.69550   2.22725   2.47011    1346   23
   265   3.82721   1.62142   2.55583      72    5
   266   1.54287   2.70305   0.41964     135   11
   267   5.53394   0.74051   4.44119     378   18
   268   2.79741   0.83065   2.60638     788   21
   269   5.60101   1.07616   2.37983     154   11
   270   1.00387   2.23993   0.50087     233   15
   271   4.83005   2.81387   0.64958     352   13
   272   0.72453   1.11779   5.11261     564   20
   273   0.46452   1.01026   1.14584     880   20
   274   4.13039   0.76510   2.58297     141    9
   275   1.09711   2.62219   4.98012     312   14
   276   5.59781   2.27862   1.39225      80   11
   277   1.01335   1.08354   2.07308     212   14
   278   0.59941   2.34963   5.93811     110    7
   279   3.12002   3.05486   2.71196     540   15
   280   1.54287   2.70305   0.41964     313   15
   281   2.62969   0.97385   5.44692      57    6
   282   0.24161   1.94888   5.15871     453   15
   283   4.80505   1.07971   1.78959     104   12
   284   4.90309   0.79518   0.74921      64    7
   285   4.95547   0.72725   3.46586     472   12
   286   0.47260   1.23432   3.14682     346   12
   287   5.20936   1.19853   4.66445      57    5
   288   5.17919   1.35218   4.56380     702   18
   289   5.86983   0.49021   4.21121    1045   26
   290   3.22939   2.34478   5.49511     840   21
   291   4.14773   1.00788   1.17824     355   14
   292   6.25957   2.18036   3.65144      44    7
   293   2.59911   0.77968   3.02967      44    6
   294   4.52258   1.94301   1.35548      26    3
   295   5.19017   1.96311   1.98928     308   11
   296   1.64189   2.94873   5.73305     257   11
   297   3.32715   0.79486   4.73407      42    8
   298   4.48059   1.95294   0.51870     378   17
   299   5.58929   2.01170   4.49592     125    9
   300   3.79605   0.40908   6.20212      45    4
   301   0.19482   0.62604   4.70449     432   12
   302   2.95132   2.15284   4.27884     413   21
   303   4.30469   1.85912   4.31360     633   18
   304   0.74998   2.14415   2.71330     299   15
   305   6.08488   1.70455   1.88664     524   15
   306   4.90500   2.16913   4.62957     268   12
   307   0.59483   0.66439   0.65143     100    8
   308   4.18482   1.50120   5.99819       1    1
   309   1.89508   1.17944   3.54175     401   17
   310   4.50832   1.92557   2.80590     824   22
   311   4.62582   0.79561   0.41946     323   11
   312   6.24237   1.03466   5.76372     445   13
   313   3.89597   1.94246   5.72575     667   20
   314   1.01736   0.18920   5.90348     145   11
   315   0.82954   2.05537   3.38453      23    3
   316   4.07151   0.50968   3.22635     128   10
   317   3.83006   1.08486   2.89181     291   19
   318   3.70473   1.59116   2.55270     728   16
   319   5.15969   2.05830   2.76769     116   13
   320   3.40496   1.50150   5.15163     240    9
   321   5.06656   0.88697   1.88123      74    7
   322   0.65601   1.97837   5.27231     502   20
   323   2.00530   2.54200   3.39159     494   16
   324   1.66117   1.87105   0.69415    1182   30
   325   6.13640   2.71287   3.76603     201   17
   326   2.16616   2.09648   2.44981    1472   32
   327   1.15932   0.85500   5.04144     535   24
   328   3.13564   2.35064   0.81535     124   10
   329   5.02387   2.18327   0.87347      25    2
   330   0.42991   1.88766   4.53005     396   13
   331   2.65856   2.07433   5.43839      41   10
   332   3.41495   1.01935   4.98325     501   18
   333   4.12701   0.52462   4.52071      94    9
   334   5.08290   1.52705   0.05696     134    9
   335   2.82592   1.02608   5.12735     194    9
   336   3.30024   1.48130   2.36883     235    9
   337   5.35685   0.35851   5.47022     192   14
   338   3.32958   1.81928   3.66245     126   10
   339   4.86831   2.24018   1.52603      59    7
   340   1.86458   1.17745   1.75744     425   17
   341   0.21960   1.60293   3.04461    1410   24
   342   5.59806   1.18566   3.29695     353   13
   343   4.18482   1.50120   5.99819     104    9
   344   5.82733   1.23158   3.52897     170   12
   345   4.56819   1.16797   3.92726     179   16
   346   1.31674   0.91474   0.47056     294   14
   347   4.44102   0.48327   1.08948      85   12
   348   6.05696   1.14985   5.15151     357   16
   349   1.37343   2.53185   5.42891    1390   28
   350   4.68367   1.86181   0.22952     158    9
   351   0.55592   2.55910   2.42271    1027   25
   352   0.22201   0.97620   0.48302     264   15
   353   2.57182   1.28106   5.71980     344   13
   354   1.75272   1.48549   1.67490     302   18
   355   2.14550   2.77151   4.38560     360   15
   356   0.82165   1.03598   0.94533      89    7
   357   1.26207   2.08575   2.70067     211   11
   358   2.31675   1.33395   3.87163     412   16
   359   5.24491   2.16604   5.74739      12    3
   360   5.70589   1.75498   5.71819     576   17
   361   3.84378   1.49586   2.35343     103    7
   362   1.36699   0.82224   3.14537     668   20
   363   4.21971   1.44636   4.01743     154    8
   364   4.04152   2.27099   1.49998     167   13
   365   2.17873   0.78219   5.25071     193   13
   366   2.73430   2.28993   0.66806     185   11
   367   3.53571   1.45125   1.84291      31    6
   368   2.99172   2.59193   5.68899     307   16
   369   5.41392   1.28863   0.31328     498   17
   370   1.18375   0.86689   3.73029      71    8
   371   3.06674   0.36025   6.08067     250   14
   372   0.53528   2.36325   4.64236     253   14
   373   1.69589   1.04846   1.46709     159    8
   374   0.32821   0.73742   3.57043      75    7
   375   5.93640   0.57253   3.74040     517   16
   376   3.09981   1.95397   0.89121     335   15
   377   3.05661   0.86684   2.19752     294   16
   378   5.39860   2.17899   1.64836      88   10
   379   4.61705   1.13098   5.59582      20    4
   380   3.83424   2.99201   3.58190     210   10
   381   3.78975   2.53558   1.14532     574   19
   382   1.39254   0.34837   5.34693      18    4
   383   0.63431   2.59399   1.59787     205   11
   384   2.00647   0.36481   2.36950     252   12
   385   0.07866   0.40771   4.44302     374   18
   386   1.83290   2.09383   3.24614    2140   32
   387   3.28230   1.22593   4.03215     873   20
   388   4.91464   2.22537   3.87249      42    8
   389   0.42070   1.79613   2.27860     336   17
   390   2.02667   0.85135   2.14752     593   19
   391   2.91420   2.15396   4.23289     206   10
   392   5.23955   1.65306   4.34770     297   15
   393   4.73758   2.48375   2.16621      26    3
   394   0.41966   2.13682   5.32444      45    4
   395   4.56819   1.16797   3.92726     126   11
   396   2.13716   1.25595   6.19129    3421   42
   397   1.66240   0.99619   4.58661     498   16
   398   3.46079   1.46373   4.36370     139    5
   399   4.37245   1.75974   0.89262      91    9
   400   4.87070   2.67838   2.50761     354   15
   401   0.98319   1.31484   4.28226      81    9
   402   3.67859   1.95528   6.16330      71    7
   403   5.42323   1.96192   0.82929     345   20
   404   2.95162   1.11320   1.52511     234   13
   405   5.92583   2.42749   4.70114     811   23
   406   1.24445   1.94564   5.85226     198   12
   407   5.63927   1.56103   0.34401      75    8
   408   1.20501   1.68804   3.30241     626   21
   409   2.43291   1.35745   5.16904     196   10
   410   3.94369   1.89147   1.11510       2    1
   411   3.17855   2.71219   3.88317    1049   26
   412   2.47988   3.05622   1.58394      10    5
   413   5.44549   0.99069   0.98868      18    2
   414   4.14515   1.97706   1.63609     251   11
   415   3.51792   1.73469   0.35967     207   10
   416   2.37575   2.52166   4.25746      82    5
   417   3.94369   1.89147   1.11510      54   11
   418   4.65050   2.00295   3.77503     449   13
   419   2.83435   1.00145   1.14290      51    6
   420   2.12793   1.26525   5.88062     515   20
   421   4.89300   1.90179   5.41303     175   10
   422   0.16460   0.47518   5.00792     194   12
   423   2.76452   1.97301   5.51387      70    5
   424   5.38930   1.99332   1.06649     437   20
   425   2.78507   0.58756   4.87177    1499   29
   426   3.79605   0.40908   6.20212      61    5
   427   2.69456   0.80037   2.66624     325   15
   428   5.74824   1.15541   2.83913     378   15
   429   2.71963   2.20916   2.28637     693   21
   430   2.64432   1.94015   3.94025     261   12
   431   3.82655   1.18271   1.59401      56    8
   432   5.21669   0.76339   3.44997     299    9
   433   6.26432   1.42512   3.64026      22    3
   434   5.13724   0.60356   2.39847     360   17
   435   1.85788   2.11752   6.03019     373   17
   436   0.21016   1.19536   5.38151     299   15
   437   2.00542   1.20583   2.51413    2403   37
   438   4.67555   1.69683   1.67962     422   20
   439   5.55996   2.31097   6.01960       6    2
   440   3.82721   1.62142   2.55583     721   20
   441   1.69474   2.79293   0.80610     335   17
   442   4.99834   1.96157   2.89046     260   13
   443   3.18550   1.92020   5.06921     190   15
   444   3.32958   1.81928   3.66245      34    5
   445   1.45912   0.87075   0.97573     251    9
   446   2.97690   0.70358   4.00436     204   12
   447   0.28778   1.44074   4.41243     129   11
   448   5.28399   2.37266   2.09853     607   18
   449   5.44549   0.99069   0.98868      12    3
   450   5.74513   1.54547   5.76523     212   11
   451   5.69317   1.50195   5.06592     557   19
   452   5.02387   2.18327   0.87347      37    6
   453   2.42255   0.46931   3.49844     103    7
   454   3.87532   1.89722   1.11479     471   18
   455   1.65869   1.78696   2.90509     734   20
   456   2.54617   1.69025   5.30067     137    9
   457   5.11567   1.59741   2.21710     144   11
   458   0.31030   0.77458   2.17607    8403   73
   459   3.52815   0.94421   5.37228     217   12
   460   0.81524   1.96123   1.84124      15    2
   461   2.09564   0.90466   0.05539     521   14
   462   0.75039   1.02226   3.84434     381   16
   463   2.43843   2.33646   1.70564     148    8
   464   6.14099   1.81485   4.40135     300   15
   465   1.65869   1.78696   2.90509       4    2
   466   1.81491   1.77894   3.51845    1500   25
   467   5.55017   0.70597   5.24325     747   26
   468   5.07421   1.43396   3.30009     273   16
   469   1.19576   1.56069   1.97610    1292   29
   470   5.12058   1.18183   1.86107     332   13
   471   5.78485   0.89986   1.21411      79    7
   472   3.96424   1.43086   5.07820     173   11
   473   5.75233   2.25778   2.91281     151   10
   474   3.82620   2.23618   1.10639      98    8
   475   5.67784   2.40223   5.33482    1137   30
   476   5.20791   2.39797   1.69398       5    2
   477   0.34364   1.59634   5.67119     192   11
   478   0.90068   0.21290   5.40997     296   18
   479   3.70215   1.98485   5.53686      43    6
   480   0.41680   0.45483   0.17661     646   17
   481   2.85496   1.22274   0.40809     156    8
   482   0.15000   0.04672   3.22430     940   24
   483   5.55996   2.31097   6.01960       9    2
   484   4.42727   1.25335   0.94258     273   11
   485   2.62587   1.59194   4.71923     298   14
   486   4.65678   1.19674   0.55719     232    9
   487   0.00392   1.91120   0.50771     646   21
   488   0.17512   2.36447   4.71786    1627   33
   489   6.08170   2.47920   3.35650      76    7
   490   3.45908   0.98365   5.22725     616   18
   491   6.08144   2.35040   4.88360    1244   26
   492   3.25732   0.86679   0.66994     632   17
   493   0.69360   2.14727   3.79917    1080   21
   494   4.18482   1.50120   5.99819     315   15
   495   2.56389   2.27956   3.42104     970   19
   496   1.52645   1.40279   4.90020     162    9
   497   3.70062   0.80815   5.35970      46    6
   498   3.86533   0.56135   5.27319     682   21
   499   2.24087   1.80307   5.74187     356   18
   500   4.92129   2.28764   5.34083     152    8
   501   5.93997   2.63974   6.26024     129   10
   502   3.53571   1.45125   1.84291     135    8
   503   0.79524   0.75224   1.54444     101    9
   504   1.67731   1.72759   2.80914      85   12
   505   0.30955   1.80790   3.61445     732   21
   506   6.02121   1.35458   0.41530     233   13
   507   2.64234   2.30630   2.81711     578   25
   508   1.61620   0.99962   2.77089     486   20
   509   0.54056   1.44237   4.82061     649   20
   510   0.28692   0.76521   4.67241     429   16
   511   2.43843   2.33646   1.70564      40    5
   512   2.30660   0.48920   0.95079     396   16
   513   4.49915   2.54986   5.57042      59    7
   514   2.35460   1.84213   3.86318      28    5
   515   3.75286   2.15138   3.03105     101    8
   516   4.34621   0.34890   3.03227      21    2
   517   4.59682   1.08707   0.40389      19    6
   518   5.55762   1.05816   0.71177      96    5
   519   1.62493   1.22496   1.77271      52    7
   520   5.41488   2.38792   3.03458     106    8
   521   5.61328   1.12660   5.66246     254   13
   522   4.11997   1.69073   1.42589     374   19
   523   3.14254   1.99256   3.33332     872   17
   524   0.81782   0.21077   2.47102     355   12
   525   3.71313   1.18691   1.25992     258   11
   526   4.55819   1.77894   4.47899     884   22
   527   1.64170   0.78839   5.02512     214   12
   528   0.63850   2.10057   1.20571     479   19
   529   3.90294   0.51538   4.44986     110    8
   530   0.87609   1.68856   3.97479     164   11
   531   4.18908   0.88499   6.00248     263   14
   532   3.36745   0.83540   3.76513     336   11
   533   3.17217   2.32998   5.55578     143   10
   534   3.08430   1.90329   2.87356    1149   30
   535   3.62271   2.23787   0.81477     988   20
   536   3.38109   1.50216   6.26657     155   11
   537   4.38814   1.58745   1.18541     298   13
   538   5.89436   1.38195   1.53131      48    6
   539   2.34905   1.33674   0.89958     346   17
   540   5.99391   1.80307   2.86919     194    7
   541   0.69339   0.74146   2.98808     368   12
   542   5.88003   1.75044   2.28483     214    8
   543   3.36641   1.34411   5.23088     322   14
   544   1.09107   1.03973   4.95089     357   14
   545   2.44840   2.02198   6.22779     133   12
   546   4.07230   1.41947   1.11767       9    3
   547   4.15305   1.80106   3.13636     250   13
   548   1.90847   2.16964   0.66411     338   13
   549   2.52544   2.20988   0.20416     374   15
   550   0.80902   1.48246   3.07842      41    7
   551   3.14276   0.55060   6.10527     302   14
   552   0.58757   1.66324   5.94428     225   11
   553   3.30562   0.71457   0.37963     344   14
   554   4.10088   1.49731   4.80624     665   17
   555   1.98793   1.21958   2.59161      32    7
   556   0.12101   0.62821   0.80797     239   12
   557   0.87275   1.10143   3.86993     131   11
   558   2.24481   0.83486   0.15149     442   16
   559   2.54033   1.29459   0.00958     821   21
   560   1.29983   0.30577   5.32232       7    2
   561   0.12567   0.64281   2.77831     294   11
   562   1.74176   2.26749   2.24601     296   16
   563   1.05932   1.19447   0.82741      36    7
   564   3.07106   2.36801   2.32132     956   22
   565   1.69051   1.85678   0.89654     483   14
   566   1.00351   2.78635   1.79383     158   11
   567   5.56228   2.25762   5.07750     437   15
   568   2.94601   1.99310   1.72883     338   13
   569   4.89464   3.00243   3.25644     149    9
   570   3.68633   1.51257   4.63923     329   14
   571   5.48872   1.42912   1.75238     780   23
   572   3.82212   1.19858   0.64594     106    7
   573   2.13454   2.03863   5.08283     444   15
   574   2.36675   1.71652   2.08221     252    9
   575   3.44424   2.52866   2.35175     315   12
   576   5.55996   2.31097   6.01960      51    8
   577   5.78485   0.89986   1.21411       1    1
   578   3.11071   2.37138   1.42412     359   14
   579   1.05798   1.94411   4.73546     338   16
   580   1.66280   1.28278   4.51250     273   11
   581   2.46293   0.91955   4.31425     136    9
   582   2.94943   0.78323   0.50734     325   15
   583   4.17445   2.59821   1.87137      76    9
   584   0.38350   1.21402   2.61135     211   13
   585   1.28516   2.28232   5.21273      77    7
   586   4.53550   1.60219   2.40592     667   20
   587   1.36699   0.82224   3.14537      13    1
   588   5.68370   1.94505   0.18189     694   17
   589   6.17888   1.36245   0.97272      41    7
   590   3.45735   0.89226   3.89433     270   16
   591   3.23748   1.13356   0.52914     283   13
   592   3.99345   1.76837   5.05687     198    9
   593   2.82604   2.34204   2.08432     985   23
   594   1.78951   2.58726   4.36139     460   14
   595   1.93283   1.34581   0.31543      23    4
   596   5.65996   2.42037   5.06934     137   11
   597   2.22333   0.43270   2.88423     224   11
   598   1.61412   0.34305   3.19070     260   10
   599   0.21719   1.57860   2.57354     136   10
   600   3.94339   0.98118   4.73642      85    9
   601   2.78885   0.68274   2.14331     457   17
   602   0.12470   0.42915   5.59670      81    9
   603   1.40383   1.43437   5.46360      54    6
   604   2.23488   1.18208   0.83622     536   18
   605   0.04703   2.12924   1.12043      58    7
   606   5.67514   1.60094   4.49026      86    6
   607   4.18025   1.77726   3.95060     359   10
   608   1.53946   1.39435   3.68802     408   18
   609   4.48934   1.10581   2.80280     799   18
   610   5.63116   1.82195   4.08840    1635   21
   611   2.91037   1.97045   1.83290      31    2
   612   4.30323   1.83370   0.62376      37    5
   613   2.53514   1.90074   1.21181     529   20
   614   4.90500   2.16913   4.62957      64    7
   615   5.71496   1.74725   5.90007     316   13
   616   5.53089   2.43813   1.59629     173    7
   617   2.80676   2.21904   5.95037     731   24
   618   0.19289   2.24759   5.16391     452   18
   619   5.90627   1.18710   1.21537     455   17
   620   2.44397   2.18343   0.56805     492   17
   621   2.86451   1.02260   0.58432     651   17
   622   4.55328   2.34110   0.71926      95    9
   623   2.63781   0.81374   0.29897     848   22
   624   5.08290   1.52705   0.05696     132    7
   625   2.15006   2.21761   3.94672     289   14
   626   3.45397   1.53136   0.48680     469   17
   627   5.96414   2.57458   3.23176     591   21
   628   3.84605   2.67284   0.94368     246   12
   629   5.26772   1.98458   2.21082      52    6
   630   1.08289   0.84395   3.92414      83    7
   631   4.75577   0.51421   0.75684     150   10
   632   0.81150   2.37255   5.95676      38    7
   633   4.24503   1.01183   4.59736       1    1
   634   0.63534   1.03780   5.18943    1286   24
   635   1.36699   0.82224   3.14537      56    3
   636   3.87465   2.01494   0.06814     105    8
   637   6.01798   1.52775   3.24976     698   21
   638   4.41385   1.70528   2.48247     238   13
   639   2.37411   2.00048   0.19041      10    2
   640   1.89702   0.40414   2.56705      58    5
   641   1.14500   2.91133   0.12038     296   15
   642   4.74427   1.70844   3.26995     590   16
   643   1.08597   0.83268   1.78020      15    4
   644   0.77231   1.59945   2.76447     210   12
   645   5.02083   1.58423   1.77615      74    7
   646   3.63165   0.88946   5.55670     232   13
   647   5.24159   1.63197   1.68803     142   10
   648   3.03230   1.68948   0.56782     121   12
   649   2.97537   2.02491   4.45302      76    5
   650   0.02810   0.77902   2.19256     121    9
   651   3.79736   2.83419   3.15778     556   20
   652   6.25097   1.16833   2.84688     308   15
   653   2.65482   3.01071   1.05210     532   17
   654   1.93299   3.03747   4.33277      32    6
   655   1.04513   1.82454   4.92256    2206   40
   656   2.06343   2.47234   1.85513      83    5
   657   1.81289   0.40773   1.81855    1322   24
   658   4.14966   2.12985   0.67244     549   19
   659   1.51994   1.51032   0.56958      46    9
   660   4.30844   1.10600   0.05037     248   16
   661   2.74425   2.38167   1.69872     272   14
   662   2.76483   0.61680   1.76946     239   14
   663   5.39082   1.48676   4.03193    1135   25
   664   3.17734   1.75708   1.40322     259   16
   665   5.79659   2.85181   2.78873     123   11
   666   3.81685   2.98799   3.51375     447   14
   667   1.64577   1.78031   1.78847     120    9
   668   3.73276   1.21080   4.42462     740   21
   669   5.85726   1.23491   0.20380     331   20
   670   5.74728   2.91082   0.30789     307   16
   671   2.25288   2.42466   1.49587     140   12
   672   2.04571   0.78557   2.02970      31    5
   673   4.74868   1.82599   1.58645     144    8
   674   1.39254   0.34837   5.34693       1    1
   675   6.08298   0.70971   2.15391     364   16
   676   4.05297   2.28430   4.80998     155   11
   677   2.96269   2.21332   2.59296      32    6
   678   2.21585   2.09486   3.45357     190   10
   679   2.63312   0.83280   5.15604     610   22
   680   1.75497   0.50723   0.38964     152    9
   681   3.80444   2.07075   5.22427      88    4
   682   2.69145   0.60244   0.63244      47    7
   683   4.83059   1.12982   6.21849     202   13
   684   3.32674   0.42541   5.68022     206   13
   685   4.54026   0.87652   4.04373     344   15
   686   3.73308   1.87393   0.66401     169   10
   687   0.45828   1.95948   0.45776      42    6
   688   5.97477   1.90597   2.81167     188   10
   689   0.54230   2.25735   1.10011     234   14
   690   0.30717   1.75418   0.34269     253   12
   691   5.57690   0.57323   1.00519     104    9
   692   2.42898   2.84632   4.62845     138   16
   693   2.43211   2.21434   0.06105     974   23
   694   5.02387   2.18327   0.87347     124    9
   695   5.92686   2.20272   0.73327     412   16
   696   0.60164   1.17372   1.19070     473   18
   697   1.31322   1.36590   0.44506     217   15
   698   3.95989   1.31232   3.78027     253   12
   699   5.29991   0.56967   3.25220     868   19
   700   2.89048   2.12154   3.00056     282   13
   701   1.39254   0.34837   5.34693     179   13
   702   4.34031   2.43624   2.97508     265   12
   703   3.22575   1.95612   2.87250    1100   23
   704   5.92795   2.17391   2.27942     570   16
   705   3.47482   2.41274   0.67115     237   11
   706   3.86543   2.30231   1.21229     586   17
   707   3.21049   2.22428   1.86762     633   22
   708   2.83530   1.20952   4.57351     108   11
   709   0.38528   2.88029   1.22778     343   14
   710   0.74927   1.34305   5.54813     543   18
   711   3.72908   2.56004   3.37808      40    2
   712   2.80271   0.60179   4.29373     162    9
   713   1.11100   0.20209   2.72466     483   14
   714   1.10576   1.08150   2.47734     314   16
   715   3.34736   2.02615   5.17847     236   11
   716   0.67905   2.33901   5.45656      53    7
   717   5.69604   1.72052   5.36512     705   17
   718   5.96755   1.50722   0.79890    1183   25
   719   0.42295   3.08549   0.63955     181   11
   720   2.02464   0.82224   4.41174      83    6
   721   2.54301   1.90350   5.04640     340   13
   722   3.39955   0.71238   3.77482     878   28
   723   2.37348   1.09187   3.53853     304   13
   724   5.75000   1.77466   1.05312      31    5
   725   0.74498   1.18351   5.56436     215   11
   726   5.52675   0.99250   2.92915      21    3
   727   3.42277   1.72107   5.02804      81    8
   728   3.36681   1.59755   1.45588     222   16
   729   1.98793   1.21958   2.59161     360   19
   730   5.07141   2.19670   1.09557     308   11
   731   3.52498   1.56391   0.35128     780   22
   732   5.79670   2.15163   5.36827     138   10
   733   3.12272   2.49694   1.89943     228   13
   734   4.15805   2.33681   6.25261      45    4
   735   0.03806   1.11745   2.35376     738   23
   736   4.68206   0.89970   4.81088     324   15
   737   4.40297   1.32383   0.60027    1454   26