     1   0.00000   0.00000   0.00000       0    0
     2   3.56833   1.55963   4.76115     862   12
     3   0.48686   1.72339   4.75868     652   13
     4   2.04243   1.58132   4.81961    2335   17
     5   5.34198   0.06273   6.23059     783   12
     6   5.28869   1.64459   6.16625    1644   17
     7   0.48626   1.56535   0.02715    1007   15
     8   5.87043   0.17665   4.01457     876   15
     9   2.16856   1.41210   3.12171    1058   14
    10   3.53244   1.43463   3.08814     811   15
    11   5.21472   1.60330   6.22706    1391   15
    12   2.07815   1.41055   4.71490     849   15
    13   0.52381   1.65065   4.77138    1068   15
    14   0.38085   1.76611   1.66840    1203   14
    15   6.16139   0.17837   5.34798    1286   18
    16   5.28731   1.67878   3.09563     672   13
    17   3.15499   2.99223   4.13684     826   13
    18   2.01464   1.58090   1.70598    1040   12
    19   0.17687   0.22205   4.99133    1211   16
    20   0.28052   0.19406   1.64249     702   14
    21   2.16166   1.48296   1.69359     638   11
    22   0.57805   1.59386   4.72600    1116   14
    23   3.61663   1.57742   4.61148    1566   12
    24   5.16997   1.59921   6.12297    1944   18
    25   1.99236   1.46296   0.24053    1350   14
    26   2.86244   2.85875   3.93394    1365   15
    27   6.06344   0.28661   0.78148    2353   15
    28   2.09600   3.01588   4.63018    1654   18
    29   5.74964   0.19879   5.74352     586    9
    30   0.55938   1.76167   0.00839     585   11
    31   2.04003   1.51937   4.74797     466   12
    32   2.68620   3.03970   3.76765     460    8
    33   5.25525   1.73517   1.47041     492   13
    34   0.12513   0.25741   5.19718    1104   16
    35   0.49252   1.60795   4.67674     670   12
    36   2.65484   2.87910   3.81389    4307   27
    37   3.64718   1.58330   4.55388    1171   14
    38   3.50322   1.58653   1.44899    1552   17
    39   5.82091   0.22107   2.62020     594   11
    40   0.04848   0.15648   5.05513    1475   17
    41   0.22592   0.23262   1.83691     811   12
    42   0.48189   1.61908   1.63203     976   15
    43   3.00672   2.92096   4.06423     724   13
    44   0.58612   1.69429   1.62554    1773   17
    45   5.16506   1.58349   2.89787     779   14
    46   3.64364   1.43610   1.51563    1229   14
    47   2.02332   1.34998   4.90836     519   10
    48   3.08960   2.98139   2.52082    1462   17
    49   0.51665   1.66037   3.23945    1847   18
    50   5.16506   1.58349   2.89787     465   13
    51   3.66984   1.35560   4.59110    3054   24
    52   2.15687   1.57447   1.65491     681   14
    53   5.39797   0.04315   1.34094    1364   13
    54   5.19146   1.60012   6.18041     607   11
    55   3.67254   3.09230   0.03580    2394   21
    56   1.92103   1.49186   3.33505     587   12
    57   3.33627   2.97291   4.33996    2415   20
    58   3.27935   2.89353   5.96862    1204   14
    59   0.54066   1.57055   1.58480     635   13
    60   3.68354   1.47306   6.21143    1298   18
    61   0.50990   1.79862   3.13323    1198   14
    62   0.56908   1.60096   4.86693    1418   14
    63   3.50231   1.46497   6.17848    2011   21
    64   5.19170   1.57164   1.36536    1892   20
    65   2.04330   1.50343   0.23743     460    9
    66   5.28430   1.68873   4.59730     991   12
    67   0.64167   0.11753   2.87675     596   12
    68   0.51253   1.62899   4.85426     622   12
    69   5.30729   1.72769   1.36933     804   16
    70   5.06724   0.16225   1.65275     792   12
    71   3.68027   1.44828   3.00487    1606   20
    72   0.39728   1.63002   0.02021     983   10
    73   5.22363   1.68155   1.54755    1886   19
    74   0.48626   1.56535   0.02715     529   12
    75   5.22595   1.67055   3.13701    1097   16
    76   3.57058   1.56357   1.48284     989   13
    77   2.12050   1.37559   0.17983     734   10
    78   5.25525   1.73517   1.47041     816   13
    79   2.69187   2.98073   3.86524     882   14
    80   2.65484   2.87910   3.81389     597   12
    81   2.16855   1.43590   6.26901    1288   16
    82   5.98576   0.27720   0.81479    1082   14
    83   0.60016   0.25528   1.57170    1027   15
    84   0.59913   1.67774   4.92479     540   12
    85   0.36906   1.76618   1.63236     520    9
    86   3.65995   1.34813   1.50830     710   13
    87   5.19146   1.60012   6.18041    1631   18
    88   3.27066   2.88411   4.44170     646   11
    89   0.60743   1.57112   1.57703     756   11
    90   0.48626   1.56535   0.02715     271    8
    91   0.55819   1.54370   1.67507    1921   17
    92   2.04987   1.47787   3.37259    1439   15
    93   0.71272   0.10540   1.36287    1098   13
    94   1.87957   3.00860   6.00281     352    9
    95   0.60089   1.67454   1.56933     899   12
    96   3.60192   1.37289   1.45784     739   10
    97   0.54066   1.57055   1.58480     902   14
    98   0.59544   1.73540   3.26997    2623   23
    99   3.60549   1.37982   6.06672     903   13
   100   0.55453   1.62117   0.17387     757   14
   101   0.47840   1.61664   0.14535     367    9
   102   2.10798   1.54917   1.77533     932   14
   103   3.71026   1.39992   1.37975    1966   16
   104   0.48126   1.54956   1.73424    2389   20
   105   2.15110   1.51182   3.30603     530   10
   106   5.30867   1.62620   4.57079     388   10
   107   5.11711   1.62063   4.56986    1175   15
   108   5.21785   1.68252   6.21029     828   13
   109   5.30921   1.68558   3.02324    1402   15
   110   3.26454   3.04569   2.85169    1010   14
   111   5.77902   0.23373   5.82476    2569   20
   112   0.44195   1.62172   6.23342     744   14
   113   1.92165   1.52869   3.25370     762   13
   114   5.15793   1.76937   6.12990     963   16
   115   5.70463   0.12108   4.09187    1754   17
   116   0.60013   1.55191   0.15486     614   10
   117   1.99386   1.59468   0.10823    1248   16
   118   5.17215   0.15035   4.74190    4075   23
   119   2.13692   1.56675   0.16588    1118   16
   120   6.27319   0.17059   5.23170     842   17
   121   3.53766   1.49463   4.52445     485   12
   122   2.04330   1.50343   0.23743    1043   16
   123   5.06256   1.66596   6.20740    1723   19
   124   2.00088   1.59897   0.11582    1240   14
   125   3.56998   1.37229   1.39876    1280   15
   126   0.45876   1.68954   0.01681     391    9
   127   5.32071   1.61086   3.15077     972   14
   128   3.55895   2.91474   4.54272    2805   21
   129   3.61216   1.33587   6.18409     994   12
   130   5.33424   0.13241   1.50047    1482   18
   131   2.06786   1.49834   4.83415    1864   18
   132   2.15110   1.51182   3.30603     674   12
   133   5.19146   1.60012   6.18041    2005   18
   134   5.08828   1.61745   2.92623     932   11
   135   0.56708   1.58193   3.22055    1326   14
   136   0.78067   0.10451   1.36940     801   12
   137   3.11678   2.90881   5.89807    1896   20
   138   5.18778   1.60788   1.41863     727   11
   139   4.30534   3.07285   3.85523    3611   24
   140   0.58509   1.69131   1.60496    1349   18
   141   0.47700   1.70970   0.17524    2132   16
   142   0.54066   1.57055   1.58480     751   11
   143   3.56412   2.97616   4.78173     620   12
   144   0.45048   1.71135   4.81185    1597   19
   145   1.96626   1.47253   0.05906     651   11
   146   2.75007   2.96943   0.73645    1785   20
   147   5.85696   0.19924   4.16485     695   11
   148   3.61253   1.39763   3.06592     563   10
   149   3.51834   1.45411   4.68927    2313   17
   150   2.65484   2.87910   3.81389     801    9
   151   3.06923   2.92460   1.05251    2214   16
   152   6.11103   0.08255   3.72697    1034   13
   153   3.63050   1.50943   2.98099     904   12
   154   5.17556   1.61403   6.12142    1391   15
   155   0.56754   1.71062   3.12920    3060   26
   156   0.47349   1.70055   3.28240    1453   19
   157   1.96716   1.57439   0.24939     829   11
   158   5.16506   1.58349   2.89787     582   12
   159   5.85163   0.11973   3.98052    1721   19
   160   3.63580   1.48270   3.08910     748   10
   161   0.61159   1.72551   0.21509     756   11
   162   6.03739   0.17006   5.43967     918   12
   163   3.59786   1.52773   4.77045     748    9
   164   5.87043   0.17665   4.01457     689   14
   165   0.43540   1.61804   4.84168     706   10
   166   2.62527   2.97672   0.47077     572   11
   167   2.65484   2.87910   3.81389    1217   15
   168   0.49467   1.79623   0.09300    1646   17
   169   5.14912   1.61628   6.06582    1642   15
   170   5.27334   1.65507   6.20690     419    9
   171   3.49121   1.48012   4.68985     831   15
   172   2.04003   1.51937   4.74797     960   12
   173   0.75431   0.13535   4.32421     754   12
   174   0.64167   0.11753   2.87675    1576   18
   175   5.08828   1.61745   2.92623     314    8
   176   5.21757   1.53342   4.57173    1263   14
   177   0.46741   1.59405   4.80224    1292   16
   178   5.89019   0.27911   5.52114    1798   21
   179   3.59332   1.48664   6.13798    1126   16
   180   0.54336   1.75063   3.24091     530   10
   181   0.75431   0.13535   4.32421    2632   22
   182   2.12037   1.48127   4.79685     572   12
   183   0.47470   1.76027   6.27481    3333   25
   184   0.40277   1.61989   0.02776     851   16
   185   3.54920   1.34175   1.44554     777   15
   186   3.50462   1.41451   6.23186     295    8
   187   0.35816   1.64819   3.22127    1063   14
   188   0.38050   1.70496   4.77526    1373   16
   189   2.08172   1.50812   4.81140    2057   19
   190   3.58873   1.43521   6.21114     578   13
   191   0.53505   1.72500   3.25924     873   14
   192   0.54070   0.21198   4.61210     401   11
   193   5.19858   1.62089   6.12432     375   11
   194   5.26469   1.73588   3.09429    1567   16
   195   2.76601   2.94636   2.23924     492   10
   196   1.99351   1.58449   3.25172    1277   16
   197   0.47638   1.66113   4.87197     700   16
   198   0.07998   0.23939   5.13937     867   13
   199   0.53505   1.72500   3.25924    1037   15
   200   2.78033   2.97842   3.87547     396   10
   201   2.97411   3.00695   4.02640     280    9
   202   2.04330   1.50343   0.23743    1390   17
   203   0.58476   1.74563   3.30555     557   11
   204   0.51365   1.59625   4.88706     860   12
   205   5.80910   0.25678   3.97191    1501   19
   206   3.65187   1.43189   1.45106    1131   16
   207   5.08984   1.59960   2.99406     891   11
   208   3.50247   1.52859   3.06086     719   12
   209   3.52583   1.48911   6.11916     789   13
   210   3.63163   1.41212   6.18857    1220   15
   211   5.20271   1.59520   6.22448    1292   13
   212   5.79481   0.14836   2.48746    1902   18
   213   0.47452   1.63382   4.77718    1867   20
   214   6.00967   0.22959   2.23717     318    9
   215   0.14766   0.15132   1.78646     740   12
   216   5.20635   1.61631   6.26654    1210   14
   217   2.04330   1.50343   0.23743    1333   16
   218   3.59158   1.38299   6.21178    1710   19
   219   2.95361   2.99336   5.74810     509   11
   220   2.97411   3.00695   4.02640     748   14
   221   0.33389   0.19139   4.73735     720   10
   222   2.75503   3.01550   3.88901    3329   26
   223   2.04593   1.43336   3.23616     332   11
   224   3.63288   1.44977   1.55194    1364   16
   225   0.13696   0.16512   3.51362    1059   12
   226   3.24963   3.04492   4.33501    2425   18