     1   0.00000   0.00000   0.00000       0    0
     2   4.19264   0.86543   4.89388    1374   12
     3   1.45138   1.45271   6.03516     912   13
     4   0.72498   2.15566   4.80417    1653   17
     5   1.67180   1.51827   2.66029    1080   14
     6   3.43441   0.65367   0.77926    1002   14
     7   2.73721   1.55580   4.61072    1022   16
     8   5.93581   0.98779   3.97548    2359   20
     9   0.48670   1.50572   0.53903     785   14
    10   6.07565   1.71937   3.47772     838   12
    11   4.57297   0.56144   4.90741     914   12
    12   2.58199   1.74606   0.67141    1366   14
    13   3.00468   1.90024   0.50846     811   10
    14   1.46081   2.51691   2.50249     927   10
    15   4.43866   0.85210   5.83207    2101   17
    16   0.78270   1.20870   2.49091    1952   20
    17   4.90161   1.27460   4.67231    1322   16
    18   2.30058   1.79046   3.70158    1469   16
    19   5.02410   1.44660   3.56012    1090   14
    20   4.33080   2.59028   5.88960    1402   16
    21   2.15110   0.90872   5.63172    1372   16
    22   2.63076   1.73684   1.52227    1222   13
    23   4.42802   2.09554   2.24039    1452   18
    24   4.57005   2.12563   2.14064    1066   15
    25   5.59179   2.06066   5.34252     994   12
    26   0.42505   2.43825   0.24715     818   12
    27   3.16788   1.43979   1.96644    1409   16
    28   6.00846   0.47729   1.53165    1680   18
    29   6.07221   1.57792   3.18994    1116   11
    30   1.53565   1.00819   2.50311    1152   12
    31   1.37506   0.74377   4.78910    1067   13
    32   1.84225   1.20153   1.56669    1687   18
    33   1.50633   1.33716   6.10890    1186   11
    34   4.82790   0.34787   3.90169    1074   13
    35   0.86017   2.20719   5.45876    1551   19
    36   3.92829   2.04926   6.10136     920   12
    37   0.29734   2.66749   2.43133    1038   13
    38   1.67864   1.01892   1.87557    1422   15
    39   5.06133   2.40452   5.40869     685   12
    40   0.72510   1.48620   0.62687    1430   15
    41   6.19509   2.09479   1.01719    1318   13
    42   5.85027   1.69941   2.71744    1097   16
    43   5.29529   1.95595   2.93391     924   11
    44   6.06111   1.17198   4.64429    1642   15
    45   4.27811   2.70232   3.89669    1046   14
    46   2.37847   1.30470   3.93680    1690   16
    47   4.96011   0.55053   5.50110    1651   15
    48   0.62506   1.69206   2.57732    1390   14
    49   2.38053   1.57722   5.07974     899   13
    50   5.53306   2.11773   4.75065    1573   15
    51   3.83774   2.04115   2.63805    2895   19
    52   3.14906   1.95461   5.78568    1019   17
    53   2.06567   2.74767   2.48688    1458   15
    54   2.32847   1.73766   2.67115    1365   17
    55   3.35292   2.22993   6.14582     853   12
    56   5.76707   0.34679   3.38284     963   12
    57   4.67514   0.86277   2.93266    1445   17
    58   1.09661   2.39495   6.09946    1101   13
    59   5.85416   2.33501   3.34532    1271   18
    60   6.00196   2.29450   1.12110    2537   22
    61   3.59078   1.72064   5.17392    1958   17
    62   2.75255   1.67930   3.52898    1398   18
    63   2.59538   1.84562   0.65165    1108   16
    64   3.63557   1.43958   5.79070    2114   19
    65   5.94182   2.41105   3.16085    1774   16
    66   4.66761   1.94452   3.24509    1402   13
    67   3.46597   1.54086   1.97732     774   14
    68   5.84934   0.62222   0.67582     843   11
    69   1.61249   2.36026   3.30577    1684   17
    70   3.29945   2.27053   0.02921    1410   16
    71   5.55532   1.92110   4.33127     671   10
    72   3.22274   1.37155   3.40879     900   11
    73   0.81497   1.62684   3.19247    1336   15
    74   5.63999   2.69342   4.32303    1092   13
    75   4.39703   1.92401   5.24083    1185   14
    76   0.34525   1.30046   6.09106    1263   15
    77   4.12269   2.25843   4.52481    1606   15
    78   2.71845   0.69468   1.14353     880   13
    79   1.70985   0.99321   1.56271     962   14
    80   4.06075   2.27613   0.14877    1512   15
    81   3.54981   2.18859   4.45051    1782   20
    82   4.32341   1.28676   0.05963    1228   15
    83   3.11270   1.94390   5.00016    2392   18
    84   4.01219   0.70877   5.43730    2900   21
    85   2.41071   2.24262   1.42895    1775   16
    86   4.29055   1.47562   3.83432    1973   17
    87   2.98474   1.65665   3.92551    1865   20
    88   6.25345   1.17849   0.25665    1131   13
    89   5.10756   1.88874   4.54506    1345   15
    90   1.75669   0.76188   4.27107    1835   17
    91   0.35570   1.75628   1.58498     955   15
    92   6.02579   2.03319   5.22334     972   12
    93   4.14837   1.76560   4.85407    1734   17
    94   2.53878   2.98239   2.89727    1318   14
    95   3.04521   1.68449   5.58381     894   14
    96   1.00168   1.31417   6.16912    1477   17
    97   1.09540   0.76467   3.04477    1643   16
    98   0.84790   0.70380   3.23941     621   10
    99   5.90013   1.67580   5.13978    1181   11
   100   0.51906   1.00277   2.85046     522    9
   101   3.78656   1.49791   3.38576    2075   16
   102   1.97742   1.79510   1.95334    1233   18
   103   0.26846   0.36766   2.65737    1746   16
   104   0.45681   2.09922   4.40536    1288   14
   105   5.19583   1.29199   1.68754     938   12
   106   5.94984   1.30684   0.09219    1168   15
   107   2.27257   1.45207   0.01388     990   12
   108   3.70425   1.13918   4.76054     748   13
   109   5.46155   1.93273   4.59579    1236   13
   110   5.40368   1.64942   5.53557    1294   13
   111   5.09394   1.83511   0.12665    1092   13
   112   4.72266   1.96527   5.71141    1143   15
   113   1.32924   1.57370   1.24468     959   13
   114   2.15762   1.53521   3.27892     516    9
   115   5.44033   1.29422   5.29217    1263   11
   116   1.38488   2.13086   5.43270     968   12
   117   1.38908   2.20343   3.00525     948   12
   118   6.14079   1.25836   5.49109    1259   14
   119   0.45760   0.33188   1.09425     923   12
   120   2.31981   2.68484   1.76868    1407   13
   121   5.56268   1.88191   4.35374    1529   16
   122   1.03204   2.43160   0.28603    1386   14
   123   5.77919   2.51876   1.85040    1013   15
   124   2.83804   2.87679   0.91520     947   12
   125   0.23579   2.42706   0.48550    1114   14
   126   5.82732   2.29923   4.06878    1922   17
   127   5.90903   0.80027   6.00827    1540   17
   128   3.48006   0.64245   2.25974    1638   18
   129   0.37008   1.52507   0.71724    2131   18
   130   3.02979   1.64848   1.05515    1134   13
   131   2.46471   0.52193   4.81939    1272   15
   132   2.57606   2.24840   5.15845    1501   15
   133   2.47284   0.62830   1.36058     888   11
   134   5.70189   2.54463   0.21930    1201   13
   135   4.44645   1.49739   0.64283    1367   14
   136   4.38128   2.51672   1.94236    1548   14
   137   2.58579   2.17917   2.23162    1607   17
   138   2.73582   1.33816   2.86325    2011   19
   139   0.74213   0.38922   2.29930    1425   13
   140   0.42515   2.04392   0.24712    1493   16
   141   2.27591   2.24103   4.31688    1298   16
   142   1.29053   1.34678   5.31885    2115   17
   143   1.42245   1.31859   0.60082    1844   18
   144   3.40007   0.47010   3.22378    1220   14
   145   1.83213   2.91908   4.56644     982   14
   146   6.11753   1.92876   3.45794    1286   14
   147   0.56433   0.26297   1.27905    1581   17
   148   6.05512   1.89696   1.77549    1334   13
   149   5.24980   1.52948   1.15651    1944   15
   150   5.80797   1.44506   3.60516     695   12
   151   2.84060   1.95002   6.00256    1826   17
   152   1.76596   1.61861   3.69510     847   12
   153   3.07639   2.15434   1.00913     638   11
   154   1.38381   1.09038   0.59524    2034   18
   155   3.38402   0.94062   3.62226    2141   17
   156   2.60670   1.00612   2.78217     915   13
   157   5.68013   2.18483   3.52155    1576   18
   158   2.15926   1.15444   5.58136     806   11
   159   0.96754   0.88193   4.25391    1160   13
   160   3.78990   1.31995   6.21186    1658   17
   161   5.90010   1.86198   3.57910    1641   16
   162   2.43894   2.04305   5.16590     953   14
   163   1.16785   2.27205   5.95677    1060   14
   164   5.86470   1.73361   4.17634    1243   14
   165   6.18306   1.18211   2.18413    1923   15
   166   6.07722   1.67129   2.10572     684   14
   167   2.58396   0.89789   3.49886    1605   14
   168   4.16893   1.37667   5.53838    1112   13
   169   5.59370   1.30535   1.80891    1604   16
   170   0.85514   2.23046   4.82162    1846   16
   171   5.41383   0.75011   4.98236    1822   16
   172   2.43238   0.81396   4.71758    1036   12
   173   4.20980   1.67874   5.14483    1084   14
   174   0.21631   1.00612   2.30629    2061   18
   175   3.89060   2.31108   0.93551    1390   15
   176   3.42339   1.00563   3.84487    1859   19
   177   1.95938   2.39980   4.34982    1641   16
   178   2.75419   1.74852   5.37524    1181   18
   179   5.98284   0.16495   5.22408    1021   13
   180   1.22967   0.88000   4.75917     925   14
   181   2.93379   1.92729   5.25555     879   13
   182   0.56466   1.50967   1.31960    1020   12
   183   5.19168   1.78538   4.07088    1124   14
   184   1.69253   1.03479   2.75299    1343   15
   185   0.27060   1.95121   5.66196     863   13
   186   0.06602   1.65864   0.92160    1083   16
   187   0.57203   2.56551   3.58120    2099   17
   188   2.62538   1.07534   5.32738    1780   18
   189   6.19630   1.68871   0.86800    1206   13
   190   2.41941   1.94421   0.35279     932   10
   191   5.79142   1.05788   5.60306    1188   15
   192   3.44375   2.58181   0.14980     844   12
   193   3.89962   1.38082   1.78816    2100   16
   194   1.19193   0.76089   3.23560    1472   15
   195   1.01407   1.29464   3.06131    1759   18
   196   5.28937   1.23799   5.01804     914   13
   197   0.51444   2.27096   4.09002    1814   17