     1   0.00000   0.00000   0.00000       0    0
     2   5.74176   2.66860   5.89519    4843   12
     3   5.26529   0.30395   4.23165    3919   12
     4   1.68823   0.85823   3.62879   10056   17
     5   0.57290   0.81147   2.01010    5086   14
     6   3.84181   1.81389   3.04108    4184   13
     7   2.10305   1.69435   4.35691    2599   12
     8   5.59947   2.39384   5.60920   12236   20
     9   4.72088   1.54733   5.27681    7049   16
    10   5.68699   1.61535   3.94965    2830   10
    11   1.90640   1.22879   0.84186    6739   13
    12   3.98972   0.90476   4.60948    5752   13
    13   1.94577   1.46916   4.55220    6794   14
    14   5.34603   2.39008   3.09959    7499   13
    15   1.59491   2.19879   1.27162    4942   14
    16   1.86207   1.78935   5.73158    2209   10
    17   3.45429   1.27210   2.74496    7743   15
    18   4.08949   0.71601   1.36746    6689   16
    19   1.69595   1.35132   0.77667    7071   17
    20   0.95130   1.89691   2.78123    7066   15
    21   5.77500   1.97147   3.34256    6392   15
    22   4.55616   0.56388   1.04317    3635   15
    23   2.93282   1.48318   2.64382    4462   12
    24   4.12091   1.97002   0.85820   11683   15
    25   0.44005   1.25904   2.91632    1622    8
    26   4.66198   1.04710   5.06739    1550    9
    27   5.34568   0.93893   0.95467    3502   13
    28   1.79571   0.60633   3.66773    2317   12
    29   1.73600   2.03872   1.89171    7816   16
    30   5.61744   1.55478   2.20103   12364   18
    31   1.84260   1.34346   5.14312    5892   13
    32   5.93592   2.28387   5.84081    6795   15
    33   4.21484   1.01114   4.40325    7549   16
    34   2.32539   0.59914   4.34221    6312   14
    35   2.36445   1.53837   1.37045    4595   14
    36   1.78382   1.86446   2.34812    7545   13
    37   1.43156   1.78585   4.85015   11172   18
    38   0.15625   2.95444   4.79439    4906   13
    39   4.19384   2.24445   2.81892   18280   21
    40   4.56503   0.60553   3.98990    4697   13
    41   5.87825   2.01324   6.28147   13752   23