     1   0.00000   0.00000   0.00000       0    0
     2   2.52172   1.26353   2.48973    1566   17
     3   5.74640   2.05351   2.40098    2877   18
     4   3.82006   2.21329   5.65661     290    7
     5   4.56312   0.89643   1.02489     491   10
     6   2.60611   1.19593   0.87680     765   13
     7   5.66875   1.95665   0.63874    3086   20
     8   4.49161   0.94188   5.65647    1521   16
     9   1.52902   2.22517   3.67981     823   13
    10   1.39902   2.37937   2.05826     963   14
    11   1.37001   2.17098   5.24392    1605   17
    12   2.66191   1.10325   2.34854     444    9
    13   5.66868   2.00331   2.23895    2875   18
    14   2.58299   1.26248   2.37756    4185   22
    15   1.44466   2.37467   0.54755    1823   15
    16   2.47272   1.10478   5.54675     504    9
    17   0.70921   0.91231   5.26979     730   12
    18   2.57928   1.22761   0.75804    2001   15
    19   4.51344   0.77456   2.73861    2708   20
    20   1.37142   2.28250   0.57975    1388   13
    21   0.69727   0.84228   5.34840    3642   20
    22   4.51173   0.88086   5.86728     327    9
    23   1.47611   2.20229   0.59977     399   10
    24   4.00417   2.31403   4.30018     783   11
    25   3.80243   2.28373   4.26464    1861   15
    26   4.69996   0.90051   4.00347    1264   15
    27   2.75339   1.05651   0.68683     662   11
    28   2.62967   1.09724   5.61852    6045   31
    29   4.63001   0.97789   5.70029     432    9
    30   0.72382   0.96173   2.16558    2287   18
    31   0.76665   0.94086   5.14736    1482   11
    32   3.72058   2.34851   1.03839     323   11
    33   5.68829   2.07884   0.75292     776   13
    34   3.88064   2.19377   0.97430    2671   19
    35   0.61324   0.89101   3.73114    3083   24
    36   2.53325   1.19107   0.83054    1305   14
    37   2.58299   1.26248   2.37756     658   10
    38   3.93245   2.19909   4.26507    2004   20
    39   0.77983   0.94095   0.53939    2138   17
    40   2.61774   1.15386   0.81874    1895   16
    41   3.78752   2.18630   4.03549    3704   21
    42   2.58964   1.11237   5.57224    1913   16
    43   0.56785   0.92022   5.39811    2948   22
    44   0.71142   0.87843   0.51703     671   12
    45   3.89205   2.34293   4.17837    2839   16
    46   3.85845   2.25173   2.58643     395   10
    47   4.56254   0.97326   0.95607     503   10
    48   3.79514   2.25831   0.97558     875   14
    49   3.93209   2.22857   4.17074     877   12
    50   2.57478   1.06266   0.84605    3609   20
    51   3.81357   2.23634   5.71374    1202   10
    52   4.50621   0.79592   5.70352    1982   16
    53   1.40759   2.38157   2.15094     464   11
    54   5.81051   2.01650   3.94491    1522   17
    55   5.69105   2.02340   0.72277     350    9
    56   1.32705   2.29797   5.25011     643   13
    57   1.37649   2.30100   3.59350     820   12
    58   3.91061   2.37398   0.98230    2437   17
    59   1.44538   2.36599   5.28399    2175   16
    60   1.38032   2.32376   5.28315     427   10
    61   1.47247   2.24038   0.65415    1611   15
    62   2.63605   1.19685   5.62389     887   15
    63   5.68449   1.90592   0.78858    1291   14
    64   3.75126   2.16216   5.67545    2312   19
    65   1.37142   2.28250   0.57975    3205   22
    66   1.37142   2.28250   0.57975    3116   17
    67   1.34062   2.24324   0.51197    3870   21
    68   0.80978   0.87365   3.61437    2654   19
    69   3.94089   2.22299   4.34238     308    7
    70   5.88191   2.00318   3.86418     786   12
    71   1.48147   2.24238   5.35619    1878   14
    72   4.67181   1.01889   0.99182    2665   22
    73   1.53289   2.25235   0.52961    1727   18
    74   3.80740   2.19531   5.58270     578   11
    75   1.52712   2.28050   3.78603    2910   17
    76   4.58260   0.98462   5.84139    1041   14
    77   1.43359   2.39045   3.65019     841   12
    78   5.69956   2.01365   2.31058    1451   14
    79   2.68067   1.01434   0.84387     369   11
    80   3.82006   2.21329   5.65661    1174   14
    81   1.44662   2.15277   3.62953    4157   23
    82   5.73638   2.01989   0.72542    1857   19
    83   3.94969   2.24723   5.88876     476    9
    84   2.62368   1.05242   2.39805     543   10
    85   5.68900   1.92604   3.89374    3138   17
    86   3.89205   2.34293   4.17837     785   12
    87   5.81383   1.83572   5.44256     549    9
    88   4.47101   0.83677   2.76618    3609   28
    89   5.84874   2.00492   2.23425     675   13
    90   5.74089   1.92806   3.95785    1519   12
    91   4.43319   0.90772   5.88306    1114   11
    92   3.91008   2.27196   4.13829    2597   18
    93   1.37142   2.28250   0.57975    1600   15
    94   4.53010   0.87308   1.07256    1124   12
    95   0.80830   0.91369   0.43885     667   10
    96   4.63720   0.78910   1.07290    1058   13
    97   0.76665   0.94086   5.14736     492   11
    98   1.51988   2.32519   3.80961    4961   25
    99   3.89870   2.20934   1.10709    1311   11
   100   3.81357   2.23634   5.71374     549   10
   101   4.58206   0.83699   4.15074     419    8
   102   3.60987   2.29141   4.07093    2844   20
   103   1.43688   2.31114   3.75974    5580   22
   104   4.51173   0.88086   5.86728     919   13
   105   4.65367   0.90138   4.19700     459   10
   106   4.52445   0.84404   1.00734     476    9
   107   4.52003   0.86947   1.10678    2291   17
   108   4.62328   0.96295   1.03357     494    9
   109   1.52487   2.30265   5.25624     930    9
   110   4.54479   0.80455   4.18209     769   14
   111   4.58206   0.83699   4.15074     710   11
   112   1.54476   2.25307   3.79964    1162   13
   113   2.55783   1.08813   2.42440    2916   20
   114   5.86692   2.08890   0.77130     792   10
   115   1.37142   2.28250   0.57975    1597   14
   116   2.69878   1.19706   3.87625     649   14
   117   4.58571   0.80129   4.14134    1593   14
   118   5.74890   2.09556   2.43440     315    7
   119   1.37142   2.28250   0.57975    1212   13
   120   3.85748   2.35960   1.13789     869   12
   121   1.49325   2.21258   3.77826     732   11
   122   2.61772   1.19609   2.31614     814   11
   123   1.53039   2.36567   5.23130     809   12
   124   3.81357   2.23634   5.71374    3822   23
   125   3.93050   2.32750   2.69601    1469   14
   126   5.66875   1.95665   0.63874     771   13
   127   4.66483   0.81100   5.71250    4441   27
   128   4.53181   0.95541   4.26468     957   13
   129   3.88769   2.27057   0.96649     971   16
   130   5.77365   1.90213   4.07946     547   11
   131   2.47272   1.10478   5.54675    1150   12
   132   5.75570   1.98813   5.53144     629   11
   133   5.69362   1.88847   2.37683     602    9
   134   3.80243   2.28373   4.26464     765   10
   135   5.68755   1.94441   2.38390     490   10
   136   5.68513   1.94435   5.45577    4576   23
   137   4.54562   0.96360   0.90906    3543   22
   138   1.40759   2.38157   2.15094     239    6
   139   1.37142   2.28250   0.57975    1355   16
   140   2.53325   1.19107   0.83054     561   13
   141   5.86206   1.91274   5.59030    2521   19
   142   2.62368   1.05242   2.39805     311    7
   143   3.77719   2.27524   5.74274    2586   18
   144   2.62368   1.05242   2.39805    1128   14
   145   3.96893   2.26350   4.32401     627    8
   146   3.94969   2.24723   5.88876     694   11
   147   3.75349   2.35174   0.93802     641   10
   148   2.68319   1.19626   5.39250    1012   13
   149   3.77853   2.32348   4.00324     808   13
   150   4.62755   0.98917   2.55826     466   12
   151   4.52445   0.84404   1.00734     396   10
   152   2.64354   1.12990   2.26886    5367   21
   153   1.41351   2.30597   3.56472    2309   17
   154   4.54188   0.86931   1.03141     625   11
   155   4.52932   0.77419   5.84913     932   12
   156   0.73586   0.83982   3.55902    1371   16
   157   1.50634   2.31697   2.12008     696   14
   158   2.58299   1.26248   2.37756     516   11
   159   3.82449   2.31501   0.87032     516   10
   160   0.69099   0.72788   2.19387     952   15
   161   0.74348   0.83312   3.60816     458    9
   162   2.62686   1.22803   0.85486    2764   19
   163   5.77666   1.99485   3.95903    1073   13
   164   1.56518   2.19355   3.69171    1419   12
   165   5.82925   1.89320   4.00796    2185   19
   166   3.89205   2.34293   4.17837     586    8
   167   3.89205   2.34293   4.17837     358    8
   168   3.93879   2.30725   4.22534     583   12
   169   1.23653   2.21362   0.34581    1461   14
   170   2.77722   1.22673   0.86898     885   12
   171   2.56977   1.29372   5.55079    1519   16
   172   5.92078   1.90194   0.74310    3338   20
   173   3.90118   2.20649   2.53217     497    9
   174   5.90112   1.98522   2.48748    1812   13