     1   0.00000   0.00000   0.00000       0    0
     2   0.31762   0.98487   3.14477    1953   18
     3   3.65314   0.76288   2.97207     784   11
     4   0.58366   2.35853   1.87480    3769   23
     5   2.01857   1.52477   5.57268    1921   14
     6   3.75746   0.68951   1.31054    3553   20
     7   5.11483   1.75066   5.35955     393    5
     8   3.72653   0.68782   2.89270     478   12
     9   1.98603   1.51896   2.46376     923   11
    10   3.48933   2.26363   6.23250    1114   12
    11   0.40720   0.97665   4.79913    2501   17
    12   1.93701   1.55077   5.60672    1430   14
    13   1.94960   1.41510   4.12308     948   14
    14   0.30049   0.79630   3.22875    2488   18
    15   5.18227   1.61192   3.85909    1013   15
    16   5.13035   1.64477   3.74221     469    8
    17   3.66365   0.63763   1.33204     853   13
    18   3.46259   0.69430   6.17484    1170   14
    19   1.94507   1.39703   4.02279    1121   12
    20   1.94616   1.43815   3.99793     647   10
    21   5.10267   1.79568   5.41791     553   10
    22   5.03892   1.81853   2.22032    1153   16
    23   0.62290   2.46178   4.96970    2146   14
    24   2.03994   1.53260   4.00704    3144   19
    25   0.25629   2.55868   0.07140    1235   16
    26   0.22216   1.01665   4.87737     835   14
    27   1.90833   1.47900   4.01830     604   10
    28   5.18466   1.62699   2.25010    3825   22
    29   0.32084   2.49270   1.54564     474   12
    30   0.37184   0.88875   3.14936    1745   17
    31   5.17107   1.62734   2.27006    3905   24
    32   3.35307   2.22527   6.10797    1677   16
    33   5.08926   1.70386   5.26942    2358   18
    34   0.43708   2.35458   3.20379     926   15
    35   3.53289   0.68415   3.09527    1389   14
    36   5.03892   1.81853   2.22032    1194   12
    37   0.48136   2.39094   1.76720    1306   12
    38   3.46375   2.26239   6.15213    1467   15
    39   0.15735   1.01166   4.90039    4334   24
    40   1.96100   1.50175   5.49822    1270   14
    41   0.33706   0.77420   0.09475    2370   17
    42   1.93191   1.58667   3.94029     931   11
    43   3.65314   0.76288   2.97207     394   11
    44   5.00539   1.60728   5.40282     819    9
    45   3.29185   2.33573   1.29582    4407   30
    46   5.16467   1.59183   3.89213    1429   15
    47   3.75146   0.68756   1.29172     659    8
    48   0.26581   0.77211   1.80463     687   12
    49   0.41302   2.39822   0.16705     340   10
    50   1.94616   1.43815   3.99793     945   11
    51   3.82091   0.73933   6.00106     641   12
    52   1.85302   1.55763   0.87982    3210   21
    53   3.56880   0.68610   4.59399     576   12
    54   1.88014   1.45266   2.51999     980    8
    55   1.88326   1.52798   0.83198    1738   16
    56   3.35346   2.26227   4.63482    1720   12
    57   0.25075   0.84422   0.17621    2263   14
    58   1.88373   1.41575   4.12964     469    9
    59   3.68282   0.70944   2.99659     830   11
    60   0.00000   0.00000   0.00000     460    8
    61   3.40998   2.28601   3.02967    1220   12
    62   0.59335   2.37497   4.87210     387    9
    63   3.75953   0.74670   1.31750    1384   16
    64   1.83555   1.29062   4.14526    3342   21
    65   0.42270   2.57782   4.88365    1379   12
    66   1.89655   1.49868   5.51108     528    8
    67   3.46333   2.30676   4.59883     786   10
    68   5.12608   1.64901   3.94372    1969   18
    69   3.56422   0.71548   0.01707     723   12
    70   3.79721   0.73114   5.99084    2236   16
    71   0.26581   0.77211   1.80463     677   13
    72   0.21028   0.92028   0.13664     578    9
    73   1.89358   1.49910   5.51405     465   10
    74   0.30945   0.89911   1.73972     763   14
    75   0.48077   2.49636   4.98727     450    9
    76   2.01242   1.42322   0.90549    1781   19
    77   0.26581   0.77211   1.80463     379    9
    78   1.93078   1.56509   5.59798    2080   17
    79   2.00783   1.55209   2.38883    2162   16
    80   1.90404   1.40480   0.87065    1915   14
    81   5.07579   1.62615   5.38385    1046   15
    82   5.15448   1.78088   5.37905     986   14
    83   1.88612   1.49879   4.06658    1220   15
    84   1.94616   1.43815   3.99793     412    9
    85   3.57357   0.69689   6.11870    3648   22
    86   5.14159   1.76238   3.73954    1583   17
    87   3.51409   0.63067   1.54385    3230   20
    88   0.64122   2.45747   5.00181    2515   21
    89   0.60175   2.35906   4.85992     603   12
    90   1.79269   1.50547   4.05885     447   10
    91   3.60012   0.80725   6.01993     477   10
    92   3.53637   2.13843   6.14985     526   11
    93   2.01039   1.49915   3.92115     744   13
    94   0.06294   0.79143   3.47885     491   12
    95   5.05421   1.62189   3.73062    1699   18
    96   5.16921   1.64012   5.46979    1125   12
    97   1.87072   1.46095   2.42374     797   12
    98   1.84595   1.52326   2.47450     485   12
    99   0.26193   0.77422   0.23647    2996   24
   100   5.17456   1.60084   0.64759    1969   16
   101   0.60663   2.39462   1.75961     465   10
   102   1.94616   1.43815   3.99793    4149   23
   103   0.48993   2.37660   0.29933     435    9
   104   1.88481   1.58388   4.01616    2003   20
   105   5.14523   1.59189   5.50026    1835   15
   106   3.72653   0.68782   2.89270     524   11
   107   3.40816   2.18572   4.63568    1112   12
   108   1.93032   1.55086   4.17311    3809   18
   109   3.60966   0.75856   1.37923     784   10
   110   0.60175   2.35906   4.85992     231    8
   111   0.54576   2.55633   3.40976     511   10
   112   2.01039   1.49915   3.92115    2097   15
   113   3.65314   0.76288   2.97207     759   11
   114   5.01403   1.62737   5.26795    2573   21
   115   3.70873   0.78473   6.17547    4058   21
   116   3.64001   0.69257   1.39424    1516   14
   117   0.17865   0.98454   4.88094    1592   16
   118   0.19162   0.95201   1.60256     761   13
   119   3.65824   0.70738   2.87917    1184   12
   120   0.38485   2.43991   1.49996    2006   14
   121   0.26581   0.77211   1.80463    1106   15
   122   0.32084   2.49270   1.54564     930   11
   123   1.81430   1.47951   0.86376    2424   17
   124   0.43950   0.97913   1.56873    1007   13
   125   5.05794   1.76692   2.21048     429   13
   126   5.06328   1.69612   3.83097    1686   18
   127   1.92016   1.41624   2.47615     958   13
   128   0.29255   1.00149   1.74371    3314   22
   129   2.01039   1.49915   3.92115     820   11
   130   3.59947   0.64883   6.26392    2149   18
   131   3.50482   0.69492   4.77320    3134   21
   132   5.07826   1.61963   0.66897    1404   16
   133   5.05421   1.62189   3.73062     868   11
   134   3.43669   2.12949   6.12935     493    9
   135   5.04749   1.69682   2.30673     676   10
   136   0.65016   2.54333   1.89808    1507   17
   137   0.34210   2.49865   6.22128     665   11
   138   0.24313   0.78643   4.92831     712   13
   139   3.52598   0.69941   2.96138    2214   18
   140   4.97255   1.57156   3.87419     814   10
   141   3.65129   0.55960   1.50035     872   14
   142   3.77207   0.64183   4.46762     561    8
   143   5.00685   1.73152   2.19152     463   10
   144   5.07307   1.72698   2.28479     768   10
   145   0.20276   0.98876   3.35429     797   14
   146   5.08359   1.76483   5.32504    1324   14
   147   3.23567   2.28795   1.32244    3066   20
   148   3.74290   0.56577   4.52414     868   11
   149   3.46386   0.80134   6.15323     820   13
   150   5.05244   1.79187   5.42230    2548   20
   151   1.82311   1.44549   5.60074    2712   20
   152   3.87587   0.65296   2.82446     704   11
   153   5.15382   1.73256   3.97085     951   12
   154   0.00000   0.00000   0.00000     390    6
   155   0.37955   2.52720   3.28663    2275   15
   156   0.18100   0.80719   4.99104     608   12
   157   0.67168   2.45804   0.34855    1466   14
   158   0.44126   2.41468   4.82545     527    8
   159   0.15210   0.98252   0.13683    4530   23
   160   3.57284   0.66380   6.16548    2858   21
   161   0.21530   0.93346   3.32311     419   13
   162   3.65375   0.65883   4.50671    2820   17
   163   0.24210   0.99162   3.41161    2728   17
   164   0.44516   2.48320   4.71917    1010   13
   165   0.29807   0.93588   4.83518    2565   18
   166   1.88014   1.45266   2.51999     649    9
   167   1.94616   1.43815   3.99793     502   13
   168   4.97272   1.61509   2.32759     727   12
   169   3.68230   0.64876   6.03553    4934   24
   170   0.13489   0.85611   0.24338     881   11
   171   3.43686   0.72574   4.72915    2258   17
   172   0.24505   0.96530   4.96221     743   10
   173   0.45646   2.45237   1.72757     328    8
   174   3.79575   0.66381   2.82709    1641   13
   175   1.94616   1.43815   3.99793    1035   12
   176   0.58493   2.54941   0.29536    4816   26
   177   5.07229   1.67174   0.67858     638   10
   178   0.28609   0.81320   1.75751    3489   18