     1   0.00000   0.00000   0.00000       0    0
     2   1.74549   1.83157   0.33785     892   15
     3   0.12407   1.82275   5.97554    1527   18
     4   4.93240   1.49677   1.23700    2474   18
     5   0.87567   0.41500   2.59582     334   11
     6   0.92597   0.34592   4.03020     588   12
     7   3.32010   1.19812   3.32583     793   12
     8   3.86832   2.65189   5.14241     815   12
     9   0.30872   1.95825   3.07924     681   11
    10   0.12178   1.80095   4.49564     636   11
    11   1.86608   1.71401   3.59842     570   10
    12   3.32176   1.15729   3.42849    1510   18
    13   1.88254   1.71009   0.19762     912   15
    14   0.00000   0.00000   0.00000     575   10
    15   1.79788   1.70643   1.95259     846   15
    16   3.22394   1.14487   3.38171     675   12
    17   3.30906   1.12537   0.21540     791   16
    18   1.92614   1.74053   0.34932    1615   18
    19   5.01123   1.49506   2.86266    1162   15
    20   0.08519   1.76384   4.47840     657   12
    21   3.45530   1.27654   3.30634    1750   19
    22   3.34145   1.36540   0.13569     372    8
    23   3.29127   1.18281   1.81609    1175   11
    24   4.15260   2.74142   5.50530     480    9
    25   3.33135   1.17890   1.68345     859   14
    26   0.58726   0.27405   5.95617     562   10
    27   0.23479   1.99334   2.99521    1304   16
    28   1.80657   1.72318   1.92604    1513   20
    29   1.82043   1.71830   3.43073     529   12
    30   1.79213   1.75490   1.86205    2308   17
    31   0.17510   1.81168   3.02816     774   13
    32   3.22394   1.14487   3.38171     618   12
    33   3.20371   1.16692   0.23993     709   12
    34   3.34524   1.27459   1.84234    1139   19
    35   1.83363   1.65748   1.87693     620   10
    36   3.26390   1.31155   3.31813     847   16
    37   4.93140   1.44961   4.38806     919   12
    38   0.48322   0.35798   1.41708    1163   15
    39   4.83236   1.44054   2.71388     783   12
    40   0.48322   0.35798   1.41708    1432   18
    41   4.99507   1.31324   4.29983     937   13
    42   0.31291   1.89664   1.49984     802   11
    43   4.03432   2.74663   2.28806    2455   18
    44   1.91559   1.80710   4.96661     936   13
    45   1.84017   1.67061   1.91635    1091   15
    46   0.14172   1.83767   1.25999    1683   18
    47   4.96826   1.33061   5.85029    1000   14
    48   3.65371   2.70912   3.48623    1896   16
    49   3.28748   1.21507   3.37518    1108   15
    50   0.15242   1.86733   6.17166    1247   15
    51   0.00000   0.00000   0.00000     851   13
    52   0.26399   1.88174   4.54393    1476   15
    53   3.30093   1.12957   1.72776     958   12
    54   0.24020   1.87286   4.41481    2191   16
    55   1.90303   1.70968   0.43811    1018   15
    56   0.80571   0.30209   5.81309    1535   16
    57   0.19593   2.00518   1.33995    1373   15
    58   3.59438   2.77259   5.03629     903   14
    59   1.90481   1.83216   5.08386     706   16
    60   1.73551   1.77685   3.36220     579   11
    61   3.86832   2.65189   5.14241     718   13
    62   1.73551   1.77685   3.36220     652   12
    63   1.90224   1.71440   5.16394     819   14
    64   1.85573   1.85350   3.54143    1241   19
    65   1.91838   1.62996   4.98001     740   12
    66   3.38958   1.25723   3.23106    3470   25
    67   3.56947   2.85046   4.93017     702    9
    68   0.65840   0.45919   2.67320    1851   14
    69   4.03752   2.85568   0.65565    1546   16
    70   4.96098   1.38083   1.21113     904   15
    71   3.38460   1.20404   4.88232     580   10
    72   0.86016   0.44322   1.06323    2166   15
    73   4.17966   2.74284   5.43201    1181   17
    74   1.05944   0.40203   2.39687    1335   14
    75   0.19070   1.96811   1.40477     796   12
    76   0.18022   1.88584   2.93001    1756   20
    77   3.86452   2.68934   5.17532     986   11
    78   4.96890   1.38138   6.00716    3318   23
    79   4.86993   1.43026   4.52746    1518   17
    80   3.33023   1.35761   4.91860     833   12
    81   3.28947   1.16276   3.31008    1557   17
    82   3.41352   1.20790   1.70601    1283   16
    83   1.79816   1.66415   3.58115     506    9
    84   5.02329   1.39065   1.33693     831   13
    85   1.00388   0.38639   5.47307     971   13
    86   3.33604   1.36025   4.87890     946   14
    87   0.23479   1.99334   2.99521    1742   18
    88   1.76966   1.66845   1.95547     954   14
    89   3.31540   1.21252   4.89997     795   14
    90   5.02560   1.46502   2.70783    1216   17
    91   0.31097   1.93252   1.42896    1143   14
    92   3.32176   1.15729   3.42849    1984   18
    93   4.02367   2.77352   0.60883     459   11
    94   1.81040   1.81158   3.36542    1244   17
    95   0.48322   0.35798   1.41708     664   12
    96   4.90015   1.30395   1.21720     463    9
    97   1.13385   0.33498   5.49880     771   13
    98   1.73544   1.76608   5.02524    1865   19
    99   3.34803   1.22979   3.41873    1692   16
   100   4.18504   2.72307   0.83401    2780   22
   101   1.77563   1.76834   1.78888     979   12
   102   5.02311   1.43353   5.95950     992   14
   103   0.08519   1.76384   4.47840    1642   17
   104   0.64225   0.42576   1.09076    1456   18
   105   1.71608   1.81088   3.33591     528   12
   106   3.78775   2.78539   2.09049    1858   19
   107   3.20581   1.21179   5.01013    1020   16
   108   3.33400   1.32130   3.38396     672   10
   109   4.99311   1.28585   1.09715     906   12
   110   1.76986   1.77711   5.03218    1813   17
   111   0.73954   0.41714   2.69979    1633   19
   112   3.72205   2.73234   0.32869     779   11
   113   0.38254   0.34188   4.52714    1416   16
   114   3.90351   2.83664   0.50402     561   12
   115   1.75309   1.78105   1.86437    1609   17
   116   4.24329   2.78852   4.05779    1215   16
   117   1.84845   1.80132   3.41551     441   11
   118   3.59094   2.68753   1.76750    1087   12
   119   0.86920   0.30106   1.04142     752   13
   120   4.94975   1.51669   4.40533     918   13
   121   3.90351   2.83664   0.50402     664   13
   122   0.14522   1.93348   6.08359     895   14
   123   3.80537   2.69915   0.57321     835   12
   124   0.17349   1.82538   2.97012     675   12
   125   0.11333   1.86005   2.89968     368   12
   126   3.72035   2.80971   0.49128     502    7
   127   3.54859   2.80025   4.86513     306   11
   128   3.86594   2.79766   0.56259     453   11
   129   1.76016   1.64676   4.94347    1225   14
   130   3.28741   1.37438   3.24951    1246   15
   131   0.10651   2.01138   2.88079     639   10
   132   4.21850   2.71597   0.76127     633    7
   133   4.15260   2.74142   5.50530    1087   12
   134   0.20374   1.90395   1.46136    1172   15
   135   1.91162   1.75615   5.07445    1640   17
   136   0.72244   0.30574   4.11198    1516   16
   137   0.18353   1.76943   2.94259    1026   12
   138   0.12125   1.95419   1.30854    1369   17
   139   1.90707   1.64265   3.49961     968   17
   140   0.73291   0.41069   2.58524     880   12
   141   0.59138   0.47350   2.86492     620   10
   142   3.32176   1.15729   3.42849    1439   18
   143   0.22141   1.79805   4.40446     692   12
   144   0.00000   0.00000   0.00000     674   10
   145   3.40350   1.20989   5.01356     537   11
   146   3.82694   2.90350   0.46175    1144   18
   147   3.31616   1.14960   1.79478    1004   14
   148   1.77661   1.83202   0.33328    1051   15
   149   1.80765   1.62280   5.01169    2257   21
   150   1.79949   1.64257   1.96812    1383   16
   151   0.26889   1.96322   1.39099    2124   20
   152   0.29707   1.76973   1.48027    1094   15
   153   0.20847   1.87536   4.48281    3397   24
   154   4.96098   1.38083   1.21113    2008   20
   155   4.94813   1.28371   4.41397    1220   15
   156   0.76923   0.38961   0.92273     650   14
   157   4.84550   1.32922   2.84424    1642   17
   158   3.90670   2.64003   5.38735     898   17
   159   0.14733   1.94657   4.55986     958   15
   160   1.91559   1.80710   4.96661     531   11
   161   0.08519   1.76384   4.47840    1132   13
   162   0.61579   0.47684   4.43343    4392   26
   163   3.42968   1.12172   0.09570    1173   13
   164   5.01571   1.31869   2.87161    1567   16
   165   3.86101   2.80022   3.51325     889   14
   166   3.64621   2.71608   1.87179     874   15
   167   0.42495   0.44589   4.39014     709   11
   168   4.02846   2.87906   3.73362    1529   20
   169   0.00000   0.00000   0.00000     498   12
   170   0.71923   0.34865   1.08541    1669   17
   171   0.18022   1.88584   2.93001     437   11
   172   1.81214   1.65343   4.90216     638   11
   173   1.91278   1.76709   0.36562     668    9
   174   3.77106   2.75769   5.11777     806   14
   175   0.17301   1.91857   4.47000     347    8
   176   0.23479   1.99334   2.99521    1017   15
   177   5.08569   1.33427   2.75993     493   12
   178   4.98701   1.49667   1.33282    1186   16
   179   3.28176   1.37306   4.99460    1527   17
   180   1.79153   1.79786   1.79704    1509   17
   181   0.90285   0.38905   5.71497    1409   16
   182   4.82739   1.47772   2.71714    1734   18
   183   3.65918   2.73309   3.53681    2112   23
   184   1.83046   1.80732   3.59048    1852   21
   185   3.74782   2.81163   5.12576     472    9
   186   3.22394   1.14487   3.38171    2151   18
   187   1.85916   1.81364   1.91748    2659   23
   188   3.57740   2.75919   1.69272     298    8
   189   0.23479   1.99334   2.99521     518   12
   190   0.54268   0.47702   1.24261     441   11
   191   0.55638   0.43462   6.01754     494   11
   192   1.68844   1.65029   5.14794    1576   16
   193   0.26985   1.88707   6.16919     629   11
   194   0.72261   0.38721   1.04104    5069   28
   195   0.27513   1.77561   1.36998    1407   20
   196   5.01138   1.44298   1.28136    1924   19
   197   0.87567   0.41500   2.59582     306    8
   198   0.76923   0.38961   0.92273     984   15
   199   1.78942   1.77354   3.46554    1172   14
   200   3.40629   1.37136   0.12176     712   10
   201   0.33633   1.82805   4.61817     388    9
   202   4.88966   1.31731   2.94356    2109   21
   203   0.23479   1.99334   2.99521     336    7
   204   0.16311   1.82978   5.97818    2499   21
   205   5.02690   1.48996   1.22684     516   12
   206   3.83247   2.93223   5.17770    3924   25
   207   3.90186   2.76579   3.70629     540   10
   208   0.16496   1.83196   2.83588     678   12
   209   0.11289   1.76378   2.85225     595   11
   210   0.23941   1.97732   4.66364    1269   13
   211   3.28997   1.27773   3.35188     424   10
   212   0.67761   0.36340   4.25952    2239   22
   213   3.82273   2.82029   3.49786     473   10
   214   4.98462   1.45335   1.28646    1466   15
   215   1.71150   1.85158   0.32141     521   13
   216   0.08519   1.76384   4.47840     536    8
   217   3.27606   1.22260   0.17856     905   13
   218   3.29029   1.28805   0.22966    1038   13
   219   3.35205   1.35506   3.42055    1292   14
   220   3.79860   2.62688   2.11221    1539   18
   221   3.39337   1.13533   1.82235    1532   21
   222   0.76923   0.38961   0.92273     891   10
   223   0.26873   1.84783   4.52134     516   10
   224   1.00016   0.40813   2.34929     659   13
   225   0.30595   1.85533   4.51061    2491   19
   226   0.93894   0.34097   5.59544     809   12
   227   3.22971   1.26908   0.33180    1649   19