     1   0.00000   0.00000   0.00000       0    0
     2   5.25630   1.75147   5.37347    1208   14
     3   1.38702   1.91313   4.26890    1255   16
     4   4.49482   2.05309   2.38001    1612   20
     5   0.44161   2.12795   5.50879    1130   15
     6   3.21537   0.68146   0.55584    1118   15
     7   1.88260   2.33383   1.41587    1463   19
     8   4.76751   1.60686   1.32427    1160   14
     9   1.53188   0.46898   5.50983    1731   15
    10   2.32139   1.55236   0.54922     936   13
    11   4.35269   2.52918   2.44861     769   10
    12   5.49096   1.42856   4.87959    1204   16
    13   3.21636   1.09621   5.99695     915   14
    14   6.08850   0.60789   5.18292     921   13
    15   4.64115   1.24551   1.40122    1964   18
    16   5.37196   0.58150   5.42730    1137   15
    17   4.80399   2.23575   1.73780    1171   12
    18   2.64794   2.28579   0.75811    1404   17
    19   3.02376   0.71810   1.51331    1289   16
    20   5.11034   1.11124   1.57993    1197   14
    21   5.77317   2.50949   3.24833    1310   17
    22   3.89787   1.96377   4.77975    2142   20
    23   3.26648   2.40104   3.41198    1463   19
    24   4.53930   1.39860   1.97559     844   13
    25   0.74500   1.81135   4.30931     745   12
    26   0.30964   0.86693   6.22486    1033   15
    27   4.42700   2.89540   3.80859    1724   16
    28   5.85449   0.22806   3.50006    1075   13
    29   0.69293   1.65623   1.05743    1334   14
    30   2.60537   1.55891   0.52908    1447   18
    31   5.16413   2.30832   1.76451    1064   15
    32   3.51356   1.98331   2.42204    1695   16
    33   5.89616   1.30917   5.43390    1052   13
    34   4.80328   0.93095   2.53543     973   15
    35   4.90218   1.83542   4.32157    1341   15
    36   2.97978   2.11784   5.31423    1571   16
    37   5.52127   2.08398   4.41100    2071   18
    38   2.38539   1.23735   1.42836     862   13
    39   3.21912   1.66730   0.85249    1123   14
    40   6.23767   1.94652   0.21235    1597   17
    41   3.77430   2.96651   0.45765    2042   18
    42   3.56736   0.86603   3.58724    1602   16
    43   1.63955   0.73562   5.03056     654   12
    44   2.64077   2.00763   3.95720    1596   18
    45   3.12701   0.33951   3.53676     539    9
    46   2.55617   1.80650   5.94864    1692   15
    47   3.53955   2.22971   4.52623     732   12
    48   0.28583   2.17975   0.83864    1156   14
    49   4.73654   0.30608   3.65087     985   14
    50   0.28931   0.20080   0.58470    1204   11
    51   1.62646   0.85796   1.33699    1333   13
    52   3.60498   1.53218   3.29146    1488   13
    53   5.12376   1.24992   2.91131     923   11
    54   2.13711   0.53465   2.39911    1258   15
    55   2.47072   1.17986   0.24152    1974   20
    56   0.64472   1.93745   4.98265    1735   13
    57   3.87278   1.84342   5.65897     582   10
    58   4.24717   0.11520   4.49202    1078   14
    59   4.20255   1.67904   0.25805     760   10
    60   0.89396   0.97961   2.98520    1159   13
    61   2.81985   1.02428   2.91098     758   12
    62   5.47489   2.39440   4.08598    1130   12
    63   3.56765   2.28685   2.04943     831   13
    64   1.49729   1.18553   0.58996    1957   22
    65   0.30753   2.77702   2.75132    1438   16
    66   5.18099   1.50843   0.52559    2342   18
    67   0.00693   0.66284   3.46988    1792   20
    68   1.19119   1.84499   5.13336    1272   15
    69   1.33190   1.40893   2.55732     798   13
    70   4.97140   2.54955   3.27760    1439   17
    71   4.85984   2.37977   5.98727    2425   18
    72   2.00960   2.83045   4.77411    1337   16
    73   6.17154   1.86610   1.22250     758   13
    74   3.21269   2.89043   2.39541    1786   17
    75   4.87476   2.46610   6.14416     793   10
    76   5.41692   1.79269   3.63040    1858   18
    77   5.33105   2.76150   4.20618     973   12
    78   4.27624   2.64167   2.71421    1149   13
    79   5.70191   1.57180   4.68918    1117   14
    80   5.32724   2.29396   1.37752    1080   13
    81   2.45427   1.03418   2.51339     710   13
    82   5.31901   2.38436   1.97691    1564   17
    83   5.07360   1.36106   5.96603    1249   16
    84   2.49409   1.44381   0.74147     877   13
    85   5.84476   1.67904   0.19944    1545   16
    86   0.15076   2.51057   2.09454    1167   13
    87   2.91954   2.32195   3.68897    1388   14
    88   3.75333   0.96820   1.41697    1625   13
    89   1.41431   0.56524   0.61735    1251   12
    90   6.16544   1.68023   0.09942    1546   16
    91   6.07990   0.80421   2.60895    1636   15
    92   4.00009   1.22016   1.46457    1916   17
    93   5.24971   1.23118   0.97934     749    9
    94   3.34694   0.77518   4.69460    1756   15
    95   3.62518   1.66331   0.01362     984   11
    96   2.53451   1.59837   3.66178     832   13
    97   5.16413   2.30832   1.76451    1334   17
    98   5.38833   1.43633   3.80936    1341   18
    99   2.54368   1.03782   5.54234    1581   18
   100   2.57349   1.00724   2.48813    1547   15
   101   0.16381   1.78286   4.21865    1189   14
   102   2.95558   0.94497   3.61429     955   12
   103   2.07778   0.76696   1.93934    1241   16
   104   0.83562   2.73043   0.73589    1618   13
   105   5.33065   1.29954   5.03069    1141   14
   106   5.52418   2.92284   3.64525     999   15
   107   5.27795   1.45115   0.70883    1576   15
   108   4.51307   2.60868   2.14879    1048   11
   109   0.33595   0.71569   5.18423     677   13
   110   1.19208   2.63979   4.41083    1521   18
   111   6.01916   1.28288   2.52826     880   12
   112   0.32103   0.77381   4.67217    2158   15
   113   1.32195   2.81402   5.58465    1497   15
   114   0.59420   1.70395   5.88827    1497   17
   115   1.93648   2.15039   1.33985    1591   15
   116   3.98574   1.05709   3.86643     715   10
   117   0.00536   0.87834   0.53061     537   10
   118   5.06508   0.83226   5.24840    1058   14
   119   5.48512   0.82061   1.88542    1156   14
   120   5.38839   1.46349   4.35691    1148   15
   121   0.45143   0.21136   3.00846    1576   14
   122   1.22790   2.15416   5.03587    2490   19
   123   0.15244   0.87892   3.85406     743   13
   124   3.39972   1.89960   4.59545    2333   18
   125   6.19642   1.11488   1.69240    1449   15
   126   2.37584   1.92434   0.09533    1295   16
   127   4.75586   1.11169   4.75298     904   12
   128   4.51667   1.77690   0.48157    1563   16
   129   1.39165   0.79776   4.29864    1202   12
   130   2.62102   1.26094   5.67459    1512   15
   131   0.40236   2.12603   2.59278    1293   14
   132   0.23595   2.36690   1.06895    1480   19
   133   3.71592   1.37910   4.94120    1236   13
   134   4.55114   1.25708   3.06977    1299   14
   135   2.11707   1.68516   0.64959     872   13
   136   4.66080   0.71952   3.64325    1503   18
   137   3.90889   0.85322   2.83439     812   10
   138   3.95775   2.07136   5.46886    1208   14
   139   0.06420   1.68010   2.29935    2024   18
   140   2.20210   1.88686   1.83703    1688   19
   141   3.08695   2.48615   3.82128     778    9
   142   5.78057   1.23841   1.32194    1843   17
   143   5.03881   2.40914   4.31349    1162   16
   144   5.63707   2.15037   2.85835    1029   17
   145   2.62768   1.53892   5.68717    1057   14
   146   3.46058   1.81511   5.76673     840   13
   147   4.12773   2.87882   2.74708    1727   17
   148   3.05328   1.42720   4.74896    2197   22
   149   0.41285   0.51719   4.21628    1608   16
   150   3.03573   2.92708   6.25788    2187   20
   151   1.29095   1.49800   1.45651    1071   13
   152   1.60622   2.58765   6.19685     839   13
   153   0.46145   1.14618   1.96530     792   12
   154   5.05459   0.34846   5.59837     689    7
   155   1.14959   1.60181   5.90743    1309   15
   156   5.04498   0.90062   1.80059    1353   14
   157   1.16637   2.39226   5.86622    1889   19
   158   2.94917   0.86446   2.00236    1043   17
   159   5.95587   2.31602   1.58199    1144   14
   160   3.38907   1.32423   4.93318    1171   16
   161   5.84279   1.79018   1.30759    2047   20
   162   5.94965   1.85709   5.39744    1431   15
   163   0.63134   2.22767   6.06190    1529   16
   164   2.72983   0.77463   4.21849    1521   14
   165   1.38697   2.10517   3.39215    1745   17
   166   1.00585   2.53573   0.06408    1155   16
   167   0.33961   0.88024   3.58691    1312   16
   168   5.00495   2.99083   1.78602    1139   14
   169   6.09036   1.60882   0.68664    1950   20
   170   1.47085   2.02655   1.23221    1323   15
   171   0.22837   1.81885   3.70835    1247   13
   172   0.97490   1.13408   2.72590    1108   12
   173   6.02515   2.77703   4.45040    1247   14
   174   0.65496   1.99347   0.95973    1341   12
   175   5.96008   1.48303   1.80863    1595   17
   176   6.06320   0.67694   0.91901    1541   14
   177   0.00658   1.75639   4.56663     841   14
   178   3.87711   1.33658   3.84389    1575   18
   179   0.36658   1.39605   0.01631    1469   14
   180   3.24139   1.87286   4.10354    1426   17
   181   5.96177   2.16241   2.38965    1163   12
   182   2.19206   2.86791   6.11550    2069   21
   183   2.76081   2.08344   5.32680    1138   12
   184   1.45741   1.64414   3.23743    1248   16
   185   5.84624   2.57546   0.18764    1258   15
   186   4.50799   0.98078   1.65552    1476   16
   187   2.14630   0.69612   0.96431    1038   12
   188   0.18323   1.79564   2.11055     904   13
   189   0.43146   0.68242   5.08060    1454   14
   190   2.14484   1.90150   5.90126    1056   15
   191   3.89117   1.90089   0.67489    2062   16
   192   6.21583   0.69444   4.88119    1417   18
   193   2.58142   1.38307   2.95124     824   11
   194   4.86363   1.80003   1.01838    1417   16
   195   2.40192   2.29142   0.57687    1292   13
   196   1.81335   2.54786   3.70120    1109   17
   197   5.89806   1.29227   2.44210    1429   16
   198   2.87364   2.18501   5.46296    1859   16
   199   0.25765   0.23017   6.19877    1524   14
   200   2.63075   1.09113   3.38266    1280   17