     1   0.00000   0.00000   0.00000       0    0
     2   5.69251   1.68514   2.61082    1551   15
     3   2.56863   1.38106   0.68530    1175   12
     4   4.24400   1.02595   6.06851     367    8
     5   5.62592   1.77174   2.51306    2805   20
     6   1.16474   2.07791   0.24804     532   10
     7   0.42022   0.67768   2.15149     589    9
     8   4.38533   1.00252   5.96512    1223   17
     9   3.88248   2.43612   4.39394    1921   15
    10   5.78493   1.89610   5.77697     540   11
    11   4.25299   0.96778   5.90622    4252   18
    12   4.25861   0.95545   4.47931     945   10
    13   1.17551   2.00699   4.92127    1402   17
    14   2.69481   1.41013   3.71125    1559   17
    15   0.68521   0.47047   3.49617    1897   21
    16   0.58437   0.55945   0.61609    1657   18
    17   1.25464   2.04596   3.59778     714   13
    18   1.01437   2.17008   1.79004    2033   21
    19   2.58137   1.39326   5.32649    1308   16
    20   0.63309   0.49942   5.21936    2554   19
    21   4.45570   1.01319   1.15074     436   11
    22   2.52622   1.31472   0.49287     379    8
    23   4.19677   0.99162   6.07631     559   10
    24   3.66327   2.56134   5.65057    3080   18
    25   0.55910   0.52602   1.98493     703   11
    26   4.42351   0.95952   4.42684    1349   15
    27   0.42022   0.67768   2.15149     812   12
    28   3.89158   2.58249   2.72169    3717   24
    29   3.73841   2.44032   2.65710     831   13
    30   5.63928   1.88787   4.21414    1629   14
    31   5.67844   1.84586   4.18890     258    8
    32   0.62781   0.75286   3.58709    2614   21
    33   2.47963   1.36269   3.66553    1127   12
    34   3.91787   2.53301   2.81887     811   10
    35   1.09683   2.26299   5.08927     466    7
    36   4.31136   1.04642   4.45618    1247   13
    37   3.73563   2.44251   5.77235     435   11
    38   4.28038   0.92902   4.45384    1914   17
    39   5.64975   1.84623   1.02551    2669   20
    40   4.13654   0.90590   6.11200    1723   18
    41   3.68728   2.50981   4.27964    1511   18
    42   5.70280   1.73186   5.76719     779   13
    43   3.86671   2.57988   4.33554    3861   25
    44   2.52622   1.31472   0.49287    3545   21
    45   2.65438   1.20817   2.10256     942   11
    46   1.11182   2.00924   5.05971    1072   12
    47   2.57114   1.29122   2.15700    1121   13
    48   3.65662   2.63147   1.01918    1221   13
    49   2.69481   1.41013   3.71125     539   11
    50   3.89155   2.68790   2.74307     927   11
    51   3.71272   2.57031   2.55681    1109   13
    52   5.70554   1.90604   4.07178     704    9
    53   0.42022   0.67768   2.15149    1201   17
    54   5.68292   1.78403   2.62794    1345   14
    55   1.12597   2.19721   1.81250     970    9
    56   0.47905   0.53515   3.77071     805   15
    57   4.15457   1.00006   4.49447    3207   18
    58   2.55182   1.30796   5.24497     383    9
    59   4.04033   2.55920   1.27017    1669   14
    60   0.76788   0.69778   1.83666     965   16
    61   5.73964   1.86159   5.81087    1447   14
    62   0.82569   0.64975   1.75325    2821   24
    63   3.60860   2.61578   2.53854     837    9
    64   1.23689   2.05866   5.02288    5998   29
    65   4.38533   1.00252   5.96512     836   11
    66   2.44377   1.34362   2.16471    2211   20
    67   5.59649   1.83089   1.03849    2122   13
    68   0.58437   0.55945   0.61609     792   12
    69   1.25710   2.07338   3.36326    1503   13
    70   5.63156   1.81777   2.62666    3801   22
    71   2.63800   1.33983   0.57105     454    8
    72   1.24969   2.04134   3.49143     719   11
    73   5.83829   1.75676   5.77992     153    5
    74   5.69711   1.79979   5.64950     311   10
    75   4.33901   0.94315   6.11697    1485   16
    76   0.97000   2.16225   1.66198    1385   14
    77   3.93362   2.54794   4.42818    1751   16
    78   0.70252   0.71741   0.30874     717   10
    79   2.61369   1.45177   0.64997     420    7
    80   4.24400   1.02595   6.06851    1104   13
    81   4.24400   1.02595   6.06851     607   10
    82   3.59134   2.60300   4.20995    4315   17
    83   0.75013   0.55011   0.33935    2469   17
    84   3.61746   2.55655   5.66213    2164   19
    85   4.24400   1.02595   6.06851     341    6
    86   2.56766   1.33027   2.13278    1374   12
    87   1.24897   2.07367   2.01253     688    8
    88   4.42711   1.10889   4.36772    1152   12
    89   4.34143   1.14601   2.77973    1569   12
    90   1.11361   2.17934   4.96338    1484   19
    91   1.08928   2.10500   0.16745     309    7
    92   5.78469   1.83430   2.64583    5284   21
    93   3.72742   2.68356   2.74756    3267   23
    94   5.65828   1.82589   1.00054    1469   15
    95   0.74896   0.59994   3.49226    2193   19
    96   2.55020   1.34489   2.24235     669   11
    97   2.46974   1.39636   5.36644     603    9
    98   4.22889   1.00171   2.74640    1302   13
    99   5.68626   1.91356   2.60842     966   16
   100   5.69169   1.94165   5.77634    1669   16
   101   2.56880   1.35798   0.59167    2929   20
   102   5.77361   1.80240   4.04890     501   10
   103   1.25710   2.07338   3.36326     506    9
   104   5.83746   1.80097   0.90837    1038   17
   105   4.23538   1.02992   5.98981     982   12
   106   2.50077   1.27843   3.86762    1372   13
   107   1.18479   2.06492   5.07355    3823   23
   108   4.49415   0.91448   4.24855    1543   14
   109   4.26727   0.94579   2.98233    1211   10
   110   1.10683   2.04414   3.38454     835   14
   111   0.65766   0.66115   5.07807    2564   19
   112   0.73729   0.50009   3.50513    2600   20
   113   2.61799   1.32607   2.04054     471    7
   114   1.13624   2.06946   4.96196     267    6
   115   4.38533   1.00252   5.96512     800   10
   116   0.58009   0.46264   3.60741    5661   25
   117   5.63463   1.75284   2.52684    1386   16
   118   4.24400   1.02595   6.06851     453    7
   119   4.35219   1.09195   4.35967     388   10
   120   5.77254   1.84211   0.91691     415    8
   121   0.64652   0.49146   0.40472     857   13
   122   0.40696   0.58087   0.56110     449    9
   123   2.67298   1.33135   5.26674     647   10
   124   1.14987   2.04604   0.31465    2062   15
   125   2.56048   1.38088   2.12187    2482   27
   126   5.72400   1.90746   4.07945    3047   21
   127   2.62154   1.40092   0.45895    4740   25
   128   5.61439   1.86783   2.48656     739   13
   129   4.24400   1.02595   6.06851    1348   15
   130   4.24400   1.02595   6.06851     521    9
   131   4.27028   1.01073   1.42164    1641   10
   132   5.62544   1.90962   0.93532     305    8
   133   3.69636   2.53581   1.12383    5143   24
   134   2.55020   1.34489   2.24235     398   12
   135   2.52966   1.18858   5.22546     994   12
   136   5.70475   1.71230   2.69201    1125   13
   137   3.78643   2.47327   1.12568    3933   21
   138   1.17551   2.00699   4.92127     509   10
   139   2.59143   1.30152   0.55145     770   12
   140   1.16163   2.07082   0.42801     542   10
   141   3.91036   2.48152   5.94854    2637   17
   142   3.90594   2.58238   1.18568     333    7
   143   2.48503   1.32268   0.49637     481   10
   144   1.25831   2.14249   1.79857    1886   19
   145   2.59000   1.23028   3.68090    1082   13
   146   2.48295   1.40985   5.32124    4273   23
   147   4.29680   1.10577   1.27539     361   11
   148   4.23559   1.02229   1.20493     416    8
   149   3.66540   2.57389   2.52879     557    9
   150   4.24915   0.91933   3.00928    4418   18
   151   3.78048   2.56751   2.66162     437   10
   152   0.62086   0.67613   5.29498    1641   15
   153   2.48114   1.31559   5.19145    2784   20
   154   4.30091   1.07769   2.86723     558   11
   155   2.61799   1.32607   2.04054     564   10
   156   0.73012   0.61835   5.05473     878   11
   157   3.72418   2.46617   1.16969     675   12
   158   2.56911   1.28405   0.59641     584   11
   159   4.16737   1.12785   4.48080     550   10
   160   3.82171   2.42403   1.09864    2988   16
   161   4.24400   1.02595   6.06851    1819   12
   162   1.18045   2.14267   0.21737    4009   23
   163   2.50956   1.30958   2.26928     472   11
   164   0.50766   0.64087   2.04843    3382   24
   165   4.24400   1.02595   6.06851     943   13
   166   2.59428   1.38251   0.53758     610   10
   167   4.24400   1.02595   6.06851     533   10
   168   0.63100   0.64258   5.07194    1828   19
   169   0.48472   0.57347   2.16398     549    9
   170   3.72418   2.46617   1.16969     378    9
   171   3.76501   2.52510   5.74776    2758   21
   172   1.32017   2.04592   0.46512    5041   28
   173   0.81270   0.52843   5.02094     468   11
   174   4.24400   1.02595   6.06851     834   11