     1   0.00000   0.00000   0.00000       0    0
     2   4.25188   2.86042   2.59720     802   11
     3   0.69738   0.18360   5.72341     798   11
     4   3.11367   1.38805   3.37733     581    8
     5   3.07678   1.22925   4.74642    4495   24
     6   0.70390   0.26138   5.65409    2151   20
     7   1.71770   1.76959   1.85282    2324   19
     8   3.45306   2.81283   0.25017    3311   21
     9   0.15042   1.80389   4.61675    2293   18
    10   0.39962   0.17961   2.88827    1283   12
    11   1.72975   1.70229   1.66876    2200   15
    12   3.16847   1.28759   0.20293     973   11
    13   1.63581   1.74155   0.11937    1046   14
    14   0.11205   0.17763   2.97133    3448   18
    15   3.17833   1.24784   3.34815     568    9
    16   1.61038   1.68121   0.11206    2178   16
    17   3.82934   2.76255   3.80943     369    8
    18   1.64846   1.57595   4.97976    1955   19
    19   3.09974   1.39625   1.73513    1053   14
    20   4.78485   1.41865   2.97226     790    9
    21   4.74477   1.46644   4.41602    1258   15
    22   0.66558   0.20068   2.60400    4853   23
    23   3.19255   1.28228   0.10809     968   14
    24   3.73324   2.72658   2.18646     485   11
    25   0.04520   1.71890   6.17498    3025   19
    26   0.59846   0.38145   5.75663    1966   14
    27   3.88244   2.85954   3.83723     477   11
    28   1.54857   1.70316   3.45986    1133   11
    29   0.01460   1.84173   1.39692    1311   13
    30   1.62102   1.68366   4.87192     647   12
    31   1.75603   1.70855   3.41544     388    9
    32   3.70667   2.87580   3.69281    1506   14
    33   1.68278   1.65519   1.91285    3269   19
    34   3.82092   2.96471   5.31470    1195   13
    35   1.74528   1.65732   5.00875    1241   13
    36   3.49336   2.83620   5.04232     944   13
    37   3.77968   2.91358   5.35076    1288   16
    38   3.77968   2.91358   5.35076     585   11
    39   3.25729   1.31741   4.90889     398    8
    40   0.10624   1.76418   6.20024    2079   18
    41   3.11367   1.38805   3.37733     347    8
    42   3.05884   1.31710   4.93129     777   13
    43   4.72967   1.42520   6.09875     556   10
    44   4.77139   1.49487   4.41959     558   10
    45   0.11558   1.80316   1.38446    2730   19
    46   0.12025   1.79787   3.03403    2206   20
    47   3.22424   1.27640   1.56941    2364   16
    48   3.14542   1.28841   0.23052    1064   13
    49   4.69286   1.42522   2.95932     858   13
    50   3.16847   1.28759   0.20293     579   12
    51   3.27673   1.31241   3.16304     292    8
    52   3.23696   1.44733   1.59975    5862   24
    53   1.54857   1.70316   3.45986     393    9
    54   3.05797   1.29304   4.79451     576    8
    55   3.19255   1.28228   0.10809    1100   13
    56   4.65104   1.43559   2.93376     718   12
    57   0.75468   0.33716   4.05591    2423   17
    58   3.03477   1.33503   4.91217     407   11
    59   6.24445   1.68983   1.44901    1469   14
    60   6.24057   1.76462   3.04119    2562   19
    61   3.88244   2.85954   3.83723     436   10
    62   0.87430   0.17175   3.96919    1584   15
    63   0.43351   0.30961   1.29173    1083   14
    64   3.82934   2.76255   3.80943     562    9
    65   3.20739   1.37322   3.25706    1512   15
    66   0.12266   1.72586   1.47838    1831   18
    67   4.16607   2.95199   4.02871    1564   15
    68   3.76938   2.93130   2.11933    2187   16
    69   3.68647   2.79326   3.53080     842   11
    70   4.11883   2.86951   5.68884    1687   13
    71   3.21693   2.89087   3.15855     818   12
    72   3.13644   1.46945   1.72760     369    9
    73   1.52449   1.73632   0.16120    1917   14
    74   0.68274   0.31734   2.51518     740   12
    75   3.17515   1.39829   1.60989    1047   15
    76   3.14542   1.28841   0.23052    1652   15
    77   1.52085   1.66836   4.81546     306    8
    78   3.82866   2.92112   2.30758     665   12
    79   3.16847   1.28759   0.20293     727   11
    80   3.21081   1.30121   1.65281    1845   14
    81   3.05527   1.27949   4.72759    1736   16
    82   6.25243   1.80440   2.98455     982   12
    83   0.31339   0.24811   1.34982     544   11
    84   1.62015   1.65444   3.23842     470   10
    85   3.11367   1.38805   3.37733     278    7
    86   3.22200   1.45123   3.30189     701   13
    87   3.06741   1.33548   3.31002     754   12
    88   4.71037   1.43834   4.45631    1102   11
    89   3.18297   2.95139   1.65860    3672   28
    90   1.59018   1.69409   3.35703    1853   13
    91   0.71902   0.25912   2.57523    2153   19
    92   4.83999   1.48321   6.03103     362   11
    93   4.71018   1.46864   4.37547    2497   15
    94   0.74578   0.27298   2.46059     750   11
    95   1.65239   1.61862   5.00016     529    9
    96   0.15095   1.80448   4.66550     366    8
    97   4.69837   1.33933   6.12080    2042   16
    98   3.26439   1.33000   4.92692    1377   15
    99   1.70851   1.73777   1.76917    3629   17
   100   1.66460   1.79766   0.21397     664   11
   101   6.27510   0.22116   4.67888     602    9
   102   4.05381   2.98810   0.90538    1407   16
   103   3.70918   2.84504   2.17204    1213   14
   104   4.65104   1.43559   2.93376    1221   13
   105   3.27116   2.89432   1.70860     414    9
   106   6.25658   1.78984   6.25808    1737   17
   107   3.16650   1.36491   4.79484    1611   15
   108   3.51703   2.89046   0.37396    1006   11
   109   6.19866   1.77389   3.02133    2438   17
   110   3.75217   2.87428   0.51405     868    8
   111   3.76613   2.94005   3.72571    3253   20
   112   1.64838   1.77160   4.98275    1640   14
   113   4.84110   1.35216   1.35086     697   10
   114   0.06152   1.89005   3.04648    1834   16
   115   4.71221   1.31253   2.84297     889   11
   116   4.81171   1.47539   2.82411    4820   22
   117   4.81594   1.32708   4.35718     572   10
   118   0.95930   0.18329   5.27723    2916   18
   119   4.81171   1.47539   2.82411     707   12
   120   4.69837   1.33933   6.12080    1035   14
   121   1.58891   1.79728   3.34569    1645   15
   122   3.16496   1.39345   3.23928     662   12
   123   3.82866   2.92112   2.30758     875   13
   124   6.25616   1.75830   1.36237    1799   16
   125   3.19255   1.28228   0.10809     447   13
   126   4.82257   1.34133   2.89782    1695   16
   127   0.11874   1.71358   1.41025     708   13
   128   0.01401   1.76888   6.08124    4231   20
   129   4.65104   1.43559   2.93376     469    9
   130   3.17883   1.45424   1.80975     638    9
   131   3.29667   1.22020   4.80630    1725   15
   132   1.52085   1.66836   4.81546     392   12
   133   0.67232   0.28112   0.82132    2874   20
   134   4.73942   1.39885   2.98025    4277   23
   135   4.75896   1.31686   2.86505     339    9
   136   0.64062   0.32202   2.60855     615    8
   137   0.61531   0.28411   5.72425    1816   13
   138   0.41746   0.34060   5.84520    1707   15
   139   3.27673   1.31241   3.16304     619   11
   140   0.14671   0.19376   6.26944    5193   22
   141   4.90296   1.36099   2.93986     318    9
   142   0.46153   0.20924   4.21543     491   10
   143   3.22879   1.39413   4.87323    2028   16
   144   3.19255   1.28228   0.10809    3276   14
   145   1.65722   1.81403   1.89782    1242   16
   146   4.32957   2.88828   4.27441    1011   13
   147   0.78960   0.37733   4.04706    4020   25
   148   0.39962   0.17961   2.88827     341   12
   149   0.09808   1.73501   3.06939     859   10
   150   3.82866   2.92112   2.30758    1201   11
   151   0.39962   0.17961   2.88827     690    8
   152   3.14392   1.27079   1.66789     389   11
   153   4.65104   1.43559   2.93376    1365   15
   154   0.04255   1.72913   1.48244    1151   15
   155   0.08077   1.82605   2.98084    2835   19
   156   1.60054   1.70221   1.78165     521    9
   157   3.14542   1.28841   0.23052    2143   17
   158   0.07954   1.90348   3.14735    3882   24
   159   3.26309   1.32594   3.35522    3244   19
   160   1.64144   1.64201   3.23623    1641   15
   161   4.18452   2.88339   2.54757    1096   14
   162   4.77933   1.49228   5.98400    1346   15
   163   4.85653   1.57722   4.49391     353    9
   164   6.22376   1.76087   4.58555     805   14
   165   3.79442   2.71759   3.76837    1426   12
   166   3.86165   2.96076   2.19231     812   11
   167   1.62338   1.67334   3.30560     412    8
   168   4.68457   1.52512   2.97572    5158   26
   169   3.16313   1.23345   4.93706    2355   17
   170   0.14453   1.76302   1.36515    3666   27
   171   4.67752   1.34464   6.09194    1263   12
   172   4.63579   1.52833   1.35853    1957   15
   173   1.70723   1.64611   0.32130     698   11
   174   6.20562   1.78405   2.95307    1774   15
   175   4.73780   1.45245   6.04350    3459   20