     1   0.00000   0.00000   0.00000       0    0
     2   2.99558   0.80778   3.14778    1706   17
     3   6.17039   0.77091   6.27619    1335   18
     4   0.05824   2.33122   1.68857     955   12
     5   1.54900   1.46221   3.91236     913   13
     6   3.00898   0.82058   3.14157    2186   19
     7   6.18160   0.63361   1.53905     903   14
     8   1.54186   1.51710   3.86879    1325   17
     9   6.11739   2.28409   6.25932    1221   15
    10   3.05707   2.41208   0.09555     842   14
    11   2.91062   2.41032   2.92908     722   12
    12   1.39372   1.56549   3.75242     911   12
    13   6.04480   0.63364   1.80153    1582   15
    14   3.09021   2.40211   4.72033    1290   15
    15   1.65100   1.59947   0.77111    1077   14
    16   0.08922   0.66493   4.59269    1049   13
    17   1.55666   1.48938   3.78609    1409   13
    18   4.55958   1.66285   4.02943    1947   15
    19   3.11236   2.36495   1.47433    1197   14
    20   6.12289   2.30232   4.64997    1063   14
    21   3.02748   0.85885   4.79031     946   12
    22   6.16613   0.71178   3.33364    1268   18
    23   6.23295   0.67482   4.79545    1370   17
    24   2.97752   2.43094   2.98673    1816   14
    25   3.13463   2.44944   4.77882    1482   17
    26   4.62440   1.53836   4.03244    1296   15
    27   6.27677   0.70634   1.58923    1102   14
    28   3.05532   2.52026   1.56587    1863   17
    29   3.09373   2.36322   0.13296    1957   20
    30   3.08531   2.38278   3.05025     639   12
    31   2.90155   2.42848   2.97533     956   12
    32   1.49363   1.45888   0.71466     822   11
    33   6.20298   2.34596   1.50529    2138   17
    34   6.15199   0.67464   0.03700     832   11
    35   6.25866   0.78002   4.66106    1409   15
    36   6.18556   2.34812   6.17873    1139   15
    37   4.73094   1.69347   3.99219    1033   12
    38   4.58788   1.59591   0.84519    2048   22
    39   1.65100   1.59947   0.77111    1414   19
    40   4.55542   1.57762   4.07433    1205   15
    41   3.09700   2.36895   4.61712    1049   12
    42   4.57369   1.57254   5.66991    1525   15
    43   0.00539   0.70761   3.12610     957   12
    44   0.10320   0.71988   6.20193    1252   15
    45   1.38702   1.55216   0.71158    1104   19
    46   3.11405   0.82729   4.66504    1575   17
    47   3.06340   2.40402   0.05411    2280   20
    48   1.50183   1.52251   0.78443    1541   17
    49   4.70372   1.48638   0.83108    1888   19
    50   2.98711   2.35688   6.03885    1510   17
    51   6.07214   0.72591   3.24876    1391   18
    52   2.98711   2.35688   6.03885     983   14
    53   3.07085   0.86437   1.58861    1305   15
    54   3.18992   0.80484   2.97882    1291   12
    55   3.14583   0.86895   3.02896    1167   14
    56   3.06508   0.80691   1.56201     977   13
    57   3.26392   0.82588   4.49933    1341   16
    58   3.13463   2.44944   4.77882     953   15
    59   4.73811   1.69503   2.36395    1595   15
    60   4.70050   1.64659   0.83644    2079   19
    61   6.06566   0.70706   1.74023    1062   12
    62   6.18966   0.71776   4.78896    1309   17
    63   4.59670   1.51229   0.89635     605   10
    64   1.44904   1.48454   0.62507     808   10
    65   3.16180   2.43171   6.21748    1938   16
    66   0.01630   2.19996   1.52873    1894   14
    67   1.45221   1.63460   3.92184    1470   15
    68   3.08760   0.85190   1.45219    1730   17
    69   4.60813   1.61676   0.90174    1304   13
    70   6.10491   0.72397   0.02720     972   14
    71   3.11600   0.94379   3.19973    1232   15
    72   6.13894   0.71577   0.05654    1458   14
    73   6.11442   2.17571   6.21255    1353   16
    74   3.11427   0.86393   6.24171    1759   16
    75   3.09481   2.36207   1.54805    1117   12
    76   6.10070   0.76956   0.21723     728   11
    77   0.06313   2.30012   4.81076    1281   15
    78   0.01215   2.35522   0.03819    1286   15
    79   1.39115   1.51069   5.34026    1276   14
    80   1.52233   1.48441   3.88186     925   12
    81   1.53101   1.57985   2.30671    1624   15
    82   4.66162   1.71326   5.53964    1589   16
    83   1.57377   1.59592   0.64248    1560   17
    84   6.25111   0.76081   0.07048    1508   13
    85   4.63101   1.45550   2.41417    1153   12
    86   6.21228   0.76148   4.66990    1048   14
    87   1.46105   1.65381   0.72343     758   10
    88   1.59255   1.57600   2.29611    1104   15
    89   6.03893   0.65425   3.29936    1640   16
    90   6.13595   2.31251   6.20669    1513   19
    91   4.68314   1.66529   0.93292    1340   15
    92   2.98413   2.49635   2.93472    1088   15
    93   2.94730   0.82780   1.63789    1242   14
    94   4.62428   1.71910   5.66316    1201   16
    95   4.53792   1.61470   5.57799    1411   14
    96   3.07021   0.84320   1.46379    2082   17
    97   2.94255   2.40829   6.12211    1052   16
    98   6.21570   0.72588   4.74887    1695   17
    99   3.17803   0.93917   1.40581    1593   16
   100   0.01782   2.30207   1.66509    2296   16
   101   4.57794   1.51865   3.94880    1142   12
   102   4.69048   1.52841   5.57387     608   10
   103   0.00425   2.20860   4.85578    1007   14
   104   2.86531   2.47916   1.36954     624   11
   105   4.70694   1.73341   5.55038    1570   15
   106   3.09283   2.41501   3.04699    1430   14
   107   0.01143   0.67027   4.77372    1021   14
   108   1.61207   1.58534   5.44052    1712   17
   109   6.11349   2.31841   2.99579     598    9
   110   1.44368   1.46130   3.81470    1028   13
   111   1.48510   1.44412   0.62307    1098   14
   112   6.18160   0.63361   1.53905    2036   21
   113   1.51698   1.58268   2.26794    1338   13
   114   4.67315   1.71988   5.55684    1076   13
   115   6.16524   0.62026   4.85638    1210   16
   116   3.09231   0.90130   6.26232     704   12
   117   6.15160   2.26868   6.21962    1266   13
   118   0.02075   2.34362   1.55366    1156   12
   119   2.96558   2.51812   4.65089    1179   12
   120   2.98711   2.35688   6.03885    1645   18
   121   1.54302   1.66791   0.68436    1723   18
   122   0.14494   2.21266   3.34615    1833   18
   123   3.22302   0.90808   4.66025     959   10
   124   3.02983   2.42398   1.53174     681   13
   125   6.18160   0.63361   1.53905     744   12
   126   4.60648   1.48701   2.40542    1257   15
   127   4.56971   1.55922   0.84518    1679   18
   128   4.65798   1.56500   3.92833     905   12
   129   6.08669   2.34141   6.16101     573   11
   130   3.27568   0.80350   2.90376    1053   12
   131   1.56443   1.56377   3.75105    1528   16
   132   1.61320   1.54256   2.24577     979   13
   133   3.04865   0.84294   4.65274    1213   16
   134   3.19125   0.94596   6.26263    1137   16
   135   3.15489   0.86935   1.46166    1042   17
   136   6.00455   0.77286   3.24766     930   12
   137   0.10627   2.26808   4.83863    1170   14
   138   2.99464   2.47067   4.62737     935   10
   139   1.47942   1.66192   0.63801    1591   13
   140   4.58713   1.59015   2.43797    1255   14
   141   1.59909   1.52712   5.49357    1384   13
   142   3.07021   0.84320   1.46379    1156   15
   143   1.44008   1.60236   2.28358    2405   18
   144   6.18160   0.63361   1.53905    1950   16
   145   4.74108   1.50048   4.01656     942   16
   146   6.19697   0.75864   1.61774     859   13
   147   6.16956   2.21035   4.75710    2464   19
   148   3.13463   2.44944   4.77882    1113   15
   149   6.16524   0.62026   4.85638    1233   13
   150   6.15303   0.77115   3.21225    1091   14
   151   2.97572   0.82070   4.67662    1653   15
   152   2.98711   2.35688   6.03885    2459   17
   153   1.45281   1.63814   0.77472    1115   12
   154   6.23845   2.30161   3.03354    1252   16
   155   3.20130   0.94400   6.20140    1146   14
   156   4.60128   1.62483   5.52726    1384   18
   157   1.51432   1.57486   2.23422    1314   14
   158   3.11071   0.88432   3.02954    1988   19
   159   3.19913   2.40346   3.22501    1272   17
   160   4.55267   1.53657   0.94025    1757   15
   161   1.58525   1.64155   0.76074    1183   14
   162   3.13463   2.44944   4.77882     964   12
   163   3.15378   2.50636   4.90336    2294   21
   164   6.23295   0.67482   4.79545    1362   14
   165   0.07147   0.71166   6.11422    1762   18
   166   1.56161   1.63453   2.19474    1662   15
   167   1.45947   1.49920   2.21554    1225   11
   168   3.12325   2.49574   1.66633    2043   17
   169   6.21290   2.19609   3.15202    1791   18
   170   6.18160   0.63361   1.53905     635   10
   171   1.43525   1.56258   3.83079    1259   13
   172   6.10509   2.18196   1.50858    1064   11
   173   3.15246   0.84925   6.23850    1420   14
   174   4.69124   1.70281   4.05308     723   14
   175   3.17692   0.87767   1.53440     976   10
   176   0.01924   0.75654   6.22506    1435   19
   177   3.17234   2.46645   1.62188    1594   14
   178   6.11693   2.26932   3.15426    1239   11
   179   6.05331   0.74508   4.80269    1242   16
   180   3.03803   2.50930   4.76071    1330   16
   181   4.65448   1.46851   0.88492     979   11
   182   3.08317   2.47485   1.59265    1624   16
   183   3.11427   0.86393   6.24171     922   13
   184   3.20130   0.94400   6.20140    2408   21
   185   3.10185   2.46778   3.03660    1368   17
   186   6.18160   0.63361   1.53905    1173   14
   187   4.56956   1.46908   5.57267    1191   15
   188   1.48459   1.56120   3.76070    1687   18
   189   4.73881   1.56044   5.57385    1626   17
   190   6.18779   0.71392   0.04370    1680   18
   191   0.00992   0.76128   6.17385     874   12
   192   3.02593   0.86834   1.55763    1753   15
   193   4.74765   1.70420   2.40400     838   17
   194   6.18160   0.63361   1.53905    1037   14
   195   3.10396   0.79444   4.69761    1339   14
   196   3.12101   0.80778   1.42787    1316   19
   197   6.20062   0.67370   0.00094    1812   16
   198   4.64594   1.63487   0.79354    1501   15
   199   3.09777   2.46152   1.54423    1106   14