     1   0.00000   0.00000   0.00000       0    0
     2   0.97236   2.46861   0.09493    5549   17
     3   2.49329   1.58852   2.38590    3539   15
     4   4.13789   2.20648   4.72015    3238   13
     5   1.00370   0.80352   1.54200    4562   14
     6   5.67207   1.71726   5.47020    2839   11
     7   3.92893   2.32615   2.95695    5095   16
     8   2.43576   1.67387   0.87330    3482   15
     9   0.86374   2.46639   0.03293    5967   19
    10   5.54734   1.60213   3.79569    5773   16
    11   4.23065   0.77613   4.61640    4371   15
    12   2.46120   1.57009   5.54371    3282   13
    13   5.65962   1.47308   0.67505    5108   15
    14   0.80867   2.42332   4.60855    4671   14
    15   5.57481   1.73400   3.87398    3144   12
    16   4.16251   0.69414   2.87025    4691   16
    17   4.18742   0.79599   1.48115    4439   17
    18   0.77138   0.80729   1.67237    3009   13
    19   4.05382   2.26231   1.63050    4846   14
    20   3.98297   0.76941   4.70971    3470   12
    21   2.50011   1.51220   5.64490    5670   16
    22   5.63307   1.59878   5.47604    3463   16
    23   4.16647   0.72543   4.57276    5353   17
    24   0.88756   2.50083   0.07740    3242   16
    25   0.90221   0.93038   3.14205    4491   14
    26   4.06252   2.35044   1.55092    2986   13
    27   5.53363   1.63244   0.68501    4169   15
    28   1.02033   2.37421   1.65766    4057   13
    29   0.99260   2.42095   3.31487    2746   14
    30   0.81622   2.34962   3.05857    4373   17
    31   2.44570   1.48570   5.55435    4494   14
    32   4.15239   0.67536   4.54198    4555   15
    33   5.60964   1.71671   3.87521    5283   16
    34   3.99316   2.20858   3.06731    3017   13
    35   0.93548   2.43704   0.06990    4339   14
    36   5.53363   1.63244   0.68501    4123   14
    37   0.81468   2.50111   3.18204    2750   13
    38   1.03143   2.45535   0.15432    4186   15
    39   4.01543   2.32929   4.62413    3108   13
    40   4.14610   0.71782   6.12864    3553   15
    41   0.89085   2.39977   0.12023    2926   13
    42   0.85633   2.43512   0.07847    3803   15
    43   2.39758   1.42400   2.43237    3301   12
    44   0.80432   2.31539   6.21939    4113   15
    45   5.57433   1.55207   3.97466    4684   15
    46   2.46118   1.52200   4.00769    2853   12
    47   5.52749   1.69066   0.74485    4025   16
    48   4.05455   2.32696   4.75782    4009   13
    49   4.17879   0.70961   6.12041    2893   14
    50   2.35705   1.51341   4.07632    3820   14
    51   1.02096   2.38807   0.22426    2675   12
    52   4.14591   0.71839   2.96823    4982   17
    53   5.50376   1.62289   3.91007    2524   11
    54   4.09548   0.70528   4.65783    3151   12
    55   0.71198   0.77455   0.10676    4650   14
    56   3.90912   0.70849   0.13436    4404   14
    57   0.86260   0.79381   3.22504    3620   12
    58   4.15239   0.67536   4.54198    4064   15
    59   0.86287   0.87275   1.66833    3581   15
    60   0.89555   0.80627   4.74111    4358   16
    61   4.03275   2.32857   3.13698    4340   14
    62   5.62104   1.49048   3.84294    4631   15
    63   0.81632   2.38028   2.95252    3386   14
    64   4.15902   0.71407   6.15566    4679   16
    65   5.67185   1.69210   5.47839    3815   15
    66   4.15239   0.67536   4.54198    1849   11
    67   2.39095   1.62433   3.92402    3975   12