     1   0.00000   0.00000   0.00000       0    0
     2   2.20863   0.56317   2.48123    1544   15
     3   0.58423   2.05372   4.21690     735   13
     4   3.16959   1.06962   2.15058    1061    9
     5   0.30699   0.03426   2.68679    2888   18
     6   2.88612   2.27822   5.25372      56    6
     7   3.65995   2.23302   5.84382     546    6
     8   1.48341   2.28008   3.05577     369    9
     9   1.72993   2.50900   2.16396    2956   23
    10   1.72728   1.71841   4.99199    1751   13
    11   3.53160   2.20707   4.08339    4345   23
    12   1.85533   1.41011   2.77117    1400   12
    13   5.76664   2.43768   2.99824     259    9
    14   2.86081   1.56514   0.90657     485   10
    15   3.70669   2.18367   4.35218    6426   27
    16   1.59777   2.30663   1.43098     519   12
    17   3.08462   0.51318   1.76461    3340   18
    18   0.97060   0.52000   5.99196     910   10
    19   1.24488   2.15896   6.14352     447    8
    20   4.64947   0.85220   2.61839     559   11
    21   3.77711   0.49006   1.70692     193    7
    22   2.27917   2.32959   3.73359    2576   17
    23   3.30792   2.83408   1.62169    8282   27
    24   6.16241   2.63434   3.44159     199    7
    25   3.34492   1.91710   0.96204    1272   12
    26   2.27043   1.69456   6.14006    2080   14
    27   3.35788   0.48490   0.93729     851   13
    28   2.08829   1.38502   2.88967    1297   10
    29   3.59857   1.63713   3.48993     279    9
    30   5.27108   2.77008   5.93660     117    9
    31   2.42552   1.73607   5.70953    4717   24
    32   5.72582   1.68138   4.42688     487   14
    33   5.14661   1.40745   2.64654     578   12
    34   1.72716   2.65209   5.11939    1675   16
    35   1.06557   1.72790   5.39578    1695   12
    36   6.16912   2.74356   0.36432     177    6
    37   4.23639   1.15095   6.06929    1481   16
    38   1.74104   1.91274   3.37573    2526   20
    39   3.79645   1.23333   2.61678     308    6
    40   5.28512   0.43067   5.64872     353    7
    41   3.87851   2.49637   3.07186     109    6
    42   2.10448   1.47362   1.27984     107    7
    43   5.96693   1.95738   4.95279     923   11
    44   0.49690   0.55735   3.17291    1403   13
    45   0.47278   1.48876   0.76597     104    6
    46   1.40647   1.31277   3.55226     218    6
    47   0.83171   1.36594   0.40575    4303   16
    48   1.18211   0.73803   0.23728     159    8
    49   3.00450   2.34130   5.16315      94    6
    50   3.19781   1.08682   1.12807     940   10
    51   4.67520   2.57834   6.17453     635   12
    52   5.14453   0.69910   4.70300     106    5
    53   0.36582   1.69391   0.22472    1659   12
    54   4.58469   0.44942   4.15341     475    7
    55   2.37585   1.32381   6.08178    6784   30
    56   0.36056   2.60253   0.15998      85    5
    57   0.85915   1.51949   6.24390    7361   18
    58   3.27221   2.42069   5.57636    9057   25
    59   5.18153   1.23958   5.82025      46    5
    60   3.65648   2.63279   2.39009      83    7
    61   5.37960   1.71906   0.92307    2341   18
    62   2.28836   2.10950   1.83375    1255   17
    63   5.48435   2.87436   4.01715     434    9
    64   0.73103   1.24812   2.02147      98    6
    65   0.33598   1.63763   0.21505     426   11
    66   0.78955   2.01794   0.65174     746    9
    67   1.32461   0.65248   1.30190     737   11
    68   2.82988   1.01411   4.08117     289    8
    69   0.04063   0.69726   4.13849    2480   17
    70   1.68428   0.86870   0.45857     138    8
    71   4.57162   0.76948   3.01321     542   10
    72   0.20937   1.02049   1.96997     615   12
    73   3.37622   2.02521   3.97528     485   10
    74   5.54417   0.89409   5.49357     335    9
    75   5.19385   1.12964   3.84196     151    8
    76   2.51419   1.82165   0.47673     930   12
    77   1.05084   2.70162   2.80660      81    3
    78   1.68132   2.02018   1.20381     373    8
    79   3.24685   1.66822   1.33467    2376   14
    80   6.09910   1.94364   5.64314    1878   13
    81   0.77590   0.97882   2.76690    4268   21
    82   5.23849   1.99183   0.62955    1052   10
    83   4.28488   1.83574   2.61934    1560   13
    84   5.65237   1.22616   4.77510     222    6
    85   4.04978   1.39215   6.08466    1370   12
    86   0.43100   0.40327   3.19388   71001   82
    87   5.18073   1.26793   3.02958    1747   10
    88   1.88481   1.87320   1.59615     218    7
    89   3.90209   0.48190   2.70338     307   10
    90   2.12342   1.81386   0.49707     130    8
    91   5.96967   1.96584   0.43185     721   11
    92   4.75910   0.57027   2.46788    1786   13
    93   3.10896   0.79971   2.81491     182    8
    94   6.15499   1.70483   5.59812     330   11
    95   4.27499   2.90241   6.18565     328   10
    96   0.98275   2.10304   3.25479    1508   14
    97   2.17950   1.03766   0.30075    1187    9
    98   1.09313   1.31313   1.69528     229    7
    99   2.03564   0.67274   0.83575   19059   35
   100   1.09313   1.31313   1.69528      64    1
   101   3.92268   2.65332   2.30349      68    6
   102   0.40734   2.56135   2.04322     231    8
   103   4.63015   1.37905   4.12140     111    7
   104   0.34508   1.83566   1.27428     112    8
   105   2.39263   1.81194   4.01599     109    5
   106   4.52682   2.04029   3.88126     357    9
   107   5.86023   2.36046   0.29017    5897   24
   108   2.19830   1.32249   1.28455      67    4
   109   0.93983   1.03237   5.76333     594   11
   110   2.13924   0.66490   5.85364     576   12
   111   3.97378   1.69303   4.41311      84    5
   112   2.36332   2.35639   4.59650     819   10
   113   4.84378   1.07439   5.58828    2918   15
   114   2.29776   2.01641   3.59552     103    4
   115   0.75704   1.03736   5.40541    1779    8
   116   4.89165   2.71162   4.71379     109    5
   117   5.09560   2.30466   4.86474      15    2
   118   0.68377   1.54960   4.12625   25583   42
   119   1.80294   2.62524   0.02530    1652   11
   120   3.78781   1.62965   4.77345     591   12