     1   0.00000   0.00000   0.00000       0    0
     2   4.36458   2.21997   1.97881    1468   15
     3   6.14970   2.39558   1.41733    2034   20
     4   6.24557   2.60247   5.37903     837   10
     5   4.55920   1.90030   5.52777    1036   13
     6   2.15614   1.29713   5.43123     842    8
     7   2.30934   1.85604   5.57841    1647   16
     8   5.46685   1.29680   2.32523    1137   13
     9   3.32508   2.04415   3.94218    1065   16
    10   2.36676   1.24959   2.08087    1061   14
    11   3.30231   1.74464   2.10605     737    8
    12   4.15521   2.15681   5.18280    1120   16
    13   5.10129   1.10078   5.99351    1027   14
    14   4.01218   0.78021   4.56684    1467   14
    15   1.27266   1.90745   0.24288    1477   14
    16   2.51194   2.33290   3.78636    1166   15
    17   0.79627   2.55375   6.03504     787   11
    18   0.23223   1.77724   5.55489    1849   16
    19   5.44321   0.80561   4.72007     887   11
    20   3.09680   1.66291   1.25135    1842   18
    21   0.38119   1.80819   2.91135    1650   16
    22   3.24904   0.53728   0.44768    1290   14
    23   0.72407   0.92930   5.08004     744   12
    24   1.49501   2.78384   5.84936    1896   16
    25   3.47626   1.12095   4.49751    2371   21
    26   5.08307   2.67270   2.09523    1306   14
    27   3.30491   1.20451   3.04950    1123   13
    28   3.09127   0.60861   4.78333    1907   16
    29   5.68093   0.96513   5.35356    1440   17
    30   4.61244   2.62962   1.83124    1293   13
    31   2.64488   0.55825   2.09921    1031   12
    32   0.20177   2.69429   5.72808    2149   18
    33   2.82704   1.62628   4.17963    1575   16
    34   0.86718   1.16130   1.12439    2043   14
    35   1.67697   1.33050   1.63143    1295   14
    36   5.59196   2.23979   3.31485     991   14
    37   2.15581   2.31125   4.59451    1522   17
    38   3.38822   0.58623   4.22786    1312   14
    39   4.86639   0.83525   3.03430    1745   18
    40   5.16442   1.18304   2.88942    1288   15
    41   2.24740   1.92820   5.11608    1306   16
    42   2.93392   1.04966   5.12467    1806   16
    43   1.55350   1.11901   4.93306    1976   15
    44   1.58888   0.08117   0.08880     734   10
    45   3.33997   1.37896   2.43692    1701   18
    46   2.62502   1.61788   1.87203     697   10
    47   1.47103   2.15173   6.23335    2006   17
    48   4.18893   0.29723   2.42839     718   12
    49   0.89675   2.23209   2.87650     849   13
    50   4.45325   2.64729   5.34054    1230   12
    51   1.39976   2.88084   5.72879    2107   16
    52   5.78361   0.45436   2.59331    1016   13
    53   2.91001   1.88117   4.11922     919   10
    54   1.44388   1.42583   4.65410    1127   11
    55   6.11264   0.81229   5.62247    1891   17
    56   5.66656   0.60500   1.76430    1058   11
    57   2.11912   1.30427   0.90542    1926   19
    58   0.01469   2.34251   1.98569    1240   14
    59   0.11163   1.00173   2.81421    1219   16
    60   3.25762   1.30368   2.90252    1521   16
    61   2.93705   2.26914   1.92617    1282   12
    62   1.65034   2.76245   1.39882    1652   18
    63   1.11088   1.53975   2.73303    1486   19
    64   4.75834   1.92490   5.44628    1858   17
    65   3.47774   0.20511   6.19622    2284   19
    66   1.09955   1.55918   0.63874    1064   14
    67   1.59910   0.58073   6.11534    2057   18
    68   4.70204   2.33178   5.26912    1306   15
    69   2.42629   1.78813   0.65187    2406   22
    70   2.16333   2.28694   4.25548     830   12
    71   3.84323   1.93328   4.92682    1139   12
    72   5.18774   0.77459   5.22633    1572   16
    73   6.19162   1.30525   1.23109    1182   13
    74   2.31388   1.33062   3.84153    1592   18
    75   4.33840   1.23789   2.83734    1235   14
    76   4.11205   0.93675   3.26831    1217   12
    77   5.50121   1.79537   4.84858    1148   15
    78   3.24309   0.76337   0.47837     828   11
    79   3.87939   1.14547   3.83588    2035   19
    80   1.51353   2.33954   0.96635    1755   17
    81   5.82064   0.53648   0.94971     620   11
    82   4.12452   2.27742   3.72326    1085   13
    83   3.44355   2.58242   4.15430     981   12
    84   3.46738   1.36443   1.76956    2115   19
    85   5.74033   0.70561   5.64798     962   13
    86   5.49918   2.02495   0.29779     804   12
    87   2.79054   0.80368   0.49222    1863   15
    88   5.85382   1.25242   0.60134    1478   17
    89   4.98879   1.50022   2.28349     776   11
    90   3.88610   1.82985   0.67993     910   13
    91   1.26626   1.76899   6.13561    1759   13
    92   3.97828   0.91256   2.12152    1125   11
    93   1.80458   1.01705   4.61816     861   11
    94   3.33424   1.06813   0.73269    2065   18
    95   2.43088   1.17450   0.27616    1550   13
    96   2.85242   1.55039   5.25414    1798   19
    97   2.07355   2.04315   3.11986    1033   13
    98   1.62064   2.54693   1.05311    1399   14
    99   5.37472   2.52146   1.72003    1206   15
   100   0.62186   2.75411   1.37681    1325   17
   101   0.30718   2.57669   3.43585    1380   16
   102   1.50816   1.26210   1.56843    1891   19
   103   2.96757   1.78041   1.98897     841   10
   104   0.03663   0.78983   2.94142     517    9
   105   2.52864   0.66125   2.79756    1144   12
   106   1.72491   0.67164   4.09297     839   10
   107   5.13640   1.15726   2.42437    2106   19
   108   2.65478   2.68990   4.73982    2436   22
   109   5.40483   2.85272   5.65653    1356   15
   110   5.76486   1.87884   1.87241    1601   17
   111   1.53821   1.17543   1.63547    1068   11
   112   3.94122   2.85170   0.13543    1500   16
   113   5.37687   0.92887   5.26415    1049   10
   114   2.54600   1.15398   2.32595    2023   20
   115   4.03018   0.63771   2.10272    1500   17
   116   2.11319   1.64876   0.89993    1765   18
   117   2.93705   2.26914   1.92617     916   13
   118   3.67441   2.51798   0.64896    1878   17
   119   3.83803   2.20951   4.34868    1473   18
   120   5.12229   2.43324   3.15602    1007   11
   121   5.16064   2.26334   5.69541     802   15
   122   4.79141   0.97618   5.13957    1520   16
   123   0.90804   0.84607   5.13676     805   10
   124   3.26013   1.76630   4.09530     938   10
   125   1.61887   1.61865   0.94498    1215   14
   126   1.86807   2.59012   4.82972     938   12
   127   1.79347   2.54633   2.78697    1383   17
   128   0.26348   1.57838   4.62150    2209   18
   129   2.46880   1.01763   2.01820    1864   19
   130   1.68951   1.07619   4.31845     793   12
   131   2.78721   2.84507   2.57864    1938   15
   132   0.66356   2.74615   0.63607    1248   14
   133   3.72862   0.99811   5.28060    1130   11
   134   1.35828   1.78663   0.80807    1035   13
   135   3.00758   0.87033   5.51542    1131   14
   136   0.46942   0.87340   3.44753    1527   14
   137   1.76949   2.16280   0.58907    1739   15
   138   2.58832   2.17669   5.55228    1611   17
   139   4.54760   2.30688   5.67601     792    8
   140   6.20199   1.44489   5.40043    1831   19
   141   1.51634   1.37439   0.49113    1494   14
   142   5.97842   2.49654   4.03415    1143   17
   143   5.53961   0.10038   4.29365    1008   12
   144   2.63921   1.30036   3.01019    1098   13
   145   1.33066   1.08524   0.88235    1443   17
   146   4.49105   2.29372   2.09874    1416   17
   147   3.86136   0.70002   1.84396    1446   15
   148   3.01820   1.40415   4.19856    1581   15
   149   0.64566   1.01861   2.00880    1037   13
   150   5.79779   0.48887   3.79514    1287   14
   151   5.84708   0.77345   6.18415    1035   14
   152   3.86188   1.75713   4.71926    1525   17
   153   1.53092   1.55153   3.13568     942   14
   154   2.62615   2.59469   1.58428    1315   15
   155   3.08912   0.49534   1.43567    1234   14
   156   3.57253   2.35767   1.22462    1307   15
   157   1.04565   2.15417   1.77510    1849   17
   158   3.44357   0.51634   0.07447    1202   15
   159   2.36954   1.70966   2.53363    1493   17
   160   5.49534   1.59014   2.29393     963   15
   161   3.03820   1.76944   5.14231    1046   13
   162   0.45011   1.59729   0.17894     773   10
   163   3.02262   1.81300   0.48065     892   12
   164   1.35623   1.97075   5.30786    1275   14
   165   2.09426   0.88719   2.52366    1091   17
   166   1.99504   2.80622   2.29063    1181   15
   167   6.10866   2.04634   2.05752    1497   17
   168   0.58990   1.82507   5.56170    1319   14
   169   2.56927   2.78227   6.10734    1520   16
   170   2.21029   2.10030   2.00543     735   11
   171   4.27568   1.56880   3.81416    1131   12
   172   4.06914   0.79782   1.22683    1045   12
   173   1.43264   2.54270   1.67925    1090   14
   174   5.57042   1.12933   0.03598    1108   15
   175   3.44584   0.85239   3.70032    1220   14
   176   3.96216   2.24476   2.35686    1261   13
   177   4.32460   1.56615   6.05414    1024   14
   178   5.86539   0.76659   2.91235     851   10
   179   5.01689   2.13081   3.52055    1188   14
   180   2.89337   1.71698   0.87730     897   14
   181   0.85367   1.18753   2.79731    2318   18
   182   6.04589   1.29898   2.76685     719   15
   183   0.71431   1.88707   2.51207     648   11
   184   0.52563   1.15253   2.43831    1289   14
   185   5.76305   2.53716   0.78467    1263   16
   186   1.85355   2.30562   3.94256     792    9
   187   4.33758   0.96200   2.71265    1495   16
   188   2.84210   2.03632   3.79931    1543   16
   189   2.87404   0.59740   5.17771    1742   19
   190   0.13504   2.59323   2.38539     506   10
   191   1.20463   2.47112   1.50160    1405   16
   192   5.91657   2.58941   5.62572    1279   13
   193   5.86180   1.84726   3.03471    1167   15
   194   5.37233   2.12632   0.07558    2237   20
   195   0.24799   1.93325   3.55190    1628   20
   196   3.71782   0.68148   5.21544    1009   14
   197   5.58699   0.28879   4.72576    1010   13
   198   1.83705   1.82495   5.77170    1246   12