     1   0.00000   0.00000   0.00000       0    0
     2   1.42093   2.27946   2.29488    3848   17
     3   0.51923   0.86255   3.53507    1914   11
     4   1.26131   2.33142   5.28091     740   10
     5   5.48213   1.96116   2.16135    3057   18
     6   0.42394   0.88137   5.35821    1202   11
     7   1.44333   2.29692   0.75737    1808   14
     8   0.42898   0.91401   5.22489    1484   13
     9   1.20413   2.21706   5.16155    2999   19
    10   5.62835   1.98155   3.88236    1386   13
    11   4.41315   0.76787   4.07820    2955   14
    12   5.66847   1.94845   3.97016    3617   14
    13   1.33485   2.36100   3.73031    1771   16
    14   1.42093   2.27946   2.29488    1189   11
    15   3.69292   2.20910   4.13149    2475   13
    16   0.37148   0.98513   0.53034    1272   10
    17   5.60272   1.93883   3.77089    5452   24
    18   1.33484   2.45649   5.31036     831    9
    19   4.52296   0.80441   0.96227    1330   10
    20   3.81571   2.24320   1.20642    3773   19
    21   2.37112   1.13204   4.10540    1377   12
    22   3.69292   2.20910   4.13149    1023   11
    23   2.21978   1.15940   2.59672    1828   15
    24   1.12875   2.33512   0.48881    1675   13
    25   1.32445   2.33999   3.82836    5458   22
    26   4.52296   0.80441   0.96227    1156   14
    27   1.12875   2.33512   0.48881     811   11
    28   4.36626   0.84629   2.53078    2056   15
    29   4.42821   0.82735   4.05039    1717   12
    30   0.49959   0.87879   3.80065    4233   21
    31   4.51618   0.83842   0.90708    1396   12
    32   4.48394   0.91191   2.60579    1526   14
    33   0.44537   1.00663   2.11147    4188   19
    34   4.54196   0.79288   5.76336    2297   14
    35   1.12865   2.27859   5.23009    3015   17
    36   0.58449   0.86710   5.08727    4030   17
    37   4.24754   0.79513   1.11291     972   13
    38   1.12875   2.33512   0.48881    4262   21
    39   1.19379   2.30784   2.00399    2430   15
    40   3.61132   2.16876   1.00628    1672   14
    41   4.48394   0.91191   2.60579     816   11
    42   0.53196   0.86912   2.13253    3412   17
    43   4.51618   0.83842   0.90708     695    8
    44   2.47146   1.09614   5.57550    3125   17
    45   4.40670   0.81759   4.17693    3061   17
    46   1.33484   2.45649   5.31036    1982   14
    47   3.70641   2.25535   4.25793    2747   19
    48   1.21301   2.33301   2.12400     208    6
    49   3.72796   2.23187   2.64899    3893   15
    50   3.69040   2.19141   5.85865    3475   15
    51   0.55088   0.93595   2.04403    2682   18
    52   4.50870   0.88452   5.75640    1891   12
    53   4.55284   0.89738   5.63740    2389   13
    54   1.33484   2.45649   5.31036    4630   17
    55   5.62429   1.95167   5.51956    1359   13
    56   1.44242   2.34173   0.64595    1287    9
    57   2.33983   1.11845   0.99975    1773   13
    58   2.52590   1.21763   5.45346     849    7
    59   2.38692   1.14724   5.68609    1404   12
    60   2.48528   1.11579   3.91374    3269   16
    61   1.35302   2.23362   5.25591    1199   10
    62   0.54471   0.99518   5.21379    1097   11
    63   2.32936   1.10926   2.58013    1661    9
    64   1.21759   2.24925   2.00078    1800   12
    65   2.35471   1.20950   0.99305    2693   15
    66   0.52746   0.82151   2.10805    3518   19
    67   2.35279   1.21749   4.09129     936   11
    68   1.12875   2.33512   0.48881     491    8
    69   3.81076   2.32182   4.21759     693   10
    70   3.72364   2.26965   0.97595    1426   11
    71   5.59804   1.91357   3.76134    5056   19
    72   3.85697   2.18795   5.83498    1517   11
    73   4.33957   0.77628   5.85875    3643   17
    74   0.53661   0.91599   0.47803    1289   12
    75   1.42954   2.41132   3.70388    1774   14
    76   1.26131   2.33142   5.28091    2379   17
    77   1.28862   2.30119   3.78211    3630   18
    78   0.53702   0.98766   3.58003    2557   15
    79   2.37194   1.20368   3.99060    4227   18
    80   5.50190   1.94405   5.50176    3201   18
    81   1.23303   2.29498   5.26347    4385   17
    82   3.69373   2.26413   2.60303    1699   12
    83   1.26131   2.33142   5.28091    3619   19
    84   1.14921   2.33636   2.04549    1094   13
    85   4.30880   0.66403   1.08050    1656   12
    86   5.59403   2.03140   2.22504    4045   17
    87   2.56071   1.19404   5.59823    1902   13
    88   5.50545   2.00789   3.77424    1973   14
    89   2.47393   1.14922   5.48545    2563   15
    90   4.51635   0.75716   5.57692    1359    9
    91   4.48394   0.91191   2.60579    2241   14
    92   4.43310   0.76442   1.12368    5377   22
    93   2.45169   1.13381   3.93749    5318   21
    94   4.53673   0.85758   5.73183    2043   12
    95   4.61893   0.74001   3.96422    2452   12
    96   4.62037   0.76787   0.89256    2036   14
    97   4.56735   0.85645   5.53923    1433   12
    98   3.69458   2.13954   2.69361    3335   16
    99   4.47862   0.77172   1.07472    2169   16
   100   1.19693   2.45563   2.06242    2625   18
   101   1.42876   2.32442   3.74700    3612   17
   102   4.49472   0.71339   5.69620     714   11
   103   2.48608   1.13459   5.56010    2210   14
   104   3.65380   2.08201   2.69659     965    9
   105   3.74274   2.19255   4.12545    3621   18
   106   3.69104   2.22847   1.08048    1238   11
   107   5.64541   1.99138   5.55344    4890   17
   108   3.70870   2.28029   4.25518     698    9
   109   4.40109   0.86807   4.12979    3016   17
   110   4.53264   0.85738   5.64336    2147   11
   111   2.31641   1.19037   4.11530     677    8
   112   3.71762   2.32477   2.67101    2076   15
   113   0.44800   0.90870   3.69932    2997   17