     1   0.00000   0.00000   0.00000       0    0
     2   4.05897   1.03865   3.98624     937   13
     3   4.55331   0.95285   5.30224    1105   12
     4   1.57328   2.56690   4.89350     770   13
     5   5.47091   2.22986   5.04799    1352   15
     6   5.74525   1.88630   4.28680    2392   18
     7   6.26008   1.37643   2.06524    1902   19
     8   1.45312   1.34038   1.62633    1395   11
     9   3.97085   1.29888   2.70656    1368   15
    10   2.51658   1.56706   6.06962    1003   15
    11   4.92843   1.61356   1.24607    1940   22
    12   1.94834   2.11878   6.07631    1625   14
    13   6.09642   1.93848   1.30876    1289   13
    14   0.54389   1.24313   2.20758    2479   18
    15   0.14944   2.78692   2.33924     675   11
    16   1.29270   1.58481   3.90662     952   11
    17   1.51751   0.57251   2.39873    2330   21
    18   5.59449   1.65943   0.69160    2982   19
    19   2.21030   0.55576   3.28154    1176   15
    20   3.89376   0.31160   2.20206    1716   14
    21   5.26081   1.46328   3.24927    1027   14
    22   0.30874   2.02669   5.23998    1614   19
    23   1.69705   1.94950   0.01010    1336   14
    24   1.71384   1.66665   2.46262     733   12
    25   0.89159   0.91741   3.93404    1159   14
    26   5.46087   2.04787   2.36096    1275   13
    27   2.87558   2.24359   5.76155    1939   19
    28   1.93940   0.92710   0.19004     833   11
    29   3.10638   2.88691   0.98019    1223   13
    30   2.94539   1.19429   5.28899    1356   14
    31   1.86848   0.40359   4.88716    1619   15
    32   2.92744   2.79344   0.24166    1201   12
    33   3.32838   0.81238   0.68554    1329   17
    34   5.26498   0.96094   3.61994    1358   15
    35   0.37817   0.70149   2.72708    1145   14
    36   3.16666   0.76315   5.24865     941   11
    37   1.87246   1.13499   1.59396    1265   16
    38   0.02873   1.12523   3.54022     946   12
    39   0.65179   1.89438   1.48616    1367   13
    40   3.27045   2.95061   1.37781    1530   16
    41   3.55976   0.49578   5.64036    1097   15
    42   3.73132   1.68612   1.12374    1357   15
    43   3.07675   1.43378   3.68390    1372   14
    44   4.89529   1.30934   0.39801     990   11
    45   4.12177   2.17668   4.06665    1615   14
    46   2.46493   0.80360   6.11127     816   12
    47   4.77753   1.42854   0.08228     869   11
    48   1.54686   2.26968   5.52990    1277   17
    49   0.43782   0.74890   2.19264    1203   13
    50   3.97972   0.81925   2.64981     603   11
    51   0.39210   0.57001   4.90871    1717   14
    52   2.59070   1.69263   2.60156     940   13
    53   0.95597   1.11242   0.90711    1177   13
    54   0.02873   1.12523   3.54022    1367   17
    55   2.89768   0.54097   5.30921    1488   15
    56   5.78442   3.03102   1.54095     953   11
    57   3.54064   2.68338   0.25408    1129   13
    58   2.97449   1.35876   2.78741    1052   12
    59   4.41720   1.78393   5.20973    2314   15
    60   0.49516   2.13331   0.76318     910   13
    61   0.66197   1.87995   4.61089     824   11
    62   4.64628   1.67659   4.36375    1448   16
    63   2.56213   1.13106   1.17420    1457   15
    64   1.24641   2.63382   1.75351    1388   18
    65   3.08000   2.70492   1.77934    1889   20
    66   3.49690   2.05732   0.07438    1429   16
    67   5.37142   2.21297   5.13549     808   15
    68   4.91419   0.62116   5.35257    2473   19
    69   4.94118   1.38654   2.27189    1051   12
    70   4.66852   2.19525   5.00904    2292   19
    71   0.85367   1.92610   0.55599    1584   17
    72   0.27855   1.79861   1.43358    1555   16
    73   6.05341   2.26032   4.49056    1333   12
    74   6.14289   0.19017   1.07838    1409   18
    75   3.41638   0.79873   0.56351    1047   13
    76   4.65302   2.15163   1.53244    1494   15
    77   0.57192   0.80469   4.73949    1181   15
    78   0.24922   1.11642   0.10852     923   13
    79   1.74690   2.70860   4.48012    1186   14
    80   5.74860   1.94085   2.21042    1409   14
    81   2.30686   2.57844   2.35800    1812   17
    82   1.89382   1.60321   0.42912    1094   12
    83   1.36850   0.48973   3.80390     835   14
    84   2.60471   0.72838   3.98827     541    8
    85   2.97869   2.82584   4.24160    1277   13
    86   2.96194   1.91255   5.83699    1228   11
    87   0.87711   1.73978   2.43166     953   13
    88   5.65008   2.61462   5.35660    1359   17
    89   5.75347   2.12089   0.93432    1030   15
    90   0.32585   2.18974   1.27406    1461   14
    91   5.22376   0.78124   1.99267    1285   15
    92   3.09279   0.80453   2.21660    1061   13
    93   1.07811   1.38735   3.97249    1203   13
    94   5.40628   2.18205   1.67497     573   13
    95   4.07593   0.95044   6.19291    1944   16
    96   4.85167   1.63452   6.27384    1742   17
    97   2.92216   1.90224   1.05483    1024   12
    98   0.42633   2.61648   3.21856     907   11
    99   4.71801   1.46222   3.90804    1840   19
   100   4.97204   2.57147   0.42611    2050   18
   101   1.25274   1.47245   2.20650    2368   18
   102   1.97266   2.60642   3.23726     951   12
   103   0.68101   2.15822   1.34196     887   12
   104   5.16170   0.28686   4.82552     967   13
   105   0.94197   1.09594   0.98224    1553   15
   106   3.70007   1.97196   0.73441    1716   16
   107   2.29864   2.36195   0.79848    1570   18
   108   0.79722   1.55868   0.07034    1722   16
   109   5.59592   2.34721   1.84032    1233   12
   110   1.40905   1.45857   2.15970    1161   14
   111   0.52809   2.16292   3.60397     757    9
   112   3.65666   2.03640   4.90321    1783   15
   113   3.18432   1.43400   3.08082    3004   22
   114   5.79960   2.08383   5.73173    1057   12
   115   1.59846   0.73446   1.16088    1887   19
   116   5.70259   2.95818   4.04437     780   13
   117   2.56164   1.03320   4.23774    1223   13
   118   4.73970   0.38387   0.22951     939   14
   119   1.30137   2.39817   5.64402     959   13
   120   4.26296   1.64221   4.57016    1701   17
   121   0.57728   2.39560   4.27038    1395   15
   122   1.15703   1.75239   5.72439    1368   14
   123   4.25150   1.49645   4.76910    1278   14
   124   2.66801   0.91546   1.09646    1221   12
   125   0.74338   2.34942   1.64883    1289   13
   126   2.79448   2.39300   5.17325     867   12
   127   5.18141   0.75083   5.90674    1129   15
   128   2.01748   0.73759   5.40069     741   11
   129   3.20304   1.18029   5.15435    1351   17
   130   3.12711   1.96859   3.42811    1279   15
   131   3.98025   1.78058   1.01361    1438   12
   132   6.27330   0.74940   0.85352    1650   15
   133   0.26913   0.86170   3.44167    1292   16
   134   4.95700   1.37620   6.23649    1459   16
   135   0.33516   1.05606   1.21969     861   12
   136   4.48637   2.02260   1.60369    1216   14
   137   5.75095   2.23109   2.88801    1157   14
   138   5.89264   1.47066   1.57192    1645   16
   139   5.17948   1.39495   1.15738    1285   14
   140   3.43436   2.15043   3.55680    1313   13
   141   5.10050   2.06415   0.89311    1691   15
   142   3.25350   2.71940   3.88536    1138   12
   143   0.54694   1.00002   5.83745    1435   15
   144   4.55957   1.79954   4.37116     957   13
   145   4.88707   2.54019   5.55409    1541   16
   146   0.06656   2.30083   1.35746     901   13
   147   5.52590   1.67959   0.14944    1270   14
   148   2.07525   2.23772   2.86671    1351   14
   149   1.06028   0.98389   4.66412    1377   15
   150   1.48500   2.71781   1.26805     689   11
   151   1.30137   2.39817   5.64402     833   15
   152   5.43943   1.36563   6.09206    1528   14
   153   6.17613   0.98903   1.73898    1170   12
   154   2.90034   1.94120   3.40587     669    8
   155   4.44232   2.03491   3.07135    1098   12
   156   2.19030   1.68723   2.41133    2164   17
   157   4.11139   1.67539   4.61157    1562   18
   158   3.88307   1.66635   2.59733     974   13
   159   3.40483   1.43878   5.74644    1681   17
   160   1.40491   2.73740   1.20661    1481   13
   161   0.37043   2.22424   2.51022    1143   16
   162   4.73454   2.31458   3.54260    1105   14
   163   5.80375   0.53923   5.23872    1258   14
   164   0.54051   1.85848   4.04166    2361   18
   165   6.25576   2.48779   5.74671    1502   18
   166   3.24560   1.05919   4.87302     744   10
   167   4.03885   0.87324   1.37012     900   14
   168   4.84016   1.87314   5.15400    1320   14
   169   0.56252   0.63065   5.19622     741   11
   170   5.94513   1.87759   4.87450    1407   15
   171   5.27967   0.18773   2.27165    1162   11
   172   1.71336   0.74629   4.24675     622   13
   173   1.57320   0.94811   2.98315    1789   19
   174   2.10853   0.51395   1.88049    1344   16
   175   5.90694   2.72857   4.22418    1764   17
   176   0.39003   1.49728   5.43126     764   12
   177   0.59176   0.52397   4.27284    1017   12
   178   5.26716   3.01555   0.51227    1387   16
   179   3.60438   1.40426   5.66370    2076   19
   180   0.56006   1.86006   3.40850    1394   17
   181   3.90253   2.12545   5.32812     896   11
   182   1.13543   2.35817   3.16350    1373   15
   183   2.12249   2.11468   6.25532    1902   16
   184   2.81634   2.55848   3.66997    2615   18
   185   5.86532   1.01761   3.83199    1351   16
   186   3.41547   0.97218   4.32736    1024   11
   187   4.03800   2.08021   3.80648    1942   20
   188   3.72718   2.13976   2.64696    1915   16
   189   0.96980   1.48843   5.70537    1225   13
   190   1.38576   0.38464   4.06828     957   11
   191   2.77698   2.54042   0.15705    1793   20
   192   1.36167   2.30628   2.15530    1358   16
   193   1.47737   1.08162   3.95673    1958   18
   194   0.62293   0.72190   2.74687    1100   14
   195   5.46683   1.18270   4.61230    1459   15
   196   3.24656   0.78731   3.13383    2285   19