     1   0.00000   0.00000   0.00000       0    0
     2   2.54462   1.88671   0.92317     827   10
     3   6.04397   1.47579   0.36548    1418   16
     4   0.32117   0.86171   2.63532    1280   14
     5   5.74482   2.22658   5.99906    1047   13
     6   4.43120   2.23315   4.78165    1180   15
     7   2.25557   2.45106   4.60412    2135   16
     8   0.82273   2.38619   4.22845     952   10
     9   4.94537   2.13100   3.84668    1343   12
    10   3.71787   2.05756   3.63727     736   12
    11   0.04887   2.91344   3.52755    1425   16
    12   4.99888   1.46523   5.66614    1163   13
    13   4.40112   1.41207   4.64874    1468   15
    14   1.66864   0.86649   5.00005     538   11
    15   1.47312   1.54888   3.05663    1052   14
    16   4.61928   1.85388   0.42484    1381   17
    17   4.67352   2.35405   0.73286    1725   17
    18   5.93825   0.26763   1.27134    1254   16
    19   3.44803   1.52304   4.47037    1071   12
    20   5.64566   0.51793   2.21766    1910   19
    21   3.91343   1.91610   6.18669    1213   16
    22   5.18310   1.68744   5.59271    1124   11
    23   4.40149   1.88783   5.97882    1193   13
    24   4.93315   2.10742   5.02380    1244   12
    25   4.27673   0.68189   5.32531    1430   16
    26   5.47016   1.44675   3.27813    1128   14
    27   5.43819   2.28905   1.73854    1112   14
    28   0.71987   2.06546   0.93583    1442   18
    29   2.09157   0.74700   4.77635    1711   19
    30   3.32799   2.40980   4.88930    1280   14
    31   1.90656   2.12604   3.40087    1536   14
    32   4.96397   0.46827   4.23201    1590   15
    33   1.88561   0.92852   0.84040     782   12
    34   2.04142   1.27155   4.00779    1720   16
    35   4.88561   2.57952   0.36575    1357   15
    36   3.47543   2.35390   6.04791    1944   20
    37   0.66108   0.75967   0.02923    1821   18
    38   2.48278   2.13587   2.21798    1832   16
    39   0.69687   1.28384   2.86854    1180   15
    40   5.83933   1.07538   5.80033    1398   14
    41   3.81139   1.88494   4.16591     839   13
    42   5.64079   1.60202   1.26891    1660   15
    43   0.78433   2.17325   1.55790    1252   16
    44   1.22603   1.85279   6.15138    2081   17
    45   4.73994   2.64147   4.05852     908   12
    46   3.91556   0.59544   5.63684     624   10
    47   1.12516   2.17544   0.58241     836   12
    48   4.93218   0.37572   3.89505    1380   17
    49   0.31127   1.20479   2.28628     966   14
    50   4.11585   2.62571   2.90315    2316   20
    51   3.10712   0.75594   4.83879     799   14
    52   6.03224   0.25415   3.59221    1402   15
    53   5.80691   1.34567   0.82331    1432   16
    54   5.52449   1.00164   2.18326    1043   13
    55   0.54595   0.80995   5.22698    1625   13
    56   0.83954   1.20541   0.16912    1254   17
    57   6.13547   1.66586   2.89031    1183   15
    58   5.51957   1.37886   5.57664    1036   14
    59   5.29235   1.73068   4.24886     836   11
    60   2.64689   1.74565   0.21251    1670   16
    61   4.37836   1.19125   5.47439     720   10
    62   1.61101   2.16419   3.17503    2094   22
    63   2.85271   1.21163   3.93644     843   12
    64   1.74291   2.28024   1.15352     927   14
    65   2.18877   1.76424   0.32790    2046   22
    66   3.40793   1.23040   4.48542    1436   14
    67   2.62935   1.87693   0.86603    1692   15
    68   4.29796   0.70386   1.25342    1339   15
    69   3.07877   0.98299   2.04565    1404   15
    70   2.33507   2.59572   0.30916    1795   20
    71   5.94012   1.79376   6.05482    1020   14
    72   4.85386   1.31394   1.61120    1206   16
    73   3.22689   0.80265   6.04769     939   13
    74   2.38817   2.28812   4.50959    1992   17
    75   0.61024   1.23393   4.04980    1601   16
    76   0.51207   1.60174   2.09564    1767   17
    77   3.71017   0.86980   5.11279    1760   16
    78   0.83202   1.03919   3.22196     790   13
    79   4.69735   0.90645   2.27452     919   12
    80   6.18729   2.70114   5.64828    1161   14
    81   2.46365   1.60061   5.77496    1352   18
    82   5.20515   1.84066   2.19177     967   12
    83   3.46925   1.84539   4.60553    1640   18
    84   0.31009   0.64238   4.95867    1114   14
    85   2.06585   1.07792   5.66884     785   13
    86   5.51529   1.27216   0.20795    1768   16
    87   1.44407   1.57226   6.22087     998   14
    88   4.49202   2.90830   3.70367     849   12
    89   5.56439   1.08214   5.28993    1373   13
    90   4.55745   2.13473   6.23755     953   10
    91   5.72762   0.78431   4.57564    1483   15
    92   3.72683   1.27604   0.14372    1382   13
    93   1.76744   1.24308   6.03911    1042   13
    94   0.66834   2.59508   5.19766     886   12
    95   3.41025   1.89162   0.59907    1813   18
    96   3.38289   1.19003   0.29973    1417   15
    97   3.54234   1.24467   3.95976    1111   15
    98   5.61654   1.86465   4.58394    2001   16
    99   3.94832   0.75368   6.12454    1306   14
   100   3.10710   1.33801   0.44912    1581   16
   101   5.96252   1.78172   0.96863    1512   17
   102   2.21707   1.43332   3.20493    1285   15
   103   0.80849   2.33404   1.38899    1536   19
   104   0.41905   2.62866   3.70420    1903   16
   105   1.99851   2.18831   3.95437    1407   15
   106   3.30343   0.30771   0.14224    1717   15
   107   3.46186   0.31128   0.17942    1004   14
   108   3.13035   2.36406   2.73818    2019   20
   109   5.46653   1.21986   2.42709     876   13
   110   0.03511   2.49463   2.14734    1454   13
   111   3.03603   2.12149   2.61489    1130   14
   112   5.06995   1.17266   1.18754    1737   18
   113   1.97220   0.32366   5.91343    1911   18
   114   0.50193   0.69336   3.46545     876   13
   115   0.20524   2.53888   2.30460    1358   18
   116   1.91362   2.80556   5.52094    1031   14
   117   2.20703   0.99883   0.15057     995   13
   118   4.80025   2.32848   2.14399     575   10
   119   3.07156   2.39537   2.50553    1404   15
   120   4.15768   1.10668   4.48867    1584   16
   121   1.50181   1.89595   2.64076    1713   17
   122   4.31083   1.03689   6.15957    1342   16
   123   4.55372   1.73646   0.82427    1257   15
   124   3.46486   1.40631   2.17643    1188   15
   125   2.83814   0.77373   0.97304     581   12
   126   5.84950   2.53578   5.92935    1180   16
   127   2.68748   1.43904   2.50492     832   10
   128   4.92324   1.04044   0.71732    1612   15
   129   0.63066   2.01049   3.11382    1078   15
   130   1.79978   2.38011   5.74693     944   14
   131   0.30999   2.26632   4.46545    1120   15
   132   1.53375   2.51941   2.93704    1563   14
   133   1.62800   1.39707   3.59827    1794   16
   134   6.04640   1.79004   3.70599    1294   14
   135   5.50001   2.07856   4.40262    1010   12
   136   0.94188   0.61994   2.96212     917   14
   137   3.02857   1.34487   3.51046    1250   16
   138   5.68253   1.02830   0.65139    1208   16
   139   1.95121   2.64437   4.01493     931   11
   140   5.60623   1.43118   3.40912    1722   15
   141   0.72848   1.10530   1.30038    1586   14
   142   5.37505   1.64002   3.85817    2034   18
   143   2.76256   1.05771   5.29288     855   11
   144   0.72733   1.76286   2.59040    1366   19
   145   2.47112   2.06581   4.81671    1846   20
   146   1.77882   0.53161   4.95474     762   11
   147   2.76906   1.55659   5.22270    1803   17
   148   1.11372   1.45863   2.77600    1540   14
   149   4.00003   1.62158   4.68252     657    9
   150   6.16020   1.94666   0.86320    2082   16
   151   1.24514   1.98017   1.17504     989   10
   152   5.54643   1.82928   0.55525    1140   13
   153   5.13949   1.71161   4.42309    1413   14
   154   0.63588   1.94594   5.66348    1167   16
   155   6.10957   2.40196   0.21245    1199   15
   156   5.38564   1.27313   1.71618    1070   14
   157   5.46155   1.34739   5.54845    1233   16
   158   2.72367   1.96134   2.08083    1265   13
   159   3.51820   0.59618   4.46851    1524   14
   160   1.93517   2.21326   3.46793     966   13
   161   0.34530   0.33280   3.04885    1036   15
   162   1.37248   0.78120   2.50910    1787   17
   163   3.48818   2.45198   0.83674    1216   15
   164   5.99718   2.00075   0.02903    1092   13
   165   0.42663   1.97547   3.85991    1083   12
   166   5.85400   1.39466   0.04658    1162   13
   167   1.50646   1.98739   5.71061     929   14
   168   4.44115   2.54031   2.77696    1164   14
   169   3.17491   2.25854   5.40350    1451   16
   170   5.80968   2.24377   0.44545     922   13
   171   1.43833   2.31077   2.26017    1014   15
   172   1.32732   0.37560   4.66864    1121   14
   173   2.52133   1.23832   4.44983    1320   14
   174   5.26252   2.17233   2.68181    1472   16
   175   3.70145   1.52935   3.75543    1851   20
   176   0.83216   1.66564   5.91385    1434   12
   177   1.09501   2.23084   2.99976    1847   22
   178   1.13904   2.13347   6.05594    1018   16
   179   1.22067   2.26003   4.99084    1382   14
   180   5.69927   2.61688   4.66980     546   11
   181   5.56757   1.25985   0.52260    1047   13
   182   4.04582   1.84122   2.36890    1316   16
   183   3.69756   1.31056   2.58838    1158   15
   184   3.44663   1.20222   2.30220    1546   16
   185   4.48937   1.57327   3.20863    1062   13
   186   5.54102   2.26634   2.98772    1043   13
   187   3.34464   1.48753   2.72562    1564   17
   188   2.46262   1.70859   2.56068    2111   21
   189   0.14141   0.83541   0.90724    1167   16
   190   5.14272   0.97668   2.37796     861   12
   191   2.47357   0.92030   3.62585     411    7
   192   5.11450   0.75798   3.33510    1626   15
   193   4.61306   0.92016   4.80671    1035   11
   194   2.69268   1.49962   2.62753    1351   14
   195   1.13118   1.94038   4.90765    1429   15
   196   2.30992   1.91467   0.43850    1093   15
   197   0.87738   1.47238   5.57226    2494   20
   198   4.85533   1.60975   6.02274    1732   17
   199   2.10284   1.00089   2.32736    1043   16
   200   2.12030   1.90215   5.28089     770   11
   201   4.07506   1.83455   2.41693     906   11
   202   5.28759   2.28465   6.00561    1829   19