     1   0.00000   0.00000   0.00000       0    0
     2   0.02756   1.55246   0.12251     624   10
     3   2.97008   1.54119   4.63486    1887   13
     4   3.20416   1.90373   5.14489    1416   15
     5   4.24228   2.07525   3.15419    1119   13
     6   1.23369   2.00408   4.88190     933   11
     7   4.07694   2.58086   3.73496    1163   12
     8   5.60158   2.36749   1.25269    1297   13
     9   2.14672   1.08277   3.65943    1256   16
    10   1.39815   1.48762   3.17130    1413   16
    11   0.77043   2.78025   1.28767    1458   15
    12   2.97382   1.63958   3.08540    2929   22
    13   4.76466   1.29561   3.06544    1424   17
    14   0.12233   1.96125   2.69588    1908   16
    15   3.29163   2.53884   2.48311     902   11
    16   0.18303   1.95740   5.95001    1797   18
    17   6.15323   0.43503   1.80058    1662   18
    18   6.21496   1.65771   3.25683    1072   13
    19   2.53778   0.04855   0.66748    1438   14
    20   1.86254   1.06083   3.60283    1145   16
    21   5.03403   0.02988   1.07908    1524   14
    22   4.63183   0.97950   1.48847     847   13
    23   1.76545   2.25581   5.71039     972   13
    24   6.23014   1.51725   4.88227    1496   15
    25   4.66745   1.59845   3.14207    1243   14
    26   5.20891   1.37303   1.01026    1290   18
    27   1.72228   2.05063   2.64086     913   12
    28   1.05002   0.57051   0.81337    1134   14
    29   5.64651   1.89761   2.21079    1139   12
    30   4.67111   1.72483   6.20172    1225   15
    31   3.58031   2.34186   5.64244    1776   17
    32   1.76545   2.25581   5.71039     911   13
    33   5.17343   1.39366   1.14029     743   10
    34   1.01688   0.67946   5.87946    1328   13
    35   5.03167   0.71424   3.52447    2806   21
    36   4.33887   2.59842   0.41407    1874   19
    37   3.61866   0.10168   5.74988    1881   16
    38   4.74496   1.69577   4.68057    1340   13
    39   2.52356   2.80012   0.23511    1354   13
    40   2.87623   1.99499   5.02299    1009   13
    41   0.48532   0.47552   3.87006     801   12
    42   3.57393   0.70384   0.38817    1162   13
    43   4.14586   0.14602   3.76485    1830   18
    44   1.96172   2.58471   5.86348    1949   20
    45   5.80382   2.39931   4.97301     940   15
    46   4.06391   2.55393   5.66082     833   11
    47   5.58862   0.86930   6.07882    1294   14
    48   3.51822   0.08409   2.79817    1560   17
    49   0.89855   0.66575   4.06683    2227   20
    50   2.28592   2.70350   3.35545    1073   12
    51   0.37896   0.07137   4.37593    1557   14
    52   4.02805   2.57860   0.63041    1628   17
    53   3.22826   0.98476   1.99225    1022   11
    54   3.12637   1.52663   4.71684    2398   18
    55   1.69408   1.65200   4.52342    1768   16
    56   0.09782   0.80986   4.84559    2070   19
    57   1.58234   1.45201   1.49860     696   10
    58   3.64760   0.51464   1.34951    1212   14
    59   1.76545   2.25581   5.71039    1366   16
    60   1.22567   2.84370   5.71930     884   10
    61   2.33284   2.37713   1.45479     774   13
    62   4.29019   0.17688   2.04453     734    8
    63   0.69390   1.75237   0.04033    1735   17
    64   5.68480   1.60241   0.44474    2081   20
    65   3.32908   2.78339   2.17949    1329   15
    66   4.20962   1.71030   2.00712    1031   12
    67   3.12388   1.61854   4.57283    1514   17
    68   3.23095   1.44097   5.38254    1040   14
    69   3.05496   1.63572   1.45272    1889   15
    70   2.05441   1.85728   3.72496    1538   16
    71   5.58603   2.17674   2.57426    1238   16
    72   3.62966   0.54607   2.05735    1082   13
    73   5.44851   2.51244   3.38377    1277   17
    74   1.71041   1.41541   0.44918    1292   15
    75   5.95382   2.98436   2.84465    2387   19
    76   6.05127   2.41535   0.86519    1173   12
    77   2.89098   1.16327   1.73473    1076   11
    78   3.42749   1.02636   3.51991    1384   16
    79   0.83557   0.50245   1.17728    1178   15
    80   5.20671   1.23752   5.66528    1496   16
    81   5.02597   1.34454   2.57743    1283   15
    82   6.22558   1.59131   1.48650    1033   14
    83   2.63583   2.10875   1.13523     852   11
    84   1.92794   1.99706   5.39081    1215   15
    85   3.94039   2.55417   3.67476    1640   11
    86   6.21132   1.46207   4.71137    1131   14
    87   4.54288   1.55531   0.05429    1845   17
    88   5.53860   1.33837   5.65053    1583   16
    89   2.69391   0.90133   4.62995    2218   17
    90   0.99801   0.60979   2.32737    1170   16
    91   6.19899   1.40945   0.12851    1648   14
    92   0.02756   1.55246   0.12251     790   12
    93   3.10863   1.71243   1.47313    1303   14
    94   6.03415   0.27091   5.57591    1605   12
    95   4.64131   0.12698   0.12380    1074   15
    96   4.82677   2.90153   3.85208     914   15
    97   2.08016   1.08470   4.57268    1102   12
    98   2.24555   2.96694   1.16521    1789   18
    99   4.01939   1.19012   3.81179    1872   16
   100   3.34288   1.06316   3.50712    1586   14
   101   2.02406   1.91926   3.71510    1469   13
   102   5.32931   1.60224   2.18958    1495   16
   103   3.99735   0.98598   0.42212    1848   17
   104   3.25769   1.15212   4.57674    1475   16
   105   0.93738   1.24552   5.80543     835    9
   106   2.87623   1.99499   5.02299    1018   11
   107   0.79626   0.57700   4.22645    1032   13
   108   0.90749   0.60414   4.21795    1898   17
   109   2.11338   0.38810   5.17605    1954   20
   110   5.36632   0.93863   3.54198    1192   12
   111   3.13157   1.50809   6.28313    1846   19
   112   2.03310   1.23847   4.25909    1407   16
   113   1.90195   1.77943   0.53799    1041   14
   114   2.81839   0.81465   5.07704    1047   15
   115   5.89656   0.01431   5.04814     895   13
   116   4.64131   0.12698   0.12380    1806   20
   117   1.94636   1.91940   0.25604    1178   12
   118   4.21522   0.26547   5.00584     944   13
   119   6.04732   1.10729   1.97038    1520   15
   120   3.05228   0.15749   4.87993     918   12
   121   1.30356   2.30051   5.46855    1145   11
   122   5.06566   1.87690   0.01941    1989   19
   123   3.42749   1.02636   3.51991     845   13
   124   1.55882   0.74533   3.88877    1359   15
   125   0.21297   1.02419   2.36065    1593   17
   126   3.34083   1.14693   1.86948    2335   21
   127   3.77927   0.22633   2.64508    1693   17
   128   4.79765   1.70411   4.82988    1911   18
   129   2.96781   1.31568   0.99731    1407   15
   130   0.97913   0.71280   4.18604    1031   11
   131   5.09911   1.26590   2.69261    1758   17
   132   2.43664   0.49540   3.00127    1669   18
   133   5.60808   1.92644   2.61207    1270   11
   134   3.82752   0.11536   2.51089    1811   17
   135   2.14108   0.78880   1.54850     883   14
   136   4.47316   1.94311   2.07071    2521   22
   137   0.59279   0.43231   5.83977    1307   17
   138   4.75108   1.65969   4.84541    1291   15
   139   1.65096   3.07119   3.24952     584    8
   140   2.02366   1.77547   5.13356     744   14
   141   1.36983   0.59817   2.36119    1475   14
   142   2.27815   1.81610   5.56497     988   11
   143   4.76379   0.70537   1.39073     866   14
   144   4.89443   1.00071   2.28028    1124   13
   145   3.92234   3.02445   0.83103    1571   18
   146   0.77105   1.58788   2.38955    1153   11
   147   4.79738   2.52211   1.55257    1345   19
   148   4.07506   0.13908   5.27760    1145   13
   149   5.98488   2.23501   3.88777    1138   12
   150   5.44851   2.51244   3.38377     789   13
   151   2.33284   2.37713   1.45479    1300   15
   152   1.04280   3.09152   4.25530     926   11
   153   5.08949   1.28908   5.83786    1265   13
   154   3.36143   1.13301   1.90415    1426   13
   155   0.82342   0.95769   4.19332    1434   15
   156   2.11338   0.38810   5.17605     933   15
   157   6.15390   3.07025   1.59036    1145   17
   158   6.11765   1.19461   5.25483     890   10
   159   0.76637   2.48525   0.51651    1073   14
   160   1.65096   3.07119   3.24952    2150   19
   161   1.32104   1.78193   2.58492    1731   18
   162   1.74812   1.34046   5.02693     882   11
   163   6.23014   1.51725   4.88227     979   12
   164   6.27099   2.82964   5.47449     997   11
   165   2.77860   2.79589   1.60268    1568   14
   166   4.18584   2.56326   1.43160    1434   16
   167   4.10105   2.57150   0.64885    1273   15
   168   0.99801   0.60979   2.32737     819   11
   169   3.21268   2.25377   5.35459    1330   14
   170   1.74561   0.92527   4.13717    1082   13
   171   4.68237   1.70946   1.57507    1093   14
   172   6.08590   2.02260   5.58041    1404   15
   173   4.16151   2.47387   3.85478    1265   15
   174   4.32603   0.33491   5.11979    1272   16
   175   0.29275   2.10173   1.32520    1047   14
   176   3.77189   2.57338   1.90402    1069   14
   177   4.66669   1.59070   0.09111    1227   13
   178   1.50003   1.53700   0.01731    1885   17
   179   1.00607   0.65018   2.54752    1216   15
   180   2.40850   1.87288   1.03914     701   12
   181   0.02756   1.55246   0.12251    1364   16
   182   2.87623   1.99499   5.02299     687   12
   183   3.31826   0.09099   6.11975    1251   11
   184   1.45474   1.48026   1.48788    2346   19
   185   0.48908   2.65222   4.61397    1486   14
   186   5.20354   1.27616   4.18200    1048   12
   187   4.37399   2.48141   4.57208    1512   13
   188   4.07694   2.58086   3.73496    2109   18
   189   2.83460   1.85914   2.27272    1153   16
   190   1.98285   1.87206   2.12009    1121   11
   191   6.21340   1.64695   1.63818    1510   13
   192   6.23447   0.50503   1.01820    1052   14
   193   2.56867   0.88474   1.26675    1594   16
   194   3.13052   1.60987   1.46551    1686   19
   195   5.13903   1.55378   5.71411    1032   14