     1   0.00000   0.00000   0.00000       0    0
     2   2.48756   1.39699   1.96958    2608   16
     3   3.77739   2.88620   4.37157     496   10
     4   0.83090   0.30616   3.31537    1712   20
     5   5.58322   1.62779   1.40728    2011   15
     6   0.53592   0.31255   3.48530     562   12
     7   5.67802   1.69909   1.38309    1214   14
     8   5.62043   1.82649   1.37250    2158   19
     9   3.38306   2.83815   4.03274    1752   16
    10   2.49728   1.38500   1.74386    1273   14
    11   3.30719   2.88584   4.02504     396   10
    12   0.41971   0.36255   5.13864    1732   15
    13   1.02879   1.85566   4.95704     939   11
    14   0.83270   1.83329   3.28745    2905   18
    15   0.43717   0.22248   2.02501     611   11
    16   0.21706   0.29001   0.70795    5242   30
    17   3.30719   2.88584   4.02504     785   11
    18   4.06850   1.32258   2.90991     997   12
    19   3.51938   2.82367   4.13094    2153   17
    20   4.17046   1.37421   2.99314     409    8
    21   2.41641   1.46999   0.32124     379   11
    22   5.59511   1.78433   6.06239    2319   15
    23   4.04794   1.24215   3.13688    1338   15
    24   0.98263   1.82577   0.10809     807   13
    25   3.30719   2.88584   4.02504    1039   15
    26   3.59770   2.69233   1.21331     420    9
    27   0.59806   0.24653   3.52966    1306   14
    28   0.31600   0.42795   2.13132    1003   13
    29   4.02332   1.30473   2.88832    2617   18
    30   3.50149   2.71763   2.47883     633   13
    31   0.37201   0.38726   5.30652    1131   16
    32   0.93051   1.84216   3.14184    1331   16
    33   0.52571   0.33941   3.55201    2854   23
    34   5.53305   1.66287   2.82978     502   11
    35   3.69105   2.78166   1.27724     582    8
    36   0.98986   1.86133   4.87762    4975   20
    37   4.08189   1.28724   2.91994    3233   22
    38   5.60505   1.59958   1.30500    2475   18
    39   3.57354   2.78990   4.12012    3715   19
    40   3.60218   2.83480   4.35756     831   12
    41   4.16664   1.33487   4.53520    3912   21
    42   0.91651   1.81521   0.10272     517    8
    43   3.93910   1.22732   4.58875     656   15
    44   0.82527   1.90577   1.54412    1074   15
    45   2.38450   1.40579   3.56258    3295   18
    46   2.33304   1.35755   0.30230     982   12
    47   5.68643   1.67530   4.42928    1767   15
    48   0.52570   0.41898   5.13072    1622   16
    49   2.47160   1.41217   3.43785    2486   17
    50   3.68277   2.69783   1.20026     643   13
    51   5.62290   1.60169   4.45111    2314   15
    52   0.81612   1.79330   3.27541    4268   20
    53   0.51960   0.26046   1.91923    1054   12
    54   3.60183   2.70242   5.80703    4888   28
    55   2.35076   1.38692   1.99148    2903   20
    56   2.47713   1.43242   5.00051     322    8
    57   3.60218   2.83480   4.35756     417    6
    58   3.44727   2.96108   2.52785    4242   19
    59   5.58388   1.61752   2.79935    4245   21
    60   4.03973   1.20636   1.44957    1546   15
    61   5.52423   1.70813   4.50446     756   11
    62   5.53305   1.66287   2.82978    1497   14
    63   4.05118   1.20664   3.02113    1494   12
    64   0.88794   1.91140   3.12407     543   10
    65   4.07376   1.22954   3.01435     712   12
    66   5.58898   1.63578   4.39306    2706   18
    67   3.46894   2.75198   1.07823    2652   22
    68   3.98949   1.41259   6.17565    1627   15
    69   1.04983   1.81889   3.28666    1272   13
    70   4.07645   1.28888   2.95338    2262   16
    71   2.43695   1.39384   1.79349    2044   13
    72   3.41819   2.86475   2.60563    1065   13
    73   4.08696   1.33770   6.18336     901   10
    74   2.34818   1.48788   0.28857    4863   24
    75   2.41641   1.46999   0.32124    1235   14
    76   4.02917   1.22426   3.05054     684   11
    77   2.46234   1.45098   3.54411     699   11
    78   2.51677   1.36985   3.39380    1670   18
    79   2.41230   1.42226   3.29164    3223   17
    80   3.66415   2.83184   2.70644     516    7
    81   3.97480   1.27090   6.18883     243    8
    82   5.59023   1.77671   4.50256     727   10
    83   1.05997   1.83304   3.30086     323    7
    84   3.77739   2.88620   4.37157     744   10
    85   3.59283   2.76299   5.93629    2952   20
    86   3.30719   2.88584   4.02504     988    9
    87   3.48179   2.71349   5.75263    1146   12
    88   2.55376   1.34897   5.04405    3234   21
    89   0.53592   0.31255   3.48530     448    9
    90   4.17121   1.23431   6.05772     929   16
    91   0.53592   0.31255   3.48530     445    8
    92   0.43717   0.22248   2.02501     613   14
    93   3.40101   2.89729   2.40192     999   14
    94   5.62259   1.60770   1.33767    1922   13
    95   0.24298   0.34361   0.72332    1672   20
    96   3.95141   1.27516   3.09076    3545   22
    97   0.63138   0.30242   3.52332    1145   11
    98   3.30190   2.93930   3.90303     930   11
    99   0.53592   0.31255   3.48530    2130   19
   100   1.04842   1.89205   0.16770    1776   16
   101   0.70495   0.21921   4.94158    1387   17
   102   0.85356   1.81288   3.28893     492    8
   103   4.08313   1.21569   3.10559     660   10
   104   3.30719   2.88584   4.02504     507    9
   105   0.86567   1.82504   0.13328     612   10
   106   4.15894   1.23098   4.56430     336    7
   107   6.22387   0.35514   4.04417    2276   16
   108   5.51368   1.73037   1.40767    2928   22
   109   3.36930   2.78224   5.48467    1108   15
   110   0.94511   1.98269   4.92912     564    9
   111   3.22800   2.88810   2.25244     888   13
   112   0.82489   1.84762   4.76010    2415   20
   113   0.75628   0.20994   3.18278    3378   19
   114   2.54213   1.30137   5.01261    1610   13
   115   5.56879   1.66142   1.22368    2867   17
   116   2.33304   1.35755   0.30230    4440   20
   117   1.01897   1.80020   4.88051    1145   12
   118   0.38845   0.29007   3.58559     410   10
   119   0.95661   1.85803   3.26581     766   12
   120   2.50236   1.48097   1.90738     622   12
   121   3.88236   2.90729   2.91181    4121   23
   122   5.59496   1.79479   6.00204     508   12
   123   4.06170   2.79601   6.19433    1294   15
   124   0.37843   0.19955   5.11666     761   11
   125   0.82527   1.90577   1.54412     974   12
   126   3.83964   2.85019   6.05594     378    9
   127   0.53592   0.31255   3.48530    1841   16
   128   0.43581   0.31602   2.09500    1612   18
   129   2.45279   1.39753   0.38745    1252   15
   130   5.55849   1.76156   4.52219     993   10
   131   3.69460   2.74429   2.88929     574   10
   132   3.96604   1.30010   6.26588    2166   18
   133   3.72687   2.92892   5.97668    1075   11
   134   4.08490   1.32800   1.41452     452   10
   135   0.59806   0.24653   3.52966     823   12
   136   0.82575   1.86182   0.20775    1643   13
   137   1.04150   1.90033   0.13494     854   10
   138   3.30719   2.88584   4.02504    1567   13
   139   3.98075   1.38612   1.44643    1262   13
   140   3.40101   2.89729   2.40192     671   11
   141   0.96188   1.84808   0.24879     694   10
   142   5.73775   1.71884   1.40303    3600   23
   143   0.55347   0.16562   5.08984     572   10
   144   0.31702   0.17809   5.42211    1245   13
   145   0.74024   0.21974   1.61865    3041   15
   146   3.30719   2.88584   4.02504     583    9
   147   0.50187   0.39426   5.21297     826   13
   148   5.51796   1.65825   4.41313    1785   15
   149   3.30719   2.88584   4.02504     522   11
   150   5.54990   1.81940   4.44827     610    7
   151   0.53592   0.31255   3.48530     438    8
   152   0.90716   1.84891   0.23031    2527   15
   153   0.85770   1.80074   4.84406    1215   13
   154   0.45118   0.26709   3.50489     934   11
   155   2.33304   1.35755   0.30230     636   11
   156   3.70123   2.84236   2.77695     753   13
   157   3.94194   2.92540   3.05895     651   13
   158   2.48486   1.47066   3.46772    1237   17
   159   4.00266   1.27449   1.46095    1660   15
   160   4.02353   1.19856   4.61339     773    8
   161   3.30719   2.88584   4.02504    2585   17
   162   0.12868   0.30826   0.74383    1444   16
   163   3.30719   2.88584   4.02504     413   11
   164   4.13980   1.41722   6.18402     863    9
   165   0.93439   1.81915   4.75635     636   12
   166   0.17370   0.20113   3.83178    2632   21
   167   3.67315   2.79112   6.02793    1788   16
   168   0.95419   0.26981   3.22001     561    7
   169   0.99159   1.85808   1.67939    3105   17
   170   3.40373   2.81864   5.75080     743   11
   171   2.33304   1.35755   0.30230    2910   23