     1   0.00000   0.00000   0.00000       0    0
     2   0.52618   0.84474   5.94698    1113   11
     3   2.69047   2.30100   5.61617     353    8
     4   5.64919   0.32622   3.10881     557   14
     5   0.55682   1.05971   1.42815    2691   14
     6   6.15166   1.40305   5.85914     725   13
     7   0.01074   0.80892   2.65266     479    7
     8   3.50870   1.45824   3.39145     192    8
     9   0.98701   2.35047   3.08396     303    8
    10   2.61443   2.33363   0.29041      36    5
    11   2.25472   0.62187   4.31511    1113   14
    12   5.50125   1.85813   5.91145     400    8
    13   2.77942   0.98057   5.97780    1365   12
    14   2.31694   1.42283   1.10126    1006   13
    15   5.72827   1.26332   5.34045     529    9
    16   2.68633   2.75087   0.78704    2840   22
    17   3.92749   1.57132   5.12957     477    7
    18   0.52957   1.93448   2.41226     899   10
    19   1.91833   1.67283   5.36404    1199   15
    20   5.18295   1.48239   5.56178   16150   37
    21   0.66466   1.30720   2.39152    3060   16
    22   2.00833   0.44401   5.52662    2908   15
    23   5.83073   1.68522   0.34592     573    7
    24   2.42849   1.84231   0.69549    9076   29
    25   5.41576   1.53380   1.93649     936   10
    26   0.80042   1.58154   2.75302    1314   12
    27   2.87120   1.58863   4.54458    1722   15
    28   1.42452   2.56374   0.58508    2821   17
    29   3.20647   0.90551   4.47285    2892   16
    30   3.18728   1.77613   3.65391     444    9
    31   4.23701   2.14064   5.82399    6151   21
    32   0.78778   1.59743   3.40742     310   11
    33   0.76864   2.18399   0.52645     185    8
    34   1.55911   2.20995   1.83176     256    9
    35   5.58484   1.81309   2.38624     473   11
    36   2.44700   0.93535   1.23138     967   12
    37   2.31690   1.56885   5.74476    1098   10
    38   5.57267   1.91415   1.46747     287    9
    39   0.86976   2.92896   2.41292     432    9
    40   0.67548   1.05064   0.70828     701   11
    41   2.32944   1.71245   0.54658     432    9
    42   5.17925   0.92661   2.05978    4636   21
    43   1.75731   1.12981   5.43552    1448    9
    44   5.43444   2.70619   5.03742     365    7
    45   0.62466   2.63093   5.81278    1156   11
    46   0.14820   1.59607   2.84415    1018   19
    47   1.56147   1.64105   0.40416    1911   16
    48   2.32964   2.14166   5.43746     768   14
    49   2.59486   1.83927   6.18460     743   11
    50   1.23549   2.58439   4.70673    3347   21
    51   0.98566   1.61853   1.59695     394    9
    52   4.60541   0.62464   4.28506     401    9
    53   4.93309   1.43356   5.07729    7603   24
    54   2.19754   1.06711   1.01556     701   11
    55   2.71604   1.55327   6.12944     570    9
    56   2.31080   2.49513   2.92523     451    9
    57   2.60599   0.78415   2.06808     211    9
    58   3.07321   1.41895   5.18239     306    8
    59   0.61920   0.76873   1.89310    3625   18
    60   3.93525   1.20985   0.37731   10370   32
    61   3.88028   1.61661   2.55643     496   11
    62   1.31884   2.05645   3.84331    1011   12
    63   5.42759   1.65800   0.64933    9035   26
    64   4.11848   1.59311   1.84375     333    6
    65   3.60019   1.64640   3.38839     179    7
    66   3.98116   1.72739   5.17851     917   12
    67   2.56431   1.74915   4.15462    2054   12
    68   1.99064   1.01393   2.84485     550    9
    69   1.18066   1.60128   1.15557    2930   12
    70   4.51545   1.69599   0.61085    3930   18
    71   4.33153   0.87298   4.08554    1049    9
    72   1.00118   1.05797   5.49869     168    7
    73   6.18947   2.08883   5.12628    1687   15
    74   2.04171   0.28205   0.11889     114    7
    75   4.19378   2.34917   5.16199   17589   45
    76   3.19155   2.82856   5.88172   14253   39
    77   0.12410   1.25405   5.75912     713    9
    78   5.46283   2.91855   1.51386    1678   15
    79   1.89804   2.02918   4.04360    1889   14
    80   0.57115   2.11552   5.87014    1019   13
    81   5.78975   0.73698   5.04048     171    6
    82   2.30903   1.12913   0.92084    1185    9
    83   3.11391   2.59417   5.83542    2470   14
    84   6.25662   1.14723   4.08579     167    8
    85   5.34891   1.46424   0.03977     722    8
    86   3.79918   1.89444   2.73542     256    8
    87   0.29686   0.96889   1.52914     786   11
    88   0.81104   0.11119   3.92788     313    7
    89   4.79858   2.30821   2.00533    1279   11
    90   5.54559   2.35513   4.15228    5585   21
    91   0.37375   0.72079   5.17050    1596   14
    92   1.78686   1.44517   2.82902     485   11
    93   2.71926   1.20314   0.61005    3181   19
    94   4.90935   1.47243   5.10759     679   10
    95   4.95406   2.78143   1.21041    3590   13
    96   4.59465   2.04681   2.69703    3392   17
    97   1.97676   2.24182   5.82056    1905   13
    98   0.44630   1.53468   6.15696    5552   28
    99   5.80410   0.81535   1.12577    1592   17
   100   1.30334   1.06104   3.61432     588   10
   101   1.74036   2.29447   4.09975     780   11
   102   5.32947   2.20791   3.21187    2247   16
   103   4.99052   2.07877   4.55618     895   11
   104   2.44075   0.51763   4.23015    2044   15
   105   1.14209   2.12649   4.66409    2002   15
   106   2.14388   0.49201   4.24274    1857   16
   107   5.71447   1.03259   0.22472     746    9
   108   5.32188   0.96838   0.61680    2035   17
   109   2.47111   2.27012   3.56449    1528   10
   110   4.93634   1.21064   2.24987     915   11
   111   3.92791   1.15936   0.77361    3533   19
   112   5.07481   0.51009   2.35599     998   12
   113   0.65145   1.48868   6.10387     740   13
   114   3.77739   1.19317   1.31448    2806   18
   115   0.09619   2.27329   3.95842    1009   11
   116   3.01112   1.05594   1.88348    4401   18
   117   1.26705   1.44478   5.04782    2900   21
   118   0.93412   0.66764   4.11411    1420   12
   119   1.34160   1.46118   4.82646    1076   10
   120   5.84853   1.45527   4.30061    2469   16
   121   1.51882   0.68431   4.36364     539   10
   122   1.39060   0.87284   5.22231    2726   18
   123   4.68719   0.59693   4.32053    4203   19
   124   3.01033   0.66439   0.17669    1439   14
   125   0.62191   0.95089   1.99257    2205   17
   126   4.85246   2.28301   3.30836     584   11
   127   5.98640   0.93893   4.52272     650    7
   128   2.18190   2.21085   5.44764     783   10
   129   4.70532   1.47870   0.79963     233    6
   130   2.14360   1.93036   3.49451     738   10
   131   6.19980   1.83937   2.84825    2077   17
   132   1.11185   1.46395   5.31106    2111   18
   133   2.22650   2.88026   3.18650     878   13