     1   0.00000   0.00000   0.00000       0    0
     2   5.90772   1.96105   1.36265    1079   12
     3   3.26063   2.82504   3.39226    2251   19
     4   3.62612   2.72542   2.19150    1611   18
     5   1.29991   1.66468   5.13307    1558   14
     6   0.37286   0.37419   4.03934    1097   12
     7   3.07395   2.80304   1.75069     997   13
     8   1.33143   1.73464   1.86328    2682   22
     9   1.28173   1.78119   0.19921    1145   15
    10   1.41940   1.71388   3.35373    1045   15
    11   1.49689   1.75972   5.04147     876   14
    12   4.51393   1.36006   1.32837    1084   14
    13   6.11731   1.98480   6.22134    1045   12
    14   3.19032   2.71229   1.85786    1605   15
    15   1.37264   1.69136   0.28104    1171   14
    16   3.09579   2.79452   1.74082    1664   17
    17   6.10928   1.93456   4.42192    1711   16
    18   2.96177   1.39656   0.07920    1377   14
    19   0.47671   0.42941   3.90545    1126   13
    20   4.43030   1.40194   1.21580    1290   13
    21   1.28173   1.78119   0.19921    1311   16
    22   6.19869   0.26113   6.08946     989   12
    23   1.39846   1.81391   3.33306    1983   15
    24   0.42012   0.37784   5.63702     855   12
    25   3.18005   2.81563   3.29074    1116   16
    26   2.89649   1.27427   4.86897    1419   14
    27   1.35834   1.71503   0.29552    1017   12
    28   6.12691   1.73835   1.38707    1218   13
    29   3.10101   2.94422   0.20075     911   14
    30   3.35093   2.71539   5.19283    1709   15
    31   1.28173   1.78119   0.19921     944   11
    32   1.44394   1.70893   0.29939    1393   17
    33   6.25804   0.32624   1.42675    1951   15
    34   3.01102   1.27562   1.78332     799   11
    35   0.18127   0.35332   1.13414     837   11
    36   6.17497   1.81457   6.16894     930   14
    37   3.13168   2.93486   1.75443     762   13
    38   3.03902   2.83307   3.24505    1144   15
    39   1.43460   1.73882   3.56220    1118   14
    40   6.14357   1.73945   1.44823    1282   14
    41   3.61326   2.78628   2.36479     853   12
    42   0.28459   0.28354   1.07547    1864   20
    43   6.06253   1.94624   4.64907    1433   15
    44   4.60716   1.39113   6.07467    2192   20
    45   3.54685   2.83705   2.24520    2112   21
    46   3.00902   1.31395   1.84690    2596   19
    47   0.17430   0.38402   1.14421    1561   14
    48   4.61871   1.51660   5.95385     832   11
    49   4.63036   1.34739   4.42939    1596   15
    50   1.46131   1.76725   1.82254    1192   16
    51   0.33315   0.30609   5.82800    1817   17
    52   4.48030   1.35198   1.19671    2789   17
    53   5.96214   1.89334   2.99033    1114   15
    54   4.52042   1.39334   5.91178    1457   16
    55   3.62571   2.92289   0.72967    1755   16
    56   0.57756   0.25400   5.46835    1246   16
    57   4.41193   1.49070   2.80873    1534   14
    58   6.00274   1.86930   2.92359    1456   16
    59   5.88943   1.90312   6.00200    1656   17
    60   1.29979   1.69465   1.74680    1307   16
    61   5.96630   1.84682   4.51085    1334   15
    62   1.47623   1.60515   5.01028    1763   16
    63   1.34252   1.85618   0.35017    1340   14
    64   3.09595   2.77745   3.26075    1419   14
    65   6.16554   1.74729   2.90637    1256   12
    66   5.94457   1.82322   1.50530    1480   12
    67   6.19869   0.26113   6.08946    2042   19
    68   3.60156   2.91609   3.94721    1083   14
    69   2.92110   1.17478   1.69057    1093   15
    70   6.02386   1.86470   1.52709    1516   14
    71   2.98223   1.24815   0.06370    1067   12
    72   3.42459   2.83025   5.25167    1032   15
    73   1.37542   1.84713   0.28186    1533   15
    74   3.58883   2.84978   0.75742    1016   15
    75   0.15088   0.42602   5.85539    1155   15
    76   4.53098   1.45604   4.49421     966   13
    77   4.64277   1.37237   5.99999    2011   19
    78   4.52399   1.52686   2.85331    1534   13
    79   3.50660   2.75685   5.28128    1261   14
    80   4.41377   1.35372   1.38860    2079   17
    81   1.42309   1.71683   5.03955    1369   15
    82   4.64170   1.40707   1.20660    1459   15
    83   6.09654   1.87990   1.54052     666   10
    84   4.43376   1.30895   4.56597     956   10
    85   2.82349   1.29329   1.69963    2105   19
    86   0.51731   0.42473   2.39379     731   14
    87   6.02386   1.86470   1.52709     775   12
    88   4.42858   1.34568   2.82323    1461   16
    89   1.28173   1.78119   0.19921    1334   16
    90   0.00000   0.00000   0.00000    1953   19
    91   5.89652   1.88808   2.86583     793   12
    92   6.00900   1.87355   2.99669    1167   13
    93   0.54923   0.30689   4.07206    1018   14
    94   4.37898   1.51101   2.88026    1697   16
    95   3.34747   2.76325   5.10128     977   14
    96   2.84292   1.33503   0.16250    1072   14
    97   6.17497   1.81457   6.16894     931   14
    98   2.90890   1.20571   1.80101    1210   15
    99   5.99172   1.82836   1.30890    1610   17
   100   4.41196   1.30332   5.97144    1042   13
   101   1.29487   1.82242   3.42519    1384   13
   102   0.39002   0.22989   5.63483    1025   14
   103   1.50747   1.73777   0.32759    1240   14
   104   4.44713   1.44905   2.79626    1309   15
   105   6.16760   1.95195   4.58186    1712   16
   106   2.84557   1.24644   1.76985    1297   16
   107   4.43723   1.35289   1.26241    1683   16
   108   1.45470   1.74339   0.21749    1314   18
   109   2.91150   1.33595   3.40126    1513   14
   110   1.36364   1.73138   3.39097    1685   17
   111   3.79161   2.90702   2.35452    1781   20
   112   2.87395   1.30137   1.79710    1522   14
   113   0.38746   0.36300   0.87919    1823   17
   114   4.49921   1.50889   1.37719     903   12
   115   3.35431   2.69505   3.66780    1907   18
   116   6.22912   0.22087   2.98560    1546   16
   117   1.34199   1.75519   4.94891    2548   22
   118   1.51212   1.79994   0.30459    1019   16
   119   4.55247   1.35060   6.05566    1618   20
   120   2.78567   1.38483   1.86045     820   14
   121   3.21263   2.74225   5.02306    1116   12
   122   3.03976   1.27927   4.76204     992   13
   123   0.40987   0.24971   3.95651    2456   20
   124   4.54777   1.30325   5.92857     941   13
   125   1.26142   1.65792   3.42547    1738   15
   126   6.12527   1.93034   6.12716    1552   15
   127   3.01271   1.27407   4.94673    1451   16
   128   6.00900   1.87355   2.99669    1866   17
   129   1.43919   1.84051   0.39842    1058   13
   130   1.35436   1.73588   3.42647    1618   20
   131   0.31098   0.37166   4.14830    1043   12
   132   4.60639   1.41239   1.16358    1304   14
   133   0.12158   0.41473   1.09712    1090   16
   134   3.79073   2.78158   2.45411    1490   14
   135   2.86538   1.32858   4.92186    1615   17
   136   0.42323   0.34641   4.09212     911   13
   137   3.80394   2.88557   3.99045    1343   15
   138   0.47671   0.42941   3.90545     640   13
   139   0.30024   0.34492   1.08349     749   11
   140   0.71263   0.35313   0.74848     992   14
   141   3.76617   2.88613   2.37724    1039   12
   142   2.79843   1.24482   0.15696     964   14
   143   3.29226   2.83921   0.24378    1346   16
   144   1.40180   1.78589   4.95497    1383   15
   145   0.00000   0.00000   0.00000    1014   11
   146   4.55167   1.39551   4.39765    2442   20
   147   6.23131   0.38427   2.88911    1200   12
   148   3.60770   2.86943   0.80516    1145   14
   149   4.64918   1.42626   1.21112     972   12
   150   1.43327   1.70780   5.07626    1022   14
   151   4.42094   1.37078   4.48685    1105   14
   152   0.17640   0.18478   1.19751     717   10
   153   4.49069   1.48345   1.38580    1461   15
   154   0.26874   0.34939   1.04291    1380   14
   155   1.34529   1.62186   0.32010     849   12
   156   6.27907   0.27979   4.48963    1674   15
   157   3.47888   2.88838   2.13534    1407   15
   158   3.49752   2.83110   2.13526     924   13
   159   4.62387   1.41429   6.08471    1141   14
   160   3.51977   2.83142   2.20902    1662   17
   161   0.66795   0.28301   0.81375    1320   16
   162   2.86616   1.26163   1.87032    1681   17
   163   2.98329   1.37527   3.20100    1175   13
   164   4.46081   1.37253   5.96105    1842   18
   165   0.52058   0.25578   0.94399    1601   16
   166   0.30872   0.26167   1.00036    1918   17
   167   0.24367   0.29650   1.13268     953   12
   168   6.10029   1.95101   3.01800     889   13
   169   1.30855   1.73946   3.49166     774   10
   170   3.25838   2.76957   0.36724     804   13
   171   0.47671   0.42941   3.90545    1129   13
   172   6.17668   1.76185   3.01199    1385   15
   173   4.61567   1.42620   5.90594    1962   19
   174   6.14705   1.90468   4.62558    1265   15
   175   4.48415   1.50850   1.38046    1017   13
   176   5.94195   1.84796   4.47720    1827   16
   177   6.02008   1.82132   1.33327    1384   16
   178   6.08393   1.79077   6.15063     999   12
   179   5.95300   1.80181   4.60124    1283   14
   180   3.01760   1.27187   0.10706    1451   14
   181   6.17668   1.76185   3.01199    1252   14
   182   6.00900   1.87355   2.99669    1148   14
   183   6.13193   1.87308   6.11727    1567   16
   184   0.27832   0.39785   2.65885    1842   17
   185   0.40116   0.35133   4.08363     893   13
   186   2.95005   1.32324   0.15478    1093   13
   187   0.29644   0.29075   4.22992    1305   15
   188   3.13801   2.81365   3.37451    1466   16
   189   2.90673   1.35673   0.07465    1169   16
   190   4.48415   1.50850   1.38046    1454   13
   191   1.27549   1.68201   5.07550     856   12
   192   1.36169   1.64296   4.99822    1236   15
   193   4.45294   1.40677   1.35821     669   13
   194   3.78202   2.77977   5.61422     882   15
   195   3.32159   2.83101   1.98311    1615   16
   196   6.02238   1.76389   1.49010     845    9
   197   4.60135   1.29085   2.74529     962   13