     1   0.00000   0.00000   0.00000       0    0
     2   4.28370   2.57139   5.13347    1512   13
     3   5.47642   2.44841   1.66452    1585   15
     4   3.04621   2.15115   0.92543     956   13
     5   1.94555   0.78107   4.90112    1487   14
     6   0.91969   1.86201   2.49103    1263   15
     7   5.88643   0.29208   4.41086    1108   15
     8   4.95432   2.34959   5.55349    1317   16
     9   1.87280   0.99566   0.69126    1306   16
    10   0.11424   0.79726   4.34439    1972   16
    11   5.49789   1.94160   3.15945    1856   17
    12   3.26110   2.27318   5.70663    2378   26
    13   0.75177   0.90034   2.00450    1141   15
    14   6.03146   0.89048   1.40425    1328   14
    15   0.61507   1.59117   1.17382    1407   12
    16   4.30513   1.00218   0.47170     887   11
    17   1.65805   2.00705   5.23644    1026   12
    18   4.06033   0.82027   4.96979    1274   13
    19   0.95822   1.90482   3.77561    1211   15
    20   0.03605   1.44767   0.85068    1208   15
    21   5.78043   0.74600   2.44090    1295   17
    22   5.69201   1.92480   3.96446     923   10
    23   1.38513   2.89773   2.32619    1642   17
    24   2.05123   0.67221   1.90684     896   12
    25   2.50734   1.55457   3.60724    1290   13
    26   0.32348   0.91662   2.24206    1437   14
    27   5.95731   1.12949   3.13535    1791   20
    28   4.37777   1.41758   1.91008    1148   14
    29   2.91699   0.47398   2.09513    1803   16
    30   1.71772   0.05545   4.60259    1235   15
    31   3.68890   2.12966   0.92705    1427   14
    32   2.91504   0.99429   3.75684     825   14
    33   5.82934   2.15757   4.10478    1440   16
    34   3.67376   2.55448   3.79892    1288   15
    35   4.87630   0.78328   1.52177     732   11
    36   4.35647   0.72128   3.65243    1641   18
    37   2.35085   1.28748   2.54352    1573   17
    38   1.76165   1.53358   1.16139    1432   14
    39   5.66154   1.17437   6.07516    1185   15
    40   1.77011   0.61825   0.06556     920   12
    41   0.33725   2.70679   3.67279    1531   15
    42   2.25954   1.43419   2.45628    2009   20
    43   1.58664   1.17115   3.05559    1452   17
    44   2.68739   0.69852   1.05830    1502   17
    45   1.50711   2.36509   3.22288     928   14
    46   3.84584   2.40704   2.78136    1736   16
    47   5.65754   1.32864   3.12135    1482   16
    48   0.87228   2.91922   0.19317     952   10
    49   3.17449   1.20105   4.50139    1316   15
    50   2.98955   0.56895   5.34095    1784   15
    51   1.10604   0.59322   4.67663     913   15
    52   5.81793   1.97467   5.57511    1182   14
    53   1.82844   0.96893   1.20149    1366   14
    54   2.79401   0.94014   2.08617    1408   18
    55   3.75467   1.19277   1.71009    1313   16
    56   4.32140   1.24668   5.26139    1033   13
    57   0.46813   0.95027   0.48786    1229   16
    58   0.00715   1.06460   3.81984    1059   13
    59   3.88040   1.47223   0.94303    1507   17
    60   0.36959   1.68323   2.97019     975   10
    61   1.01925   0.94197   0.71205     722   11
    62   2.14958   1.31603   4.43176    1186   15
    63   0.58292   1.56066   2.21537    1108   14
    64   1.47138   1.31939   1.05632     898   13
    65   3.99066   2.93031   3.75763     820   14
    66   4.48672   2.09756   1.82270    1855   16
    67   2.69804   0.96720   5.82899    1571   14
    68   1.01489   1.24283   0.03123    1330   13
    69   4.41947   0.94286   5.65442     899   14
    70   3.19894   2.64886   0.65920    1139   17
    71   0.61167   2.13316   1.13073    1197   16
    72   3.10888   0.51643   3.96742    1380   15
    73   5.64466   0.97218   2.34512     945   15
    74   6.21711   2.12310   2.94503    1463   15
    75   0.65729   2.00248   5.48103    1840   18
    76   1.80139   1.45812   4.99704    1431   14
    77   1.17469   1.53623   0.89852    1046   13
    78   3.35457   2.85328   1.97846    1940   14
    79   5.81277   0.86215   3.73205    1654   17
    80   2.39630   1.99190   0.43356    1967   17
    81   0.73010   1.91486   0.06874     833   12
    82   4.92565   1.13355   5.39201     803   11
    83   0.18063   1.67707   1.75538    1287   13
    84   4.62956   2.26420   2.21349    1258   12
    85   4.86353   1.85768   6.15885    1424   16
    86   6.23008   1.72483   3.61442    1179   13
    87   2.68348   1.06029   3.19359    1915   17
    88   5.12133   1.55223   2.35610    1314   18
    89   1.65489   0.50291   2.11250    1634   16
    90   3.83338   1.21337   2.53899    1274   16
    91   0.42746   0.97617   0.34404     795   12
    92   3.39724   1.51462   1.00907    2060   20
    93   2.68353   1.84986   1.77246    1009   14
    94   2.58936   1.54940   1.23917    1472   17
    95   2.70439   2.92493   3.46350    1255   16
    96   4.46804   1.19913   3.50446    1572   18
    97   4.42322   2.33713   2.97028    1197   17
    98   0.98308   0.96348   1.14121    1316   18
    99   4.92107   1.47912   3.18254    1514   17
   100   3.21759   0.59360   5.15140    1095   12
   101   3.76639   0.96832   2.41002    1145   14
   102   5.24870   0.65373   0.23362    1625   17
   103   3.22302   1.39502   5.49893     980   13
   104   1.60431   1.01739   5.80514    1390   14
   105   1.27843   2.20183   5.83881    1805   16
   106   3.98996   1.92695   5.40985    1564   14
   107   4.91853   1.92695   3.08383    1025   14
   108   5.78199   0.35841   2.91355    1171   14
   109   3.54448   0.97462   5.19243     884   13
   110   4.64508   0.84096   3.91548    1195   15
   111   0.86710   1.76039   4.43387    1624   19
   112   0.72163   0.50914   3.12062     999   12
   113   1.03085   0.48559   4.16167     729   13
   114   4.60026   1.93738   1.98447    2009   19
   115   5.36613   0.93949   0.45008     840   10
   116   3.85871   1.11607   3.27407    1116   17
   117   0.80495   1.36382   4.04833    1658   19
   118   1.28349   0.62126   2.41656    1669   17
   119   2.23161   0.83822   3.45666    1304   11
   120   1.65630   0.90226   2.21068    1772   18
   121   1.47128   2.42359   2.30147    1516   13
   122   2.37076   2.51768   2.10402    1091   14
   123   2.69397   0.27579   1.26919    1872   16
   124   0.89376   1.77074   1.54566    1164   13
   125   2.03506   1.62288   2.52280    1045   15
   126   0.97055   1.67691   3.91311     969   13
   127   1.47446   2.45577   0.66565    1200   15
   128   3.98709   3.01071   3.06489    1152   13
   129   6.14737   2.63289   2.80498    1403   16
   130   4.60666   1.05111   5.95066    2404   17
   131   2.10775   0.47874   2.02555    2511   19
   132   4.59864   2.63505   0.30851    1705   14
   133   5.14431   1.09304   2.27697    1313   14
   134   2.76533   1.25156   3.50435    1097   14
   135   1.71330   0.81727   2.66350    1957   22
   136   3.27286   2.57448   2.72590    1336   15
   137   5.85187   0.75396   3.39451    1396   15
   138   2.80998   1.12927   3.05882    1065   13
   139   5.64985   0.72819   2.35531    1471   16
   140   4.49872   1.35716   5.54263    1437   14
   141   5.17920   0.93691   2.59101    1485   16
   142   3.90887   2.27111   1.53466    1076   12
   143   5.69938   1.28700   2.72056    1403   14
   144   4.49623   2.00447   3.94559    1120   15
   145   0.14432   1.36525   0.13469     777   11
   146   3.83532   1.35572   5.57504    1814   19
   147   0.53415   1.29914   0.43264    1364   17
   148   0.43654   2.39674   5.96240    1116   13
   149   0.90553   1.02982   2.29825    1415   15
   150   6.07137   0.80095   4.72189     841   13
   151   4.84020   1.30217   1.92330    1472   14
   152   1.98427   1.84158   0.86479     611    9
   153   3.40728   2.33087   4.96182     951   13
   154   3.42432   1.32847   4.94137    2784   20
   155   3.79508   0.89607   2.57122     726   12
   156   4.13678   0.93808   3.39027    2264   19
   157   2.28183   1.56917   1.03756     845   11
   158   4.46256   1.66652   0.93493     960   12
   159   4.97067   1.16107   4.88995    1751   18
   160   5.62485   1.58691   5.19440     902   16
   161   1.50711   2.36509   3.22288     823   11
   162   2.54871   0.79670   2.04705    1418   17
   163   0.55198   0.17202   5.71902    1443   15
   164   2.58479   1.05411   3.91643     879   10
   165   5.78580   1.21847   2.07695     839   11
   166   4.96763   2.48817   2.13100    1372   15
   167   6.11583   1.53896   2.16567    2042   18
   168   2.72936   2.14779   5.52757    2126   19
   169   6.02538   1.41958   2.05936    1224   13
   170   2.73574   1.36875   5.76772    1085   14
   171   0.53106   2.93966   2.50862     849   13
   172   6.08456   1.46176   3.94102     921   11
   173   3.75754   1.78664   5.93853    1097   16
   174   3.55034   3.00935   6.06778    1408   17
   175   1.90282   1.17565   3.46243    2584   18
   176   5.11649   2.27716   0.95281    2297   22
   177   4.02262   1.69587   2.34489    1138   11
   178   5.39553   0.86673   5.07606    1847   17
   179   4.85986   0.83718   0.11083     947   11
   180   1.81883   0.92224   4.68392    1173   14
   181   0.71617   0.29506   2.85405    1511   17
   182   2.13503   0.75150   4.85928     643    9
   183   3.09870   0.41745   0.11185    1308   15
   184   2.32700   1.10542   4.74114    1201   15
   185   3.49534   2.16133   2.68839    1179   16
   186   0.19595   0.47798   6.02126    1291   15
   187   1.16729   0.87482   3.70860    1464   15
   188   2.46436   0.50307   2.06751     960   12
   189   6.03579   0.20202   4.73896    1196   13
   190   5.59339   2.66353   5.98783    1064   12
   191   1.85073   0.63121   3.23536    1099   13
   192   1.35799   0.55965   0.24296    1382   16
   193   1.60736   1.35906   4.31110     944   15
   194   0.57633   0.95914   3.80196    1078   15
   195   5.05047   2.04015   5.24886     930   12
   196   1.84565   1.42334   3.84406    1091   13
   197   3.31625   2.37741   4.27442    1230   14
   198   1.31781   1.81940   0.65324    1426   12
   199   5.24116   1.73218   0.86274     931   13