     1   0.00000   0.00000   0.00000       0    0
     2   0.26905   0.67687   6.08174    1680   14
     3   0.11911   0.60838   0.11525    1181   18
     4   0.16482   2.22146   6.28243    1993   16
     5   1.79312   1.56670   0.72350    1410   13
     6   4.91724   1.58178   4.10269    1004   10
     7   1.56942   1.54887   3.81878    1184   15
     8   0.10152   0.70608   4.61097    1044   13
     9   0.18856   2.10616   6.23998    1132   14
    10   3.37025   0.98679   4.81634    1298   16
    11   0.18702   2.17952   3.28169    1016   11
    12   3.22739   2.47481   0.06333    1586   14
    13   4.91438   1.61692   0.90324    1878   18
    14   3.38770   0.87897   3.21242     965   10
    15   6.25057   2.33186   6.10296    1267   15
    16   3.18936   2.47773   1.36413    2185   21
    17   0.11552   2.32097   3.09896    1445   16
    18   3.38770   0.87897   3.21242    1321   16
    19   0.12349   0.62760   3.26561    1911   15
    20   3.43560   0.95266   1.46622    2541   18
    21   0.05176   2.22409   3.17476    1211   14
    22   1.73550   1.44860   2.20277    1900   14
    23   0.13413   2.25422   4.73400    1329   12
    24   3.33975   2.44619   3.19334    1220   14
    25   3.23540   0.90266   1.59785    1370   17
    26   0.26905   0.67687   6.08174    1577   16
    27   0.18678   0.75828   4.76457    1217   13
    28   4.93206   1.57380   4.06076    1671   20
    29   3.36210   0.97828   1.48694     878   14
    30   3.33812   2.44306   0.02407    1691   17
    31   1.69781   1.63480   0.55103    1257   13
    32   3.21710   0.95069   3.21305    1535   17
    33   0.19973   2.30031   4.62913    1702   18
    34   4.93891   1.52390   5.63785    1149   11
    35   0.22996   2.30369   3.07794    1815   16
    36   3.22001   2.43936   3.14605    1390   17
    37   3.38770   0.87897   3.21242    1177   15
    38   0.26905   0.67687   6.08174     732   13
    39   3.23404   2.53069   6.13651    1318   14
    40   0.12897   0.61948   1.49774    1053   12
    41   3.21111   2.41032   4.76453     867   12
    42   0.24421   2.19534   1.65736    1086   14
    43   3.36553   2.44567   4.85585    1287   14
    44   4.95616   1.61330   0.81630    2063   17
    45   1.72953   1.50030   2.31269    1402   17
    46   1.78317   1.65067   2.36660    1839   19
    47   6.21729   0.65836   4.80982    1607   18
    48   3.31041   1.04724   6.22613    2264   19
    49   0.15204   2.23500   3.01414     886   11
    50   0.10297   0.70196   6.20443    1511   16
    51   3.37730   0.92998   1.49427    1112   12
    52   3.33382   2.56057   1.59461    1938   19
    53   0.27128   2.31225   1.70750     986   12
    54   3.33382   2.56057   1.59461     540    7
    55   3.26553   0.84965   0.06736    1190   15
    56   0.19973   2.30031   4.62913    1390   14
    57   4.89817   1.55752   5.67868    1648   14
    58   3.28645   0.89125   6.28138    1497   14
    59   0.13422   0.61756   0.10934     646   10
    60   3.34624   0.93244   3.21440    1091   15
    61   0.19020   0.62702   3.12153    1316   16
    62   0.08465   2.26549   4.57334    1463   16
    63   0.19341   2.11481   1.63397    1232   14
    64   1.59670   1.52628   3.81585    1804   17
    65   3.26244   2.50910   4.70074     692   12
    66   4.92258   1.56619   5.68293    1200   14
    67   0.12349   0.62760   3.26561    1803   18
    68   3.25207   2.38894   1.54758    1540   15
    69   3.22501   1.04908   1.50296    1163   12
    70   3.33306   1.01657   6.23385    1489   14
    71   4.74090   1.54638   4.08987    1957   15
    72   3.27528   2.37186   1.64394    1248   10
    73   3.38006   0.95205   4.62303    1138   11
    74   3.17867   2.51453   0.02746    1361   16
    75   1.64967   1.54341   0.71852    1462   14
    76   1.69186   1.54384   3.91628    2002   15
    77   0.18556   2.08632   4.80356    1785   16
    78   3.26135   2.51483   3.03269     916   15
    79   1.77324   1.68119   5.33997     797   15
    80   0.00400   2.27137   6.27066    1827   18
    81   1.63389   1.50100   0.65143    1570   15
    82   4.97231   1.55395   0.84976    1427   14
    83   0.10794   0.70185   0.09997     718   11
    84   3.18806   0.92256   1.71417     668   12
    85   0.13137   0.62812   3.04763     992   15
    86   0.17045   2.22785   4.72966    1081   12
    87   4.73505   1.49777   0.98745    1916   16
    88   0.05628   0.63873   3.32386    1189   17
    89   4.80079   1.56721   2.48801    1243   14
    90   3.22448   0.87130   0.14769    1873   17
    91   3.31843   2.48464   1.51838    1381   13
    92   4.86574   1.60994   2.52533    1383   16
    93   1.71659   1.54324   0.72944    2093   17
    94   0.09038   2.14064   3.12568     888   10
    95   1.65036   1.48043   3.81280    1378   15
    96   0.13288   2.19615   4.82042    1495   16
    97   3.36102   2.46557   6.25948    2004   19
    98   4.72508   1.57626   5.67170    1242   16
    99   3.14751   0.93165   3.29260    1178   13
   100   3.21255   0.80878   0.01697    1377   13
   101   0.14939   2.27071   6.20558    1524   17
   102   0.26905   0.67687   6.08174     928   13
   103   0.10571   0.70685   6.21309    1007   15
   104   4.73540   1.64400   2.53802    1129   14
   105   0.25790   0.56409   6.13174    2393   19
   106   3.30560   0.90202   4.56497    1199   13
   107   1.58685   1.50144   5.48819    1494   21
   108   0.10655   0.63565   1.55839    1592   20
   109   4.85065   1.55333   2.46837    1127   16
   110   4.85615   1.54789   0.90085     859   14
   111   1.65863   1.44943   2.30435    1334   17
   112   3.34624   0.93244   3.21440    1012   12
   113   3.24660   0.84197   0.11878     915   11
   114   3.38565   0.81304   4.64957    1026   13
   115   3.19204   0.95524   3.08298    1034   11
   116   1.83245   1.60876   0.52964     853   13
   117   3.33056   2.52849   0.04079    1747   14
   118   0.14665   0.76677   6.25122    1514   16
   119   3.13191   0.93994   3.19514    1105   16
   120   0.09279   2.30081   1.61970    1199   14
   121   3.32258   2.58493   3.22303    1631   14
   122   3.25902   0.84550   3.12716    1239   15
   123   3.42327   2.45259   3.15901    1101   14
   124   0.22309   0.74059   1.60599    1019   12
   125   0.18556   2.08632   4.80356     581   11
   126   4.75910   1.61177   2.48178    1007   12
   127   4.79426   1.54602   5.67441     556    9
   128   3.33056   2.52849   0.04079    1856   18
   129   4.85453   1.63558   2.37065    1303   15
   130   3.29113   2.40277   3.10254    1453   14
   131   1.72762   1.62841   0.78524    2219   21
   132   3.44550   2.58472   3.21168    1518   15
   133   0.18379   2.27438   1.63838    1664   17
   134   0.14711   2.15333   4.73970    1859   15
   135   1.67098   1.57390   0.75323    1975   19
   136   1.69356   1.53901   0.71458    1755   22
   137   6.23847   2.19777   2.99071    1637   14
   138   0.23894   0.71442   4.49698    1876   17
   139   0.32971   2.34435   3.27632    1831   15
   140   3.33786   0.80570   6.19401    1026   14
   141   3.17916   2.47023   4.51520    1359   15
   142   0.24317   0.76301   4.58055    1056   13
   143   3.38142   2.46903   1.65327    1156   10
   144   3.44054   2.38437   4.85552     838   12
   145   6.18857   0.55865   3.34511    1972   21
   146   4.88886   1.52726   3.95902     973   14
   147   4.90571   1.66792   0.94104     912   12
   148   0.13460   2.19176   1.65954     895   13
   149   3.22736   1.01925   3.22056    1110   17
   150   4.83883   1.66279   3.97121     889   14
   151   4.88438   1.46048   0.82490    1011   11
   152   0.30935   0.73949   4.56341     990   14
   153   4.87215   1.63268   2.61513     839   10
   154   1.73991   1.67731   3.83180     701   10
   155   0.30596   0.74282   1.49220    2458   20
   156   3.28555   0.87138   3.16036    1383   14
   157   0.05667   0.77316   0.11114    1402   15
   158   1.70095   1.50928   0.53890     645   11
   159   4.76428   1.49871   5.60278    1480   16
   160   3.21111   2.41032   4.76453    2247   17
   161   1.77611   1.43498   0.57988    1044   14
   162   4.82914   1.63639   5.54637     881   12
   163   3.27488   2.39570   0.07309     783   10
   164   3.30531   0.79190   3.10517    1214   14
   165   1.63310   1.64436   3.83973    1797   15
   166   4.82585   1.63655   4.17207     814   15
   167   3.08506   2.59835   1.41690    1015   18
   168   0.20143   0.63975   1.53888    1356   17
   169   3.42959   2.43224   3.15911    1216   17
   170   3.12157   2.50211   1.43520    1374   12
   171   5.00485   1.48620   5.65376    1616   12
   172   1.77714   1.65604   0.56835    1018   12
   173   4.98555   1.53581   5.53561    1218   17
   174   3.27016   1.04779   6.25952     805   12
   175   4.87256   1.62848   2.50697    2994   24
   176   0.19544   2.16220   6.27381    1195   11
   177   0.13137   0.62812   3.04763    1433   16
   178   0.24968   0.65291   2.94896    1251   16
   179   1.62231   1.49188   0.62653     742   12
   180   3.43763   2.50351   1.60756     862   13
   181   4.78825   1.57938   4.10073    1247   16
   182   4.86351   1.68769   2.46667    1585   15
   183   3.33382   2.56057   1.59461     950   13
   184   3.32355   2.48858   0.02691    1296   16
   185   0.05472   0.66165   4.66526    1231   13
   186   0.19122   2.15641   0.08763    1072   12
   187   0.11325   0.76902   1.62148     923   12
   188   4.88761   1.57705   1.04155    1292   16
   189   0.11632   2.32892   0.01163    1223   15
   190   0.19218   2.23707   6.22430     753   14
   191   1.57421   1.48354   3.85570     958   12
   192   6.21729   0.65836   4.80982    1019   14
   193   3.28060   0.85815   3.24597     936   14
   194   3.34226   0.88475   6.20572    1091   14
   195   1.75061   1.65409   0.75977    1021   14
   196   1.79771   1.67918   3.74459    2372   23
   197   0.26580   0.67553   6.07479    1286   18
   198   3.34489   0.88346   0.05289    1474   16