     1   0.00000   0.00000   0.00000       0    0
     2   0.68574   2.04605   2.48499    1370   17
     3   4.64346   0.80193   4.17623     988   13
     4   3.30452   1.57596   2.38318     972   11
     5   5.06186   2.24212   6.04300    1387   14
     6   5.50080   1.56780   5.13747    1887   19
     7   2.81828   0.39744   3.94544     969   11
     8   0.09408   1.13301   4.43436    1230   15
     9   2.11743   2.94873   3.27281    1328   16
    10   6.19860   0.89681   6.08014     844   12
    11   3.39591   1.54493   4.85058     865   12
    12   3.56025   2.12062   5.12725     850   13
    13   0.60906   0.90194   4.35548    1284   14
    14   3.47715   1.14141   3.86462    1147   15
    15   0.91618   0.52157   1.12280    1944   15
    16   2.45650   2.06989   4.67320    2031   18
    17   2.66954   2.60518   6.09598    1111   14
    18   5.43647   2.11602   2.28974    1393   17
    19   1.15715   2.74668   2.34499    1058   11
    20   1.59027   1.68601   0.01189     988   13
    21   1.53671   1.38605   2.44673    1604   15
    22   1.98307   1.10276   2.99685    1621   18
    23   4.63829   1.84693   2.34852    1151   17
    24   1.08750   2.94323   3.34790    1724   16
    25   5.41922   1.98945   3.65404     925   15
    26   2.64965   2.48435   5.19376    1199   17
    27   6.10924   0.58703   5.67910     762   11
    28   2.00025   2.23957   5.92640     981   12
    29   5.95813   1.54705   5.98584    1100   17
    30   2.16266   0.74650   4.41715    1030   12
    31   3.08776   1.25731   2.13189     777    8
    32   3.72698   1.80487   0.67987    1359   16
    33   3.01699   1.26178   1.04709    1226   13
    34   5.87148   1.24887   0.54754    1156   13
    35   1.48552   2.68047   0.33435    1014   14
    36   1.09245   1.25140   3.60497    1020   11
    37   2.82097   1.78749   1.85774    1745   17
    38   4.71653   2.51219   2.08133    1157   13
    39   1.16463   2.34316   3.47073    1325   14
    40   4.87065   1.34426   4.70988    2640   20
    41   2.00701   1.27729   0.61208    1363   16
    42   0.59807   0.39172   4.55990     878   13
    43   5.70386   0.14200   1.23848    1324   14
    44   3.62381   0.80876   4.87246    1074   12
    45   1.35281   0.96351   2.41354    1609   16
    46   2.15656   2.50611   2.16684    1078   13
    47   3.11084   2.08428   3.02485     676   12
    48   2.24531   2.84412   1.85272     955   14
    49   1.46173   0.75582   0.64970    1158   12
    50   2.17956   1.89372   5.71048    1702   17
    51   4.05915   1.89347   5.59812    1472   15
    52   3.87088   0.75909   2.69452    1242   15
    53   5.98671   2.97783   0.25199    1036   15
    54   0.73134   0.64379   2.47112    1546   16
    55   5.41446   1.18523   4.40974    1378   16
    56   2.37449   2.48588   5.26250    1569   18
    57   3.91994   2.48993   1.63967     839   12
    58   2.84707   0.41932   0.22154    1423   13
    59   0.20644   2.46120   1.41226    1106   14
    60   3.38646   0.49102   0.68749    1103   14
    61   3.00779   1.72107   4.62265    1791   19
    62   0.31318   1.46884   4.75412    1316   14
    63   4.76591   2.52291   2.82280     942   12
    64   2.07966   0.61343   3.71947    2038   15
    65   5.26161   2.48230   0.84310    1068   14
    66   2.27976   0.74078   0.21276    1439   15
    67   4.56075   2.09064   5.55307    1073   13
    68   5.44278   1.95312   6.19359     577   10
    69   4.00569   1.44710   3.53982    1287   13
    70   1.12626   0.10196   0.38317    1799   14
    71   4.90904   2.01893   3.03965    1350   15
    72   4.97346   2.09027   3.68531    1327   11
    73   2.85756   1.09947   5.90724    1674   17
    74   4.27991   1.89462   0.05417    1042   13
    75   0.09472   1.16816   4.97601    1437   16
    76   1.40356   0.89538   3.22218    1341   16
    77   2.66860   2.71803   5.11208    1203   13
    78   3.81286   1.46383   2.00459    1496   17
    79   2.21708   2.04077   1.30183    1329   14
    80   3.60053   2.50869   3.84338    2391   18
    81   1.05362   1.81269   2.29708    2292   20
    82   2.46086   0.54129   4.46867     802   11
    83   2.10760   0.92443   6.13919    1583   16
    84   1.77552   1.62328   1.88539    2088   17
    85   0.62999   1.12304   2.73141    1871   17
    86   4.06456   2.17129   3.14127    1650   17
    87   5.22856   2.18419   3.78273    1796   18
    88   0.87252   1.82308   4.95378     894   11
    89   4.83648   0.83156   3.21407     737   10
    90   2.02747   1.67881   5.22440    1481   16
    91   5.86760   1.64755   0.54762    2290   16
    92   4.12570   0.68029   3.78961    1542   16
    93   4.62188   2.44678   3.44682     990   11
    94   5.61598   1.66064   4.96352    1058   13
    95   4.92189   2.89447   0.32203    1513   15
    96   0.43941   1.11356   1.99356    1191   17
    97   2.76534   2.60666   5.85032    1674   15
    98   3.52224   1.08883   4.72895    1194   18
    99   6.09838   2.58457   1.84105     837   12
   100   0.06544   1.22202   5.18503    1295   15
   101   0.27653   0.17583   0.95272    1030   11
   102   3.75870   1.41789   4.64837     910   13
   103   4.31208   0.98783   1.52081    1822   17
   104   6.27853   0.34674   1.13847    1587   15
   105   4.26038   2.21657   4.98140    1762   19
   106   4.11059   1.47214   1.44136     969   14
   107   4.40505   1.28882   3.36714    1266   14
   108   3.08857   2.32278   4.13363    1802   16
   109   1.60430   1.92448   5.47134    1874   18
   110   5.18555   1.92154   3.34068     884   13
   111   4.68791   1.81028   2.52397     597   10
   112   1.94364   0.87373   5.52057    1338   14
   113   2.27598   2.34837   3.65379    1347   16
   114   3.51812   1.34002   1.62138    2432   21
   115   5.36880   0.85242   1.29796    1125   14
   116   5.67120   0.47313   0.97718     756   15
   117   0.82476   0.87613   2.36109    2073   19
   118   2.88175   2.68641   1.00184    1603   16
   119   5.43204   1.23625   4.93871     965   15
   120   2.44411   1.19503   6.24795    1356   14
   121   3.99642   2.51123   2.03598    2165   16
   122   2.85848   2.13613   3.83651    1247   13
   123   2.45632   1.70792   3.28692    1201   14
   124   0.10091   0.70083   0.46980     799   11
   125   4.24091   0.56928   5.12160    1434   14
   126   1.68776   1.94614   0.16902    1144   12
   127   0.63256   1.87476   0.78998    1421   14
   128   5.96696   0.69419   2.77857    1885   17
   129   1.85270   0.08822   4.50761    1645   18
   130   4.78016   1.46564   3.30352    2288   22
   131   0.95850   0.32953   6.28242     449    9
   132   2.37273   1.98381   5.39365    1363   16
   133   5.33955   0.07949   6.04222     654   11
   134   4.78347   0.82320   0.40340     986   12
   135   2.47231   0.59955   5.60387    1170   15
   136   0.40787   1.57653   1.98346    1261   13
   137   5.85428   1.10825   0.36616    1230   15
   138   4.78800   2.24336   1.11585    1104   16
   139   6.07605   2.61664   5.71593    1258   15
   140   3.17487   1.88000   1.30867    1154   14
   141   3.29194   1.46906   3.72259     824   14
   142   2.91937   3.06064   3.40390    1277   15
   143   4.70193   2.56990   3.28862    2554   21
   144   1.01932   1.04840   3.92868    1254   13
   145   3.63003   2.11878   4.24777    2767   22
   146   3.01976   1.37210   2.29573    1643   17
   147   6.24052   1.64047   1.47488    1937   14
   148   2.12674   0.80331   4.12382    1224   12
   149   4.92072   1.50636   6.20684    1892   18
   150   2.06708   1.90247   1.50281     958   17
   151   5.94897   2.60364   5.11133    1390   13
   152   1.10823   1.13006   3.49274    1556   15
   153   3.56828   0.97363   4.45676     753   13
   154   1.69744   1.13164   3.56981    1239   13
   155   3.35760   1.87213   3.39181    1665   18
   156   3.06890   2.02239   5.99230    1405   13
   157   2.98610   0.89439   0.40374    1297   15
   158   5.66193   2.07356   6.20438    1285   14
   159   1.91055   1.53986   2.70817    1067   13
   160   4.26344   0.33131   4.89989     915   14
   161   1.15385   1.19210   1.88513    1254   16
   162   2.83099   1.02499   2.82418    1959   18
   163   2.32874   0.51741   0.03919     884   14
   164   5.04374   2.46259   1.76443    1561   16
   165   0.73115   0.78765   3.77022    1901   20
   166   0.25675   1.45445   3.70447    1254   17
   167   4.22250   0.13228   2.41989    1704   18
   168   2.00467   2.10089   0.48864     806   13
   169   2.06568   0.72431   4.93512    1087   14
   170   0.41714   2.37960   3.84187    1508   16
   171   4.32197   1.98409   5.24787    1122   15
   172   0.73623   1.23439   1.25689    1172   13
   173   5.10607   0.41444   4.42768    1373   17
   174   5.97309   1.95895   4.28604     955   13
   175   1.25963   0.48204   2.11932    1647   16
   176   4.44455   1.48281   5.54844    1506   16
   177   0.70002   2.51918   0.43659    1488   14
   178   4.14156   1.19333   2.65473     702   15
   179   5.68242   1.91655   1.00887    1145   15
   180   4.71737   1.80529   3.49604    1340   13
   181   2.56673   1.28944   0.55441    1355   13
   182   3.80104   2.65809   2.73887     988   11
   183   2.02363   1.54855   4.86012    1541   15
   184   2.71660   0.97724   1.98116    1176   17
   185   3.50430   1.72647   2.62392    1251   14
   186   4.27147   2.22661   5.12286    1817   16
   187   4.38008   0.56742   1.37734    1597   16
   188   0.44637   2.37960   4.57391     885   10
   189   2.00291   1.97321   5.74279    2054   17
   190   2.81738   3.11243   4.00831    1416   17
   191   4.80534   2.36873   0.20867    1314   17
   192   3.79823   3.01940   2.38449    1187   13
   193   4.50697   0.71972   3.88260     821   12
   194   2.50245   0.73065   1.17534     543   11
   195   4.04233   1.79352   4.88736     831   13
   196   2.38528   1.28121   1.65220    1274   14
   197   5.53298   0.72636   3.67641    1753   19
   198   3.15433   2.66154   2.46520    1324   13