     1   0.00000   0.00000   0.00000       0    0
     2   0.54418   0.51435   2.08473     459    9
     3   0.88594   0.57825   3.39477     648   12
     4   4.10506   2.71961   5.95769    3550   21
     5   4.35392   1.04089   6.07531    1088   13
     6   2.80766   1.33000   5.03121     736   13
     7   5.78947   1.81366   5.90816     957   12
     8   1.15248   1.98512   1.75658     975   14
     9   5.76660   1.79382   2.68839     836   11
    10   5.86170   1.78025   1.04050    2090   18
    11   4.06282   2.61967   4.36983     405   11
    12   1.12669   2.04715   3.35838    1778   17
    13   1.01731   0.55317   3.31691    1600   15
    14   1.12553   2.01114   0.13566    1124   14
    15   4.32351   1.10701   5.99779     371    9
    16   5.85519   1.88621   1.20448     725    9
    17   2.66792   1.37917   5.12407    3580   22
    18   4.07763   2.72718   4.35181     424   10
    19   4.30227   1.16307   3.02126     565   12
    20   2.77899   1.30686   0.54736     464    9
    21   0.54662   0.55475   0.68817     438    9
    22   1.24980   2.00656   0.17344    1086   12
    23   3.59318   2.68119   2.48465    1226   11
    24   2.79546   1.36154   0.36596    1019   11
    25   4.35186   1.15287   1.44549     511    8
    26   0.58388   0.61230   2.14049    1724   15
    27   1.10861   1.98489   0.28494    1425   14
    28   1.21684   2.02657   3.38822     548   10
    29   0.72957   0.61064   2.09286     727    9
    30   2.69324   1.44747   1.99954     479   11
    31   2.64829   1.51137   5.19636     553   10
    32   1.20147   1.90595   1.91313     601   12
    33   4.30386   1.13798   2.99863    2080   15
    34   5.85517   1.80957   5.82854    3330   22
    35   5.84536   1.76660   1.22934    2163   19
    36   5.86704   1.73044   2.73987     622   11
    37   0.90689   0.56524   1.79088    1068   15
    38   4.14605   2.62360   6.10596    1580   18
    39   4.31839   1.21582   1.33910     323    8
    40   4.37509   1.13248   2.79173     959   14
    41   0.79901   0.52045   5.08935     835   12
    42   5.89486   1.86194   5.94674    5155   23
    43   5.73880   1.83283   1.15647    1475   15
    44   0.89003   0.38869   3.38844    1638   17
    45   2.75232   1.33094   5.27622     469    9
    46   5.81177   1.64796   2.67520     973   14
    47   1.34058   1.91210   1.95118     491   11
    48   5.72880   1.71416   5.76882     759   12
    49   1.11694   1.88128   0.13458    3280   19
    50   2.80766   1.33000   5.03121    1971   17
    51   5.84671   1.66108   4.26540    1747   16
    52   0.63244   0.54736   2.05737     833   12
    53   5.83638   1.80422   4.21504     575   12
    54   4.22241   1.07331   6.11077     518    8
    55   4.07763   2.72718   4.35181     503   11
    56   5.83803   1.78226   4.29167     537   11
    57   2.69693   1.44652   5.00847    1951   18
    58   4.24247   1.10266   1.31924    1083   18
    59   2.77892   1.23755   5.11295    2076   17
    60   3.87211   2.63231   1.17843    3725   19
    61   5.86851   1.79129   2.79279    2321   19
    62   2.60420   1.26849   5.24755     689   12
    63   2.69777   1.22828   0.47478     414   10
    64   0.78198   0.60602   0.50417    1897   18
    65   2.74485   1.28859   5.08503    2428   19
    66   0.72957   0.61064   2.09286    1055   13
    67   4.21178   2.61697   1.35387    2727   18
    68   5.89060   1.85737   2.59213     892   12
    69   2.64004   1.28446   1.93167    4039   22
    70   4.06282   2.61967   4.36983    2803   21
    71   2.78789   1.42136   3.57555    1199   16
    72   4.37110   1.08722   1.44805     955   14
    73   0.69830   0.36844   2.00964     678   12
    74   0.66332   0.59275   0.54803     577   11
    75   3.95691   2.64746   4.33747    1046   14
    76   0.76730   0.58378   0.53465     331    7
    77   5.87453   1.74928   5.83470    1292   13
    78   4.25119   1.03378   2.94603    2111   13
    79   2.67708   1.48669   3.54116     669   11
    80   0.68363   0.41883   2.01889     722   13
    81   2.71916   1.28986   0.42937     236    8
    82   5.90292   1.76065   5.82724    2934   21
    83   4.07763   2.72718   4.35181     747   14
    84   4.29733   1.02577   4.61144     431    9
    85   4.40613   1.16550   6.07045     729   12
    86   1.13300   1.90073   4.98329     612   11
    87   0.52451   0.55467   5.33677    1372   13
    88   5.97340   1.83847   2.81277    1242   11
    89   5.83638   1.80422   4.21504    2159   17
    90   4.35462   1.15530   6.00361     519    8
    91   5.72956   1.74246   2.71270     695   14
    92   1.13300   1.90073   4.98329     765   13
    93   3.74278   2.64094   4.13129     874   10
    94   5.77331   1.82432   1.04344    2701   18
    95   3.83688   2.48812   1.02420     759   12
    96   4.49341   1.06802   1.26573     778   10
    97   1.00715   0.53871   1.79441    2234   22
    98   4.26650   1.25783   4.54683     589   12
    99   0.73413   0.45584   5.04335    4397   24
   100   0.53370   0.54337   3.79553    1832   16
   101   0.95127   0.42651   3.46434    1625   15
   102   2.71916   1.28986   0.42937    1134   16
   103   0.80779   0.55377   3.57851    2772   18
   104   2.66537   1.26588   2.16952    2622   21
   105   3.60655   2.68159   2.35627    1460   15
   106   3.92514   2.52699   1.20467    2010   14
   107   0.63462   0.43699   5.15096    1511   10
   108   1.10612   2.04115   0.16407     930   10
   109   3.83688   2.48812   1.02420     387   10
   110   5.85797   1.77275   2.72294    4212   24
   111   3.88753   2.75978   1.14385     416    9
   112   5.81030   1.74727   1.03067    1319   15
   113   1.13300   1.90073   4.98329     867   12
   114   5.76460   1.80126   5.68640     917   13
   115   4.32637   1.07010   2.83320     571   11
   116   3.73297   2.76511   0.96341    5176   26
   117   2.64859   1.38525   0.45684    4042   21
   118   1.24980   2.00656   0.17344     648   13
   119   2.60420   1.26849   5.24755     789   11
   120   2.58860   1.35497   2.03097    1722   15
   121   4.00809   2.67589   6.00794     423   10
   122   3.59318   2.68119   2.48465     594   12
   123   0.44433   0.48689   5.48075     673   10
   124   2.79546   1.36154   0.36596    1444   12
   125   1.15413   1.96519   0.15743    2229   15
   126   2.66638   1.42443   1.94423    1847   14
   127   3.94515   2.64496   1.23205    3081   22
   128   1.24980   2.00656   0.17344     496   10
   129   5.82691   1.90725   4.22837    2188   15
   130   3.76531   2.69717   4.29176    1617   12
   131   0.80576   0.47370   1.83782     790   13
   132   1.10612   2.04115   0.16407     354    7
   133   4.48120   1.16481   2.84541     662   13
   134   1.10612   2.04115   0.16407     342    9
   135   5.75484   1.86772   5.72075     850   10
   136   0.88978   0.38606   4.97098     735   12
   137   4.13034   2.62775   4.52174     955   12
   138   5.78165   1.66740   5.81273     873   11
   139   4.29383   1.17513   4.59972     543   12
   140   4.34474   1.00524   4.48670    2275   19
   141   1.16379   2.08731   4.92137    1189   14
   142   2.78014   1.36496   0.37337    4384   27
   143   1.25368   2.02285   3.38625    1238   14
   144   4.03789   2.70349   4.52612     607   10
   145   5.84510   1.83495   5.77691    4962   19
   146   1.23244   2.10319   0.31118    3441   20
   147   0.50535   0.39846   3.77067    1981   15
   148   3.99122   2.70776   2.75616     502    9
   149   3.83275   2.62579   2.56042    2904   15
   150   2.68752   1.36555   0.38656    1623   13
   151   4.39940   1.17365   1.31594    2345   18
   152   2.59273   1.43979   5.14789    1166   14
   153   4.40123   1.11986   6.11074    4779   22
   154   3.96077   2.79390   2.81146    4406   25
   155   3.96380   2.57969   2.82176    2595   20
   156   2.60980   1.35250   0.57905    3101   22
   157   5.81177   1.64796   2.67520     196    7
   158   1.38348   2.03153   5.08094    4260   23
   159   5.83656   1.67781   4.24561     702   11
   160   2.57011   1.31456   2.01586     322    9
   161   3.82885   2.70732   1.00117    2320   12
   162   4.35462   1.15530   6.00361    1214   16
   163   2.74786   1.29700   3.54393    3819   23
   164   3.98785   2.68732   1.14429    3240   17
   165   2.78789   1.42136   3.57555     384    9
   166   3.85042   2.62256   2.71366     448    9
   167   2.69006   1.25887   2.00993     636   10
   168   2.59586   1.37471   5.07227     691   13
   169   0.79935   0.51378   3.48849    2791   14
   170   1.10612   2.04115   0.16407     431    8
   171   4.25119   1.03378   2.94603    1159   16
   172   2.63235   1.46742   3.64187    1619   15
   173   3.80378   2.62493   4.14528    3503   21
   174   5.80759   1.82344   5.93674    1503   12
   175   0.97397   0.51455   4.82773     528   10
   176   0.85274   0.58014   0.35366     322    7
   177   4.40782   1.00243   1.28076     614   11
   178   4.32351   1.10701   5.99779    1237   12