     1   0.00000   0.00000   0.00000       0    0
     2   3.51382   1.55709   4.80717    1035   14
     3   3.62452   1.41450   3.17980    2722   18
     4   0.52422   1.52240   4.74113     483   10
     5   5.22059   1.46750   4.61718     550   11
     6   1.96240   1.66665   1.65788     876   12
     7   5.22059   1.46750   4.61718     479    7
     8   5.22165   1.55699   6.21309     932   12
     9   0.40918   1.71968   1.64072    1059   13
    10   2.09843   1.61147   0.04695     524    7
    11   0.61056   1.71291   4.77655    1019   16
    12   3.71312   1.44300   1.65859     732   12
    13   3.50518   1.44682   3.14847    2733   22
    14   5.95009   0.13765   0.69232    1471   13
    15   5.07681   1.60885   2.97465     555    8
    16   3.64060   1.56142   4.70679    1017   11
    17   0.59625   1.51343   3.06480     841   12
    18   0.40991   1.52951   1.60672    2098   13
    19   2.73558   3.10090   3.89810     756   12
    20   4.74083   3.02387   4.18155     464    7
    21   3.51382   1.55709   4.80717     474    9
    22   0.45293   1.69496   1.42705     477   11
    23   0.52422   1.52240   4.74113     382    8
    24   3.60200   1.53150   4.65316    1589   16
    25   2.15545   3.05507   3.23729    3121   17
    26   3.57363   1.45124   4.75513    1363   12
    27   5.18192   1.63918   3.16411     828   13
    28   2.08145   1.58921   4.88782    4189   23
    29   2.01530   1.49681   1.65642    4031   21
    30   3.66944   1.51506   1.58641     784   11
    31   5.11817   1.45007   6.19384    1210   14
    32   1.59855   0.07005   3.51052     930   10
    33   0.44774   1.49827   3.09905     674   12
    34   2.02014   0.12577   3.16806    2042   14
    35   3.60212   1.48481   1.57417    1902   16
    36   2.04967   1.60151   0.07257    1464   14
    37   4.44914   2.98346   0.82743    1289   15
    38   3.71267   1.49350   1.55693    2409   16
    39   0.39021   1.60638   1.62733    1161   15
    40   2.14548   1.50005   4.84873    3823   25
    41   3.51409   3.08445   3.06329    1076   11
    42   4.13820   3.09385   3.72852     965   11
    43   0.42878   1.74772   3.10990    3993   22
    44   3.83666   2.97922   0.29716     765   13
    45   5.16643   1.44398   1.39781    1452   15
    46   3.63747   1.37249   0.10461    1493   15
    47   0.44215   1.56514   1.63351    2423   19
    48   0.36354   1.61178   4.63467    1252   15
    49   1.94193   1.63794   4.79955    2827   21
    50   1.12873   0.07753   4.06029     572    8
    51   0.63597   0.12133   6.00168    1109   13
    52   0.57686   1.61726   3.18079     572   13
    53   0.44708   1.64618   6.27393     713   11
    54   3.64245   1.53577   0.15638    2472   20
    55   3.61172   1.52798   1.72295    3183   18
    56   4.50414   0.07207   2.13512     383    8
    57   0.96796   0.17153   1.10292    2522   21
    58   2.73558   3.10090   3.89810     801   12
    59   5.19072   1.41067   1.55187    2361   17
    60   0.46422   1.71298   4.68477    1133   16
    61   0.49421   1.70455   4.81474     726   15
    62   0.90824   0.10167   1.01871    2866   17
    63   0.39021   1.60638   1.62733     889   14
    64   5.07529   1.46128   1.51367    2260   17
    65   5.17213   1.47901   1.38173    1647   18
    66   5.19410   1.47409   4.65523    1379   12
    67   2.03676   1.59045   1.49595    3628   21
    68   3.60212   1.48481   1.57417     727   11
    69   1.75879   0.14577   4.91088     496   13
    70   5.07331   1.61840   4.63844     831   11
    71   1.99493   1.53322   1.47643     993   15
    72   1.96393   1.54619   3.19520    1306   15
    73   3.26053   3.04658   4.37471     708   13
    74   2.64663   3.05082   0.71657     665    9
    75   5.26151   1.50317   3.05983     444   11
    76   0.50802   1.50575   0.01966    1485   16
    77   0.60452   1.54709   1.48565     658   12
    78   5.18136   1.59184   0.02925     962   12
    79   3.71105   1.47148   0.06404    2325   14
    80   2.98897   3.08335   2.46842    1239   11
    81   1.66432   0.02222   1.85995     603   11
    82   5.23638   1.54883   4.74408     539    9
    83   2.82269   3.03371   5.57808    1559   15
    84   5.18977   1.49595   3.11114    3990   18
    85   2.15398   1.50671   1.60829    1202   15
    86   5.26327   1.55287   1.54489    1351   12
    87   3.59622   1.41061   1.68020    2050   17
    88   2.05240   1.66493   4.80501     972   13
    89   3.71312   1.44300   1.65859    1210   10
    90   4.58055   2.99113   4.11218     629   11
    91   5.00805   2.98747   4.42758    1057   13
    92   3.38550   3.03086   1.36207     855   14
    93   1.93314   1.59734   1.51384     415   12
    94   2.11662   1.59193   3.15391     466   11
    95   2.15298   1.65407   3.30108    4699   23
    96   5.72895   0.10096   0.99455    5599   29
    97   3.68084   1.51270   3.25756     321    7
    98   4.20183   3.11638   2.17483    4200   26
    99   3.60212   1.48481   1.57417     502   13
   100   5.22114   1.42049   1.55703     426    9
   101   5.20819   1.55992   6.22288    1422   12
   102   5.18829   1.57778   3.00219     758   11
   103   3.24473   2.98528   1.22313    2211   17
   104   4.09894   0.02470   1.01850    2147   15
   105   1.39162   3.06734   4.14102    3742   24
   106   6.15737   0.14816   3.68344    3418   23
   107   2.00931   1.66169   1.60047     436    9
   108   0.50802   1.50575   0.01966     729   11
   109   5.25282   3.01478   0.07993     785   12
   110   5.31311   1.56580   3.02495    1688   16
   111   3.67380   1.40745   3.16738     927   10
   112   3.49550   1.57130   3.08966    1565   14
   113   0.44215   1.56514   1.63351     624    7
   114   4.66930   3.05628   2.56128    3707   22
   115   5.09654   1.53221   1.44700    3670   21
   116   5.26486   1.57831   1.63970    2107   19
   117   5.15914   1.49630   0.05676    2882   19
   118   0.60169   1.59847   3.09234     966   10
   119   5.30999   1.60786   3.14755    3950   23
   120   2.04146   1.61778   1.70328     701   13
   121   0.52422   1.52240   4.74113     735   12
   122   4.20807   3.03140   0.68807    3351   25
   123   2.07085   1.61478   4.87919    1625   14
   124   5.19511   1.49232   4.75623    2453   20
   125   2.11662   1.59193   3.15391     834   11
   126   2.11662   1.59193   3.15391     477   11
   127   3.55281   1.38350   3.22408    2807   18
   128   2.92766   0.06263   0.71661    2488   16
   129   5.20361   3.05486   6.17332     846   11
   130   5.96590   0.08492   0.91125    1529   15
   131   5.22059   1.46750   4.61718    1341   14
   132   5.16643   1.44398   1.39781     300    7
   133   3.60493   1.38007   3.26117    1535   16
   134   3.51577   1.56170   1.58474    5194   26
   135   0.19863   0.08169   0.23685     381    7
   136   5.11901   1.53717   3.05652    1240   14
   137   5.08516   1.44414   3.06601     369    8
   138   0.63597   0.12133   6.00168     446    9
   139   5.23477   1.47065   1.36642     754   11
   140   5.23638   1.54883   4.74408     639   12
   141   0.53719   1.63356   3.02658     473   10
   142   4.95876   3.00708   1.29187    1610   15
   143   3.64962   1.41795   3.21389    1856   15
   144   3.70042   1.45443   0.01617    1675   19
   145   3.03472   0.04144   5.18838    1096   13
   146   0.59938   1.60216   3.06706     556   10
   147   0.63597   0.12133   6.00168    1306   14
   148   0.49543   1.73721   4.70598    1493   13
   149   0.41222   1.57266   3.22740     715    9
   150   1.99493   1.53322   1.47643     756   11
   151   3.51382   1.55709   4.80717    1035   12
   152   3.71026   1.50563   4.77304    5669   28
   153   3.64867   1.55343   0.17212     381    9
   154   3.49564   1.56956   1.60940     656   11
   155   0.68641   0.14577   2.90898    4463   17
   156   1.17026   0.13579   5.59424    1348   14
   157   5.22059   1.46750   4.61718     499   13
   158   2.15386   1.61640   4.81529     396   10
   159   3.53192   1.60818   0.02062     475   10
   160   2.22781   3.07915   4.82711     482   12
   161   0.52422   1.52240   4.74113     470   10
   162   0.38392   0.14852   3.24993    1722   18
   163   3.74106   1.62002   1.60492    2132   17
   164   0.37200   1.61952   4.68411     481   13
   165   0.52878   1.70320   3.04034    1723   13
   166   5.11126   1.52892   0.00111    1164   14
   167   3.41811   0.02103   0.19298    1696   16
   168   2.73955   3.02944   3.73098     896   14
   169   3.66180   1.61329   1.74154    3432   18
   170   6.26701   0.16400   5.31280     534    8
   171   5.23638   1.54883   4.74408     436   10
   172   3.71312   1.44300   1.65859    1007   16
   173   3.61947   1.59684   0.07698    1436   14
   174   3.49856   3.09207   4.63668    4862   27