     1   0.00000   0.00000   0.00000       0    0
     2   5.14167   1.37274   2.82069    1244   13
     3   1.35159   2.42602   3.58595    1108   12
     4   4.43664   1.90297   3.44896     980   13
     5   0.44770   2.71309   1.19967    1015   12
     6   4.08703   1.55680   0.33185    1419   13
     7   0.28811   2.68658   5.00601    1544   14
     8   5.35425   1.56985   2.48702    1047   13
     9   0.95866   1.94064   3.15265     636   10
    10   4.83174   2.03700   0.27443    1073   12
    11   4.19822   0.38643   6.01823    1005   15
    12   2.48362   1.04253   2.72650    1169   14
    13   4.15930   1.26143   0.33553    1053   15
    14   3.29298   2.38145   4.40368    1157   13
    15   4.65497   1.16146   1.69331    1018   15
    16   0.23443   1.41478   2.20941    1850   18
    17   0.84121   1.42735   0.67844    1138   12
    18   2.99213   0.26334   4.53181    1183   14
    19   3.72845   2.18290   5.70378    1278   13
    20   4.50564   0.88623   6.15453    1152   16
    21   2.90051   1.26235   5.40523    2602   19
    22   5.45535   0.55598   3.67855     976   12
    23   5.79954   2.53967   4.45452     717   12
    24   5.83512   1.85742   2.81264    1345   16
    25   1.08444   2.63520   1.31800     975   13
    26   4.66007   1.33515   4.62070    1207   15
    27   6.10746   0.72302   5.33854    1250   12
    28   0.66109   2.48310   1.43730     729   13
    29   2.85785   2.05105   2.95865    2047   16
    30   5.69796   2.58231   1.82550    1183   14
    31   5.01452   1.54863   0.21777    1385   13
    32   4.57324   2.44990   0.53338    1034   14
    33   3.71625   0.48823   5.63329    1663   18
    34   2.31302   2.87288   4.33686    1409   15
    35   0.20875   2.59012   4.15904    1351   14
    36   5.67663   0.93773   5.81822     770   12
    37   0.89311   1.67830   2.82347    1955   20
    38   5.82976   1.73704   3.21042    3272   20
    39   5.99605   1.74757   5.12102    1839   22
    40   1.39043   2.85952   3.02890    1714   18
    41   2.22566   1.71033   3.94905    1643   18
    42   5.48961   2.08915   0.73166    1571   15
    43   4.07824   2.20272   2.45782    1220   16
    44   5.85818   1.23799   2.92217    1257   14
    45   1.83688   1.60105   6.27660     757   15
    46   4.00480   0.64785   1.43176     886   12
    47   1.20862   1.16100   5.73161    1206   15
    48   5.23165   1.27819   2.93212    1234   13
    49   0.27112   2.43418   2.49684    1063   14
    50   4.88380   1.64820   4.85544    1068   13
    51   2.19439   1.96283   3.38385    1345   16
    52   0.06718   1.88455   5.60646    1829   17
    53   4.05786   0.44511   0.78297    1439   15
    54   4.42353   1.35245   2.09715     917   13
    55   0.57712   1.69932   3.58733    1314   15
    56   1.75462   2.48233   3.88558     920   13
    57   1.40972   0.95647   1.02310    1124   13
    58   1.12620   0.79032   1.75803    2196   20
    59   1.22183   1.43651   5.41385    1399   14
    60   4.81649   1.28683   1.99784    1526   13
    61   0.58374   1.50579   4.91327    1319   17
    62   5.99302   1.60879   2.67719    1684   17
    63   5.55145   0.47833   4.84888     811   14
    64   6.11029   2.21573   1.73629     855   12
    65   4.01404   2.25705   2.59309    1532   17
    66   0.27221   1.61048   5.78104    1824   19
    67   1.18028   2.20294   0.45544    1505   17
    68   2.77531   1.88298   4.92044    1320   13
    69   1.26029   1.22158   1.39247    1555   15
    70   4.38865   1.53393   5.80685     976   13
    71   1.03328   1.11122   5.45988    1709   18
    72   4.86508   2.38479   3.93617     760   12
    73   1.22704   1.14328   5.79278    1498   15
    74   2.27895   0.90137   0.58918    1070   10
    75   0.92847   2.93532   2.45679    1721   16
    76   5.00475   1.26413   2.85441    1102   16
    77   5.27991   0.93222   5.74342    1990   17
    78   5.59767   0.62318   1.47013     670   10
    79   6.27044   1.72500   1.24727    1042   11
    80   6.18009   1.26457   4.05089    1228   14
    81   2.08973   2.32961   1.58388    1043   13
    82   5.58626   2.67807   4.33405     980   11
    83   3.83979   0.77704   4.67642    1153   15
    84   2.36668   0.75597   0.81340    1912   17
    85   0.20321   2.35193   5.49232    1485   14
    86   3.84272   1.12431   3.10628    1684   19
    87   1.62797   1.62600   3.89096    1410   17
    88   5.21675   1.79083   4.28038     873   15
    89   3.43004   0.29298   6.01142    1054   12
    90   4.01331   1.43175   2.83529    1536   16
    91   4.85779   2.49648   0.38328    1302   15
    92   5.84823   2.21546   1.25073    1937   15
    93   3.12785   2.50369   4.16339    1333   14
    94   1.41116   2.87067   4.82770    1885   22
    95   5.90021   1.35042   2.98267    1153   13
    96   5.69109   2.17931   0.57293    1185   15
    97   6.25447   2.15932   0.23659    1795   18
    98   0.45922   2.26247   6.27713    1249   15
    99   4.35030   2.43815   4.86890    1008   11
   100   5.58230   0.37875   2.42798    1146   11
   101   4.56466   2.20360   0.08772    1093   14
   102   3.49916   1.73137   1.57003    1335   15
   103   4.59523   2.84789   4.18394    1279   14
   104   0.91723   1.38836   5.96890    1238   17
   105   5.51996   1.49267   2.43317     911   12
   106   2.26030   1.41881   1.39490    1045   12
   107   1.50424   0.76274   6.17441    1431   16
   108   2.41217   0.87540   4.53637     940   14
   109   3.11447   2.08365   2.29558     812   14
   110   3.04771   1.18300   4.35930    1534   14
   111   4.00688   0.36063   4.81706    1415   17
   112   2.21037   1.20854   5.60339    1135   15
   113   1.13252   1.15473   1.58694    1808   18
   114   1.41058   0.12452   5.02606     782   10
   115   2.56593   1.51276   4.16394    1453   18
   116   3.69693   2.39490   0.18905    1662   16
   117   2.49229   1.90673   2.68237    1182   14
   118   5.63102   1.68043   4.95991    1061   14
   119   2.89279   1.40984   3.63830    1353   16
   120   6.20234   2.06372   5.78760    1270   14
   121   0.76649   1.51087   2.04024    1488   17
   122   2.47599   1.08566   2.53249    1479   17
   123   4.18258   1.68561   4.22754     719   11
   124   0.19245   1.75054   5.42585    1540   16
   125   4.98340   1.30274   3.88008    1407   15
   126   2.35492   1.13183   3.01221    1140   14
   127   2.44099   0.74011   3.01167    1095   14
   128   3.52595   1.33684   4.18055    1465   14
   129   4.92105   1.15031   3.72530    1020   13
   130   5.77735   2.17865   3.40073     964   10
   131   4.74062   1.50314   3.90686    2046   20
   132   4.30757   1.23406   5.87680    1489   17
   133   5.84944   2.33620   3.54076    1468   15
   134   5.13437   1.17679   0.87683    1387   15
   135   6.08969   1.16760   1.28471    1279   14
   136   5.88099   2.92680   1.61145    1506   17
   137   5.72547   0.72399   1.79603    1414   13
   138   3.90567   2.13211   2.39039     949   12
   139   3.83206   2.28022   4.91377    1260   14
   140   2.98636   0.92784   2.73341     991   16
   141   6.14650   2.17150   2.68764    1322   14
   142   2.11026   0.50251   0.25411    1681   18
   143   3.58875   0.34141   6.09053     982   12
   144   6.00578   2.28943   3.75838    1266   15
   145   3.35754   2.79205   5.82468    1385   15
   146   4.01246   1.91323   2.32809    1217   14
   147   2.49139   0.78462   3.20674     593    8
   148   5.25685   1.49416   0.38418     803    9
   149   1.72442   1.82261   0.94613     971   13
   150   2.51089   1.89153   1.99387    1153   13
   151   6.23493   2.44590   0.57415    1502   17
   152   0.75106   1.01216   4.04670    1256   14
   153   3.95721   2.32296   3.16496    1339   16
   154   2.32472   1.39234   5.65038    1352   15
   155   0.02249   2.04775   1.04656     871   12
   156   0.88321   1.87504   0.49036    1788   17
   157   2.67287   2.52869   0.13752    2222   19
   158   5.12724   2.16190   5.38264    1647   15
   159   2.38107   1.02635   4.47236    1980   16
   160   4.98731   1.88520   5.76768    1844   17
   161   1.92223   1.15174   5.54819    2137   18
   162   0.70036   1.26324   0.62750    2094   15
   163   4.31971   1.03006   2.61612     682   10
   164   2.01572   1.97129   4.49510    1340   16
   165   1.56219   0.76247   4.93137    2051   20
   166   2.27334   1.49817   2.36197     824   11
   167   3.59975   2.28110   2.00955    1581   14
   168   3.33774   1.25712   2.77896    1945   18
   169   0.18911   2.05440   2.82037    1962   15
   170   2.18743   1.95262   2.19975    1613   16
   171   2.49353   0.39228   3.66358     657   12
   172   1.41154   1.90003   4.81942    1850   18
   173   3.14719   1.86601   1.47766    1363   15
   174   0.52034   1.05068   2.72287    1275   14
   175   5.06351   2.51979   4.66434    1724   18
   176   2.19783   1.13021   1.46945    2297   20
   177   2.79881   1.53775   5.04697    1106   14
   178   4.81022   2.61634   5.46286    1615   16
   179   3.75429   1.58048   3.08288    1554   16
   180   2.34601   0.92044   4.44211    2606   20
   181   4.38598   0.96937   3.72837    2380   19
   182   5.75511   2.25643   4.19776     760   13
   183   1.25930   2.00646   1.05523    1368   17
   184   4.79905   2.27495   5.24634    1508   16
   185   2.13814   1.83157   2.41669    1567   18
   186   3.35819   0.77597   0.43628     718   11
   187   0.98044   1.77034   2.59209    1240   15
   188   1.30911   2.31541   5.59510    1143   12
   189   0.18395   1.38962   1.38918    1171   13
   190   3.74381   1.12822   0.89193    1230   14
   191   3.73638   0.40124   4.72805    1553   15
   192   4.27650   1.83301   4.72572     955   11
   193   4.79891   2.29151   5.60747    1844   19
   194   5.49041   0.77005   3.11344    2228   20
   195   5.92533   1.29702   4.91327    1484   16