     1   0.00000   0.00000   0.00000       0    0
     2   4.13862   2.30515   2.38530    1605   20
     3   0.92009   0.87120   5.54811    1239   15
     4   6.14108   2.05775   5.58440     915   11
     5   0.99861   0.80107   0.57133    1385   15
     6   3.05556   1.10290   0.72160    1902   15
     7   0.88084   0.79871   2.36702    1211   15
     8   4.96287   0.96035   2.56625     944   10
     9   2.99995   1.19148   5.39031    1448   16
    10   4.25381   2.25652   2.54472     915   13
    11   3.10345   1.16723   0.64652    1355   15
    12   1.74279   2.08514   0.41595     921   13
    13   1.92680   2.28151   0.61829    1353   12
    14   4.92256   0.96381   2.45927    2346   17
    15   4.12204   2.38495   4.06711    1096   14
    16   1.03632   0.83490   5.30432    1609   17
    17   6.25250   2.05457   2.42420    1080   16
    18   3.02853   1.21188   2.28163    1189   16
    19   5.00079   0.89242   4.13616     695   12
    20   0.85325   0.71884   5.46065    1149   17
    21   6.16683   2.13088   0.97853    1270   14
    22   6.25981   2.06024   3.95519    1190   14
    23   2.98775   1.13620   3.84079    1010   14
    24   3.00257   1.19275   5.41611    1439   13
    25   0.90064   0.91346   3.82873    1429   15
    26   1.77282   2.06935   3.79388    1255   13
    27   1.00921   0.68922   0.58851    1623   13
    28   4.20458   2.32042   4.07908    2096   19
    29   0.91919   0.66599   2.23843    1602   16
    30   4.11081   2.23971   3.98515     748   13
    31   4.98448   1.10191   4.11110    1508   12
    32   2.91188   1.18444   5.42256    1067   14
    33   3.07634   1.04438   5.27546    1563   16
    34   1.74217   2.19534   5.29135    1471   17
    35   5.03597   0.97622   5.67293    2070   18
    36   3.01467   1.09550   0.62433    2107   17
    37   4.90868   0.99168   5.76255    1777   18
    38   0.06138   1.97954   4.18353    1224   13
    39   6.23660   1.93742   4.15208    1590   13
    40   3.01902   1.02193   0.61871    1430   16
    41   1.66883   2.10943   3.61860    1133   12
    42   3.07983   0.96298   5.39219     465    8
    43   3.01336   1.11442   5.53903    1705   15
    44   3.97893   2.27106   5.58939    1557   18
    45   3.07983   0.96298   5.39219    1227   15
    46   4.01511   2.43383   0.81678    1505   15
    47   4.25381   2.25652   2.54472    1272   14
    48   4.87804   0.92556   2.45104    1340   14
    49   1.98239   2.26247   5.40647    1310   16
    50   1.79020   2.20781   2.18656    2007   16
    51   3.92874   2.35302   2.35137    1018   11
    52   2.97266   1.10814   2.33319    1569   17
    53   4.98174   1.01497   0.89777     648   10
    54   1.09381   0.91381   5.30344    1258   14
    55   4.86708   0.94243   5.83111    1734   14
    56   3.15250   1.20535   5.36288    1714   18
    57   5.11108   0.94207   2.47568    1319   16
    58   1.02346   0.79455   2.16471    1096   14
    59   4.85562   0.94412   0.96580    1793   17
    60   3.15925   1.15487   0.63766    2064   15
    61   1.80131   2.12330   3.74256     582   10
    62   1.95057   2.08476   0.71670    2142   17
    63   4.13999   2.24361   1.05018    1285   15
    64   4.09964   2.33641   0.77891    1023   15
    65   1.00803   0.87043   5.32645     602   10
    66   0.96847   0.83410   5.30457     972   10
    67   6.18696   2.00376   2.50918    2361   20
    68   4.87680   0.99321   5.78285     660   13
    69   0.96939   0.77375   0.66946    3024   21
    70   4.87680   0.99321   5.78285    1766   15
    71   4.14390   2.46824   3.97780    1272   19
    72   6.16978   2.12624   3.99653     792   12
    73   3.01336   1.11442   5.53903    1381   15
    74   1.77105   2.10989   2.07279    1461   15
    75   1.71938   2.20325   5.27829    1532   16
    76   5.11478   0.91750   2.40645    1266   15
    77   4.88397   0.94601   5.78854    1643   18
    78   1.72972   2.16227   2.03635     991   10
    79   0.83563   0.80459   0.67362    1179   13
    80   4.26696   2.28281   4.15448    1211   16
    81   3.92401   2.36438   0.76926    1952   16
    82   4.05802   2.26308   2.38068    2043   17
    83   3.01336   1.11442   5.53903    1652   14
    84   1.01613   0.67357   5.38579    1183   13
    85   4.90602   1.05471   1.00850     921   12
    86   1.67201   2.18835   3.69193    1203   12
    87   2.91556   1.11336   5.34623    1531   15
    88   4.13217   2.39318   3.97901    1381   16
    89   3.06223   1.23219   3.92316    1383   15
    90   3.07086   0.97547   0.72444    1216   13
    91   1.79847   2.30176   3.86278    1706   17
    92   4.99966   0.99532   5.80042     841   14
    93   1.76405   2.17038   3.79331    1271   17
    94   4.14390   2.46824   3.97780     862   11
    95   1.88493   2.14007   3.61483     508   10
    96   6.05514   1.98753   0.85608    2135   19
    97   6.13215   2.04029   5.49960    1588   17
    98   6.08320   2.09638   0.85615    1679   16
    99   1.19344   0.84721   0.54931    1208   16
   100   1.80519   2.06570   1.99787    1353   13
   101   2.95621   1.23248   2.15438     984   12
   102   1.12954   0.89594   5.32120    1820   18
   103   6.13282   1.98731   2.33822     944   14
   104   4.04398   2.23059   2.46569    1249   12
   105   3.01336   1.11442   5.53903    1144   14
   106   3.97352   2.38660   2.34527    1555   18
   107   6.23088   2.00955   2.49067    1292   16
   108   4.95662   0.90499   5.74940     723   11
   109   1.12435   0.79914   0.55367     762   12
   110   4.07216   2.48080   4.06601    2848   20
   111   1.73649   2.17876   5.39358    1143   13
   112   1.02601   0.73004   2.19369     878   11
   113   0.00000   0.00000   0.00000    1099   15
   114   6.14458   1.94615   5.56045    1256   11
   115   0.85498   0.80271   3.80111    1054   14
   116   6.12643   2.01759   0.99871     731   12
   117   4.27436   2.28221   1.14532     745    9
   118   4.93519   0.98252   5.60934    1990   16
   119   3.04485   1.13064   2.13463    1948   18
   120   1.74153   2.11220   0.64892    1716   17
   121   3.06074   1.13074   5.46957    1575   13
   122   4.18733   2.33049   4.11969    1927   17
   123   4.98927   0.90954   2.59751    1446   16
   124   0.98607   0.76068   5.33125    1380   14
   125   1.06441   0.89410   3.78109    1166   13
   126   3.99567   2.35808   2.49696     823   14
   127   6.02654   2.07832   0.90353     640   11
   128   5.00384   0.86946   4.00517     784   14
   129   5.02291   0.96459   4.12070     879   13
   130   6.23361   1.91850   5.60196    1200   14
   131   0.01731   1.98698   5.60938    1005   13
   132   1.01354   0.91546   5.44000    1403   13
   133   1.85445   2.28612   0.72381    1717   17
   134   0.87675   0.87738   3.83941     915   13
   135   5.04106   0.99145   0.96809    3996   25
   136   0.94802   0.96777   2.20420    1042   12
   137   0.01611   2.03082   2.52236    1218   15
   138   4.90190   0.91129   0.87483    1318   16
   139   1.77839   2.08212   5.21796    1244   14
   140   4.18583   2.18622   0.88772    1234   13
   141   3.92364   2.38628   0.76802    1797   16
   142   0.95089   0.75730   2.10177     996   13
   143   6.18781   1.95457   0.93821    1470   16
   144   4.03178   2.41875   3.87471    1203   15
   145   1.80589   2.30465   5.33373    1598   19
   146   4.15357   2.25053   2.58130    1101   14
   147   4.27347   2.35736   4.22028     883   14
   148   3.96436   2.30506   3.90453     914   15
   149   4.05924   2.23459   3.90988    1035   10
   150   1.87864   2.19814   2.29011    1246   12
   151   2.91556   1.11336   5.34623     973   15
   152   2.91556   1.11336   5.34623    1237   14
   153   5.06918   0.99958   5.63115    1051   12
   154   1.06441   0.89410   3.78109     685   14
   155   3.03950   1.22821   0.68944     690   11
   156   4.22844   2.37619   5.70783    1705   16
   157   2.90420   1.08564   3.89439    1386   13
   158   3.01336   1.11442   5.53903    1125   13
   159   0.90651   0.78721   0.63809    1993   17
   160   0.98041   0.71527   2.16563    1350   13
   161   0.82316   0.81331   0.67556    1318   18
   162   6.15499   1.98618   0.83394    1390   18
   163   4.07499   2.30069   5.72185    1281   16
   164   6.16684   2.00722   5.71774     964   12
   165   6.24361   1.91790   2.57018     972   13
   166   0.85015   0.93898   3.80525    1116   13
   167   4.23527   2.36140   5.63781    1378   14
   168   4.25842   2.38654   2.53805    1480   17
   169   1.81246   2.21479   5.30977    1059   13
   170   5.07712   0.96335   5.71240    1367   18
   171   6.06166   1.93404   3.98574     963   12
   172   1.04799   0.71881   2.10397     917   13
   173   3.13761   1.08897   3.68113     935   14
   174   2.96697   0.99872   5.37606    1272   11
   175   1.78273   2.29391   3.77130    1470   17
   176   5.04385   1.04852   0.98338     616   10
   177   4.27436   2.28221   1.14532    1519   15
   178   3.04006   1.17025   0.62506    1284   17
   179   4.10103   2.33981   4.11270     811   13
   180   4.98556   0.88569   5.64394    1780   15
   181   4.09244   2.48579   0.93114    1211   15
   182   3.08547   1.09895   0.78936     850   11
   183   4.97768   0.95359   2.57055    1720   16
   184   1.85752   2.15509   3.70598    1446   15
   185   1.93363   2.21814   5.44653    1391   16
   186   6.12906   2.03633   5.56150    1736   18
   187   0.94926   0.68191   3.81369    1384   16
   188   1.82814   2.22729   3.72346    1866   17
   189   3.07223   1.07613   2.36468    1025   13
   190   3.92401   2.36438   0.76926    1410   18
   191   1.90261   2.19429   0.56597    1238   13
   192   2.94710   1.16961   0.68428    1683   17
   193   2.99791   1.07303   2.21137    1377   14
   194   1.82687   2.14266   5.28053    1055   15
   195   4.91645   0.88639   1.00534    1270   18
   196   1.75818   2.20357   5.38015    2510   21
   197   1.68321   2.17179   3.69640    1528   19