     1   0.00000   0.00000   0.00000       0    0
     2   0.39880   0.59523   4.86354    2058   17
     3   0.66818   2.21931   3.28814    1837   17
     4   2.24164   1.42040   5.17929    2227   18
     5   5.41007   1.67572   1.01514    1020   14
     6   0.16933   0.56131   2.00296     661    9
     7   0.73932   2.12136   3.23385    1640   16
     8   0.29309   0.46849   5.04939    1374   13
     9   3.36366   2.59783   2.72392    1081   15
    10   2.20502   1.41116   5.22985     959   12
    11   2.21239   1.47924   5.30675    1287   16
    12   0.20879   0.51840   5.11937     913   13
    13   0.45349   0.50327   1.65604     963   13
    14   3.40508   2.57299   5.83968    1435   15
    15   2.19649   1.28426   5.31792    1173   13
    16   3.53975   2.67111   2.91358    1608   15
    17   0.69603   2.15874   0.05580    1552   18
    18   0.00000   0.00000   0.00000    1179   14
    19   3.86989   1.10846   1.49682    1020   12
    20   3.72857   1.08111   1.46634    1647   17
    21   5.29082   1.70744   4.14353    1157   14
    22   2.24911   1.44937   3.57511     626   12
    23   3.92838   1.10707   2.92215    1344   15
    24   0.73270   2.09246   4.95596    1471   14
    25   5.22738   1.69265   5.76278    1445   14
    26   0.31168   0.63467   1.90512    1265   12
    27   0.63003   0.53824   4.75283    1384   16
    28   0.18905   0.57740   1.99220    1213   15
    29   0.40174   0.62435   3.48587     945   13
    30   5.29428   1.67687   4.25342    1242   14
    31   3.37221   2.67728   1.03306     986   13
    32   0.43550   0.66748   4.95590    1650   17
    33   3.67143   2.53221   6.24654    1911   17
    34   3.84868   1.10813   6.05711    1349   16
    35   0.65688   1.98266   4.88436    1416   16
    36   5.29428   1.67687   4.25342     588    8
    37   0.74938   2.03232   4.86724    1808   17
    38   3.36760   2.61622   5.77876    1525   13
    39   0.75728   2.15346   0.22984    1154   13
    40   3.93642   1.00962   3.00848    1214   14
    41   0.68003   2.07867   1.68815    1534   16
    42   5.26513   1.73148   2.60656    1026   12
    43   3.41916   2.51024   1.13377    1453   13
    44   0.37069   0.58214   1.95462     810   12
    45   0.56076   0.59101   4.82091     818   11
    46   0.84048   2.11530   0.16116    1557   18
    47   5.32551   1.67204   4.15503     932   13
    48   3.86422   1.09340   2.89439     979   11
    49   0.38291   0.68418   1.79390    1104   16
    50   3.38910   2.60375   4.27540    1857   18
    51   0.35396   0.53449   5.09356    1995   19
    52   0.61442   0.54702   1.58042    2356   19
    53   3.56474   2.67004   2.76252    1440   13
    54   2.21809   1.41758   3.62114    1167   14
    55   3.59489   2.48156   5.95248    1379   15
    56   0.56076   0.59101   4.82091    1365   12
    57   2.09671   1.41338   5.28902    1461   13
    58   0.35844   0.56117   3.35765    2451   20
    59   3.93900   1.16736   2.96497    1855   18
    60   0.60123   0.57347   0.15507     854   11
    61   2.24536   1.40629   0.50829    1259   13
    62   5.31591   1.69550   2.67009    1110   13
    63   0.69193   2.22369   4.77526    1505   16
    64   0.48507   0.66102   1.90185    1925   18
    65   3.68878   2.56623   1.44233    1200   15
    66   3.68878   2.56623   1.44233    1254   15
    67   3.73850   2.49956   2.99735    1520   14
    68   5.30933   1.81665   1.06020     969   12
    69   5.44697   1.76275   0.92296    1927   20
    70   3.59422   2.61256   4.39762    1729   14
    71   2.32928   1.41838   2.18241     824   10
    72   0.42885   0.58967   1.72039    1772   19
    73   5.43521   1.74281   2.54618     819   11
    74   5.32673   1.71582   0.90833    2256   19
    75   0.80660   2.17302   1.67190     793   11
    76   2.25815   1.50341   0.66089    1382   14
    77   0.88865   2.15780   1.82992    1003   14
    78   2.29524   1.42869   2.07217    1257   14
    79   2.24911   1.44937   3.57511    1250   13
    80   5.25994   1.70680   4.22330    1641   16
    81   5.28982   1.71844   4.06879    1265   17
    82   3.49914   2.61373   1.18563     606   10
    83   3.72857   1.08111   1.46634    1344   15
    84   0.59366   0.64826   4.87695    1240   15
    85   3.41478   2.51696   4.33244    1164   13
    86   0.38291   0.68418   1.79390    1108   16
    87   0.64677   2.06607   3.32968    1318   14
    88   3.90709   0.88244   3.02740    1017   13
    89   3.41682   2.58608   4.24826    1226   13
    90   0.72295   2.09935   4.97655    1646   16
    91   0.82501   2.12138   3.32627     961   12
    92   3.67329   1.08067   4.73647    1905   17
    93   3.98545   0.95837   4.56251    1642   19
    94   3.89435   1.16744   1.35103    1053   13
    95   3.86912   1.12513   3.04107    1566   16
    96   3.75974   1.00303   4.71088    1092   14
    97   3.48566   2.57390   1.26151    1178   15
    98   3.77083   1.09130   1.42693    1209   15
    99   0.44158   0.59779   4.91814     831   13
   100   3.63527   2.54504   4.39121    1269   15
   101   3.44744   2.47685   2.78444    1839   17
   102   3.69871   2.67858   1.55042    1145   13
   103   3.82642   1.13885   3.01630    1932   18
   104   0.62012   2.06655   4.83359     908   13
   105   3.48552   2.54688   1.37344    1032   14
   106   0.50122   0.59184   1.85672     976   12
   107   5.29428   1.67687   4.25342     915   13
   108   3.51149   2.62514   2.80669    1213   14
   109   3.95617   0.98444   2.85616    1555   18
   110   3.88729   1.06952   1.31916    1081   14
   111   5.39977   1.57329   1.08709    1089   15
   112   2.14739   1.52367   3.80422    1516   16
   113   3.67094   2.48295   2.89119    1576   13
   114   0.66686   2.05812   4.88350    1453   17
   115   5.26414   1.74113   4.21019     847   17
   116   5.46541   1.72265   4.07892     917   12
   117   3.73076   2.56179   1.39229     999   13
   118   2.25783   1.43104   0.46191    1088   12
   119   5.49594   1.65231   4.26497     702   12
   120   2.17694   1.42453   2.12565    1034   13
   121   2.09328   1.39579   0.52968    1571   18
   122   3.40215   2.45111   2.71222    1341   13
   123   3.92997   1.16420   1.37422    1382   16
   124   3.89454   1.14792   4.50480    1022   12
   125   5.28645   1.59800   5.70854    1140   13
   126   5.40845   1.67452   1.03265    1003   14
   127   3.43672   2.56886   1.09899    1366   15
   128   3.64550   2.64814   6.20748    1081   13
   129   0.82318   2.00707   4.86744    1440   16
   130   0.89639   2.18732   3.41372    1242   16
   131   5.46164   1.76754   1.10111    1267   12
   132   5.29428   1.67687   4.25342     771   11
   133   2.16719   1.44842   2.21902     929   11
   134   3.82006   1.02745   4.56120    1009   11
   135   2.26338   1.43826   5.29137     995   14
   136   2.05425   1.37178   2.14799    1355   13
   137   3.96701   1.08744   6.16954    1433   14
   138   0.40306   0.56853   1.74919    1014   13
   139   3.78302   0.93214   6.14652    1328   18
   140   3.73557   1.00421   4.59863    1245   14
   141   0.49297   0.45713   0.28135    1070   14
   142   0.90683   2.19876   1.86516    1480   12
   143   0.71664   1.96524   0.19733    1009   12
   144   3.64111   2.58661   1.38874    1782   16
   145   2.10825   1.55986   0.44998    1422   14
   146   0.74320   2.13859   1.83155    1781   17
   147   0.71178   2.14462   3.21938     904   11
   148   2.10744   1.39512   0.65440    1614   16
   149   3.68878   2.56623   1.44233     851   15
   150   3.76514   2.56177   3.09635    1796   17
   151   0.44499   0.64275   3.31502    1243   15
   152   3.68878   2.56623   1.44233     870   12
   153   2.11258   1.51927   3.74289    1014   15
   154   0.72073   2.18910   4.94456    1672   13
   155   0.37244   0.45239   0.41417    1407   16
   156   0.72010   2.24278   1.66057    1597   16
   157   0.61352   2.01344   4.85153    2078   19
   158   2.22841   1.38076   0.51184    1502   17
   159   2.17771   1.55212   0.62241    1214   13
   160   0.65129   0.49825   4.67331    1338   12
   161   0.54871   0.48952   4.94167    1308   15
   162   5.28929   1.71814   4.07611    1351   16
   163   2.22372   1.40060   0.41662    2121   17
   164   0.56845   2.14964   0.00022    1271   13
   165   0.56355   2.01580   4.75431    1470   18
   166   0.66754   2.03918   3.21340    1339   16
   167   0.56076   0.59101   4.82091    1190   15
   168   3.93642   1.00962   3.00848    1742   15
   169   5.45195   1.66066   5.64006    1524   14
   170   0.65611   0.50574   4.67928    1479   17
   171   0.62294   0.63005   4.89687    1710   15
   172   3.65843   2.57074   4.47059    1807   15
   173   5.46541   1.72265   4.07892    2011   18
   174   0.75757   2.09127   1.84532    1458   16
   175   5.41127   1.60798   2.69589    2444   17
   176   3.85114   0.91955   3.05270    1738   17
   177   3.76030   2.61223   6.24296    1527   18
   178   0.52383   0.60337   1.66800     483   11
   179   4.02033   0.94319   2.85383    1294   13
   180   5.42085   1.68303   2.71208    1510   17
   181   3.75702   2.51757   6.21006    1176   14
   182   5.46715   1.64396   5.82009    1692   18
   183   3.40875   2.56594   1.25011    1342   15
   184   2.28842   1.37687   0.49021     752   13
   185   0.57884   2.04973   4.78992    1305   15
   186   0.39792   0.56732   3.37416    2009   17
   187   0.38291   0.68418   1.79390    1047   15
   188   0.80974   2.02044   3.41760     690   10
   189   2.22335   1.37986   3.56447    1177   15
   190   0.35396   0.53449   5.09356     540   10
   191   3.87490   1.09772   6.02164    1625   16
   192   5.45694   1.80625   2.66737    1505   15
   193   5.31812   1.82757   4.07430    1053   12
   194   3.81237   1.13343   1.45336    1333   15
   195   3.68454   2.60320   1.54368    1487   16
   196   5.40547   1.80908   1.15877     947   14
   197   2.24006   1.45488   0.44705    1472   13
   198   0.39125   0.59674   1.92867    1139   14
   199   5.25915   1.68789   2.69355    1926   15