     1   0.00000   0.00000   0.00000       0    0
     2   6.12100   1.93850   4.36853    1252   14
     3   2.51444   0.77020   6.11636    1210   15
     4   0.66212   0.82339   1.95093    1166   15
     5   1.65712   1.24240   4.80397    1385   16
     6   1.11311   0.71814   2.98929    1486   17
     7   2.25853   1.46683   6.04450    1406   14
     8   5.65659   1.03765   4.90267     804   10
     9   0.68001   2.10489   0.41743    1562   17
    10   2.41801   2.02500   5.78611    1001   14
    11   5.77846   2.26121   4.98478    1599   15
    12   0.07201   0.48464   4.31617    1360   17
    13   3.20611   1.33358   3.21110    2256   18
    14   3.93344   2.39579   2.78918    1350   16
    15   0.88221   1.81867   5.09250    1505   13
    16   5.66379   1.94957   0.92552    1072   13
    17   6.08780   2.88025   5.64726    1316   16
    18   3.51846   2.37890   5.62352    1988   17
    19   6.28177   1.63731   2.73767    1519   15
    20   2.79391   1.70347   5.43493    1715   17
    21   2.10860   2.84919   3.27677    1053   14
    22   5.43533   1.73003   4.83886    1715   15
    23   4.81310   2.70044   1.13084    1421   15
    24   1.40962   0.33851   5.07800     718   13
    25   5.96883   1.29789   2.37563    1243   14
    26   5.83295   1.91237   5.09041    1320   15
    27   6.27616   2.32201   2.27673    1393   17
    28   3.85967   1.76632   2.80516    1810   19
    29   4.01930   0.91323   2.94944     958   14
    30   3.43429   1.87880   4.50992    1481   17
    31   0.76490   2.04774   6.15691    1728   18
    32   1.10950   1.92877   6.10473     947   11
    33   5.05777   2.86179   5.84426     872   10
    34   3.37974   1.41742   6.03160    1233   14
    35   0.22592   1.85243   5.36999     901   12
    36   4.77139   1.29687   2.79685    1148   14
    37   4.61433   1.97529   3.52328    1398   14
    38   3.43711   1.46117   2.74697    1768   16
    39   3.84335   1.97891   1.14189     867   14
    40   3.47164   1.01966   5.14769    2095   17
    41   1.31096   1.70577   4.90691    1712   14
    42   0.75393   2.44262   1.13971    1048   14
    43   2.53343   1.21803   4.07416    1136   15
    44   2.80123   1.04112   0.68086     983   13
    45   5.85059   2.75487   2.09786    1818   14
    46   3.40058   2.16481   4.56848    1068   16
    47   1.86440   1.57674   2.52908    1121   16
    48   5.32346   1.57868   1.17678    1165   14
    49   3.03206   0.66458   4.35588    1014   14
    50   0.57441   1.80754   3.31089     834   13
    51   4.93123   2.54580   0.51274    1457   16
    52   5.97022   0.72779   2.10566    1093   12
    53   0.94035   0.28069   0.10184     809   13
    54   3.57658   0.78448   1.53210    1932   16
    55   5.83408   1.48511   6.27188    1159   15
    56   1.58734   0.71809   3.94259    1256   12
    57   3.68095   2.32907   4.77012     610    9
    58   2.84342   0.90162   4.73690    1172   18
    59   3.78552   0.91640   1.29598    1958   18
    60   5.26808   0.95150   0.62779    1602   13
    61   2.25673   1.99276   2.40547    1445   14
    62   5.83013   1.22113   0.39208     879   12
    63   2.52923   1.38098   3.01134    1465   14
    64   4.06484   2.01363   3.35053    1083   11
    65   0.30419   0.83943   4.51583    1292   14
    66   5.58656   2.89222   3.55343    2136   18
    67   5.84379   2.74151   1.19791    1177   14
    68   0.80556   2.29001   4.65105     940   13
    69   4.08718   2.30876   6.10665    1313   17
    70   2.18374   2.02792   0.68291    1021   14
    71   1.74627   2.01086   4.01488     762   13
    72   0.76572   1.43271   4.97699     993   15
    73   4.37638   2.25491   4.67353    1176   12
    74   1.55482   1.40870   0.32146    1601   14
    75   5.09564   1.89542   1.97431     866   12
    76   2.32667   1.28285   4.78704    1560   18
    77   4.04555   2.08802   5.07274     972   13
    78   2.09293   0.18338   5.45549    1697   14
    79   3.92084   2.04550   2.58079     965   10
    80   2.89330   1.15558   4.35908    2394   21
    81   1.18478   0.31666   0.70835    1542   18
    82   3.27489   1.72689   6.22956     859   12
    83   0.37381   2.30949   2.42508    1341   18
    84   1.19164   2.09789   1.74061     825   12
    85   4.27332   1.04372   1.55352    1318   14
    86   4.19895   2.82223   5.68323    1603   16
    87   5.84128   2.08913   1.43556    2037   20
    88   2.09493   1.09085   0.49632     878   13
    89   1.30590   2.30216   2.06333    1159   17
    90   0.01093   1.95039   1.42084     964   12
    91   1.44561   2.44194   5.56573    1064   16
    92   4.81353   1.32841   2.85311    1912   18
    93   0.06415   1.73158   2.71763    1540   17
    94   1.14459   0.90846   0.97021    1164   14
    95   0.29211   2.61526   5.73934    1486   17
    96   3.61822   2.23288   2.17245    1740   20
    97   3.57537   0.81009   3.78009    1078   15
    98   6.16702   1.48029   5.56413    1755   18
    99   4.92376   2.18433   4.52246    1723   16
   100   0.59113   1.37703   5.56919    1351   12
   101   5.71099   1.00749   4.87165    1473   17
   102   2.07286   0.63888   3.75753    1529   15
   103   2.76653   0.70751   4.27610    1503   18
   104   2.68587   0.74055   5.73047    1145   13
   105   2.79352   2.93998   5.46159    1346   16
   106   2.05563   1.07877   2.26284    1184   13
   107   5.31595   1.69609   2.41212    1621   18
   108   3.10191   2.31908   4.40494    1205   13
   109   3.82605   2.14580   2.50486    1426   13
   110   0.61215   1.01668   1.32593     831   13
   111   2.16970   2.61923   5.37972    1358   16
   112   3.98220   1.88202   3.57123     877   13
   113   2.44434   2.53796   1.45932    1077   12
   114   4.63945   1.91517   4.56369     759   12
   115   4.89323   2.27809   3.01362     831   13
   116   0.31352   1.72512   4.57653    1697   14
   117   2.03070   0.43589   0.31548     952   13
   118   5.10922   0.70842   1.41817    1967   18
   119   3.12870   1.06765   1.77400    1300   14
   120   2.55463   2.19859   5.51749    1459   18
   121   4.81187   2.02741   6.27338    1094   13
   122   6.26519   1.16760   0.06649    1100   13
   123   2.35713   2.05330   3.54174    1462   17
   124   0.75568   1.68743   1.20883    1990   16
   125   5.71809   1.03997   1.08673    1398   15
   126   4.07077   0.24886   3.07279    1282   13
   127   0.63488   1.98242   1.00806     616   12
   128   4.09313   1.90293   0.80153    1058   13
   129   5.07748   0.47117   1.52361    1158   14
   130   2.91549   0.69369   3.00016     537   11
   131   4.15108   0.75902   3.03363    1522   18
   132   1.57409   1.30429   1.09490    1977   16
   133   3.30654   1.24469   3.22994    2229   18
   134   0.52205   1.61960   1.63735    1705   16
   135   0.39001   2.27189   4.51337     893   11
   136   1.45117   0.93133   2.01073     839   13
   137   3.99664   1.24393   3.86491     837   13
   138   3.16938   1.01866   5.48908    1529   12
   139   5.23087   0.41795   5.79127    2289   17
   140   0.80037   2.07866   3.84270     841   13
   141   2.25221   1.14992   5.97183    1686   19
   142   5.79289   2.02773   4.91897    1073   17
   143   5.31454   2.11496   6.06799     813   10
   144   2.11951   0.90497   0.61772    1412   14
   145   3.15742   0.59200   0.69602    1568   18
   146   5.15562   0.60523   0.77959    1880   16
   147   4.68535   0.79743   4.28426    1560   17
   148   0.97309   0.86391   2.08667    1693   18
   149   3.10803   2.50709   1.51514    2209   15
   150   2.22043   0.93403   5.42758    1316   13
   151   1.21498   1.36377   2.60155     746   11
   152   2.13170   1.45134   3.57253    1432   18
   153   4.74142   1.32549   1.17741    1083   15
   154   5.66333   2.07575   2.15959    2170   19
   155   2.24846   1.77608   3.29425    1090   13
   156   2.19527   1.86133   5.45464    1896   17
   157   3.85914   1.61835   1.36046    1422   14
   158   0.78871   1.18013   4.10090    1011   16
   159   6.09034   1.78439   4.04080    1209   13
   160   1.24316   0.63067   4.98070     874   11
   161   2.87216   0.46834   2.58481    2073   18
   162   1.34605   2.37521   1.20222    1560   18
   163   0.40532   2.09872   4.47190    1722   17
   164   5.05791   2.44211   4.29400     912   10
   165   2.02807   1.96561   1.37671    1931   15
   166   1.25231   2.49954   5.56133    1195   12
   167   2.53708   2.34050   1.80990     747   12
   168   0.09041   1.99418   1.83311    1031   12
   169   2.10368   1.73552   0.83683    1002   13
   170   6.17013   1.69208   1.45464    1282   16
   171   5.48047   1.89472   3.95719    1323   15
   172   3.31784   2.06954   0.97647    1227   14
   173   6.21782   2.64571   0.24488    1607   13
   174   4.13609   1.72925   0.16993     778   12
   175   1.43228   1.97530   3.79129     866   12
   176   4.56370   1.50901   5.75458    1873   17
   177   4.08788   2.51994   3.90957    1750   13
   178   4.41594   1.83665   5.21138    1779   16
   179   5.89937   0.76198   5.76408    1047   14
   180   5.57401   0.44481   5.67969    1050   12
   181   3.57607   1.69382   2.43913     844   14
   182   1.13034   2.74034   3.58492    1371   15
   183   4.53284   1.19583   0.41817    1033   12
   184   5.36424   1.78903   3.02624    1195   14
   185   5.34345   2.00392   3.92382    1267   16
   186   4.34972   0.92122   4.92668     962   15
   187   4.68787   1.51020   1.77021    1821   14
   188   5.21470   1.79212   0.25067    1264   16
   189   3.41985   2.13644   5.47928    1553   16
   190   1.11148   0.71072   1.77937    1010   14
   191   0.12350   2.07557   0.26002    1249   16
   192   1.18278   0.71536   0.53463    1174   16
   193   0.56509   0.73495   4.72220    1513   14
   194   3.46151   1.79098   2.91993     811   13
   195   5.58342   1.89266   5.34874    1400   17
   196   3.97763   1.47542   2.30711    1024   14
   197   3.57793   1.16370   5.69884    1172   12
   198   5.44677   2.58992   3.37325     944   13
   199   3.28593   0.92884   5.97510    1701   16
   200   1.96031   1.29770   2.61027     998   13