     1   0.00000   0.00000   0.00000       0    0
     2   3.09082   1.16416   3.47233    1536   16
     3   1.55919   1.80350   1.87302    1491   17
     4   4.00835   2.62519   0.90899     775   15
     5   4.71819   1.25092   1.26908     956   12
     6   3.84863   2.85600   5.44229     957   12
     7   4.73129   1.23026   5.89759     657   14
     8   4.12909   2.78307   2.60349     946   14
     9   4.64431   1.25279   4.46866     443   10
    10   1.63374   1.87768   5.01534     682   11
    11   4.62860   1.25756   1.31064     978   13
    12   4.81218   1.17062   1.19112     503   12
    13   0.62245   0.43534   5.64370    3474   24
    14   4.23484   2.68707   4.26662    1695   19
    15   4.12982   2.81179   5.70556    1702   20
    16   0.90501   0.50487   2.17134     608   12
    17   4.15926   2.77625   5.70490    1111   17
    18   6.17305   1.85834   2.81021     516    9
    19   3.90236   2.60545   0.90669    1728   19
    20   3.78426   2.79070   3.88464    1495   11
    21   3.08429   1.29958   1.90179     987   14
    22   1.02851   0.45935   2.04760    1293   18
    23   0.91917   0.37211   3.71778     719    9
    24   2.97454   1.21503   4.95647     610   11
    25   3.82464   2.68913   5.46995     975   15
    26   4.20660   2.71403   2.58578     820   14
    27   2.98759   1.31763   1.89912     496   11
    28   0.00642   1.91475   1.18218    1597   19
    29   3.03747   1.25410   5.16625     486    9
    30   3.07834   1.32403   0.28807    1192   14
    31   1.57757   1.76488   4.97953    1239   21
    32   0.76663   0.56114   0.80959     968   13
    33   3.01823   1.37763   5.00599     800   15
    34   6.13500   1.86988   1.18636    1386   17
    35   0.62886   0.53766   5.55826     905   13
    36   2.91625   1.29347   0.37734    1080   14
    37   3.05928   1.27659   1.84185     828   13
    38   4.70451   1.21023   4.46239    1436   14
    39   3.79174   2.87517   2.38020     330    7
    40   0.02091   1.75367   1.22042     307    9
    41   6.11870   1.82594   2.77286    1424   17
    42   6.13411   1.87597   1.32697    1116   15
    43   3.91189   2.65732   2.39061    1061   13
    44   0.49643   0.38582   4.23055     687    9
    45   2.94531   1.25458   3.54955    1289   17
    46   3.12266   1.31876   0.32822    1181   17
    47   4.71080   1.14989   1.16693    1348   20
    48   6.20913   1.94270   2.87459     883   13
    49   0.85514   0.37931   3.72062    1184   13
    50   6.15044   1.82100   5.87737     852   15
    51   0.74791   0.50952   0.90887    1583   17
    52   0.91883   0.47153   3.75105     533   10
    53   1.59633   1.85613   1.79648    1743   21
    54   4.72125   1.31235   2.85246    1046   14
    55   6.19693   1.89331   6.00996     532   12
    56   6.20190   1.94487   4.30759     707   12
    57   4.74109   1.28833   4.44188     831   14
    58   1.63374   1.87768   5.01534     470    9
    59   1.48418   1.92736   0.31522     642   11
    60   4.66611   1.36418   4.32242    1598   17
    61   0.62824   0.31823   4.15988    1365   19
    62   3.18895   1.36932   0.39372     510   12
    63   0.87977   0.48407   5.23222     316    9
    64   3.82860   2.69838   3.90853    1524   15
    65   3.88655   2.71075   0.79211    1051   12
    66   0.87977   0.48407   5.23222     506   11
    67   4.17249   2.63232   5.70269     516   10
    68   4.76733   1.38150   1.17660    1383   19
    69   1.57671   1.84764   1.75322     911   18
    70   3.12266   1.31876   0.32822     610   13
    71   4.57660   1.27089   2.90148     443    9
    72   3.74432   2.72912   3.80275     779   16
    73   3.72840   2.63987   3.79128     594   13
    74   3.91012   2.76329   0.94280    2125   21
    75   3.97219   2.76328   0.89626     750   13
    76   6.17320   1.77675   1.20370     591   11
    77   2.97393   1.21552   3.46237    1096   13
    78   0.75142   0.55852   5.46404    2043   21
    79   4.65674   1.32390   2.91328     652   10
    80   6.14714   1.73396   5.96258     923   15
    81   1.63374   1.87768   5.01534    1337   16
    82   1.62232   1.91194   3.33045    1788   17
    83   1.49808   1.86272   4.96823    1100   17
    84   1.55728   2.00100   0.22934     997   14
    85   4.16471   2.72597   4.19948     850   11
    86   1.59647   1.81324   3.44753     643   11
    87   2.97559   1.23175   3.38576    1298   14
    88   4.76150   1.28592   4.35977    1759   19
    89   6.28289   1.85057   4.35453    1236   13
    90   1.51911   1.97884   0.17444    2081   20
    91   0.57273   0.36308   4.04204    1025   13
    92   0.01753   1.76009   2.88014     512   13
    93   4.83317   1.24949   2.79925     873    9
    94   6.12819   1.75587   6.07805     889   16
    95   6.26407   1.91964   4.45578     807   14
    96   4.64954   1.13250   6.01444    3910   26
    97   4.76537   1.16919   1.14593    1024   15
    98   0.75133   0.43363   2.47435    1137   18
    99   4.69248   1.17097   5.88509     485    9
   100   4.17578   2.71697   2.64221     905   11
   101   6.21768   1.82902   4.47441    1043   15
   102   3.18185   1.16877   3.31022     555   12
   103   4.64951   1.29098   1.23723    1967   19
   104   1.53061   1.99807   5.09182     728   12
   105   4.65914   1.19217   4.46562     825   12
   106   0.72411   0.57922   2.30884     754   13
   107   3.03747   1.25410   5.16625     854   14
   108   6.07983   1.72230   4.33312     522   12
   109   3.11648   1.15055   4.93761     632   11
   110   2.94481   1.28878   3.46067     510    9
   111   1.58518   1.89624   0.23462     620   12
   112   6.23752   1.88156   2.88541    1264   14
   113   3.18491   1.35272   3.31106     445    8
   114   3.11387   1.28062   0.28648     576   11
   115   3.07361   1.14631   5.06719    3097   23
   116   6.13000   1.81470   4.42624    1230   12
   117   4.83763   1.19704   1.13521    1413   16
   118   1.53981   1.84586   4.93767     843   16
   119   0.52609   0.50037   5.68924     574   12
   120   6.17489   1.80944   4.41468     703   13
   121   1.58319   1.74792   0.38253     477   10
   122   3.13172   1.22560   1.90780    1039   17
   123   0.01753   1.76009   2.88014    3358   25
   124   3.78105   2.72325   3.82841    1282   16
   125   4.01797   2.70772   3.95882    1760   18
   126   3.99863   2.64939   0.78603     708   11
   127   6.14714   1.73396   5.96258    1345   13
   128   2.98984   1.27680   5.04265     748   14
   129   4.09651   2.66675   4.11751    1031   14
   130   6.23115   1.83445   2.86209     921   14
   131   6.07818   1.85993   4.42199    1278   14
   132   3.63012   2.79707   2.13957     732   12
   133   0.81916   0.47725   0.80753    1089   15
   134   0.82791   0.52244   5.43901     707   11
   135   2.99512   1.28755   4.96630     631   13
   136   3.69485   2.69927   5.35110     557   10
   137   0.51113   0.36520   2.53003    1084   16
   138   0.01324   1.94942   2.86827    3510   24
   139   4.79562   1.24057   2.91436    1167   15
   140   4.86606   1.15996   1.24017     414    8
   141   4.72210   1.28982   4.35513    1290   16
   142   1.63374   1.87768   5.01534     864   15
   143   2.92155   1.22778   0.29603    1324   16
   144   6.22826   1.90258   4.31444     686   13
   145   6.23679   1.92049   1.30618    1022   13
   146   3.05949   1.34235   1.87087     474    9
   147   6.20836   1.99639   5.89746    1231   13
   148   1.63374   1.87768   5.01534    1575   15
   149   4.66662   1.25598   2.95385    1198   18
   150   3.10587   1.14570   3.58612    1714   19
   151   1.44949   1.84679   3.37630    1051   15
   152   6.22485   1.91566   4.43555    1154   12
   153   2.93047   1.18589   0.39599    2643   22
   154   4.03317   2.59842   2.44862     614   10
   155   3.84917   2.71018   5.44419     525   10
   156   4.68251   1.24189   1.22955     442    8
   157   4.17578   2.71697   2.64221     907   16
   158   0.66118   0.50866   5.58713     681   11
   159   4.03317   2.59842   2.44862    2730   23
   160   6.14714   1.73396   5.96258     850   12
   161   3.96201   2.77837   4.02525     341    9
   162   1.59517   1.86227   0.19382     287    8
   163   6.10903   1.74818   1.18093    1216   16
   164   3.74635   2.78295   0.70597    1508   14
   165   0.01258   1.93868   1.26567     769   13
   166   3.70572   2.80958   3.87721     474   11
   167   4.17578   2.71697   2.64221    1168   18
   168   1.63374   1.87768   5.01534     427   12
   169   4.71147   1.35364   2.92452     854   11
   170   4.68952   1.28101   5.87362     930   13
   171   3.03747   1.25410   5.16625    1435   12
   172   3.17852   1.17282   0.22911    1206   16
   173   3.84369   2.54690   2.41115     684   13
   174   4.78618   1.27900   5.97864     620   11
   175   6.19478   1.94340   1.24285     479   11
   176   4.16471   2.72597   4.19948     580   11
   177   4.76499   1.20171   1.26072    1588   15
   178   4.73820   1.33258   1.26913    1438   18
   179   2.97395   1.28710   5.16283     930   13
   180   6.10903   1.74818   1.18093    1067   14
   181   0.81916   0.47725   0.80753    1016   14
   182   4.73783   1.26689   1.14199     684   12
   183   3.12266   1.31876   0.32822    1588   17
   184   1.52698   1.99693   3.38588     469    9
   185   2.99339   1.21552   0.42312     460    9
   186   3.95554   2.70736   3.92403     877   12
   187   6.08590   1.75632   2.77684    1114   13
   188   3.12266   1.31876   0.32822     570   12
   189   1.67544   1.99119   0.33098     685   14
   190   0.84194   0.35465   2.17284     836   12
   191   3.91761   2.69774   2.34195    1550   22
   192   3.84917   2.71018   5.44419     298    9
   193   3.91171   2.82995   2.51157     245    7
   194   6.24365   1.78024   1.30873    1469   16
   195   0.69308   0.37772   2.43571    2199   19
   196   1.52156   1.84216   4.88517    1694   18
   197   4.71570   1.24572   2.76327     738   10
   198   3.05113   1.35000   1.85155    1825   18
   199   0.90534   0.46705   5.36678     585   11
   200   3.03747   1.25410   5.16625    2216   21
   201   1.66488   1.88996   1.98187    5114   33
   202   1.63374   1.87768   5.01534     648   14
   203   4.17578   2.71697   2.64221     533   11
   204   4.72650   1.21838   6.01745     604   12
   205   0.90035   0.50525   0.52022     458    8
   206   2.97805   1.30576   1.96076     979   10
   207   3.78105   2.72325   3.82841     826   12
   208   6.07879   1.82314   5.92300    1553   19
   209   1.63374   1.87768   5.01534    1749   18
   210   4.81218   1.17062   1.19112     593   13
   211   3.84689   2.76162   5.41596     310    9
   212   3.77674   2.60571   5.44405    2761   24
   213   2.97550   1.32565   5.11875    1012   13
   214   2.94596   1.18893   3.57944     938   14
   215   3.03374   1.18364   4.92621    1923   19
   216   1.63095   1.92917   1.96476    1505   17
   217   1.08849   0.42950   2.01919    1448   15
   218   6.25038   1.76150   2.86790    1416   16
   219   4.68572   1.29471   2.83365    2668   22
   220   3.95126   2.81510   0.77876     520    9
   221   6.17616   1.97512   2.88942     809   13
   222   4.68750   1.37735   1.21386    1477   17
   223   6.13800   1.77101   4.35837    2605   24
   224   0.87977   0.48407   5.23222    1911   16
   225   1.58423   1.75835   5.05010    3133   25
   226   3.78105   2.72325   3.82841     724   11
   227   1.52804   1.86690   1.79007    1650   19
   228   6.08982   1.78081   1.25288    2412   18
   229   4.09038   2.63582   1.08248    1498   21
   230   3.78105   2.72325   3.82841     594   14
   231   1.61145   1.94365   4.99481     938   15
   232   6.12552   1.79283   1.15769    3253   23
   233   3.15881   1.31515   5.13568    1118   15
   234   4.01048   2.61221   2.43460    2616   22