     1   0.00000   0.00000   0.00000       0    0
     2   1.15639   2.00882   1.92986    2427   15
     3   4.36030   1.22191   1.20907    1398   13
     4   0.71301   0.56293   3.37612    1512   18
     5   2.60929   1.36276   2.01377    1326   15
     6   3.69725   2.73434   4.17361    4876   20
     7   3.51198   2.62268   0.94909     463    9
     8   4.35679   1.14655   2.70125     373    8
     9   3.74006   2.57825   1.12652     691   11
    10   0.60274   0.54754   5.06365    1518   19
    11   5.73439   1.80309   5.74203    1783   15
    12   5.65846   1.77750   1.05467    1360   13
    13   1.26504   2.06950   3.47539     827   13
    14   1.19046   1.91371   1.89772    4159   21
    15   5.73817   1.87173   2.68087     596   11
    16   0.47554   0.67193   0.64848    4432   22
    17   0.74677   0.49094   3.43522     643   11
    18   5.65846   1.77750   1.05467    3418   23
    19   5.72335   1.86789   5.79462    3065   19
    20   3.52899   2.49454   5.69496    1241   11
    21   1.09716   2.14384   0.20279    4363   23
    22   4.45399   1.13582   4.24999    2828   24
    23   4.41963   1.05791   2.80220     383    7
    24   2.57131   1.21984   5.22307    1083   15
    25   5.65846   1.77750   1.05467    1500   14
    26   4.38963   1.21004   5.95059    1295   13
    27   5.83975   1.90209   4.30873     566   12
    28   4.23572   1.14500   4.40567    2689   20
    29   0.60137   0.65155   2.03427    1754   18
    30   4.19684   1.10048   2.80058     616   10
    31   4.35060   1.22348   4.44515     464   11
    32   3.62731   2.64631   5.61976    3052   25
    33   2.65313   1.35259   5.11949    2754   19
    34   0.45439   0.56079   0.51701    1717   17
    35   2.59345   1.32742   3.71422    1618   16
    36   5.88195   1.81286   4.35435    1689   14
    37   1.03854   2.03976   1.81297     361    9
    38   4.38097   1.17949   2.87262    1063   12
    39   4.34225   1.07141   4.41286     991   12
    40   0.70147   0.64424   1.99863    2191   21
    41   0.36518   0.45934   3.81714     697   10
    42   0.51731   0.43195   2.08873    4784   23
    43   2.65313   1.35259   5.11949     611   10
    44   0.40685   0.58352   0.56422    3021   19
    45   4.37444   1.09169   6.08428    3555   20
    46   5.77605   1.90306   5.78867    1679   13
    47   5.78341   1.81543   4.22472    2810   19
    48   0.36518   0.45934   3.81714     825   11
    49   1.08246   2.06959   3.39662     412    9
    50   2.68668   1.21010   0.49315    2388   22
    51   5.69670   1.77874   5.72765    2038   18
    52   3.64400   2.62598   1.03992     317    9
    53   4.41937   0.98163   4.27173    1894   16
    54   5.70699   1.80886   4.19630    3670   22
    55   5.81937   1.82355   2.60089    1229   13
    56   5.83975   1.90209   4.30873    1312   15
    57   0.68098   0.53061   0.45944    1431   16
    58   3.81745   2.51356   5.84199    3572   20
    59   4.39254   1.13006   1.23313    1537   12
    60   5.64654   1.85108   5.81608    3684   25
    61   1.15248   1.94819   0.43069    3795   20
    62   1.16490   1.98338   3.45289    1514   12
    63   3.75757   2.69133   4.21174    1017   16
    64   2.50074   1.40359   5.10969     613   11
    65   4.34251   1.21143   4.30822     464   10
    66   1.02085   2.14281   0.21719     661   10
    67   1.09993   2.05623   5.07575    3776   27
    68   3.55745   2.60928   5.55235    1368   14
    69   0.36621   0.49278   2.20815     890   13
    70   1.09470   1.99473   0.28753     809   10
    71   2.50469   1.35346   3.69126    3193   21
    72   2.65313   1.35259   5.11949    1675   15
    73   3.64999   2.57602   4.05749    1453   13
    74   5.86580   1.77750   5.88177     642   10
    75   2.49714   1.38066   0.49743    1392   11
    76   1.11994   2.08399   3.38412    1091   14
    77   0.36621   0.49278   2.20815    1459   12
    78   1.19173   2.00607   3.51530     883   12
    79   4.40832   1.23818   5.88524     377   10
    80   3.71832   2.60229   5.69883    1674   20
    81   4.25553   1.17520   4.36313    1974   14
    82   4.37673   1.12707   2.94755    1385   17
    83   3.64225   2.63861   0.89057    2923   20
    84   5.65846   1.77750   1.05467    1008   14
    85   5.65752   1.75938   5.67973     687   11
    86   2.67442   1.24405   2.01821    1127   13
    87   5.84700   1.82254   1.17723    2234   19
    88   1.07487   2.14126   4.97753    2675   18
    89   4.15718   1.12599   1.33103     410    8
    90   5.86580   1.77750   5.88177    4169   24
    91   0.68098   0.53061   0.45944     898   12
    92   4.17428   1.09391   5.97630     869   12
    93   3.47324   2.54833   2.52405    2963   21
    94   3.78838   2.50241   1.08167     316    9
    95   1.14149   2.00600   5.09852    3459   19
    96   2.47558   1.41551   0.51120    1456   18
    97   3.52558   2.54299   5.69232    2411   19
    98   4.33261   1.10823   1.27286    1078   15
    99   1.14534   2.00116   4.99482    1096   11
   100   1.10243   2.07582   1.87311    1208   13
   101   3.65146   2.73386   5.62510     629   11
   102   3.74890   2.67261   4.19353    1853   13
   103   5.70866   1.80923   2.75776     359    7
   104   0.63041   0.66377   0.47110     639    9
   105   0.55950   0.55750   2.22428     621   12
   106   5.77605   1.90306   5.78867    1023   14
   107   2.72810   1.35894   5.05831     860   10
   108   5.72775   1.90493   2.73721    1473   15
   109   3.55825   2.57953   3.95462     449    7
   110   2.55330   1.33563   5.30496     374    9
   111   1.09388   2.18040   1.88443     755   11
   112   5.72727   1.88754   2.54972    4287   24
   113   4.21845   1.15860   4.54610    4388   22
   114   5.62849   1.78479   4.12875     944   14
   115   4.19212   1.11664   6.04288     949   13
   116   4.32682   1.11018   5.92698     317    9
   117   0.31194   0.52885   0.84781    1842   18
   118   4.34950   1.09246   5.90807    1351   16
   119   1.16492   2.07324   1.91802    1021   14
   120   0.36518   0.45934   3.81714     431   11
   121   3.62146   2.65618   1.01115     245    7
   122   1.19495   1.92838   4.94865     391    8
   123   3.71570   2.69063   4.08057     609   12
   124   3.64400   2.62598   1.03992     272    6
   125   1.25145   1.98303   4.95198     396    9
   126   5.78341   1.81543   4.22472     790   10
   127   4.26094   1.09462   2.83596     601   10
   128   0.44575   0.64293   2.31203     477   11
   129   1.16975   1.89244   3.40365     869   10
   130   4.35605   1.08226   2.70077     609   10
   131   1.13015   2.04446   0.31967     412    7
   132   0.63655   0.49759   2.14518     562   11
   133   2.71510   1.37306   0.44433     895   12
   134   5.65846   1.77750   1.05467     580   10
   135   1.08425   2.12934   3.40070     875   11
   136   1.11620   2.14511   0.27315     878   11
   137   3.64400   2.62598   1.03992     734   12
   138   3.76699   2.65493   4.16219     428    9
   139   5.70471   1.87701   4.33631     391   10
   140   4.38963   1.21004   5.95059     675   11
   141   0.35458   0.60737   3.95743     680   15
   142   5.64653   1.78682   4.24773     431   10
   143   4.30706   1.08647   2.78553     402   11
   144   5.64518   1.93002   4.14860    1417   15
   145   2.63840   1.31629   3.48968     360    9
   146   2.47558   1.41551   0.51120     987   14
   147   3.66542   2.58500   2.65986    2190   18
   148   3.60162   2.61540   0.99760     464    9
   149   0.36518   0.45934   3.81714     461    8
   150   3.48942   2.49856   0.96770     503    9
   151   4.25583   1.17838   4.39107     712   14
   152   5.66039   1.79545   1.07029     590   11
   153   3.51198   2.62268   0.94909     507   10
   154   1.02927   2.01313   3.33508    5022   26
   155   4.37129   1.01715   5.95872    1914   15
   156   5.66039   1.79545   1.07029    1200   16
   157   0.54243   0.48027   2.14494     568    7
   158   1.27750   2.00215   0.31666     748   13
   159   4.34756   1.21758   1.28048    2787   23
   160   0.38030   0.53562   3.84967     895   13
   161   4.41842   1.03771   5.94115     433    8
   162   2.65399   1.21318   3.64000    4555   23
   163   2.54277   1.33041   3.49664    2620   19
   164   2.65313   1.35259   5.11949    1624   16
   165   2.51287   1.34712   5.10426     365    8
   166   4.42351   1.17016   5.87862    4745   24
   167   5.70744   1.86976   1.08881     989   11
   168   2.58919   1.27131   0.46682    1885   19
   169   1.17088   2.06267   0.38019    4329   21
   170   3.51198   2.62268   0.94909     418    9
   171   0.60243   0.63879   0.50242     663   11
   172   3.80806   2.50688   1.20980     839   13
   173   4.34225   1.07141   4.41286     396   10
   174   4.20072   0.97747   2.83520    1683   14
   175   3.49598   2.53922   0.87903    3365   21
   176   3.87067   2.59496   2.80500     500   10