     1   0.00000   0.00000   0.00000       0    0
     2   4.76011   1.28257   2.68510    1357   14
     3   2.40695   1.68442   2.73053    1648   14
     4   3.91498   1.33824   0.71708     858   12
     5   2.59764   1.89909   5.80599     517    9
     6   0.69659   0.87842   2.86041     742    9
     7   5.67220   2.45310   3.46439     802   12
     8   5.61757   1.68380   5.34539    1240   14
     9   3.47494   2.18744   5.50610     969   12
    10   2.28480   1.43874   5.85778    1523   17
    11   5.75576   1.13351   4.28456    1259   14
    12   0.20553   1.77934   3.39302    1190   16
    13   3.97869   1.08560   2.60325    1092   14
    14   0.44643   1.35622   3.69438    1956   19
    15   2.99141   0.27340   2.76500     676   12
    16   3.40724   1.84539   4.47443     814   12
    17   0.93436   1.71157   2.24529    1247   14
    18   3.10903   1.89775   1.29236    1138   13
    19   4.44051   0.79462   2.76646    1157   15
    20   0.12113   0.54950   4.92744    1182   16
    21   1.41012   1.85960   3.69946    1668   15
    22   4.40336   1.69013   2.10804     889   12
    23   0.77251   1.08984   2.77684    1589   14
    24   4.76317   0.75382   5.26908    1567   13
    25   1.38646   0.13038   2.75679     873   12
    26   2.84479   1.30695   2.88039     797   14
    27   5.35499   0.48430   5.79185    1076    9
    28   4.91260   1.84277   0.54968    1576   15
    29   1.77017   0.71254   1.05705     878   12
    30   1.76360   1.28890   0.70039     799   10
    31   3.71444   2.45013   4.96095    2116   16
    32   2.63681   1.80545   2.87043    1091   19
    33   1.42337   1.06295   0.21066    1255   15
    34   2.05826   1.39813   1.13364    1033   14
    35   2.94655   2.51294   1.92992    1331   15
    36   0.89245   1.31216   3.26745    1394   16
    37   1.98461   2.86401   0.95630    1232   15
    38   1.14221   1.48379   1.20969    1286   16
    39   0.11658   2.54537   0.84633     665   11
    40   2.17385   1.93653   2.47536    1726   16
    41   4.71176   0.92804   4.22099    1412   14
    42   3.27206   2.12588   3.83804    1201   16
    43   2.17998   2.26616   3.43853    1733   19
    44   2.29619   1.24241   1.03097     834   10
    45   3.46844   0.90909   5.41021    1160   14
    46   4.10568   0.64962   3.01741    1478   14
    47   2.70948   1.58135   1.52219    1107   14
    48   0.00601   2.81346   4.62744     682   13
    49   1.67675   0.66778   6.11964    1321   17
    50   4.04211   2.13836   0.66554    1996   19
    51   3.13028   0.57600   5.80359    1115   16
    52   0.77859   1.33110   0.84213    1909   16
    53   2.67829   2.39976   4.23820     944   12
    54   4.78103   0.43442   0.53353    1588   17
    55   3.03505   1.90275   1.16502    2509   18
    56   2.63764   0.61952   2.85299     886   12
    57   1.32364   1.86994   0.29132    1424   15
    58   2.06945   1.51113   6.21700    2382   20
    59   1.71107   2.86015   2.71863     906   10
    60   2.21082   0.86228   0.05149    1026   11
    61   5.08552   2.29546   5.83258    1440   16
    62   6.20297   2.62716   5.36793     947   12
    63   0.59524   1.79484   2.03524    1407   18
    64   3.89490   1.68798   6.25522     893   13
    65   3.55841   1.56356   0.11945    1506   17
    66   1.12120   1.88006   5.89134    1044   15
    67   1.02826   1.35158   5.19450    1433   16
    68   3.77956   0.74293   5.82312    1045   17
    69   2.95405   1.85992   1.47717     800    9
    70   4.53302   1.00310   1.05635    1557   17
    71   1.22120   1.36265   2.39754    1465   17
    72   1.03070   1.01845   1.05235    1821   20
    73   5.46573   1.13149   5.34611    1397   16
    74   0.69763   0.67222   4.77432    1239   15
    75   4.27284   2.73181   0.65182    1148   14
    76   0.48734   0.23442   3.66771    1454   14
    77   4.12012   1.95441   3.83933    1625   15
    78   1.31750   1.32486   1.54995     898   12
    79   1.02369   0.41141   5.46056     784   11
    80   2.71792   2.20318   3.80895    1371   15
    81   2.22566   2.01359   5.73534    1187   14
    82   2.57559   1.88545   5.41865    1349   15
    83   4.10296   2.41353   0.53027     829   12
    84   5.60030   1.94500   3.66273    1131   13
    85   0.37869   0.92683   2.35264    1276   15
    86   5.06941   1.85759   1.31233    1379   14
    87   4.74550   1.55376   6.01089    1519   19
    88   1.94980   2.25303   2.53354    1079   13
    89   2.97516   2.14368   6.20043    1433   16
    90   0.84351   1.41151   2.40962    2062   16
    91   5.15388   0.59705   5.49849    1134   16
    92   4.03712   2.19941   6.20529    1179   12
    93   3.92359   0.63878   1.54931     924   12
    94   2.93553   2.76855   1.68197    1589   14
    95   1.75614   1.66527   1.84103    1450   17
    96   0.84619   1.76551   4.77751    1950   16
    97   6.07046   1.24969   6.15799    1422   14
    98   5.75093   2.38733   4.97848    1406   14
    99   4.64530   1.50642   3.99975    2011   17
   100   4.88205   2.61636   4.44467     923   14
   101   1.91529   1.01426   5.16885     964   16
   102   0.33685   0.53254   2.76945     875   13
   103   1.64588   1.88556   6.07184     854   14
   104   3.70118   1.49498   3.91303     755   12
   105   2.53416   1.22503   4.72653    1126   13
   106   1.61653   0.81356   3.82958    2416   19
   107   5.91209   1.65242   2.24155    1147   14
   108   5.31097   1.51716   1.53554    1397   16
   109   4.41722   1.02491   2.86856     990   11
   110   0.06147   0.82301   3.45390    1543   14
   111   2.67403   2.12838   2.75735    1559   16
   112   4.93499   1.24780   2.61308     764   11
   113   5.24438   1.10197   0.14449    1123   13
   114   4.04265   1.33762   5.41452    1250   14
   115   3.17570   0.99069   4.29869    1332   14
   116   1.30245   1.34857   3.30085    1220   13
   117   0.05970   2.07074   0.61457    1873   19
   118   2.08984   1.28354   5.16358    1478   14
   119   5.89635   1.15173   5.46132    1142   15
   120   3.49034   0.95801   3.70957    1966   18
   121   2.62850   2.22855   1.96948    1852   16
   122   4.77480   2.32041   3.01625    1435   17
   123   1.41316   1.22773   5.98064    1428   16
   124   0.30463   1.77308   4.73097     493   11
   125   5.15803   1.72584   2.52973    2420   20
   126   5.68205   1.45637   1.00037     956   12
   127   1.89887   2.24632   1.25940    1719   19
   128   5.79625   1.19581   3.28266    1945   15
   129   3.94858   0.70634   2.98253    1544   18
   130   1.31617   2.48047   2.04692    1069   15
   131   2.84614   1.77721   4.97055    1352   16
   132   3.59948   2.40368   1.09133    1185   15
   133   2.41741   1.86871   4.71285    1263   16
   134   4.25039   1.50223   4.31391     591    9
   135   3.72256   2.32584   4.37716    1327   17
   136   6.08332   0.86877   3.66212    1822   17
   137   4.94792   1.24482   0.82709    1561   19
   138   0.94358   2.13417   0.74422    1682   13
   139   4.01764   2.50334   3.99457    1431   13
   140   0.64382   2.00029   2.25969    1124   13
   141   6.24099   1.98314   0.79171    1774   14
   142   2.94050   0.63057   0.42391    1393   17
   143   6.14516   2.51940   0.43826    1722   15
   144   5.19725   1.32168   2.27963    1255   15
   145   3.65804   1.52098   6.15092    1277   16
   146   0.14473   1.33754   0.45338    1346   14
   147   4.90008   2.80627   4.73680     721   13
   148   2.90723   0.76505   3.17939    1430   14
   149   0.66541   2.05407   1.12560    1181   15
   150   2.84407   0.27745   5.22440    1036   14
   151   2.58100   2.74992   2.47999    1404   18
   152   2.51386   1.76616   1.50219    1217   16
   153   6.16855   1.15499   5.77274    2010   18
   154   5.92932   0.51445   0.88049    1472   14
   155   2.08249   0.36674   6.16849    1289   14
   156   5.44418   1.08170   5.37486    1146   14
   157   0.56282   1.57323   6.09656    1406   15
   158   6.10285   1.84250   4.23364    1148   16
   159   5.17901   2.46057   0.91776    1086   13
   160   4.01900   1.42141   2.03182    1381   17
   161   5.02935   1.49881   1.64093    1128   15
   162   5.83086   2.33810   2.06271    1076   13
   163   3.04635   1.32696   4.64942    1226   14
   164   4.01913   1.73995   0.73599    2050   21
   165   3.19236   1.43882   3.97545    1308   16
   166   1.69283   1.61650   0.51494    1770   19
   167   5.09221   1.78138   4.48933    1176   16
   168   2.17643   1.07023   2.17641    1508   16
   169   1.94145   0.15492   0.86252    2091   22
   170   1.96637   2.21475   5.23071    1287   14
   171   5.33708   2.77695   4.47340    2085   15
   172   2.60421   1.46773   4.29724    1789   20
   173   3.70778   2.34704   5.21548     812   14
   174   5.87244   2.74448   5.06375    1167   16
   175   5.04664   2.81509   2.97215    1697   21
   176   3.12145   0.85584   5.81591    1852   20
   177   4.44006   1.59739   3.91380    1806   17
   178   4.60525   2.49989   5.53064    2031   19
   179   6.04231   2.03881   1.05052    1256   15
   180   6.10360   0.95922   4.99830    2725   21
   181   2.26681   2.03463   0.55670    1233   14
   182   4.24038   2.65693   5.48800    1824   18
   183   4.00971   2.31528   4.79178    1130   12
   184   3.88694   2.08651   0.94343     953   13
   185   3.72363   0.85230   2.16762     729   10
   186   4.43605   2.27768   2.46495    1285   14
   187   5.59794   1.10880   5.41334    1308   16
   188   0.90375   1.76806   5.29012    1345   13
   189   0.45537   2.69211   5.86310    1295   15
   190   0.64672   1.71308   2.83325    1801   19
   191   1.57733   0.98995   0.68959    1088   12
   192   2.73574   0.71862   5.89029    1274   14
   193   0.07702   1.14251   4.78769     783   11
   194   3.55270   1.52826   0.86117    1523   15
   195   4.61435   0.72077   1.52536    1273   15
   196   0.67912   1.96974   0.51424     997   10
   197   5.49193   2.25046   0.17473    1809   17
   198   0.25372   0.11339   2.04741    1660   14