     1   0.00000   0.00000   0.00000       0    0
     2   0.75881   1.75274   3.96835    4195   15
     3   5.24344   0.80300   5.23809    4652   17
     4   4.05408   1.62343   2.91196    3920   13
     5   0.83702   1.34547   0.76864    2666   12
     6   3.93807   2.16867   2.92598    4899   14
     7   1.05157   1.95747   0.53196    3968   15
     8   1.05815   1.21953   4.43053    3511   13
     9   5.26483   1.25488   0.47835    4187   13
    10   5.23295   2.87383   3.79515    2746   12
    11   6.07820   1.74938   1.85669    4587   16
    12   4.23306   1.90690   4.10711    4365   15
    13   2.88973   1.09097   6.07495    4267   12
    14   0.24025   2.14463   1.65003    6966   20
    15   0.22648   1.36325   0.27824    5963   19
    16   0.88441   1.16061   2.08068    5776   16
    17   0.84883   1.94334   3.61710    8263   20
    18   1.72878   0.77862   1.82221    2715   13
    19   6.27357   2.34940   2.12042    7196   20
    20   0.87075   2.33552   1.48735    3536   15
    21   3.28961   1.01665   2.43358    4196   15
    22   4.90580   2.93391   4.32043    3207   11
    23   0.60961   1.21303   3.70409    3066   13
    24   2.59263   2.77294   6.18781    4637   14
    25   5.42101   0.79177   0.11604    3029   10
    26   5.36807   0.19157   2.97020    3288   12
    27   2.75115   1.31466   5.00058    2283   10
    28   2.60294   1.44516   1.82991    4165   14
    29   1.00824   2.09151   3.06657    5784   19
    30   2.17406   1.36774   0.82564    4736   17
    31   4.11011   1.12081   5.08816    3566   12
    32   2.09932   2.08136   0.02648    2569   11
    33   2.71724   0.97296   2.68523    7921   22
    34   4.01701   1.61496   5.54117    6722   18
    35   0.67947   1.56882   0.85548    3888   15
    36   2.17785   0.76006   2.00668    4121   14
    37   2.18354   1.91241   0.81538    3190   15
    38   1.99639   1.51599   0.15498    4037   13
    39   4.31839   2.15481   3.22557    4225   16
    40   1.00273   0.89364   2.85117    3283   13
    41   3.51437   1.13367   0.01444    5765   16
    42   4.94228   2.35575   4.08098    2936   12
    43   3.12893   1.72243   3.54216    5103   17
    44   3.32807   0.56756   3.38536    3036   12
    45   0.91669   2.30345   2.99091    3841   12
    46   3.76497   0.99311   5.32987    4708   15
    47   0.02386   2.37731   5.60682    2749   11
    48   0.08369   1.66725   3.41081    2372   10
    49   4.65923   2.27884   5.22596    5881   19
    50   2.52613   2.18827   2.07791    6112   15
    51   4.77935   1.12205   5.33437    5080   14
    52   0.11108   0.68569   0.88573    5780   17
    53   1.72802   1.46552   2.01248    4856   16
    54   3.94401   2.57953   5.93558    4656   15
    55   3.83892   2.23831   3.05410    3149   12
    56   4.37316   0.82560   5.47142    3814   15
    57   2.38433   1.36093   4.93863    5598   17
    58   2.66152   2.09220   5.66917    3655   14
    59   2.57897   1.11616   1.70959    6048   17
    60   2.92074   1.04797   2.60901    1626    7
    61   4.58665   0.24010   5.89999    5088   19