     1   0.00000   0.00000   0.00000       0    0
     2   2.38318   1.05817   5.30826    1963   15
     3   5.79050   2.33928   1.46985    2023   15
     4   2.60940   0.96187   2.18851    1689   16
     5   2.06690   1.01575   0.55846    1539   18
     6   4.65573   3.03550   2.59505     963   14
     7   0.86727   1.65340   6.11839    2462   18
     8   1.96687   0.95449   4.99987     747   13
     9   1.12445   0.36033   2.49260    1411   15
    10   2.62764   1.60205   0.73717    1400   18
    11   5.91152   0.81595   5.86321    1851   16
    12   4.92467   2.21935   0.85753    1542   19
    13   1.24979   0.92737   2.51761    1380   14
    14   1.68980   2.21662   0.74651    1788   16
    15   4.39217   1.81148   1.71588    1292   15
    16   0.02516   2.14622   0.18788    1449   17
    17   4.03885   0.85306   0.78299    1602   16
    18   4.92695   1.43067   4.72197     701   14
    19   1.52760   0.64512   4.30295    1430   17
    20   3.97132   1.82161   0.48632    1094   13
    21   2.57143   0.96938   2.01714    1944   18
    22   3.62873   1.07644   3.60097     944   12
    23   0.94938   1.05886   2.47160    1629   19
    24   5.03406   2.15807   3.34451    1605   14
    25   2.44465   1.94542   1.50516    1099   12
    26   4.70232   1.16443   5.55642    1238   14
    27   3.25833   0.56042   2.91419    1268   12
    28   5.59838   2.28287   2.02976    2002   18
    29   0.47673   0.88712   2.47439    1798   20
    30   5.03157   2.21178   0.54134    1452   12
    31   0.11718   2.36671   6.11251    1393   16
    32   2.96175   2.14896   4.47359    1303   15
    33   1.10764   0.58980   2.83401    1124   14
    34   4.62130   2.72273   1.73329    1118   14
    35   0.89772   1.24143   5.77022    1139   14
    36   0.17646   2.36347   4.14156     466    9
    37   2.17302   0.48282   2.76508     892   14
    38   5.84453   1.95060   0.44183    1714   17
    39   4.80147   2.28157   2.06111    1339   17
    40   3.56628   1.32853   3.44443    1105   16
    41   1.94452   2.48923   4.55696    2033   15
    42   1.42659   2.43796   4.87225     753   11
    43   0.28429   1.50117   3.26501    1159   14
    44   2.13416   2.39430   3.62214    1252   13
    45   0.51670   1.60746   4.31591    1884   17
    46   3.82449   2.02806   2.61269    1212   13
    47   1.28354   1.44970   4.85886     947   13
    48   3.19647   2.69139   1.89182    1239   17
    49   0.94337   0.89965   5.42888    1146   13
    50   1.34022   0.69138   5.66639    1565   15
    51   5.99412   1.41416   3.35760    1988   17
    52   0.08428   1.67463   1.05401    1908   18
    53   6.20763   1.41137   3.29386    1278   16
    54   1.39874   1.34666   4.55863    2088   20
    55   3.25905   1.37496   5.15179    1807   18
    56   3.50187   0.51645   5.14326    1203   13
    57   5.57192   1.32875   0.99236     919   14
    58   4.10364   0.89431   6.15295    1224   15
    59   0.05495   1.14191   1.09649    1193   14
    60   5.40931   1.68444   4.76890    1699   16
    61   5.33112   1.05937   5.25092    1777   18
    62   1.47714   1.70183   3.26203     945   12
    63   4.16579   1.15867   5.18143    1718   17
    64   2.24878   2.46459   2.30820    1929   16
    65   2.28356   0.87512   3.91358    1182   15
    66   1.61604   1.66339   4.40381     838   15
    67   1.02600   1.10288   3.84071    1781   16
    68   3.19424   1.01644   5.41209    1376   15
    69   1.94504   1.31772   3.66575    1097   12
    70   3.23961   2.18868   5.64147    1138   12
    71   5.38320   1.51012   0.69718    2192   17
    72   1.49309   0.29916   2.13569    1393   16
    73   6.21096   0.35789   0.99785    1681   19
    74   3.81381   0.61744   1.95193    1722   16
    75   4.82760   0.62330   0.86706     696    9
    76   3.40409   0.60024   2.58183     680   11
    77   2.06980   0.94610   5.24712    1378   13
    78   1.38160   2.49172   4.52815     714   14
    79   0.52420   1.48757   5.42950    1197   16
    80   0.57509   1.28670   3.68689     870   10
    81   1.43249   2.09757   0.48979    1848   20
    82   0.60953   1.76062   1.57157    1605   17
    83   1.24685   1.26144   0.30595    1839   18
    84   2.03134   1.43690   0.83102    1865   18
    85   6.02462   1.40876   0.00297    1000   13
    86   0.38737   2.62699   0.05863    1171   14
    87   0.18914   1.23361   0.51584     979   13
    88   5.91637   0.64433   4.32170    1455   15
    89   0.67064   1.26258   5.05425    2607   20
    90   1.44064   0.88267   5.04618    1310   16
    91   6.23605   1.69232   4.15967    1036   14
    92   2.27575   1.15815   2.33382    1237   16
    93   2.49193   1.82967   0.19073    1695   16
    94   2.32093   2.63857   3.99116    1227   14
    95   2.50123   1.06513   3.98445    1351   15
    96   1.07747   0.73047   4.23009    1567   16
    97   0.84896   1.93207   1.96447    2557   23
    98   6.26264   2.00759   3.93394    1785   15
    99   3.22179   1.62916   2.11480    1245   11
   100   5.42534   1.47976   5.46953    1780   18
   101   2.05393   0.13605   0.86988     723   11
   102   2.59415   1.30922   1.31424    1395   15
   103   0.85950   2.45231   3.42564    1161   15
   104   4.10961   1.24521   3.93785    1079   12
   105   2.66820   2.37862   3.21790    1254   13
   106   4.46609   1.96819   4.48712    1150   14
   107   1.53564   1.87671   6.15830    1667   18
   108   0.49667   1.63966   5.25868    1583   15
   109   0.30490   0.83579   3.98699     710   11
   110   4.17329   2.71865   1.32183    1085   13
   111   3.18121   0.21985   1.11564    1799   15
   112   0.74932   1.41807   1.75661    1154   15
   113   5.66339   1.76601   5.56492     878   12
   114   4.57489   1.42918   3.94442     970   15
   115   4.30907   2.59650   1.48388    1401   19
   116   0.13652   2.30529   1.36911    1061   12
   117   1.96064   2.13876   3.28854    1166   13
   118   3.92435   1.60424   2.69870    1428   16
   119   0.33075   1.70150   0.34575     988   13
   120   0.15261   1.77555   1.90920    1193   16
   121   5.56746   2.50686   2.69806     788   12
   122   2.01734   2.23897   4.76566     688   12
   123   2.29420   1.63702   2.18856    1297   13
   124   4.28774   1.20488   5.51932    1318   14
   125   4.28229   2.36547   5.17597    1229   16
   126   2.35233   2.19809   4.12330    1669   16
   127   4.79940   0.55819   6.13895    2166   19
   128   2.42922   1.18582   5.89806    1949   16
   129   4.34780   1.14422   4.78906    2035   16
   130   0.72673   0.77501   1.54940    1476   14
   131   6.16348   0.60187   5.77922     700   12
   132   3.95778   1.52588   2.56090    1247   15
   133   4.67172   0.70209   4.64724    1558   15
   134   0.38334   1.30185   4.34027    1538   16
   135   4.24419   1.24219   1.74157    1071   14
   136   0.24074   1.34982   5.77973    1110   13
   137   3.11622   2.21206   2.09706    1743   17
   138   4.25947   0.56048   5.18429    1183   14
   139   0.61117   1.91847   0.58676    1161   16
   140   5.91893   2.06634   4.62227    1133   12
   141   4.81377   2.22385   0.71435    1122   13
   142   4.59824   1.46742   4.07475    1380   16
   143   4.88492   0.81095   5.26405    1856   17
   144   1.61240   1.94103   3.13927    1120   17
   145   2.04263   2.30578   2.49655    1324   16
   146   0.56920   1.11094   2.15035    1573   14
   147   4.97236   2.30501   5.45786    1238   13
   148   5.80235   1.03126   4.87793     948   13
   149   4.67161   1.99521   5.54328    1108   15
   150   2.99462   0.80813   3.39660    1173   12
   151   0.85006   1.46797   0.89089    1628   15
   152   2.11047   0.69288   5.18477     863   12
   153   2.12511   0.96110   2.42357    1326   14
   154   1.09687   0.71975   1.41269     963   15
   155   5.26334   0.72235   3.92557     939   12
   156   0.73900   2.37945   5.75304     740   12
   157   5.20515   1.41366   1.18385    1286   15
   158   3.94968   0.62129   0.08139    1573   18
   159   1.80007   1.62419   2.79605     965   11
   160   2.90399   1.05653   0.27063    1803   15
   161   3.32067   1.97866   5.93672    1344   16
   162   6.24779   0.82272   0.87837    1145   16
   163   5.58021   1.16959   3.98368    1373   16
   164   4.30825   0.91591   3.29952    1223   14
   165   1.93695   0.49413   5.18745    1443   16
   166   6.15693   1.38679   1.60440     887   13
   167   5.88291   1.84346   5.36324    1546   16
   168   4.04399   1.05012   2.55527    1241   15
   169   3.12102   0.36496   3.42956     938   12
   170   1.28909   1.22708   3.33865     782   10
   171   0.05495   1.14191   1.09649    1140   12
   172   3.67162   0.95756   3.76339    1085   14
   173   1.69448   2.02782   3.60871     959   12
   174   3.31338   1.43368   5.56092    1056   15
   175   2.10862   0.10129   5.14480    1523   18
   176   0.52246   1.76621   5.25604     758   14
   177   3.57086   0.79332   3.18735     851   11
   178   0.49551   1.00513   4.44507    1402   15
   179   4.39511   2.18918   5.28972    1163   14
   180   1.72156   1.92556   4.23445    1628   16
   181   4.53027   1.30732   5.45314     791   13
   182   1.16598   2.10705   6.03749    1783   18
   183   5.36848   1.08080   0.14788    2023   19
   184   5.11413   1.35280   3.74404    1059   13
   185   1.38345   1.22956   0.70731     883   13
   186   4.69748   1.29448   4.36838    1208   13
   187   1.53212   1.48004   6.05519    2572   16
   188   2.49486   1.71339   1.94307    1218   17
   189   5.77782   1.99216   2.22157    1707   15
   190   5.88174   0.49662   0.72322    1024   13
   191   3.81189   1.50134   3.98604    1378   16
   192   1.85239   1.22840   4.05812    1682   14
   193   3.59326   0.56276   0.21828    1156   14
   194   2.40306   1.00012   2.80456    2266   18
   195   3.34393   0.92573   1.84240    1217   14