     1   0.00000   0.00000   0.00000       0    0
     2   1.01952   1.70870   1.57954    1535   15
     3   3.94371   1.53739   1.44497    1281   12
     4   1.01108   1.63972   1.51956    1301   16
     5   4.08965   1.43754   4.75307    1325   14
     6   2.37065   1.55667   1.48841    2461   18
     7   4.01556   1.47633   1.52146    1382   14
     8   2.61027   1.52610   1.64565    2289   17
     9   1.91966   0.13073   2.19400    1353   14
    10   2.49059   1.51057   1.72761    2210   16
    11   1.02300   1.53059   0.02548    1611   16
    12   0.93977   1.67116   1.51970    1322   14
    13   0.91126   1.58655   4.78480     907   11
    14   0.95138   1.55893   6.22786    2959   19
    15   2.45570   3.05924   1.58592    1901   13
    16   4.14258   1.59361   6.23874    1526   14
    17   2.45929   1.64487   4.77465    1265   13
    18   4.98571   3.02388   5.63684    2510   19
    19   5.65287   1.60027   3.01198    1116   12
    20   3.29135   3.07986   5.57918    1224   13
    21   3.99512   1.52898   1.47746    2177   15
    22   5.66152   0.16655   1.55347    1143   12
    23   1.01952   1.70870   1.57954    1635   15
    24   0.86120   1.60321   0.01560    2044   17
    25   0.80474   1.51061   4.78361    1518   12
    26   5.65287   1.60027   3.01198    1421   14
    27   3.99194   1.50234   6.21845    1704   13
    28   2.52340   1.62603   0.15680    1432   13
    29   0.88484   1.63798   3.28486    1375   14
    30   4.09355   1.41962   3.17482    2263   14
    31   5.63542   1.51060   4.56386    2440   16
    32   2.53227   1.60775   4.67697    1937   14
    33   0.99131   1.74515   4.83404    1899   17
    34   2.41072   1.59849   0.00698    1810   15
    35   2.60819   1.48000   3.19102    1490   14
    36   5.66716   1.54108   1.41948    1541   12
    37   5.57641   3.13358   4.77804    1354   13
    38   5.59302   1.53364   6.18542    1596   13
    39   2.58139   1.64597   3.19652    1783   15
    40   1.01952   1.70870   1.57954     952   11
    41   5.63729   1.49746   1.48685    1949   17
    42   0.20994   0.06084   3.92127    1064   11
    43   2.36245   1.60020   1.61224    1579   15
    44   5.65287   1.60027   3.01198    1262   14
    45   1.21006   3.07629   4.89885    2562   19
    46   0.94978   1.50867   6.25939    2027   14
    47   4.33866   2.99279   3.35037    1353   11
    48   2.52731   1.54176   1.67515    1904   13
    49   2.46398   1.51296   0.16965    1960   20
    50   1.00396   1.61670   4.74559    2180   18
    51   2.52922   1.41447   1.62474    1823   14
    52   4.00186   1.59400   2.96486    1411   12
    53   5.66474   1.64447   4.63148    1753   15
    54   4.51068   3.02115   0.52444    1992   15
    55   1.01952   1.70870   1.57954     909   11
    56   1.30298   0.06283   6.01242    1736   14
    57   4.17204   1.50048   0.02662    2551   19
    58   0.94683   1.52833   1.56878    2098   17
    59   1.04703   1.62313   3.06452    1732   12
    60   4.18973   1.63613   6.24722    2468   18
    61   0.97643   1.53780   4.69764    2005   15
    62   5.54308   1.60248   0.04803    1512   14
    63   1.01952   1.70870   1.57954    1658   14
    64   0.85489   3.12463   4.69625    1362   12
    65   0.61075   0.08771   0.34237    1349   12
    66   3.65241   3.02326   4.38273    1022   13
    67   5.69329   1.49684   6.24779    2665   18
    68   0.06131   0.04630   0.84937    1084   11
    69   3.05546   3.02137   2.10559    1248   12
    70   0.80116   1.59840   3.17615    1801   16
    71   2.35946   1.49043   6.22523    1628   14
    72   5.51272   1.58670   2.98265    1303   14
    73   1.01952   1.70870   1.57954     946   13
    74   3.85922   2.99257   3.03343    1295   13
    75   3.95840   1.50678   1.58136    1395   15
    76   3.90908   0.07761   1.70935    1505   13
    77   0.99076   1.55712   3.17366    1390   15
    78   5.36966   0.04283   0.27908    1918   16
    79   0.93977   1.67116   1.51970    1343   14
    80   6.06271   0.16877   2.75692    1050   11
    81   5.66348   1.47314   1.52515    1429   13
    82   1.89948   0.13883   0.69225    1892   15
    83   5.62827   0.06837   1.56566    1713   14
    84   5.19589   3.05658   5.89653    1278   12
    85   0.95692   1.54419   4.77247    1143   13
    86   0.99770   0.06766   3.02444    1300   13
    87   0.92064   1.49254   1.55277    1823   15
    88   5.57549   1.54588   4.54297    1879   14
    89   5.73171   1.60799   1.54427    2155   18
    90   2.59511   1.66011   0.03925    2076   16
    91   5.55083   1.57681   3.22774    1905   14
    92   1.01349   0.10366   0.00684    1846   15
    93   1.27014   0.15777   5.95326    1867   16
    94   1.14205   0.11536   2.81533    2750   23
    95   2.39978   1.62703   0.06917    1621   13
    96   0.82083   1.76776   1.66105    1315   13
    97   2.45606   1.57070   1.65487    2566   16
    98   3.95775   1.54833   1.54158    1696   13
    99   2.47985   3.00012   6.26198    2249   16
   100   4.02297   1.58252   6.21937    1085   10
   101   0.88623   1.60279   1.57659    1923   15
   102   4.33205   3.07155   3.28255    1206   16
   103   5.60167   1.52468   0.00902    1590   14
   104   0.95868   0.10945   4.56471    1520   12
   105   3.55686   2.99748   2.64708    2275   14
   106   3.65216   2.98266   1.27797    2217   17
   107   3.39886   3.03843   3.93713    1615   14
   108   0.82083   1.76776   1.66105    1800   15
   109   5.13441   3.08495   4.12571    1262   12
   110   5.66870   1.62158   4.62294    1495   16
   111   4.45789   3.02807   0.42635    1821   13
   112   5.54690   1.58315   4.55554    2593   18
   113   5.51269   1.54684   6.18997    1606   13
   114   3.75397   2.98398   6.02231    1669   14
   115   4.18548   1.43306   3.06930    1248   13
   116   3.70938   2.99094   5.93285    1459   14
   117   5.55083   1.57681   3.22774    1205   13
   118   2.36982   0.09250   3.17958    1464   15
   119   1.91131   0.08658   0.65372    2079   19
   120   5.54312   1.66754   1.47840    1916   16
   121   1.49123   0.15162   2.60105    2096   15
   122   3.99122   1.59319   2.95973    1836   16
   123   3.80060   2.96985   4.45124     808   10
   124   4.10805   0.08572   1.53937    2808   18
   125   2.38540   1.57064   1.64256    2167   15
   126   5.62633   1.51502   0.10118    2320   17
   127   4.16430   1.45696   3.22396    1661   15
   128   2.39545   1.58148   1.47787    1546   15
   129   3.98534   1.53129   4.64232    2607   18
   130   4.15981   1.47739   6.24623    1274   13
   131   5.19589   3.05658   5.89653    1001   16
   132   2.51280   1.55262   6.20855     890   12
   133   5.66877   1.53850   1.50674    1371   16
   134   3.99194   1.50234   6.21845    2923   19
   135   4.61845   2.99598   2.25926    2135   18
   136   5.64805   1.72282   4.66654    2338   16
   137   5.62417   1.47976   3.13213    2184   13
   138   2.45105   1.64024   1.72458    1621   14
   139   1.14205   0.11536   2.81533    1572   13
   140   3.85922   2.99257   3.03343    1697   13
   141   3.51650   2.92890   4.19800    1389   14
   142   4.00572   1.46720   6.17386    2679   18
   143   3.85922   2.99257   3.03343    1663   15
   144   4.69896   0.07905   0.96053     974    9
   145   0.46846   0.16273   0.53871    1667   14
   146   1.04630   1.55318   6.21933    1901   15
   147   4.35686   3.01474   5.11162    1078   11
   148   0.82083   1.76776   1.66105    1133   13
   149   4.11667   3.06668   0.02152    1662   12
   150   3.82150   0.04942   5.04292    2865   22
   151   0.97262   1.69777   3.12635     594    8
   152   4.15269   1.44692   4.80986    2157   15
   153   0.89493   1.67455   4.82833    1978   17
   154   4.01078   0.05811   1.68221    1428   15
   155   5.58929   1.60911   3.04672    1786   14