     1   0.00000   0.00000   0.00000       0    0
     2   3.16866   2.26571   3.71287    1536   17
     3   5.14739   1.65548   4.55399     634   12
     4   4.27173   1.97563   0.98093    1704   17
     5   3.27731   1.07387   3.49062    2323   16
     6   3.83858   1.02749   3.80629     906   12
     7   5.40023   0.16743   5.94987    1844   16
     8   1.79999   0.93091   2.19499     656   12
     9   0.01853   1.66980   1.67141    1918   16
    10   6.24712   1.42375   0.44189    1813   16
    11   6.23102   1.58530   5.81143    1481   14
    12   3.27923   1.58258   3.37481     906    9
    13   2.81270   1.24342   3.57534    1280   16
    14   0.48642   0.56701   2.89908     931   15
    15   5.13376   0.77379   0.94959    1467   16
    16   4.20020   2.45826   4.83976    1440   13
    17   1.99971   2.18895   3.77483     913   11
    18   2.42153   2.54260   4.33059    1101   12
    19   4.54067   0.34490   0.81725    1029   13
    20   3.81895   1.87642   3.01186    1068   12
    21   4.55056   1.00142   0.44912    1498   17
    22   2.68655   1.86620   2.70216    1134   12
    23   0.94538   2.95248   1.80715    1000   12
    24   3.46654   0.66078   0.66263    1033   13
    25   5.49063   0.86853   2.90293    1008   12
    26   3.17122   2.82662   1.10914    1158   14
    27   1.46850   0.17707   0.01407     972   14
    28   5.44457   0.97099   6.12877    1327   16
    29   1.41481   2.65285   5.60379    1312   14
    30   3.61345   1.78539   3.91093    1908   19
    31   3.65027   1.63092   2.31934    1315   18
    32   3.97654   1.28585   2.59535    1567   15
    33   5.41515   0.69247   4.84778     629   10
    34   1.83698   0.47867   3.60631    1823   17
    35   3.11005   2.94427   1.29755    1174   15
    36   1.09737   0.87439   3.16856    1205   15
    37   4.15788   2.09666   3.53536    1032   11
    38   4.44258   2.22917   3.72542    2102   20
    39   5.61249   0.91501   4.58544    1556   15
    40   0.38244   2.08919   3.64990     512   10
    41   6.10535   1.49263   0.13274     734   15
    42   2.61202   2.14103   4.58902    1251   16
    43   1.66753   2.34267   1.00832     903   12
    44   1.20500   2.03284   0.02866    2047   18
    45   5.94968   1.71003   5.93296    1609   15
    46   2.78366   2.36487   0.24392    1724   15
    47   2.94257   1.87842   5.32472     948   13
    48   2.20288   1.81699   2.52131    1669   13
    49   5.61809   0.36855   1.03429     742   14
    50   3.10316   2.33536   4.00074    1136   13
    51   1.62369   2.19948   1.27122     895   11
    52   2.23756   1.20537   0.61285    1655   17
    53   5.45457   1.28291   1.36427    1256   15
    54   3.89568   2.07422   2.31760    1521   17
    55   4.04954   2.68557   1.11841    1335   15
    56   1.28682   1.06493   0.88378     804   14
    57   3.34241   2.57758   5.14005    1304   13
    58   4.96700   1.81635   0.67779    1602   15
    59   3.91705   1.15164   4.10290    1085   13
    60   3.43217   1.12789   0.77124    1342   14
    61   0.66690   1.98918   4.22480    1464   15
    62   6.26897   0.53143   3.73825     748   13
    63   1.63238   2.51783   2.07577    1078   16
    64   3.94112   1.82680   2.33396    2185   22
    65   3.53907   1.28858   4.15656    2199   18
    66   0.10153   1.57926   4.42411     789   15
    67   2.53948   0.91587   1.70229    1095   14
    68   1.68635   0.75192   2.33901    1316   18
    69   6.28216   1.19150   1.33631    1392   13
    70   4.58035   0.92454   1.06892    2339   19
    71   0.89075   2.39752   2.28077    1974   18
    72   4.85484   1.36234   0.72263    1554   17
    73   4.22903   2.44081   5.84644    1857   17
    74   4.10946   1.30097   4.03070    1221   12
    75   1.79985   1.29903   3.76448    1390   18
    76   2.95639   2.71414   1.21967    1588   15
    77   5.67923   1.71956   2.33592    1139   13
    78   2.76615   1.37591   2.17794    1712   18
    79   4.91619   1.49819   4.34090    1578   15
    80   6.23837   1.33699   3.79061     844   15
    81   4.91633   0.47710   2.49441     758   12
    82   4.73931   1.98767   6.15001     687   12
    83   4.93076   2.55561   4.48113    1318   16
    84   1.86752   2.39585   5.25347    1591   20
    85   2.96232   1.46266   4.83235     749   12
    86   2.39376   1.27209   2.27838    1476   16
    87   1.10171   1.93076   2.83676    1300   15
    88   1.05900   2.07268   0.13514    1176   14
    89   3.10297   0.77359   4.63351    1541   15
    90   1.32745   1.72489   3.88398    1238   15
    91   2.14315   0.90010   0.93636     830   11
    92   2.12370   1.48064   3.25778    1950   18
    93   2.24473   0.50567   1.94375    1203   14
    94   1.48915   1.79413   4.86978    1087   15
    95   4.24326   2.35686   4.59173    1213   15
    96   0.34825   2.25765   3.42320    2246   18
    97   5.02236   0.56317   4.15672    1096   16
    98   2.47312   0.34271   2.28942    1692   17
    99   5.20607   1.42166   3.48197    1536   17
   100   5.58017   2.23259   5.46572    1993   17
   101   1.99347   1.49225   3.69879    1671   20
   102   3.22271   0.48547   4.33302     503   11
   103   3.86630   2.75754   3.29052     892   15
   104   3.05865   0.82854   0.88805    1261   14
   105   4.56083   0.59184   2.06278    2090   18
   106   3.72772   0.90839   2.52942    1135   12
   107   0.01727   0.72430   5.52822    1685   16
   108   0.92883   2.28765   4.91603    2039   17
   109   5.89275   1.18655   0.49590    1450   16
   110   0.11049   0.89942   4.74818    2135   20
   111   2.43154   2.12963   1.76370    1428   16
   112   3.11177   2.32136   4.86631    1442   16
   113   0.67119   0.73031   0.83183    1447   13
   114   1.19114   2.63800   0.41000    1135   15
   115   1.59320   0.90531   5.12521    1145   14
   116   3.51813   2.02625   4.00677    1907   16
   117   6.24338   2.15237   5.25165    2118   18
   118   4.68419   1.71948   1.81819    1817   15
   119   3.87078   1.21853   1.49761     973   14
   120   0.82074   0.93490   6.23614    1553   13
   121   1.93957   1.48944   5.74753     953    9
   122   0.73794   1.34801   2.90416    1336   14
   123   5.47638   0.13516   4.22206    1156   17
   124   2.46848   2.07688   0.27566    1724   18
   125   1.94255   1.07448   2.74733    1052   16
   126   2.61363   1.43577   1.38803     799   12
   127   5.23784   2.58766   0.65879    1888   17
   128   2.52833   2.05503   5.64826    1041   12
   129   3.32558   2.56924   0.53783     921   12
   130   1.86936   0.70095   4.27865     528   11
   131   1.72163   1.99363   1.49450    1091   17
   132   4.78026   1.84447   3.43787    1310   17
   133   5.69772   2.10524   3.67934    2011   21
   134   0.88295   2.54185   4.29750    2152   23
   135   0.75894   2.15040   1.56161    1048   13
   136   5.30943   1.24558   4.04533    1698   19
   137   1.09019   1.16559   4.86060    1041   12
   138   3.25944   1.65766   0.73127    1566   18
   139   4.43900   1.90515   2.41246    2128   19
   140   0.34827   1.94549   2.99570    1291   15
   141   4.31456   2.22678   2.11445    1293   15
   142   4.22649   1.96067   2.90757     874   12
   143   2.11240   2.35332   2.92670    1435   15
   144   1.97302   2.13170   0.71187     956   10
   145   0.50620   0.21844   5.06996     935   15
   146   4.57980   1.75556   0.48842    1437   18
   147   4.46478   1.37773   3.58034    1441   17
   148   5.47588   1.51505   2.33918     721   11
   149   1.82231   2.47089   6.11570     773   11
   150   1.12716   2.27853   0.37794     855   11
   151   4.90681   2.69572   5.50077    1051   15
   152   4.58230   1.19598   3.95463     879   14
   153   0.36533   0.60371   2.07144    2087   18
   154   4.69707   1.68453   5.06621    2027   19
   155   5.72333   1.01036   0.90246    1156   11
   156   0.64758   1.14093   3.76497    1525   15
   157   3.51349   2.63093   4.24918    1089   13
   158   6.25003   1.42011   0.23014    1069   14
   159   4.23768   1.13706   1.10663    1438   16
   160   2.57126   2.28333   1.73982     923   12
   161   2.17526   0.66308   3.51731     712   13
   162   4.91377   0.57381   3.00398     979   13
   163   0.10206   1.76416   1.82413    1709   21
   164   2.95634   1.38662   2.82852    1490   15
   165   2.60690   1.33266   5.58750    1583   18
   166   5.54358   1.86156   2.37720    1476   17
   167   0.85970   1.05919   2.13395    1089   12
   168   0.45700   1.54259   5.82606     656    8
   169   3.72001   2.29444   4.65102    1562   16
   170   1.18496   1.30127   2.66352    1414   16
   171   2.72464   2.77239   3.92547     985   13
   172   2.30589   2.86911   3.49622    1602   15
   173   3.69782   1.77504   2.72919    2011   16
   174   5.64943   1.99301   1.85137    1150   13
   175   3.75020   0.62495   1.75631    1094   15
   176   0.96909   2.50001   2.96534    1390   16
   177   0.34599   1.00596   3.52990     876   11
   178   3.02365   2.40130   3.80605    1158   14
   179   1.30615   2.07200   4.88170    1959   17
   180   0.53556   1.24528   1.78891    1326   18
   181   1.95019   1.51746   0.59867    1643   17
   182   3.01613   0.83661   4.39191     972   14
   183   0.23499   1.05758   6.08356     539   10
   184   0.65638   1.88897   3.45565    1462   15
   185   4.89874   1.64704   0.63889     982   13
   186   4.51807   1.15702   4.43187     762   13
   187   3.88668   2.36384   1.47600    2261   20
   188   4.44533   1.82645   5.27639    1305   13
   189   4.10090   1.66011   3.17869    1458   15
   190   3.39426   0.82213   0.25369    1094   18
   191   1.30502   1.01342   5.01769    1553   16
   192   4.89109   0.71116   5.44116    1283   16
   193   2.33998   2.08029   5.77058     873   11
   194   1.35585   2.02432   1.57926    1687   17
   195   2.50021   0.55780   4.77670    1241   12
   196   2.48381   1.39538   0.89697     770   13
   197   1.77390   0.52384   5.03422    1033   16
   198   2.36078   1.08077   5.47956    1536   18
   199   3.91855   2.26568   2.95975    1026   15