     1   0.00000   0.00000   0.00000       0    0
     2   1.14779   1.62074   6.19582     551   13
     3   2.82738   1.50357   0.18148    2741   21
     4   1.30970   1.50075   1.59942     594   12
     5   4.52636   1.59911   3.10446    1118   18
     6   4.51992   1.53809   1.64154     994   14
     7   5.93950   1.70602   0.02758     862   13
     8   2.83970   1.48831   3.20195     828   16
     9   0.37512   0.16479   5.69736    1134   14
    10   5.55945   3.06162   1.05761     833   13
    11   2.83416   1.47998   4.68342     922   14
    12   5.57229   3.06058   4.32078     876   13
    13   2.75902   1.50594   4.85332    1559   18
    14   5.96080   1.56672   4.75290     772   13
    15   1.14766   1.55676   3.20612    1217   14
    16   1.21543   1.75530   3.21834    1572   15
    17   1.32783   1.71981   4.62694    2278   20
    18   2.92587   1.50111   1.52114    1062   15
    19   2.75468   1.57175   1.64063    1765   20
    20   0.66776   0.22628   3.84797    1181   14
    21   3.33716   3.05652   0.42729    2967   24
    22   4.41705   1.61297   3.08986    1058   14
    23   1.27876   1.61627   3.25436    1796   15
    24   5.91909   1.56804   1.41481    1286   18
    25   5.97788   1.62190   1.55617    1694   14
    26   2.92587   1.50111   1.52114     745   13
    27   2.87372   1.47109   3.18328    1402   18
    28   3.14916   3.01163   0.29082    1046   13
    29   2.94931   1.51778   1.52234     945   11
    30   0.88980   0.15290   1.94483     662   11
    31   2.76230   3.02552   3.09234     746   15
    32   1.30970   1.50075   1.59942     324    9
    33   4.37525   1.47095   1.52442     650   13
    34   5.92857   1.53558   4.75137    2713   23
    35   1.29489   1.50367   6.25090     660   11
    36   0.66776   0.22628   3.84797     378   12
    37   2.85606   1.48967   1.74635    2354   20
    38   1.31302   1.59249   6.22487    1652   18
    39   1.27423   1.60571   0.02742    2494   20
    40   2.84698   1.52582   1.49036     827   13
    41   4.00816   2.96611   4.27499    2372   22
    42   2.92587   1.50111   1.52114     402   11
    43   2.85657   1.62039   0.12727     363    8
    44   3.88559   3.07402   4.16321    1156   16
    45   4.35915   1.50792   1.65457    1141   16
    46   2.84787   1.47539   4.74689    1144   15
    47   2.73912   1.46129   3.16232     648   14
    48   4.19604   3.02148   6.03662     945   17
    49   3.93385   2.96191   2.71886     616   13
    50   4.40961   1.50348   4.74775     598    9
    51   1.30140   1.69925   1.63695     837   13
    52   2.28387   3.06892   4.17949     515   11
    53   5.87776   1.67122   1.62411    1052   16
    54   2.84336   1.42113   6.26718    1405   14
    55   2.86195   1.54757   1.60599     939   10
    56   6.10582   1.73281   0.00832    1467   14
    57   1.25114   1.59553   0.09177    1756   17
    58   0.62511   0.06316   5.42580    1698   18
    59   5.64783   0.18017   5.06437     722   11
    60   1.64992   3.10066   3.56367    2757   25
    61   1.13460   0.05925   0.11085     587   11
    62   1.29737   1.48232   4.67569    2032   18
    63   2.85025   1.53413   1.59725     719   12
    64   2.86502   1.51058   4.88098     586   12
    65   0.08876   0.12715   4.22658     638   12
    66   1.22354   1.59052   1.65206     966   12
    67   1.37446   1.66070   4.71844     736   11
    68   2.72171   1.49460   3.24950     796   13
    69   2.96110   1.41516   3.20178     999   14
    70   1.41044   0.12613   6.21409    1457   15
    71   6.01908   1.56745   4.77560    1551   17
    72   0.08876   0.12715   4.22658    1849   24
    73   4.30291   1.47221   3.22626    1601   20
    74   3.19788   3.08061   4.95561    1496   17
    75   2.91727   1.52772   1.53645     841   15
    76   5.89740   1.59684   3.11146     907   13
    77   2.66736   2.97547   1.28123    2773   23
    78   6.08428   1.53982   4.67814    1271   17
    79   2.88562   1.50449   4.75986     688   11
    80   4.42859   0.07331   1.57332    1115   13
    81   2.83645   1.58092   6.21638    2272   21
    82   1.34502   1.59507   1.62547     634   15
    83   4.46241   1.56878   0.04018    2053   22
    84   2.77597   1.50823   3.28630     566   13
    85   0.42173   0.03375   3.95807    1643   16
    86   0.65633   0.19491   0.66290    3496   25
    87   5.89105   1.55824   1.51992     593   12
    88   6.21477   0.16989   1.22197    1144   12
    89   4.32972   1.50376   1.56350     841   14
    90   4.23307   3.03391   1.30920     846   15
    91   4.37673   1.45458   4.61453    1734   19
    92   2.73179   2.97882   1.40392     572   12
    93   4.38513   2.98099   6.18908    1108   15
    94   6.00368   1.51889   3.12404    1654   16
    95   4.28600   1.58987   6.21354    1475   19
    96   1.37224   1.56848   4.65764    2047   18
    97   2.76705   1.60653   0.06797     925   14
    98   4.05216   2.99936   4.39777     643   11
    99   5.91114   1.65061   6.19740    1031   15
   100   2.06603   3.11425   2.45129    1287   16
   101   6.06580   1.66748   4.76323    2079   22
   102   5.89735   1.52507   4.63730     627   14
   103   1.69170   3.11774   2.01435     602   11
   104   1.36882   1.64078   6.25626    1072   12
   105   4.27519   3.04417   6.17166     685   10
   106   0.07865   0.09753   4.45767     793   14
   107   3.53579   2.99511   3.83517     924   13
   108   2.83970   1.48831   3.20195     340    8
   109   1.38803   1.66264   0.09784     855   14
   110   1.15896   1.57014   4.64479    1180   12
   111   4.35096   3.11404   3.06459    1132   14
   112   2.80382   1.61498   1.54920     817   12
   113   2.92587   1.50111   1.52114    1070   13
   114   4.28644   1.62301   6.22140     771   15
   115   4.33910   1.60301   4.62953    1821   20
   116   6.03975   1.62333   3.08722     540   12
   117   2.25725   0.07364   5.22927     348   11
   118   2.81770   1.49345   4.65799    2204   21
   119   4.46241   1.56878   0.04018     502    9
   120   2.73846   1.64939   3.12632     764   13
   121   0.26608   0.16749   1.03932    1208   15
   122   4.38614   1.55119   3.21495    2406   21
   123   2.80382   1.61498   1.54920     917   18
   124   1.13999   1.73985   3.17884    1723   18
   125   2.57409   3.02237   1.33637     531   10
   126   4.13377   2.97457   6.01116    1636   18
   127   2.80382   1.61498   1.54920    1030   16
   128   5.60073   0.14234   3.51965    1137   14
   129   4.37007   1.39999   6.26201    1843   16
   130   0.63308   0.15554   3.88038     427   12
   131   5.99126   1.55261   4.70297     794   14
   132   1.30970   1.50075   1.59942    2003   18
   133   2.73374   1.40537   6.27463    2377   21
   134   4.01466   3.01570   1.06807     526   10
   135   1.38803   1.66264   0.09784     924   14
   136   1.30715   1.74001   4.82374     415    6
   137   4.52181   1.58203   4.56398     634   12
   138   1.25062   1.55536   4.64550     558   10
   139   4.44933   1.50975   6.23367     751   13
   140   4.03567   2.97177   2.75670    1031   14
   141   4.46241   1.56878   0.04018     364    7
   142   4.85033   2.97471   1.89205     991   14
   143   5.59476   0.13356   1.91613    1672   16
   144   1.20804   1.55527   6.20005    1407   14
   145   1.30970   1.50075   1.59942     322    8
   146   5.58802   0.14544   0.32075     848   12
   147   1.28485   1.66189   4.75310     404   11
   148   1.35434   1.52828   0.14864    1482   15
   149   3.33716   3.05652   0.42729     369   10
   150   1.39440   1.49955   3.16510     353   10
   151   4.39444   1.52094   1.63278    1132   13
   152   0.54199   0.14479   2.29809    3147   22
   153   5.98174   1.65520   6.22677    2387   24
   154   2.82686   1.52546   4.82364     291    6
   155   3.90042   2.96041   5.70940     991   13
   156   1.33049   1.73767   4.70599    1475   17
   157   3.65160   3.05726   5.51016     893   16
   158   2.28387   3.06892   4.17949     663   14
   159   4.44021   1.45637   6.14759    1017   12
   160   5.87157   1.61163   1.60493    2570   21
   161   1.30985   1.54596   0.03469    1794   18
   162   1.99059   3.04523   0.67082    1920   18
   163   0.26608   0.16749   1.03932     756   14
   164   1.20920   1.62601   0.07806     936   13
   165   0.66776   0.22628   3.84797     823   13
   166   6.02150   1.56681   1.65498     460   11
   167   2.73912   1.46129   3.16232     651   12
   168   4.40028   1.62293   4.68706     867   13
   169   5.98511   1.54613   2.97400    1789   16
   170   1.19569   0.04646   3.21388     561   10
   171   5.77135   3.04918   4.40967    1142   18
   172   2.85035   1.56752   4.84946    1184   12
   173   2.85121   1.49564   4.66376     751   10
   174   1.34502   1.59507   1.62547    1038   10
   175   0.05423   3.10347   3.46079     623   10
   176   1.29988   1.63153   1.59810     677   10
   177   5.99237   1.58648   0.04308    1541   15
   178   2.96746   1.61466   1.70742    1176   14
   179   2.87566   1.47059   1.53882     526    9
   180   5.55945   3.06162   1.05761     922   14
   181   5.94223   1.70484   4.67058    1238   19
   182   5.92708   1.71667   1.43977     969   14
   183   3.94840   2.94466   5.88304     638   12
   184   5.55945   3.06162   1.05761     751   12
   185   2.80735   1.50986   0.02230     914   12
   186   1.38596   1.59483   0.11031     556   12
   187   4.51513   1.51377   4.65888    1275   13
   188   6.16825   0.04639   1.34225    1296   17
   189   4.42328   1.64859   1.56579     652    9
   190   4.30251   1.54829   1.45761    1364   16
   191   1.52126   0.06759   6.04280     681   14
   192   1.80136   3.05529   2.08236     621   15
   193   2.83100   1.52332   1.67671     738   12
   194   4.53637   1.61655   1.57914    1666   18
   195   2.86364   1.42825   3.18455    4699   28
   196   0.54508   0.04997   2.38398    1384   17
   197   5.89557   1.55722   4.70759    1156   19
   198   1.34502   1.59507   1.62547     760   15
   199   1.17457   1.63817   6.26714     891   14
   200   2.87453   1.65364   1.57815    1217   14
   201   4.28600   1.58987   6.21354     326    7
   202   2.08159   3.03841   2.35212     554    9
   203   1.57166   0.14803   5.91817    1190   12
   204   4.40181   1.53123   4.62543     614   10
   205   2.80477   1.56348   3.20000     956   15
   206   4.29335   1.54837   6.22795    1354   15
   207   1.65482   0.06342   2.68593     796   14
   208   4.70121   0.03725   2.91598    1093   14
   209   5.46201   3.06714   1.07176     968   12
   210   1.15785   1.59305   3.14460    1443   17
   211   6.09508   1.51662   3.11276    1587   18
   212   1.21835   1.68588   0.15178    1023   12
   213   0.26327   0.18692   4.14247     407   11
   214   4.32247   1.57245   3.07204     649   12
   215   1.35497   1.56970   1.73589     737   14
   216   3.54838   3.02364   3.90082    1301   14
   217   1.18200   1.59724   3.27211    1157   16
   218   1.38918   1.51509   3.17595    1286   15
   219   1.20119   1.61725   4.64943     560    9
   220   5.55945   3.06162   1.05761     529   10
   221   1.94094   0.10106   4.09877     803   11
   222   4.33228   3.00300   3.07289     641   13
   223   1.34376   1.70879   4.73324     662   11
   224   6.02952   1.52785   3.09070    1469   19
   225   3.44197   2.97536   2.16683     918   16
   226   4.05492   0.08275   1.84999    1160   16
   227   4.40181   1.53123   4.62543    3032   21
   228   1.27204   1.64649   4.84715     606   12
   229   0.26608   0.16749   1.03932     677   12
   230   4.30403   1.49054   4.57672    1144   13
   231   6.01617   1.54223   3.17271     342    8
   232   4.47510   1.59935   1.59971     991   14
   233   0.26327   0.18692   4.14247     828   12