     1   0.00000   0.00000   0.00000       0    0
     2   0.89847   1.53773   4.68021     960   11
     3   3.97539   1.40439   4.72147    5718   28
     4   2.60928   1.40755   6.26428     401   11
     5   4.76202   3.08742   0.73191     298    7
     6   3.98104   1.44357   4.60881    1956   12
     7   0.80568   3.08436   3.07928     931   12
     8   3.86784   2.96925   4.57826    1278   15
     9   5.70736   1.53438   1.49503    3344   15
    10   0.80973   1.63529   0.11055    1256   15
    11   0.34121   0.16331   0.66653     768   14
    12   5.59625   1.59794   3.00804    1055   17
    13   4.99399   3.01658   4.17123    1750   15
    14   0.97313   1.57893   1.66597    1062   14
    15   2.49967   1.52895   3.26221    3133   22
    16   4.14739   1.50467   1.45793    2028   19
    17   4.31438   3.11605   1.77665     660   11
    18   4.02705   1.52044   6.22036    1601   18
    19   0.89447   1.69008   1.51465    1433   17
    20   4.39030   3.08486   3.45944    5232   26
    21   2.58838   1.53237   4.83042     465    8
    22   2.38870   1.58456   4.62764    1325   16
    23   2.48349   1.62991   4.67335     966   12
    24   5.76126   3.07714   0.08168     650   10
    25   0.16964   0.07839   3.89439    2222   15
    26   3.70436   0.08938   3.43237    4413   25
    27   3.05883   2.97956   5.34256     515    8
    28   4.72014   0.08476   0.83936    2170   19
    29   1.03654   1.52894   0.07459    1663   17
    30   0.83581   1.61152   4.83180     638    9
    31   5.76126   3.07714   0.08168     428   10
    32   6.04373   0.07371   2.79050     572   11
    33   2.49684   1.50156   4.87655    1802   15
    34   5.64588   1.72488   3.08334     812   11
    35   0.99928   1.58223   0.07560     840   11
    36   0.71132   0.19852   4.95891    1621   16
    37   2.53370   1.57460   4.81154    1054   12
    38   4.07217   1.52308   1.57080    1813   16
    39   0.79380   1.63434   3.18573    1835   18
    40   0.36364   0.13615   5.33532     827   13
    41   4.52969   0.07610   5.70925    1607   15
    42   3.31503   2.97160   0.84418     714   12
    43   2.49724   1.51251   3.22777    1588   16
    44   0.91190   1.63059   3.03795    1273   14
    45   5.63678   1.60382   1.42536     882   13
    46   0.15877   0.12460   3.88835     674   11
    47   4.05204   1.49194   0.00384    1208   12
    48   5.69860   1.61868   4.76200    1909   18
    49   5.76126   3.07714   0.08168     410    8
    50   3.10923   3.05750   3.76503     645   10
    51   2.56976   1.51902   0.09358    5205   25
    52   0.94733   1.52986   6.26547    2227   22
    53   5.36700   0.04935   4.91247    2643   18
    54   5.76126   3.07714   0.08168    1946   11
    55   6.04373   0.07371   2.79050     422   10
    56   4.31438   3.11605   1.77665    1010   15
    57   5.70736   1.53438   1.49503     730   11
    58   4.04124   1.59105   6.15362    2123   15
    59   5.71200   1.74375   0.01153    3260   19
    60   0.20656   0.16931   2.35419     802   14
    61   2.53221   1.61322   4.69444    1862   16
    62   0.81945   1.76043   0.06625     680   12
    63   0.34117   0.04059   0.66578    2509   19
    64   4.14224   1.50179   1.62455    1032   12
    65   4.31438   3.11605   1.77665    1403   13
    66   0.49124   0.21770   2.03881    1524   17
    67   3.46245   0.04640   3.72727    3276   15
    68   2.45432   1.60776   0.11550    4061   22
    69   2.40510   1.51815   0.02530     637   10
    70   5.76126   3.07714   0.08168     896   14
    71   0.18106   0.06491   0.76866    4215   29
    72   5.63678   1.60382   1.42536     418    9
    73   5.63678   1.60382   1.42536     306    5
    74   3.75225   3.08887   5.89465    1908   15
    75   0.85741   1.62791   3.12727    5540   27
    76   2.56457   1.55080   4.68919    1776   16
    77   2.46793   1.54038   4.75899     629   10
    78   2.58610   1.58182   4.62464    1844   17
    79   5.70054   1.68112   4.63387    1179   12
    80   1.98476   0.11518   0.47047    4288   22
    81   6.05252   0.08172   1.25201    1693   14
    82   5.66480   1.52914   3.11615     998   10
    83   0.95894   3.08868   1.60709    2137   13
    84   3.70436   0.08938   3.43237     291    8
    85   2.39095   3.13433   3.03026    2890   20
    86   4.11401   3.02167   1.75856    3303   19
    87   3.93640   1.55579   3.22919    1440   17
    88   3.72220   3.05826   2.83664    1643   18
    89   0.91136   1.61553   3.21052     564   11
    90   3.20453   3.01385   2.25874    3880   23
    91   5.76126   3.07714   0.08168    1125   11
    92   5.56144   1.62382   3.16427     344    8
    93   5.91748   0.14324   1.25538    1361   11
    94   5.76126   3.07714   0.08168    1046   10
    95   4.06115   3.00005   4.75751    3230   16
    96   5.48362   0.17865   4.75102    2413   19
    97   3.01125   3.01263   0.51172    1256   15
    98   4.11551   1.54298   1.55781     738   12
    99   5.42830   0.11469   0.19426    1970   15
   100   2.48004   1.52331   1.69165     728   13
   101   3.01981   3.07312   5.16495    3461   19
   102   3.74224   3.08632   1.28302    1328   11
   103   5.76126   3.07714   0.08168     573   10
   104   5.64904   1.58346   4.68784    4978   24
   105   3.84205   3.13256   6.11117     586   10
   106   5.59672   1.59184   3.09316    4395   23
   107   5.52051   1.59867   4.68131    2496   21
   108   5.55398   1.72874   3.13443    1981   15
   109   5.42142   0.12990   5.02698     779   11
   110   5.76126   3.07714   0.08168     464   12
   111   2.43835   3.01348   6.15441     837   13
   112   3.94922   1.49668   3.26193    2916   16
   113   4.31438   3.11605   1.77665    1467   16
   114   5.49787   1.54563   4.80292     369    9
   115   1.71818   0.17203   2.34650    1550   15
   116   2.30763   2.98413   4.48477    1152   12
   117   5.69171   1.62336   6.12976     872   12
   118   0.36364   0.13615   5.33532     583   10
   119   0.62441   0.14008   3.39996     552    8
   120   2.40528   1.64990   0.04007    1231   14
   121   4.00319   1.51352   4.59547    2831   21
   122   3.20453   3.01385   2.25874     592   12
   123   6.04373   0.07371   2.79050     964   13
   124   2.45817   1.58041   3.22552    1286   13
   125   0.89741   1.55941   1.71851    1937   18
   126   0.89447   1.69008   1.51465     889   13
   127   1.55650   0.08446   5.51318     227    6
   128   2.13616   3.08433   2.77394     872   13
   129   1.01347   1.62133   4.68824     756   11
   130   2.43340   1.54468   4.66162    3603   21
   131   5.55596   1.61368   3.05064    2940   22
   132   3.98642   1.48501   6.22961     549   12
   133   2.29615   3.09987   2.98447     899   14
   134   3.70436   0.08938   3.43237     744    9
   135   0.25849   3.09687   5.63718     350   11
   136   4.06787   1.43980   4.72468    2463   15
   137   0.89403   1.66337   3.02097     508   12
   138   3.96418   1.51000   3.01378     985   11
   139   5.76126   3.07714   0.08168    1079   12
   140   0.83304   1.56632   3.20459    2702   19
   141   1.05687   0.04604   3.12523     428   10
   142   3.05883   2.97956   5.34256    1703   12
   143   0.89447   1.69008   1.51465     567   12
   144   0.80734   1.62560   3.27403     807   13
   145   0.79867   1.68300   6.24559     541   12
   146   5.76126   3.07714   0.08168     392    8
   147   5.65536   1.47089   3.08955     903   14
   148   5.63678   1.60382   1.42536     500    9
   149   4.12865   1.39212   6.23889    3720   20
   150   5.63678   1.60382   1.42536     678   11
   151   2.80074   2.97917   3.32625    2019   18
   152   0.44435   0.04015   2.03670     909   11
   153   3.47592   0.05175   5.38509     453    9
   154   2.53725   1.53951   3.19993     910   10
   155   5.63678   1.60382   1.42536     496    9
   156   0.90630   1.58882   4.68672     551   11
   157   3.01125   3.01263   0.51172    1948   18
   158   2.58838   1.53237   4.83042    1142   13
   159   0.85587   1.69887   3.04297     767   12
   160   2.47315   1.43756   6.26623    2301   12
   161   2.46186   1.48491   6.22843     526   11
   162   0.74930   0.13763   4.96819     573    9
   163   5.63678   1.60382   1.42536     350    9
   164   0.10797   3.08119   5.41135    1016   10
   165   4.09226   1.48741   6.17978     737   12
   166   4.31438   3.11605   1.77665     459    9
   167   5.67281   1.55201   6.12198     972   10
   168   5.12444   0.07119   0.46992    3197   21
   169   2.38080   1.54530   1.70013    2708   18
   170   4.11945   3.01147   1.61901     793   11
   171   1.01022   1.67445   1.51312    3526   18