     1   0.00000   0.00000   0.00000       0    0
     2   0.88838   1.73083   1.77115    1326   18
     3   0.92084   1.65816   3.27604     980   11
     4   5.60566   0.12701   0.13537     585   10
     5   2.97602   3.05379   0.36424     769   12
     6   5.75439   1.62295   4.54503    1367   17
     7   5.67003   1.80328   4.69492     691   12
     8   4.09563   1.46248   4.65177     990   13
     9   3.45540   2.86721   3.95347     830   13
    10   0.33057   0.14022   0.79601    1259   15
    11   4.23902   1.61161   2.98422    1221   17
    12   5.74277   1.60312   1.61535     673   14
    13   5.80681   1.58307   1.49271    2088   22
    14   4.04015   1.53065   6.17589     503   12
    15   3.78150   2.99070   2.72413    1739   17
    16   4.11457   1.36948   1.48819    1521   17
    17   2.62280   2.92146   1.53299     868   13
    18   3.26756   2.97722   0.66603     509   12
    19   5.77774   1.67168   3.10935    1362   14
    20   2.93818   2.99019   1.94814    1433   16
    21   2.64225   1.41174   3.10488    1725   18
    22   5.64842   1.76424   6.18413     522   12
    23   2.99695   2.90066   2.08463     832   12
    24   0.97071   1.67893   3.22408    1685   13
    25   0.92095   1.69734   1.78468    1017   14
    26   3.47588   2.97908   0.92614    2033   17
    27   4.07057   1.49068   1.56891     684   14
    28   2.52496   1.38048   4.77752     700   11
    29   5.72271   1.70304   1.58299     544   14
    30   5.64287   1.69693   1.51968     520   10
    31   1.05643   1.56929   1.66779     287    8
    32   1.09647   1.55371   1.57508     453    7
    33   2.78778   2.91687   0.18015    1593   19
    34   4.05925   1.51286   4.56707    1018   12
    35   2.87937   3.09496   4.97864    1015   16
    36   5.64287   1.69693   1.51968     319    8
    37   4.06857   1.51722   6.26248     751   13
    38   4.09304   3.03954   1.41471     849   12
    39   1.11489   1.64572   1.78268    1241   15
    40   0.30685   0.08730   2.26477    2174   21
    41   6.11812   0.05523   5.91304     402    8
    42   4.13116   1.39657   1.49332     947   14
    43   5.81955   1.66485   6.15780    1984   21
    44   0.57289   0.14992   3.54126     429   10
    45   0.15579   0.07991   5.68776    1472   17
    46   5.82607   1.72112   4.65088     682   10
    47   5.64287   1.69693   1.51968     410    9
    48   3.09728   2.89458   1.99162     774   10
    49   0.48902   0.14647   3.76362    3391   24
    50   2.52496   1.38048   4.77752    1417   16
    51   2.60155   2.89301   0.01578    2233   18
    52   3.01857   2.92024   3.53784    1017   17
    53   2.52496   1.38048   4.77752     815   14
    54   2.56408   3.04846   3.23050     371    9
    55   3.91386   2.94206   1.22428     387    8
    56   4.05744   1.39263   1.49650     820   14
    57   3.07529   2.99171   3.73925    1869   17
    58   5.46518   0.14756   1.81493     828   13
    59   6.10876   0.12225   1.21252     578   12
    60   4.19191   1.47539   1.34127    1001   15
    61   5.59074   1.67105   6.09854    2235   22
    62   4.27427   1.55724   4.55847     789   11
    63   2.99695   2.90066   2.08463    2528   18
    64   2.57927   1.55211   3.28470    1637   14
    65   2.58360   1.47728   3.10428     862   15
    66   4.03640   3.00355   1.58324    1653   16
    67   1.09414   1.57822   4.86427     714    7
    68   3.46826   2.91215   0.77440     908   12
    69   1.01898   1.76867   4.90791    1229   13
    70   5.84428   1.66394   4.66876     740   14
    71   6.10876   0.12225   1.21252     821   15
    72   2.52496   1.38048   4.77752    1261   18
    73   5.64365   1.65023   3.02924    3869   26
    74   3.36642   2.96712   3.98139    2389   21
    75   2.64028   1.43191   3.19896    1018   13
    76   2.61038   1.45320   4.65896    1929   18
    77   2.52496   1.38048   4.77752     555    9
    78   0.91760   1.66490   1.69355     781   13
    79   5.60237   1.55251   4.65004     663   11
    80   4.13430   1.45301   6.13666    1127   16
    81   0.04797   0.15556   2.40049    1156   13
    82   2.41978   2.94205   6.16288     520   11
    83   3.53561   2.95058   1.08961    1222   17
    84   1.02368   1.67472   4.94920     698   13
    85   1.24044   0.16988   1.30813    1101   17
    86   2.70479   1.57166   4.82673     914   12
    87   0.72803   0.18793   3.44275     866   12
    88   5.67372   1.71777   4.49931     437   10
    89   5.71221   0.17337   6.26276    1957   18
    90   0.30771   0.18688   3.92367    1142   17
    91   4.16723   1.56867   3.13595     917   14
    92   4.02259   1.60196   4.62476    2433   21
    93   3.22050   3.07214   3.86075     643   12
    94   2.56911   1.35266   1.63335    1464   16
    95   4.11635   1.40350   4.70119    1806   17
    96   5.67237   0.07814   6.24638    1040   11
    97   6.04659   0.12430   2.74468    1178   16
    98   0.52563   0.20321   2.17153     718   12
    99   6.07551   0.24978   5.81899     951   13
   100   5.74832   1.72653   3.13570    3631   27
   101   5.72018   1.67481   2.97032    1434   14
   102   4.24413   1.49702   2.92895     846   10
   103   1.02526   1.64673   0.06960     610   13
   104   2.63763   1.53721   6.26545     688   12
   105   4.14578   1.57381   1.56726     491   10
   106   5.72745   0.20717   3.21532    1612   19
   107   4.14528   1.42293   1.49023    1416   17
   108   3.45928   3.01013   5.58307     612   11
   109   2.64225   1.41174   3.10488     772   12
   110   4.18187   1.49924   6.16472     695   12
   111   4.15824   1.48650   6.19368     816   16
   112   2.77110   2.91894   0.11074    1897   19
   113   4.26201   1.44656   4.54235     472   12
   114   0.90668   1.62294   4.82981     515   10
   115   2.60342   1.32331   3.13697     548   10
   116   1.09965   1.59948   1.70710    1214   18
   117   1.05268   0.11044   4.56275    1252   18
   118   5.75608   1.65172   1.50782     609   10
   119   5.64287   1.69693   1.51968     606   10
   120   5.59383   1.68474   3.05111     422   11
   121   5.15117   0.07265   0.47842    1256   16
   122   2.44295   1.36641   0.14599    1408   15
   123   2.42724   1.36344   1.72953     659   13
   124   5.74923   1.80830   1.57969     970   15
   125   2.80152   2.89990   0.15089     966   14
   126   2.61581   1.43354   1.69781     932   14
   127   5.75114   1.71629   1.55971     716   14
   128   2.67046   1.58803   3.27044     870   13
   129   5.75825   1.58599   3.07234     964   16
   130   1.00014   1.66356   0.01557    1536   17
   131   6.18653   0.21655   5.88221    2874   23
   132   1.21760   0.16680   2.96662     899   12
   133   2.46810   1.48152   3.15462    2320   20
   134   2.57719   1.56805   1.65355     801   13
   135   1.00679   1.63262   1.82051    1244   14
   136   4.18960   1.44320   4.54770     557   12
   137   2.63558   1.43529   4.81431    1528   15
   138   5.65130   1.59905   1.48876    1524   20
   139   2.67519   1.44766   4.81821    1812   19
   140   2.90041   3.00505   4.95810    2887   27
   141   2.62943   1.42872   3.19153    1244   15
   142   5.73625   1.66669   4.64401    2361   22
   143   4.13212   1.36300   6.17357    1237   14
   144   1.03684   1.52395   0.10674    1260   15
   145   1.06658   1.54466   3.36909    1171   14
   146   5.99494   0.11717   4.47745     493    9
   147   4.22977   1.48129   1.50863     526   10
   148   1.04897   1.58913   3.16283    2518   22
   149   5.97516   0.09087   5.92650     863   11
   150   4.18214   1.40426   6.06427     678   12
   151   2.59723   2.94508   4.64310     831   13
   152   4.21829   1.50468   4.52670     322    9
   153   5.76820   1.72623   3.11946     474   12
   154   5.62137   1.70911   4.68705    2289   22
   155   4.20894   1.55227   1.51068     424   11
   156   3.61617   2.94857   4.22183     780   13
   157   4.26671   1.42318   6.20536     965   15
   158   1.02368   1.67472   4.94920    1006   14
   159   4.16661   1.41047   4.55263     974   13
   160   6.25565   0.20146   0.98004    2574   22
   161   6.24620   0.17995   0.96580    1014   13
   162   5.66695   1.73394   4.67880    1511   15
   163   1.11973   1.56940   3.28910     370   10
   164   2.97602   3.05379   0.36424     389   10
   165   4.07308   1.60444   3.01941     575   14
   166   3.83355   2.98489   2.86815     975   13
   167   1.10378   1.52798   4.90207     567    9
   168   4.12788   1.50741   6.24533    1154   15
   169   1.03267   1.75958   1.75661    2742   26
   170   6.15270   0.13125   5.80271     689   12
   171   2.81784   3.02571   1.78237    1644   15
   172   5.68931   1.66404   4.71651     567   11
   173   1.02661   1.61732   3.25577    1321   14
   174   2.63729   1.37158   1.73154     795   13
   175   0.91065   1.61671   1.66201     572   12
   176   4.17195   1.51847   3.00662    1509   17
   177   0.92642   1.65029   4.82461     815   14
   178   2.52496   1.38048   4.77752     446    9
   179   1.01939   1.70496   4.86585    1905   16
   180   2.64564   1.33617   3.15197     807   11
   181   0.92439   1.69252   0.06847     669   11
   182   4.08282   1.49710   4.60439    1055   10
   183   4.19505   1.37123   1.44059    1436   15
   184   1.07154   1.72310   1.55676    1935   19
   185   1.02221   1.57771   1.75630     538   10
   186   2.55194   3.05134   4.64886     886   13
   187   0.89670   1.54847   4.81559     759   14
   188   5.65276   1.67670   6.15690     651   11
   189   1.11623   1.57522   3.18116    1651   16
   190   4.18214   1.40426   6.06427     815   13
   191   2.44065   1.36349   4.85733    1578   15
   192   4.03640   3.00355   1.58324    1741   20
   193   2.55861   1.58313   3.20192    1647   19
   194   4.25455   1.50075   3.15451     639   11
   195   0.98792   1.61933   0.12565    1509   16
   196   2.68700   1.35938   4.82877    1046   15
   197   0.36339   0.21279   0.71758    1089   12
   198   1.00279   1.60782   0.23044     577   11
   199   1.09322   1.65585   3.38564    1885   21
   200   2.56043   1.44024   1.70688    1298   17
   201   2.50540   1.48156   4.81160    1351   17
   202   2.87926   3.11994   5.09087     583   12
   203   2.67360   1.57487   4.77088    1435   19
   204   1.02362   1.73593   4.74380    1023   16
   205   4.02532   1.47878   1.45947    1012   17
   206   5.46812   0.12791   0.34534    1644   18
   207   2.56411   1.41778   0.08178     665   10
   208   2.89319   3.00830   5.08899     327    9
   209   4.02326   1.46863   6.05632    1115   13
   210   5.64434   1.80037   3.07650    1267   18
   211   2.39581   2.95220   4.52823     867   13
   212   0.47047   0.19562   5.15288     635   12
   213   1.03934   1.76353   0.20360    1951   20
   214   6.18021   0.19062   4.26399     752   12
   215   1.03354   1.76567   1.68642    1843   19
   216   0.97862   1.66377   1.60316    1807   15
   217   2.63731   1.43986   4.89323     808   15
   218   4.79423   0.04357   0.91028    1084   14
   219   0.98906   1.74760   0.05124    1561   15
   220   1.08611   1.63494   4.92070    1524   16
   221   5.64287   1.69693   1.51968     667   12
   222   2.64225   1.41174   3.10488     744   12
   223   2.69735   1.48442   0.03008    1558   13
   224   5.86144   0.16774   6.03320    1492   14
   225   3.11703   3.04147   2.21736    1065   14
   226   4.08260   1.53854   1.47932     642   11
   227   0.25212   0.18072   0.64663    1152   15
   228   2.43530   1.38521   0.10913    1383   11
   229   5.86934   0.19735   4.52285    1050   16
   230   0.36011   0.17224   2.24744     798   14
   231   4.18214   1.40426   6.06427     921   14
   232   0.31829   0.21405   2.25479    1402   16