     1   0.00000   0.00000   0.00000       0    0
     2   3.09036   1.84621   5.48536    1131   16
     3   0.63946   1.84414   4.72269    1161   13
     4   0.59437   0.76975   0.55729     928   14
     5   0.73616   2.02597   2.73629    2166   18
     6   1.63764   1.29595   5.04275    1162   16
     7   4.18675   0.95890   1.87986    1210   14
     8   3.54405   1.51057   2.07618    1619   18
     9   3.31129   1.66115   3.24614    1348   14
    10   2.56887   1.72753   3.89054    1557   15
    11   1.03232   1.91290   5.32948    1519   15
    12   0.78423   1.40784   0.98103     991   15
    13   0.97453   1.91571   2.41534    1244   12
    14   5.81711   0.87786   4.42432    1358   11
    15   0.34308   1.85649   0.96628    1301   18
    16   2.15791   2.42197   2.29040    1147   15
    17   0.37406   2.22894   2.97164    1072   14
    18   5.22622   0.68516   3.74223    1257   14
    19   5.17956   0.94695   1.72770     786   11
    20   5.87416   1.84794   5.01637    1179   15
    21   1.59026   2.68569   4.24426    1586   17
    22   4.44177   2.05383   3.68222    1100   11
    23   4.58659   1.80838   4.50168    1836   17
    24   0.43274   2.29585   1.23697    1155   15
    25   1.62256   2.06735   0.27793    1345   17
    26   2.54482   2.64503   2.88699    1056   14
    27   4.36388   1.09339   1.99596    1537   16
    28   0.31997   0.42192   3.21647    1224   15
    29   4.51581   0.77887   1.25747    1655   17
    30   4.89515   1.43350   3.81002    1043   13
    31   4.04625   1.06692   4.25932    1174   15
    32   4.80742   2.46039   4.21536    1323   15
    33   0.90653   2.64516   2.70211     963   12
    34   3.87352   0.71044   5.18721    1444   14
    35   5.56968   2.42330   0.93194    1787   18
    36   3.68499   2.09681   4.09562    1670   17
    37   4.30558   2.21351   5.46921    2446   17
    38   1.99808   2.25764   5.35739    1604   16
    39   4.18453   1.12446   4.17270     790   14
    40   2.69120   3.12596   1.91226    1033   14
    41   6.07638   2.37787   2.79264    1313   13
    42   3.02053   2.98263   4.74256    1043   13
    43   0.71932   2.29331   3.04225    1110   15
    44   4.91273   1.58751   1.41113     679   11
    45   1.11978   1.94840   2.75454    1323   16
    46   0.87069   2.47675   0.06578    1031   15
    47   3.08421   2.32748   4.33376     849   13
    48   0.29063   1.29960   3.64432    1674   16
    49   5.39928   1.00597   0.39552    1110   11
    50   3.23217   1.69731   0.79059    1298   15
    51   5.60266   0.90229   4.34071    1044   14
    52   0.67696   1.39616   5.23602    1810   14
    53   3.81916   2.51297   5.63040    1803   18
    54   0.21110   0.71246   0.73446    1827   16
    55   4.09210   2.21880   4.18517    1080   13
    56   2.16275   1.66158   1.25000    1620   16
    57   4.67205   2.39478   3.04826    1965   15
    58   4.70694   1.68668   0.69458    1590   16
    59   1.52774   1.35989   1.93298    1252   16
    60   3.99887   0.32494   4.85993    1238   15
    61   3.41249   2.01391   2.70565    1283   15
    62   1.72971   1.99188   4.34314    1472   16
    63   5.73198   2.05772   2.87426     933   14
    64   0.77748   2.93746   2.39761    1225   14
    65   0.31683   1.36212   4.26672    1063   12
    66   5.79398   1.59659   4.35690    1238   15
    67   4.16735   0.68886   2.30035     857   11
    68   3.30280   1.34985   1.43634    1344   15
    69   5.49406   1.29934   1.85386     981   12
    70   4.09495   1.58127   3.16238    1239   12
    71   0.22571   2.55952   4.91996     819   10
    72   1.43553   1.15374   6.03329     860   13
    73   2.25617   1.90919   5.70258     978   14
    74   5.71542   2.73560   1.39473     821   11
    75   2.08953   1.44775   4.41157    1440   16
    76   5.08844   1.53264   4.89706    1086   14
    77   4.55865   2.28968   5.43398    1210   12
    78   4.28523   2.19482   1.88335    1240   13
    79   6.19536   0.43057   5.27833    1798   18
    80   5.54569   0.85435   1.35337    1765   16
    81   5.59840   1.00882   5.53831    1081   13
    82   1.04426   0.97631   0.86057     599    9
    83   2.23563   2.42276   1.56707    2430   20
    84   2.50522   1.63726   5.50391    1205   13
    85   4.14919   2.83002   0.38113     961   11
    86   3.12410   0.76431   2.56949    1640   18
    87   5.37744   2.10062   0.61428    1002   12
    88   5.56088   2.30506   4.52169     637   11
    89   1.81876   0.29425   1.52868     875   11
    90   6.03244   2.05805   5.88396    1084   12
    91   3.71402   1.73560   4.10874     817   11
    92   6.05732   0.57638   2.64761     967   14
    93   0.18335   0.80499   0.99031    1677   17
    94   1.80237   1.59244   6.24775    1996   20
    95   3.44138   0.66289   0.11462    1558   19
    96   3.30217   1.18366   3.52261    1093   15
    97   1.24980   1.51537   0.00558    1380   16
    98   4.46109   0.84312   0.79851     820   10
    99   0.69272   1.01830   3.79024    1037   13
   100   0.92409   2.95810   1.68375    1042   12
   101   4.06504   1.07408   3.85510    1489   14
   102   1.49098   1.24710   1.76726    1220   12
   103   5.75433   1.52438   4.14156    1260   12
   104   3.47448   2.59855   1.50629     936   13
   105   0.91821   1.51209   5.42620    1336   17
   106   0.26395   1.06575   2.81407     735   14
   107   5.24547   0.68521   0.73113    2023   18
   108   1.90162   1.19196   1.47578    1171   13
   109   5.97690   1.97530   2.75776     837   12
   110   3.61846   0.92247   3.60567    1055   15
   111   4.51578   2.39345   5.14275    1176   15
   112   5.67373   0.47837   1.57315    1495   18
   113   6.19366   0.74169   5.99405    1710   16
   114   4.11430   0.28505   1.41295    2481   21
   115   3.17860   1.02961   5.20983     819   11
   116   2.93086   1.49728   4.45385    1055   13
   117   1.15800   1.69508   4.32785     961   12
   118   5.40290   1.51964   1.04845    1215   14
   119   2.96983   2.36667   0.10866     900   10
   120   0.91610   0.41344   3.28923    2164   20
   121   3.19655   2.52979   3.19785    1006   12
   122   1.80020   1.37898   0.82725    1104   13
   123   3.16778   1.59068   1.55433    1454   14
   124   6.25060   0.84701   3.87768    1942   18
   125   3.96556   1.77687   0.26726    1304   15
   126   0.86057   1.78301   5.32795    2190   19
   127   1.43409   1.51402   3.22196     766   12
   128   0.77298   2.04102   4.58067    1066   10
   129   0.47901   1.17358   1.98123    1417   18
   130   1.73873   0.50534   5.77932    1729   17
   131   5.83450   1.41451   1.97112    1952   18
   132   5.89095   1.28741   3.99560     984   13
   133   5.86371   1.67742   2.04283     850   13
   134   0.33528   2.00414   4.89500    1995   18
   135   5.80631   1.76248   3.68415    1515   16
   136   1.47470   2.21118   1.59892    2235   19
   137   0.67894   0.52146   5.00981     948   16
   138   2.11813   1.51586   5.60439    1522   17
   139   0.44354   1.30691   1.70194    1407   16
   140   3.17701   0.65534   5.87375     901   15
   141   3.28326   0.55383   0.01302    1102   15
   142   0.33476   1.93453   2.41677    1120   14
   143   1.21989   1.10946   1.05279    1245   17
   144   0.93157   1.15992   1.81339    1249   15
   145   2.63801   1.92051   1.53763    1153   13
   146   5.16019   0.52748   1.58231    1311   13
   147   3.87239   2.22857   0.27203    1541   13
   148   2.92541   1.87634   1.74096    1679   16
   149   1.95681   1.50313   4.03583    2198   18
   150   2.36816   0.33128   2.99528    1648   16
   151   1.49966   1.55838   5.68394    1154   15
   152   4.19077   0.54632   2.26090    1649   13
   153   3.64630   1.89029   2.45101    1824   17
   154   5.35701   0.77736   4.80851    1912   18
   155   2.07667   0.81329   1.98969     889   13
   156   1.13169   2.44245   0.62192    1792   18
   157   5.12433   0.85676   1.86548    1735   17
   158   0.90671   1.97123   5.35519    2387   15
   159   3.02654   2.67444   4.69037    2108   18
   160   1.31244   1.64088   0.84679    2557   18
   161   5.62556   1.36236   2.72154    1608   17
   162   2.61616   1.59671   1.57651     882   14
   163   3.13720   1.41618   5.94508    2261   17
   164   5.54925   0.66502   6.02129    1486   15
   165   3.61458   1.00091   2.50359    2086   20
   166   3.46436   1.35490   1.57809    1735   19
   167   0.73927   1.35561   2.86470    1613   16
   168   3.61790   0.75646   4.45890     855    9
   169   1.82978   1.25480   4.92179    1600   16
   170   3.78421   0.38667   3.27790     798   12
   171   2.31743   0.80402   3.03789    1011   17
   172   1.40280   1.37963   1.52328    1623   18
   173   3.65793   2.05063   0.54001    1660   17
   174   3.11367   0.68007   5.82662    1334   17
   175   3.75450   0.21935   3.87525    1121   13
   176   4.75658   1.30988   2.40285    1937   19
   177   3.88272   1.65046   4.25620    1523   13
   178   3.54110   0.97336   5.32213    1335   13
   179   1.10799   0.58552   5.07904    1111   14
   180   3.14651   1.72902   4.82632    1026   14
   181   6.10758   0.84989   0.91941    1696   16
   182   2.98690   1.14798   2.35309     838   10
   183   5.80435   0.85982   1.53527    1118   13
   184   2.98921   0.73809   1.76654    1948   16
   185   2.50122   0.68983   3.72343     837   12
   186   4.89944   0.86199   4.00832    2109   20
   187   3.50744   2.43536   1.11604     860   14
   188   0.76855   2.76462   4.10136    1273   18
   189   3.97829   1.80506   3.28917    1829   17
   190   0.57556   1.01524   1.95853    1745   13
   191   2.16839   2.33515   3.41426    1702   17
   192   2.79869   2.13917   5.69994    1517   14
   193   2.55605   1.47423   0.82818    1369   13
   194   4.14199   2.68589   1.32302     762   13
   195   4.07477   0.57137   5.24823    1239   14