     1   0.00000   0.00000   0.00000       0    0
     2   0.79732   1.70798   0.05065    1124   13
     3   5.50138   1.61600   4.43152     949   14
     4   3.95628   1.27992   4.75693     689   13
     5   0.88830   0.35041   1.47510    1419   14
     6   2.52526   1.54045   4.85620    1330   14
     7   0.66592   0.17525   0.17795    1510   16
     8   0.78975   1.89848   1.58286     830   13
     9   5.53806   1.67947   4.55020    1240   14
    10   5.55762   1.59345   6.01792    1259   14
    11   2.39443   1.54639   4.98623    1525   16
    12   4.33013   2.89654   3.48896    1282   15
    13   5.47399   1.69671   5.94634    1605   18
    14   1.14220   0.18496   1.22662    1336   14
    15   0.63100   0.29558   1.73788    1508   17
    16   5.63316   1.55510   4.53030     976   14
    17   0.86701   1.85314   3.28327     914   13
    18   3.61120   2.93154   5.92649    1235   19
    19   0.88446   1.69395   0.00367     925   17
    20   0.88609   1.81273   3.18429     864   11
    21   2.51111   1.54736   3.36240    1401   15
    22   5.57436   1.61993   2.94225     774   11
    23   3.96308   1.36551   4.71099    1572   14
    24   2.37042   1.40827   3.40037    1883   18
    25   4.09926   2.88590   4.82816    1207   14
    26   3.79865   2.94662   6.14187    1613   13
    27   5.56323   1.58924   6.02513     770   12
    28   3.51027   2.85950   2.70956    1242   12
    29   0.42184   0.26409   0.38531    1337   16
    30   3.99023   1.23307   3.10468    2615   18
    31   0.83366   1.77051   1.67412    1544   15
    32   5.59752   1.66815   2.88686    1198   17
    33   0.82017   1.86929   1.58348    2003   17
    34   0.78975   1.89848   1.58286    1399   15
    35   2.35320   1.46646   1.86277    1361   11
    36   0.80314   1.86856   1.49104    1630   16
    37   1.15464   0.23016   1.23554    1842   16
    38   3.97351   1.37358   4.71394    1377   16
    39   2.38981   1.49774   3.36452    2051   18
    40   0.91606   1.90224   4.71229     795   14
    41   4.04792   1.26549   0.02913    2009   15
    42   5.52928   1.59262   4.44790    2812   21
    43   0.86979   1.95713   1.69823    1609   17
    44   0.78227   0.30506   4.77961    1334   17
    45   3.28588   2.85422   3.92998    1155   12
    46   2.34781   1.49467   3.35827    1099   13
    47   5.56319   1.62133   3.00725    1401   14
    48   5.55101   1.67507   5.97973    1633   17
    49   3.97749   1.31332   3.07763     870   13
    50   0.60894   0.16722   4.95637    1060   15
    51   0.78975   1.89848   1.58286    1233   16
    52   0.88754   0.34039   0.02793    1287   16
    53   5.55093   1.55016   6.05012    2074   19
    54   3.88155   2.97858   1.52381     899   12
    55   1.00952   0.28013   6.18584    1201   13
    56   0.56791   0.29908   5.01220    1283   17
    57   4.07930   1.43536   1.55743    1357   18
    58   0.35516   0.27334   5.29281    1094   13
    59   5.50243   1.65628   5.90645     908   12
    60   2.42569   1.61486   4.97727    1266   11
    61   0.89430   0.34133   3.03267    1280   13
    62   4.07381   1.33307   1.49085    1161   15
    63   2.42272   1.57229   3.35561    1547   17
    64   0.78808   1.78435   1.50078    1109   12
    65   0.39802   0.29762   5.16740    1975   16
    66   0.88096   1.93411   1.57764    1293   15
    67   2.50675   1.62697   1.74608     616   11
    68   5.55196   1.54313   3.00574    1857   18
    69   2.49725   1.56432   4.99007    1340   14
    70   2.38882   1.62332   3.45179     770   12
    71   3.38209   2.93547   4.11389    2597   19
    72   3.56192   2.96045   2.66099    1945   18
    73   3.94613   1.19609   3.10391    1243   13
    74   3.98795   1.43933   3.08564    1642   14
    75   0.86221   1.82298   0.10303    1754   14
    76   4.05992   1.35433   1.52722    1318   14
    77   5.56323   1.58924   6.02513     961   13
    78   2.41073   1.47653   4.95318    1044   15
    79   0.82450   1.90978   1.51532     948   14
    80   2.44129   1.53330   3.46705     971   13
    81   2.33901   1.49870   3.42444    1695   15
    82   5.63350   1.62449   2.89286    1014   10
    83   1.01339   0.19395   6.13581    1564   16
    84   4.04378   1.33488   1.39234    1307   16
    85   3.46615   2.87654   4.17416    1128   12
    86   5.54545   1.68952   4.46312    1308   14
    87   5.58804   1.60779   6.03875    1680   18
    88   3.96859   1.33593   3.22107    1147   15
    89   3.57283   3.00939   4.28531    1117   12
    90   3.37762   2.99027   0.99083    1037   15
    91   2.34836   1.46675   0.28655     742   13
    92   3.94778   1.44900   4.74983     754   11
    93   4.02291   1.22582   0.00106     985   13
    94   4.08901   1.30957   4.71817    1278   15
    95   2.40302   1.46044   1.80362     871   12
    96   0.92739   1.80096   6.27437    1173   13
    97   0.51921   0.14825   5.04233    1155   15
    98   3.96573   1.38074   1.42480    1008   11
    99   5.56323   1.58924   6.02513    1435   14
   100   5.65008   1.69646   6.04843    1865   20
   101   0.80504   1.92375   4.83464    1046   13
   102   2.43465   1.56103   5.01326     928   10
   103   0.65120   0.39768   1.75588    1594   15
   104   5.63009   1.50313   2.82914    1282   13
   105   2.50475   1.49994   3.39974    1476   15
   106   0.78975   1.89848   1.58286     877   16
   107   2.37551   1.57906   3.31276    1709   15
   108   1.13079   0.23245   6.08924    1324   18
   109   5.55977   1.52073   4.47685    1444   15
   110   0.86048   1.78838   3.17373     651   12
   111   3.97351   1.37358   4.71394     789   11
   112   4.04773   1.24391   3.14320    1384   13
   113   5.64079   1.60104   2.84207    2237   19
   114   3.79994   2.89988   4.44808    1343   16
   115   0.92934   1.81571   3.14836    1081   12
   116   5.52346   1.72069   6.08631    1954   18
   117   3.87942   2.96614   4.66448     944   13
   118   5.64789   1.61080   4.49419    1046   16
   119   0.88704   1.77383   6.26804    1242   16
   120   1.05122   0.30944   6.01417    1173   14
   121   0.90298   1.80060   4.81213    1515   17
   122   0.85415   1.91550   1.70090    1378   14
   123   0.58465   0.24816   0.24379    1230   14
   124   5.61731   1.63038   6.01079    1851   18
   125   3.96901   1.27515   0.02265    1509   18
   126   0.75003   0.32447   1.64149     678    9
   127   0.56791   0.29908   5.01220    1416   16
   128   0.82731   1.81739   3.17269    1180   14
   129   4.04324   1.42213   1.47851     713   11
   130   3.63751   2.91060   4.32982    1422   16
   131   3.96994   1.35679   4.64842    1456   13
   132   5.57343   1.53286   4.40391     884   14
   133   5.65410   1.60717   1.20831    1171   11
   134   5.51183   1.55230   4.43895    2332   17
   135   3.95704   1.35654   3.21498     514   10
   136   4.26641   2.83657   0.33848    1602   15
   137   3.94071   1.43459   1.62568     835   13
   138   0.33676   0.27415   5.24422     474   12
   139   0.81051   1.80139   0.02488    1540   16
   140   0.78444   0.37809   4.81569     640   10
   141   2.37441   1.58851   0.19597    1114   13
   142   2.39109   1.59368   4.90164    1890   16
   143   5.64632   1.65107   4.40210    1579   14
   144   0.89485   1.92370   1.55940    1289   13
   145   2.37318   1.45820   0.28329     724   11
   146   3.97351   1.37358   4.71394    1420   17
   147   0.92077   1.87556   4.75767     565   11
   148   4.23316   2.80978   1.75605    1922   19
   149   5.61731   1.63038   6.01079    1754   19
   150   3.53627   2.84803   1.11182    1195   13
   151   5.61152   1.61492   6.06691     904   13
   152   3.56192   2.96045   2.66099    1862   18
   153   0.91410   1.85268   1.51411    1412   17
   154   0.81352   1.78246   4.64214    1350   18
   155   4.10328   1.40025   2.99199    1806   18
   156   4.07701   2.80570   3.20778     982   15
   157   0.88959   1.79895   1.68837    1476   16
   158   4.23330   2.99179   5.00732    1096   12
   159   6.28198   0.27010   4.04647    1685   15
   160   0.95683   1.88704   3.20312    1360   14
   161   2.37427   1.66431   3.44430    1453   15
   162   5.54754   1.45048   5.96918    1347   17
   163   3.96859   1.33593   3.22107     931   13
   164   0.06370   0.26731   3.88329    1177   15
   165   5.59580   1.51570   6.09637     831   10
   166   0.21446   0.16725   5.41396     516    9
   167   5.52129   1.58333   1.47385     874   13
   168   0.74925   0.22985   3.34352    1157   14
   169   0.86837   1.78442   1.68551    1159   13
   170   2.33281   1.38146   0.20032    1233   15
   171   0.94739   0.19259   3.09261    1027   13
   172   3.83389   2.78994   4.55095    1336   14
   173   5.64632   1.65107   4.40210    2212   20
   174   3.71077   2.86631   2.85198    1220   13
   175   2.33706   1.42002   0.27858    1020   14
   176   2.40620   1.61193   4.90530     978   14
   177   4.20689   3.02144   3.40300    1036   11
   178   2.37441   1.58851   0.19597    1729   15
   179   4.09239   1.35454   0.03645    1441   13
   180   4.06527   1.34602   1.52992    1515   14
   181   0.87215   1.83284   1.61403    3160   23
   182   4.19225   2.88542   4.81403    1611   16
   183   0.75003   0.32447   1.64149    1059   14
   184   2.44123   1.63147   0.16743    1618   16
   185   5.57849   1.50802   4.37435    1604   17
   186   4.08143   1.34782   2.95333    1161   16
   187   1.17483   0.33472   4.45708    2135   18
   188   5.51889   1.73014   1.29005    1584   14
   189   3.94364   1.36574   3.18662    1755   18
   190   0.82709   0.31157   6.25360    1606   18
   191   5.50243   1.65628   5.90645    1113   14
   192   5.59854   1.71653   2.98732     843   16
   193   0.88138   1.89799   6.27853    1733   18
   194   2.50187   1.52339   4.93630    1870   17
   195   4.30659   2.83692   5.04343    1171   15
   196   4.03839   2.82512   3.10609     868   10
   197   0.47069   0.36185   5.06990    1147   15
   198   1.14220   0.18496   1.22662    1259   17
   199   3.85715   2.80516   1.42013    2054   21