     1   0.00000   0.00000   0.00000       0    0
     2   6.13381   1.72217   2.70268    1187   14
     3   0.99779   0.42628   1.92009    3908   22
     4   4.59030   1.08373   4.46978     431    9
     5   4.30546   2.75346   3.00987    2532   23
     6   2.77207   1.40356   3.45813    1065    9
     7   4.00442   2.82188   5.86838     373    8
     8   4.44350   1.11658   6.00008    2517   16
     9   6.12647   1.76533   2.77332    2716   23
    10   6.02296   1.60901   4.28104     910   11
    11   1.04814   0.52780   5.02914     529   10
    12   1.03305   0.45310   3.44624     402    9
    13   0.81103   0.45143   5.37299     304    6
    14   1.35291   1.97945   5.01473     404    9
    15   6.14330   1.64607   2.75014    1788   17
    16   6.04049   1.63039   5.77303    2161   17
    17   4.45132   1.15615   2.94231    3537   26
    18   1.34422   2.07363   0.15602     379    7
    19   6.02762   1.86959   4.29446    1442   15
    20   1.38211   1.84510   0.08238    1110   13
    21   4.22439   2.62034   2.77776    1277   14
    22   6.14330   1.64607   2.75014     792   14
    23   1.39051   2.00155   3.23791    4895   28
    24   2.75708   1.42437   5.24885    3006   21
    25   4.52543   1.07642   4.48162     889   12
    26   3.97281   2.66550   1.01019    4141   17
    27   4.37420   2.72698   6.13632    4681   27
    28   6.01772   1.71424   2.60292    4558   26
    29   0.00000   0.00000   0.00000     833   13
    30   4.18522   2.68209   2.76303    2282   16
    31   6.02296   1.60901   4.28104     569   13
    32   2.91179   1.36192   5.15126     381   11
    33   4.05459   2.66408   4.31797     600   11
    34   1.38010   2.07518   4.98039     579   12
    35   0.91603   0.46721   0.47888    1189   16
    36   2.82884   1.41378   3.46433    1140   13
    37   2.93410   1.39126   3.46695    2027   20
    38   6.01182   1.70717   4.20204    1349   13
    39   4.19020   2.82445   1.19137     563    9
    40   3.01194   1.41630   3.62828     945    9
    41   6.02296   1.60901   4.28104     641   11
    42   0.95062   0.44582   1.98958    1187   17
    43   2.89890   1.33359   3.51728     462    8
    44   5.90881   1.77000   1.26499    4368   22
    45   5.98234   1.81894   4.39379     598   10
    46   1.30159   2.09019   3.25878    3871   26
    47   4.39741   1.18639   6.25027     757   13
    48   0.00000   0.00000   0.00000     472   11
    49   4.43784   1.06704   4.53048    3235   21
    50   4.48051   1.11720   6.18136     870   10
    51   6.00543   1.67582   5.95498     810   12
    52   3.01129   1.35263   1.89729     594   10
    53   0.98586   0.29161   4.96997     854    9
    54   2.92473   1.41478   0.41007     902   13
    55   0.83839   0.45549   2.03887     693   13
    56   5.95680   1.66965   2.65986    3535   24
    57   4.18113   2.66137   4.43812     877   12
    58   4.21746   2.69712   4.42649     903    8
    59   0.73813   0.49654   3.77702    2545   26
    60   3.01194   1.41630   3.62828     671   10
    61   1.32945   1.98247   3.20487     887   11
    62   2.82131   1.44784   3.67116     857    8
    63   2.86463   1.46794   3.67752    4260   26
    64   1.10216   0.44490   0.31429    2470   19
    65   3.01194   1.41630   3.62828     485   10
    66   5.96292   1.79225   1.23355    1218   14
    67   4.54552   1.09281   4.57221     472   12
    68   5.98084   1.80618   5.76968     509   12
    69   4.43572   2.70907   2.95310     486    7
    70   2.79632   1.45055   3.61686    4604   27
    71   6.08364   1.82142   5.97600     613   12
    72   4.00832   2.70317   2.65322    1297   14
    73   4.55722   1.19282   5.97598    2586   18
    74   2.99090   1.40516   0.32149     594   11
    75   5.98084   1.80618   5.76968    1064   10
    76   4.09648   2.63126   2.75444    1052   10
    77   2.79781   1.54049   5.15455     189    5
    78   2.97837   1.39034   5.17830    2297   15
    79   3.77847   2.68745   5.59762     548    9
    80   1.28568   2.09184   3.17362    1538   17
    81   5.98084   1.80618   5.76968     531   11
    82   1.25933   1.94215   3.30129     369    7
    83   4.11856   2.65481   1.16044     446   10
    84   2.88190   1.46387   2.00862    1465   14
    85   3.01194   1.41630   3.62828     543   11
    86   6.12191   1.76902   1.14788     482   10
    87   4.17677   2.70333   4.30657    3043   19
    88   1.27113   1.95508   1.77005     277    8
    89   5.98996   1.70688   1.09321    3729   24
    90   4.55938   1.21101   3.06286    1148   15
    91   0.00000   0.00000   0.00000     569   11
    92   1.42571   1.95640   3.33929    1220   14
    93   2.91179   1.36192   5.15126     566   13
    94   2.84960   1.41230   5.13602    4497   26
    95   6.09199   1.73256   1.24874    1869   14
    96   1.49284   1.88668   0.19282     953   17
    97   1.40518   1.98524   0.06044     322    9
    98   1.19323   0.40149   4.82057     321    8
    99   6.12061   1.78168   1.21245     978   10
   100   2.82613   1.32854   2.09512    3244   20
   101   1.40518   1.98524   0.06044    1171   14
   102   2.88775   1.43807   3.44679    5209   30
   103   4.43653   1.18368   4.50557    2290   18
   104   4.43784   1.06704   4.53048     553   14
   105   2.94856   1.32830   3.55979     896   14
   106   2.87107   1.33869   1.95901    4039   25
   107   4.04722   2.66696   1.19286     273    8
   108   2.96438   1.38828   0.49553    1011   11
   109   1.51046   1.88656   0.28492     619    9
   110   1.02084   0.41582   0.43806    1563   14
   111   2.85755   1.35556   5.03107    2359   18
   112   2.99090   1.40516   0.32149     215    6
   113   1.35490   1.91650   1.73518     801   12
   114   2.98032   1.41702   5.11042     576    9
   115   1.41652   2.06888   1.85471     351    6
   116   1.26075   2.04346   4.79063     434    9
   117   6.02296   1.60901   4.28104     732   10
   118   2.98032   1.41702   5.11042     587   14
   119   6.00986   1.66050   5.98197    2016   12
   120   3.85061   2.66052   4.12585     565    7
   121   5.98084   1.80618   5.76968     368    9
   122   2.91416   1.44210   3.51670    5235   30
   123   1.47672   1.90788   3.36769    1761   16
   124   1.48674   1.97854   3.42087     542   11
   125   1.08366   0.54216   0.32195    3625   24
   126   1.45547   1.98184   3.33521     551   11
   127   2.86332   1.29885   5.13964     743    9
   128   0.84691   0.50846   2.09639     623   13
   129   1.22402   0.49545   3.37146     500   10
   130   1.23411   0.44294   0.07267    1202   15
   131   4.59237   1.15361   6.09810    1009   12
   132   2.76214   1.44704   2.04228    1548   16
   133   1.30948   2.02972   0.06841     332    8
   134   4.42092   1.17192   4.44042    3011   20
   135   1.49497   1.87109   1.81434    1005   10
   136   4.08784   2.65139   4.27978     799   10
   137   6.02296   1.60901   4.28104     635   14
   138   1.40518   1.98524   0.06044     783   14
   139   4.32876   2.77662   6.17032    1719   13
   140   1.45298   2.00897   0.13662    1434   14
   141   4.56054   1.15144   3.04176    2592   23
   142   4.32917   2.71203   4.66075    3571   21
   143   1.32945   1.98247   3.20487     667   11
   144   2.83757   1.29614   3.56614    1406   19
   145   2.91781   1.48747   0.50368    1782   11
   146   6.02340   1.73504   1.22297     884   13
   147   0.94709   0.42027   1.99573    1420   22
   148   2.90206   1.51883   2.03259     688   11
   149   1.30159   2.09019   3.25878     572   10
   150   2.77994   1.38124   5.12019    1982   19
   151   6.02109   1.72869   1.21718    4010   23
   152   3.99598   2.58249   5.79465     653    7
   153   2.86332   1.29885   5.13964     674   12
   154   1.40265   1.96969   3.39762    3213   23
   155   5.93503   1.81067   5.84914     806   12
   156   0.80117   0.51420   5.24633    4279   27
   157   2.92473   1.41478   0.41007     707    9
   158   1.32945   1.98247   3.20487     866   14
   159   1.30863   1.96547   3.33100    2530   20
   160   4.42092   1.17192   4.44042    1552   15
   161   4.52503   1.23812   1.32676    1129   12
   162   4.46982   1.16331   4.63473    1851   16
   163   0.93112   0.53960   5.04958    3756   22
   164   1.28008   2.08413   4.88542    1119   10
   165   2.91179   1.36192   5.15126     548   11
   166   4.49777   1.17643   4.47314     877   11
   167   4.42021   1.13536   3.03710    2115   15
   168   1.35847   1.96750   4.78431     446    8
   169   2.82131   1.44784   3.67116     832   11
   170   1.05117   0.36613   0.17618    2203   15
   171   5.88221   1.76233   2.66321    1560   15
   172   3.01194   1.41630   3.62828    1622   17
   173   0.74951   0.43278   2.20799    2715   18
   174   2.98032   1.41702   5.11042     925   13
   175   4.44700   1.06559   1.43821     643   11
   176   4.50622   1.15618   6.16397    1857   15
   177   1.03684   0.40029   0.27146    1573   14