     1   0.00000   0.00000   0.00000       0    0
     2   1.97419   0.15095   5.16101      17    3
     3   1.01826   0.19971   6.08444     170    7
     4   3.66883   1.92918   3.33386     279    9
     5   0.88951   0.76147   1.20116     257    7
     6   1.92301   0.91907   3.78669     224    8
     7   1.36111   1.86063   4.83602     198    9
     8   6.05219   0.89285   2.58359       9    2
     9   4.93357   1.49946   5.36961     164   11
    10   1.75434   1.49064   4.26989      58    4
    11   2.10115   1.10571   3.49284      60    8
    12   6.05513   2.56888   2.28221       4    2
    13   3.24048   2.19761   2.93762     180    9
    14   1.72662   2.16695   3.05887      19    4
    15   1.90252   0.51670   5.04694      71    5
    16   1.26301   2.68457   4.11064     321   12
    17   2.81067   1.71434   0.48593      60    6
    18   2.74667   1.72693   0.52293    1131   14
    19   1.41323   0.81927   1.70320      89    7
    20   4.47075   2.78829   1.49474     581   11
    21   4.67273   1.84136   4.66225     536   13
    22   1.13350   2.53444   5.28883     563   10
    23   2.61015   0.91700   4.61325       4    1
    24   1.06013   0.95286   2.21368     638   12
    25   3.86125   1.20167   6.15364     270    9
    26   4.03033   2.50389   3.67250      14    4
    27   0.91658   2.22924   0.00211     458   13
    28   4.64421   1.51519   1.05617      44    4
    29   2.68121   1.52182   1.01022      58    6
    30   2.47926   0.91254   4.35686     411   13
    31   3.00111   2.78827   1.51279       8    1
    32   1.24556   2.78168   2.42730     363    9
    33   3.56598   1.55671   2.55689    1109   16
    34   0.57065   1.89969   6.15968    1393   13
    35   2.56999   1.77683   0.02745      81    9
    36   5.85151   1.77267   5.81186     124    7
    37   5.15120   0.67270   4.57698     375   12
    38   1.41323   0.81927   1.70320    7891   35
    39   5.48393   1.75962   5.88156     927   18
    40   5.01082   1.40175   3.82058     132    9
    41   4.02538   1.56683   1.99644    5170   35
    42   5.94199   2.60961   1.02454     350    8
    43   1.75991   0.40650   3.11977    1310   23
    44   2.77019   2.07749   0.33553      34    6
    45   4.60027   0.59442   0.01768     157    6
    46   3.50130   1.77324   0.64246     153    6
    47   3.60070   2.29307   2.81595     275   11
    48   0.66620   1.94760   4.18249     300   11
    49   1.45851   2.38471   6.23348    6240   34
    50   1.86099   0.74221   4.92595      15    2
    51   2.00558   1.03061   0.99065    8919   35
    52   3.00111   2.78827   1.51279       3    1
    53   5.00124   2.04273   0.32888    6333   29
    54   3.87778   2.20858   2.01521     987   19
    55   3.47077   1.11620   1.83462    1692   12
    56   4.23037   0.97165   0.86732      65    5
    57   4.88244   0.29425   1.00367     189   10
    58   0.35472   2.47236   4.02812    1214   18
    59   2.76639   1.02656   1.74660      96    9
    60   5.22344   1.00732   1.04107     623   12
    61   4.49842   2.46326   5.54188    1339   15
    62   3.22254   1.66725   1.27880    1698   16
    63   2.78393   1.44681   4.91241     178    7
    64   2.77019   2.07749   0.33553      83    5
    65   3.35218   1.57336   5.26085       8    1
    66   4.03033   2.50389   3.67250      47    1
    67   6.16532   1.92779   1.17980     226    6
    68   4.28608   1.71470   2.31466      10    1
    69   4.28608   1.71470   2.31466      99    7
    70   0.01504   0.63033   5.48092      24    4
    71   4.29522   1.25209   6.17934     271    9
    72   4.34892   0.84435   5.28424     817   15
    73   4.62376   1.92001   4.87354      65    4
    74   0.18939   1.96695   3.18404       8    2
    75   4.77499   1.58944   3.14287     346   11
    76   3.87778   2.20858   2.01521      24    5
    77   4.78561   0.68371   5.64452     567   14
    78   3.93954   0.92517   5.70781     248    7
    79   3.44076   2.65906   3.40125    1083   16
    80   0.10956   0.97643   1.53963    1208   14
    81   1.00474   2.17273   0.63855     955   14
    82   5.05231   2.07451   3.12090    1238   13
    83   1.30599   1.61840   1.36683     350    9
    84   2.87768   1.15821   1.97231     399   12
    85   3.74470   1.97514   2.31962     781   15
    86   5.18621   2.49410   1.36761     549   14
    87   4.39658   1.34025   1.33102     114    7
    88   1.01568   1.80725   0.31592     267    8
    89   3.09748   1.23028   6.21332     404   12
    90   1.31277   1.42516   2.50352      10    1
    91   5.79592   2.36128   6.26291    2061   14
    92   3.24169   2.42129   2.52855    6578   38
    93   5.74645   0.81636   4.83357     736   16
    94   2.60420   1.75801   1.16870      32    4
    95   1.28542   1.85921   0.19969    1789   20
    96   5.01538   2.21586   4.36436     165    8
    97   2.61015   0.91700   4.61325     156    5
    98   3.09567   0.29804   1.04927     660   14
    99   0.52720   2.49089   2.86809     512   11
   100   0.29587   2.74661   2.27763       1    2
   101   4.25328   2.03146   5.20207    4773   32
   102   5.13156   1.08193   2.41467    3844   28
   103   2.72826   2.21138   3.77236     223    6
   104   2.30069   0.97986   2.68765     321    9
   105   2.99790   0.73712   0.00199   27050   83
   106   3.00111   2.78827   1.51279     353   10
   107   2.77019   2.07749   0.33553      39    4
   108   3.03400   1.43415   3.84531    5005   31
   109   1.75991   0.40650   3.11977       2    1
   110   0.10346   1.29596   4.11528      83    7
   111   1.59901   2.01442   0.44977     115    7
   112   0.93943   2.05781   4.97731     296   11
   113   6.27521   2.37849   4.95585    2784   17
   114   3.79105   1.15695   3.73759     403   14
   115   2.44894   1.42785   4.29749     300    8
   116   1.89995   0.82169   2.70301     307    7
   117   3.69094   1.90674   2.76521    2136   23
   118   0.94615   2.06394   0.49067     446   13
   119   4.36164   1.78062   4.19456     279    6
   120   1.01967   0.99650   0.56956      88    6
   121   3.84857   1.19408   4.04149     517   11
   122   4.23037   0.97165   0.86732      71    6
   123   4.18421   1.20935   0.97377      29    6
   124   1.36111   1.86063   4.83602      32    6
   125   3.68123   1.02396   3.84171      36    6
   126   3.86513   1.72035   4.34715      68    5
   127   3.45813   2.23338   1.07387    1482   19
   128   0.54127   1.73796   3.78868     809   15
   129   0.01058   2.66399   0.79373    8514   34
   130   1.90858   0.92619   1.70911     898   17
   131   5.04077   1.37911   4.78196      73    6
   132   5.33569   2.07887   4.07405     372   10
   133   4.32641   1.53017   1.02250    1229   14
   134   1.01486   0.73514   2.92730     499    8
   135   3.31395   2.05766   3.21750     583   17
   136   1.86099   0.74221   4.92595      47    6
   137   3.54917   2.30617   3.98347     163    6
   138   0.94615   2.06394   0.49067     101    4
   139   5.50312   2.07083   3.67498     148    8
   140   5.19630   2.48386   5.01355    3106   23
   141   3.38624   1.71435   3.80345     248   10
   142   1.21261   0.83851   1.10837      29    5
   143   2.86107   2.38064   2.12021    1704   20
   144   4.50557   1.69493   1.19635      28    3
   145   5.89068   1.93761   0.63659     142    9
   146   2.83272   1.98314   3.85309      71    8
   147   5.62623   0.76085   2.71896       9    4
   148   2.24065   1.76615   2.70817    1192   19
   149   5.08701   2.60612   5.06989      55    8
   150   3.66276   1.47449   2.62989     271   12
   151   0.34119   1.40335   3.04546     829   19
   152   2.85644   0.95614   4.05403     378   14
   153   3.03772   1.54206   1.38841    3443   23
   154   4.09367   2.07515   4.00767       4    1
   155   0.98209   1.44803   2.22258      42    6
   156   4.96681   1.23699   1.89411     360   11
   157   6.01852   2.39830   2.98472     826   10
   158   4.76815   2.01244   5.13521     159    6
   159   4.55952   2.28703   5.45823       2    1
   160   3.64894   1.81355   2.58535     236   10
   161   4.95013   2.11303   5.73041     270    9
   162   0.41476   0.20546   4.55373     460   10
   163   2.97831   1.02662   0.90648     528   12
   164   5.70634   1.33487   4.26459     321   12
   165   2.61015   0.91700   4.61325      19    3
   166   2.20184   0.91267   4.92362     641   10
   167   4.26862   0.91926   5.38920      71    5
   168   3.76910   1.34203   3.09824     895   16
   169   1.41313   1.72130   5.60669     132    8
   170   4.21521   2.46197   3.91620    5737   30
   171   1.12388   1.40657   5.08099     945   18
   172   4.57240   1.28934   4.32979      29    3
   173   3.00111   2.78827   1.51279       1    1
   174   5.25060   1.24753   3.10651     578   12
   175   4.64325   2.30226   0.07672     101    7
   176   0.42064   0.36955   5.82876     200    8
   177   0.43826   2.43028   2.48264     303   12
   178   0.31894   2.01091   3.74841      47    3
   179   4.99742   0.47008   0.47959     117    5
   180   2.40600   2.35592   0.33153      51    7
   181   4.93064   0.86169   2.69064     590   13
   182   3.64043   0.97366   4.96632     197    8
   183   5.17596   0.99336   5.10273     161    9
   184   4.16994   1.78945   4.81815    3914   33
   185   0.92894   1.30701   2.28427     283   14
   186   3.94292   0.80331   6.26717     268   13
   187   0.07085   0.82430   2.94437     821   14
   188   0.40379   2.13062   2.81917    1836   19
   189   3.78952   2.23386   0.51955     554   12
   190   2.47087   1.18977   0.96867     132    7
   191   2.54768   1.62038   5.14974       3    1
   192   2.87289   2.42708   3.93413      41    4
   193   2.77019   2.07749   0.33553      20    7
   194   6.03109   0.46028   4.07607     231    5
   195   2.34331   2.22093   6.07423      24    5
   196   0.01144   1.65768   2.38490      33    3
   197   1.61425   0.74812   5.16980      43    4
   198   5.44808   2.39421   5.95679      85    9
   199   4.09367   2.07515   4.00767      55    4
   200   4.02467   2.20682   5.79605   12077   52
   201   4.53889   1.73639   3.13195     204    7
   202   1.86099   0.74221   4.92595     467   12
   203   0.96469   2.38621   4.50948     421   10
   204   5.29067   2.54415   0.28299      37    4
   205   4.77332   1.25950   4.72122    1603   17
   206   5.86039   0.80470   4.14394    1291   14
   207   2.15456   1.13603   5.52115    7586   34
   208   0.18939   1.96695   3.18404     413    9
   209   5.24990   0.64616   1.78743    1477   16
   210   5.39559   2.37940   6.01886    1338   17
   211   1.45801   2.07445   3.75914     559   12
   212   5.12793   2.37212   5.82667     293    9
   213   4.98498   1.61254   0.64528     306   11
   214   4.27274   0.48803   2.01181    1295   21
   215   1.84582   1.67118   4.79148    2766   26
   216   1.09035   0.34715   2.09136     936   13
   217   1.74035   1.99271   5.44048      45    5
   218   2.70827   2.63919   4.55510      24    7
   219   5.86618   1.94103   5.42996     975   14
   220   5.90285   2.34246   3.59299    2270   22
   221   2.68121   1.52182   1.01022       1    1
   222   3.24169   2.42129   2.52855      53    6
   223   5.50796   0.80137   3.37207     748   17
   224   5.34133   2.09541   4.23725    3625   21
   225   3.26829   1.92174   1.85438     401    7
   226   6.05513   2.56888   2.28221      34    5
   227   6.24449   1.48565   6.10659     290    7
   228   4.03033   2.50389   3.67250      13    1
   229   1.54790   1.83879   4.13910    1727   19
   230   3.26190   0.78745   1.77932    1532   23
   231   2.96506   2.33737   3.96643    1535   13
   232   2.61015   0.91700   4.61325       3    1
   233   5.83065   1.80987   2.13700     133   11
   234   3.47306   2.54294   5.07327     819   12
   235   2.29473   1.62194   6.10011     161    6
   236   2.61015   0.91700   4.61325      64    5
   237   1.30599   1.61840   1.36683       6    1
   238   2.12593   2.79047   0.37999    1197   23
   239   0.77953   1.57032   0.96015    1858   17
   240   5.51635   2.20579   1.41699      73    8
   241   5.72927   1.87564   5.05345     356   11
   242   1.90449   1.65164   0.54796     191    8
   243   5.48672   1.34390   1.56426    2037   21
   244   2.04736   2.16433   2.64787      19    4
   245   0.58779   2.26505   2.63357     368    5
   246   0.11102   0.67423   2.14813       1    1
   247   4.20259   1.00082   3.90798     168    9
   248   4.11524   2.50520   0.59702    1905   17
   249   3.31033   2.10513   1.63393     528   11
   250   1.75434   1.49064   4.26989       7    1
   251   4.70673   1.94313   6.15095   12960   42
   252   1.31445   2.40064   3.59982     157    7
   253   2.68182   2.18393   1.02368     865   17
   254   3.78851   0.44138   5.34809     960   15
   255   3.08076   0.87653   5.16640    1089   15
   256   4.82571   1.08485   3.51707     275   10
   257   4.36399   2.13347   1.63842     497   11
   258   3.61068   2.47177   3.72528       7    1
   259   1.82163   2.19042   3.09189      95   10
   260   5.10233   1.21523   0.35785     746   15
   261   0.52720   2.49089   2.86809      44    3
   262   4.63187   2.57966   0.70690     834   16
   263   2.24787   1.94903   3.89484     295   10
   264   2.63937   1.79343   0.00943     330   13
   265   3.31935   2.28940   1.31163      95    5
   266   1.08189   2.21870   2.48368    1226   12
   267   0.29587   2.74661   2.27763      44    6
   268   2.93341   0.74350   0.42493     148    5
   269   6.14590   2.53352   5.38934    2259   27
   270   1.97419   0.15095   5.16101     113    6
   271   5.52775   0.92418   3.78743     946   14
   272   4.26862   0.91926   5.38920     173    8
   273   4.18169   1.80573   3.87875    3839   25