     1   0.00000   0.00000   0.00000       0    0
     2   3.60134   2.95827   0.96800    1129   13
     3   0.62680   2.08296   5.28766    1355   16
     4   3.00994   2.46585   2.18648    1102   14
     5   4.92251   1.36494   1.00132    1100   13
     6   1.30906   2.23793   3.24877     726   11
     7   1.01298   2.34500   1.94236    1466   17
     8   5.70521   1.74633   0.79231    1411   15
     9   5.93437   2.44003   4.03681     941   11
    10   2.62870   1.84542   1.05598    1579   18
    11   3.31359   0.99354   0.90820    1293   13
    12   2.60120   2.12379   1.95827    1589   16
    13   4.36337   1.90925   0.38467    1010   12
    14   4.66189   1.85026   4.56938    1716   16
    15   2.76746   2.22512   4.54432     922   13
    16   0.32081   1.00587   1.09613    1354   15
    17   0.58973   2.87554   0.02785    1118   13
    18   5.95469   2.43270   5.36431    1055   12
    19   4.57046   2.51706   4.14845    1348   15
    20   2.69583   1.78239   2.27502     854   12
    21   1.36764   2.40997   2.17668     777   12
    22   0.19212   0.80732   5.39590    1484   16
    23   3.74172   1.80133   0.84624    1451   17
    24   1.40741   1.70105   5.74575    1187   14
    25   2.30917   0.95003   1.09480    1434   15
    26   5.95905   2.14383   0.47422    1603   17
    27   2.98172   1.53826   0.54040     915   11
    28   5.39112   1.07194   0.49914     718   13
    29   5.22266   1.01469   1.10855    1690   16
    30   0.54539   1.21106   4.51675    1126   12
    31   1.82731   2.11133   2.24696    1315   15
    32   5.49338   1.68992   3.66180     905   13
    33   6.04097   0.50212   1.25089    1107   14
    34   2.69617   1.93906   1.87451    1322   14
    35   4.64788   0.59823   5.98106    1614   16
    36   5.50348   1.77042   6.25757    1390   18
    37   4.47260   2.81563   6.15169    1946   16
    38   4.79845   0.52324   0.11588    2058   17
    39   4.28869   1.10873   2.13711    1042   12
    40   2.49666   1.05357   5.44350    1152   16
    41   3.77762   2.28684   1.14847    1561   13
    42   0.00585   2.59474   5.09067    2048   17
    43   2.33446   1.60331   1.76525    1157   15
    44   0.43237   0.93798   4.07747    1137   14
    45   5.18405   0.66138   1.96775    1811   18
    46   3.77088   0.92514   1.07693    1115   14
    47   5.04232   1.68200   2.20017     971   14
    48   6.13115   1.35902   0.79998    2308   20
    49   4.18810   1.32454   5.16367    1608   16
    50   2.92514   2.22058   1.24242    1439   16
    51   0.41014   0.99575   2.07121     999   11
    52   1.06261   1.94750   5.60522    1521   13
    53   4.54393   0.57510   3.19250     749   10
    54   6.23578   1.98337   5.84217     986   14
    55   1.15923   2.93065   4.40904     765   13
    56   3.17835   1.04751   5.58076    1069   11
    57   2.82160   2.00001   5.36596    1610   20
    58   5.75067   0.98876   2.66182    1170   15
    59   4.41696   0.97460   3.36741    1181   11
    60   4.84461   1.07944   1.12992    1120   16
    61   2.44880   1.30692   4.53263     773   13
    62   5.51743   1.77993   3.98550    1081   12
    63   4.86430   0.71559   4.82174    1055   13
    64   3.78061   1.32819   2.64823    1857   18
    65   6.14243   0.81110   0.59710    1220   14
    66   3.13311   1.92062   1.67893    1035   15
    67   5.54402   1.67157   3.79091    1364   16
    68   3.47694   1.22584   1.34204    1553   15
    69   1.05778   2.14058   5.17840    2441   19
    70   5.40367   0.65124   1.83014    1498   16
    71   2.29433   2.08113   5.41664     870   14
    72   2.72202   2.28225   4.19150     725    9
    73   0.34342   1.87437   3.81148    1666   15
    74   5.46620   2.00853   5.24248    1137   14
    75   2.30468   1.92187   6.12687    1367   15
    76   1.95420   2.25266   3.71552     933   12
    77   6.13268   1.36202   5.89544    1500   12
    78   3.52587   2.25453   1.09326    1197   15
    79   3.07775   2.29955   5.48999    1772   17
    80   1.12515   2.04727   3.78337    1622   17
    81   4.18894   1.75937   4.68477    1514   14
    82   6.08517   1.02490   0.59690    1306   14
    83   3.78445   2.50706   5.98683    2063   20
    84   4.13429   1.83916   2.53740     997   13
    85   3.51911   1.53904   5.08835    1235   17
    86   2.42181   2.98816   1.31129    1886   18
    87   0.79977   1.13957   5.41061    1161   14
    88   3.66615   2.01273   3.28233    1212   13
    89   2.20720   1.25859   0.73063    1072   11
    90   2.03280   2.66692   5.06826    2294   17
    91   0.45703   0.69504   5.38429    1048   14
    92   0.28424   1.75509   3.98450    1768   15
    93   1.71072   1.34835   5.47083    1532   14
    94   2.51851   1.31323   4.72553     982   13
    95   3.56581   1.80874   0.83822    1159   12
    96   4.28546   1.39143   1.45633    1745   19
    97   1.00814   1.89998   1.31970     651   11
    98   0.53450   1.09862   0.62891    1173   16
    99   3.36235   2.37552   2.05150     677   12
   100   3.39680   0.47489   4.60142    1467   17
   101   2.35964   0.89643   1.58175    1374   15
   102   4.63231   1.42101   5.83258    1816   18
   103   6.06058   1.04299   3.95911     790   12
   104   3.85597   1.71314   5.43447    1110   15
   105   4.79648   1.05229   0.27924    1956   16
   106   5.19730   1.74967   3.98048    1621   13
   107   3.20125   0.11016   4.68087    1641   16
   108   5.10268   2.49091   2.61630     799   11
   109   1.01799   2.28031   0.03416    1732   15
   110   1.51084   1.60946   2.93257    1513   16
   111   1.06208   2.30783   2.86988    1997   21
   112   4.44504   1.69007   3.67686    1552   16
   113   3.05538   2.71304   6.17947    1747   15
   114   0.51108   0.97703   2.22238    1300   13
   115   4.09566   1.22382   6.04930     984   15
   116   3.40844   0.55955   5.21898    1419   14
   117   4.15675   2.44263   1.31453     957   12
   118   2.10926   1.80118   2.34599    1593   17
   119   1.65883   0.94739   5.99403     801   10
   120   2.84500   0.72842   2.51448    1556   16
   121   4.34904   1.16742   4.91375     774   14
   122   1.23622   0.72523   6.16980    2238   20
   123   3.30626   0.26601   5.69843    2322   21
   124   3.20625   1.15513   3.03892    1096   14
   125   2.12754   1.39166   3.09439    1641   16
   126   5.01811   1.85819   4.24472    1231   14
   127   1.01030   2.02833   0.74870    1684   19
   128   5.88254   2.36599   4.55959    1530   17
   129   0.83320   1.12621   5.68313    1739   15
   130   3.99686   1.47956   5.51994    1350   18
   131   3.35289   1.25853   0.52734    1202   15
   132   1.60378   1.61902   4.39512    1458   15
   133   1.69371   0.18006   5.19138    1387   15
   134   4.87761   0.96079   1.45882    1067   14
   135   0.79258   1.31087   4.93216    1557   15
   136   2.58708   2.46710   4.19788     887   13
   137   3.97062   1.14541   5.65886    1447   16
   138   4.57046   2.51706   4.14845    1040   13
   139   1.93365   0.63378   1.60969     777   13
   140   4.66806   1.38893   3.25171    1527   16
   141   1.90300   1.73241   3.33169    1561   17
   142   5.60458   1.96996   2.53220    1122   16
   143   3.92605   0.22157   3.17550    1846   19
   144   4.00666   1.37990   5.65950     758   12
   145   3.97633   0.25502   1.42353    1260   14
   146   3.63394   0.40814   0.82940    1963   16
   147   3.21804   1.01106   5.74530     948   11
   148   5.10137   0.51919   1.50451    1036   12
   149   2.13096   2.18549   5.54972     766   12
   150   1.68644   0.40749   3.32023    2911   23
   151   4.52083   1.06798   2.41995    1231   14
   152   5.96188   0.42762   5.10745    1285   14
   153   0.74097   1.33562   0.70268    1127   11
   154   4.83921   1.11170   0.23778    1674   17
   155   1.74575   2.30546   5.60407    1104   16
   156   4.91278   2.39634   3.60348    1074   16
   157   3.39698   1.95759   4.82590    1697   18
   158   4.57046   2.51706   4.14845    1314   18
   159   4.43535   1.92966   1.22841     696   12
   160   5.32496   1.13676   4.49061    1268   17
   161   4.09867   0.95473   3.57079    1142   14
   162   5.76079   1.54468   0.82350    1552   16
   163   5.65640   2.47560   3.35786    1046   15
   164   5.92882   1.51784   2.30624    2139   19
   165   5.84421   1.57953   5.35229    1443   16
   166   1.64295   1.38316   4.07793     739   12
   167   5.04486   0.78071   5.21970     916   12
   168   1.36436   1.58856   5.40751    1598   18
   169   0.23339   1.76922   5.90377    1068   13
   170   2.20206   2.44924   2.83058     908   11
   171   5.05173   1.60803   4.12041    1007   14
   172   3.14369   2.54163   4.31257    1634   16
   173   2.61702   2.67085   4.55791    1037   12
   174   0.61070   1.21737   4.49196    1373   15
   175   0.43814   0.81811   4.31101    1123   14
   176   4.68371   0.77255   2.70150     701   11
   177   1.38393   1.74119   3.00428    1366   17
   178   1.57250   1.90371   2.76890    1530   20
   179   4.49671   1.00313   4.49306    1018   13
   180   1.14926   1.03065   0.02447    1443   13
   181   3.91252   2.16086   1.43087     631   11
   182   5.76925   1.24319   2.05016    1149   14
   183   5.48304   1.38572   2.09456    1578   14
   184   4.21102   1.00026   5.18974    1574   15
   185   4.66469   2.88522   1.49829    1220   13
   186   3.93678   2.11460   4.79731    1469   17
   187   2.36899   1.13982   2.38963     969   11
   188   4.27651   0.92313   2.36664    1870   18
   189   0.83157   1.17793   5.24483    1713   17
   190   4.82349   2.34047   4.65077    1275   14
   191   2.84987   0.99792   0.10856    1172   16
   192   2.37438   1.68438   1.83263    1395   17
   193   0.63110   1.61881   2.51547     812   10
   194   4.29849   2.24059   3.75928     860   13
   195   6.25911   0.80635   5.21348    1109   12
   196   2.55487   2.08474   4.97735    1198   14
   197   0.74419   1.09991   0.69601    1853   16
   198   1.83897   2.42545   0.92458    1107   13
   199   0.79427   1.44341   2.49966    1149   15
   200   2.89965   2.01413   3.88597    1168   14