     1   0.00000   0.00000   0.00000       0    0
     2   1.30357   0.48194   2.35326    1310   16
     3   0.22490   0.74611   4.13212    1540   14
     4   0.10658   2.58885   2.72740    1025   13
     5   1.84615   2.29084   1.85286    1014   13
     6   0.26439   2.67118   0.93988     972   14
     7   4.88335   1.50407   4.33827     685   12
     8   1.51710   2.49329   4.33938    1238   15
     9   5.32563   2.04919   5.92877    1237   14
    10   1.82834   2.53892   3.84139    1331   15
    11   2.74064   2.19879   1.10468    1168   18
    12   0.18452   0.75622   5.34020    1495   16
    13   0.96722   2.84326   2.58658    1651   17
    14   4.96796   0.84517   1.63947    1410   13
    15   3.00270   2.95425   2.48330    1179   14
    16   5.11266   0.53048   3.75747    1348   17
    17   2.27717   2.25876   4.38386     504    9
    18   0.69488   1.28936   0.61138    1652   19
    19   3.60609   0.81148   2.42489     867   13
    20   3.35909   2.43530   5.39556    2137   19
    21   5.74511   1.98790   0.99673     786   13
    22   2.61780   1.88474   0.54297    2148   18
    23   4.64913   2.43274   0.51925    1544   18
    24   1.51774   0.71434   1.23864    2412   18
    25   2.65664   1.75552   0.89349     921   12
    26   6.09851   0.96721   2.77815     793   12
    27   2.79521   1.48698   0.85912    1772   14
    28   2.20074   2.37575   1.13044    1695   17
    29   0.22997   1.51752   3.21875    1245   14
    30   2.96943   1.66856   0.77089    1771   17
    31   2.13802   2.89726   0.69156    1054   10
    32   2.05024   2.38190   1.00300    1508   14
    33   2.93379   1.50204   3.37320    1891   15
    34   1.19140   1.39699   6.19112     842   14
    35   6.24536   1.54798   1.16569     904   12
    36   3.88574   2.32408   3.21704    2802   19
    37   3.92043   0.37791   1.13610    2149   17
    38   1.06760   1.56581   5.71016    1505   18
    39   6.05886   1.13611   3.24441    1425   17
    40   2.43773   0.95539   1.17213    1263   14
    41   0.76900   1.19194   0.65607    1500   18
    42   0.73045   0.81297   2.96786    1837   16
    43   0.27686   0.42433   0.94586    1026   14
    44   1.35823   2.54366   1.17473     752   10
    45   2.26857   2.09122   2.56095    1467   14
    46   5.13763   0.75077   5.88536    1574   16
    47   2.93351   0.60723   0.74972    1289   14
    48   0.78138   1.25139   0.03853    1132   15
    49   3.12622   1.07427   3.96909     876   13
    50   2.27514   0.73432   3.43621    1293   11
    51   1.83387   1.94153   5.86395    3570   21
    52   2.35408   0.82856   0.72218    1216   14
    53   2.92081   0.46474   2.19613    1758   16
    54   2.33370   2.04067   0.43967    1008   14
    55   4.91991   0.78978   0.60732    1726   15
    56   1.53319   0.78657   5.63650     883   10
    57   1.15929   2.37105   5.16936    2167   16
    58   2.64897   1.77157   1.19325    1981   16
    59   2.44084   1.88860   0.82227    1249   14
    60   5.94008   1.73349   4.74158    1133   14
    61   2.69741   1.47542   2.00153     996   16
    62   2.77843   2.52837   1.33808     897   14
    63   4.94267   1.91224   3.22584    1145   15
    64   3.25573   2.59751   3.95880    1391   16
    65   4.40336   2.24457   4.59225    1171   16
    66   3.02786   0.88086   3.44358     914   14
    67   3.52767   0.84960   5.56057    1766   18
    68   2.67327   2.56864   1.40465    1386   15
    69   3.50457   1.58446   2.70692    2191   19
    70   2.54548   2.85400   3.91861    1533   15
    71   0.55206   1.13402   5.43057    1518   15
    72   3.78421   1.70566   3.61361    1088   12
    73   1.10916   0.77117   0.52769    1025   13
    74   0.35762   1.57915   0.75261    2112   17
    75   5.78212   2.41053   3.85552    1409   19
    76   5.66274   2.42365   0.88766    1161   14
    77   1.32991   2.35869   2.68324    1427   16
    78   4.75401   1.68608   4.02970    1014   12
    79   3.96581   2.73845   1.18549     772   13
    80   3.29074   2.41605   4.05469     935   13
    81   5.11909   2.55573   5.41087    1323   15
    82   3.74481   2.35681   5.70882    2002   15
    83   0.16117   1.32191   4.62621    1702   17
    84   0.46240   0.86913   1.42513     999   13
    85   5.16536   0.75250   6.25035    1223   14
    86   1.06521   0.43021   2.54015    1432   13
    87   4.00456   1.62463   0.65606    1392   14
    88   0.36534   1.40822   4.68696    1501   15
    89   4.74547   1.69977   5.01488    1638   17
    90   1.93248   1.21542   1.42188    1600   17
    91   0.30435   0.85359   0.81163    1203   15
    92   1.28417   1.18149   5.06502    1464   16
    93   1.44939   0.82536   2.38836     845   12
    94   5.55725   1.46968   4.07365     704   10
    95   5.34171   1.47563   4.24551    1570   18
    96   4.18942   0.79271   5.48671    1556   15
    97   6.09510   1.53657   2.83635    1262   14
    98   3.39043   1.29216   3.84204    1414   16
    99   4.30112   2.27620   0.96748    1560   18
   100   4.57613   2.25026   3.27185     593   10
   101   0.09463   2.81036   3.27441    1074   15
   102   3.70572   1.12904   5.46696    1385   14
   103   0.80329   0.17246   4.39006    1350   14
   104   3.58523   2.63110   2.81221    1803   18
   105   4.37597   2.59995   1.14965    1239   12
   106   1.73797   0.83729   3.56296    1308   16
   107   2.17505   2.58759   3.14031    1057   15
   108   2.41455   1.89078   5.61083    1497   12
   109   5.61210   1.70984   4.89299    1509   16
   110   5.57463   1.73681   1.88225    1412   16
   111   3.28122   1.27884   3.29458    1352   17
   112   4.38627   2.23655   5.34662    1616   15
   113   3.48669   1.02840   5.43872     816   14
   114   5.62072   1.44070   3.08498    1433   14
   115   1.28845   1.39709   3.48939     858   11
   116   4.06277   1.59258   5.34634     881   14
   117   2.99212   0.51693   4.06265    1139   14
   118   3.01327   1.18726   3.73303    1493   15
   119   0.34297   0.59346   5.42235     641   13
   120   0.96417   2.02101   0.19079     891    9
   121   2.94101   1.99425   0.82497    1427   17
   122   6.18131   1.31227   0.65814    1491   17
   123   4.13619   2.06149   2.85374     935   12
   124   2.93513   0.19379   0.62282    1403   16
   125   3.69050   0.86641   3.67968    1739   20
   126   2.61746   2.13487   3.76087    1171   12
   127   5.81296   1.01204   5.49753    1117   17
   128   1.47054   0.65955   3.20145    1157   13
   129   2.93845   2.02207   5.62239    1842   16
   130   3.33755   2.65681   3.25817     830   12
   131   6.06713   0.90798   4.12477    1613   18
   132   5.77320   0.90211   4.39469    1329   16
   133   1.26294   1.54167   2.69931    2433   18
   134   5.03708   2.45187   4.57012     877   14
   135   2.24435   1.84870   2.48086    1268   14
   136   2.43692   1.93225   0.60931     887   12
   137   5.58241   1.41493   5.71851    1338   14
   138   5.04741   2.15349   0.90233    1021   12
   139   0.88948   2.03448   3.05618     854   14
   140   5.89722   0.98841   1.18513    1085   15
   141   0.47853   1.83709   3.02530    1569   14
   142   1.11975   2.27076   2.63927    2528   20
   143   2.05255   0.71888   4.09183     804   12
   144   2.26276   1.36919   5.97783    1077   15
   145   3.93771   2.32533   3.05809    1365   14
   146   4.04790   1.80489   4.56923    2117   19
   147   3.18236   2.49245   0.42091    1324   18
   148   4.49807   0.71667   5.76099    1123   11
   149   4.81304   1.76418   2.40140    1050   14
   150   5.00266   0.71183   5.17381    1611   15
   151   0.40028   2.33312   6.03895    1285   15
   152   5.32074   1.16494   3.47259    1322   13
   153   5.06123   1.53529   3.98069    2363   17
   154   5.73397   2.45627   3.60653    1546   19
   155   2.17160   1.02140   5.69696    1258   15
   156   3.80555   1.09330   3.65134    1354   14
   157   5.27392   2.33357   0.56097     932   11
   158   4.30117   2.43967   3.25397    1307   16
   159   2.08407   2.47305   2.02113    1214   14
   160   2.29933   0.80651   4.39633    2178   18
   161   2.98877   0.45151   6.03748    1248   13
   162   3.48645   0.38732   6.05073     796   11
   163   0.56904   1.25979   3.87323    1132   13
   164   1.30224   0.84649   3.80168    1786   17
   165   3.79856   1.80034   5.17083    1100   16
   166   2.19537   2.64213   6.06690    1051   12
   167   0.88484   2.16652   3.63880    1215   14
   168   4.08876   0.41550   2.09280    1754   18
   169   5.51603   0.88318   5.95995     899   14
   170   1.22569   1.32085   1.39935    1069   13
   171   3.62662   2.05717   5.81349     867   15
   172   0.54034   1.57259   1.66616    1425   18
   173   2.37929   1.30407   5.48824    1368   16
   174   4.13434   1.80720   2.54671     830   12
   175   2.28245   1.87666   4.01713    1368   15
   176   3.79996   0.87284   2.04868    1515   15
   177   3.59575   1.24496   5.79472    1481   13
   178   2.65737   2.58972   4.48285    1128   11
   179   2.27328   2.24734   1.33530    1073   16
   180   4.69591   2.50288   4.98405     753   13
   181   0.71146   1.99286   2.79127    2251   19
   182   1.93651   2.22999   3.25610    1016   11
   183   2.75578   2.48432   4.36016    1241   14
   184   3.37281   2.40538   0.51008    2105   20
   185   4.49756   2.55381   2.51723    1124   11
   186   1.45121   1.90541   4.35255    1328   14
   187   3.29557   1.85843   5.94852     976   12
   188   0.67359   2.27559   4.37700     746   11
   189   3.55659   0.96078   0.04490    1042   12
   190   0.30233   1.55008   0.70701    1815   17
   191   5.69923   1.84421   4.03539    1769   18
   192   3.43039   2.09181   3.37036    1229   16
   193   6.21554   2.08558   1.76410    1352   17
   194   2.17214   1.12480   4.75829    1413   14
   195   3.31036   2.26987   4.82151    1264   13
   196   3.76578   1.58878   5.69618    1253   12