     1   0.00000   0.00000   0.00000       0    0
     2   3.67987   1.51147   0.01084    2924   16
     3   2.12424   1.49670   3.23635    1375    9
     4   3.08010   2.99972   0.85770    1986   19
     5   5.31245   1.55643   6.22379     955    9
     6   0.59433   1.67673   6.23711     853   12
     7   0.67258   1.70146   1.66391    5254   28
     8   2.31685   1.59829   0.10780     322    8
     9   3.73716   1.46172   4.73789     648   11
    10   3.87406   3.00503   1.63674    1954   12
    11   0.74838   1.71230   0.05539     879   12
    12   5.24527   1.57578   6.26630     799   11
    13   2.29847   1.58697   1.58733     870   10
    14   3.80044   1.34779   3.03864    1194   12
    15   5.39975   1.53775   3.07645     653   10
    16   2.31685   1.59829   0.10780     738   11
    17   0.60646   1.76026   3.02262    1270   11
    18   0.53122   1.75259   0.01395    1701   17
    19   3.36263   2.95290   2.58680    1342   14
    20   5.38039   1.63570   1.56966    1359   15
    21   3.35397   2.95682   2.63883     580    8
    22   1.77562   0.13728   5.26862     395    9
    23   0.97563   0.02689   4.41295     304    5
    24   5.34340   1.61597   6.07689    1801   13
    25   0.56876   1.60816   3.06239    2677   19
    26   0.45643   0.22547   5.02517    1384   15
    27   3.18832   2.94386   4.12433     523   10
    28   2.19852   1.45892   3.29180     447    8
    29   2.20141   1.53779   0.01265    1522   15
    30   5.47733   1.63551   6.07428    1048   15
    31   2.16421   1.61951   1.62277    1161   13
    32   2.24007   1.59749   4.91946     666    8
    33   0.38735   0.14279   0.39640    2101   17
    34   3.75116   1.29613   0.07335    1068   13
    35   0.99863   0.21571   4.40803    1325   16
    36   2.31685   1.59829   0.10780     294    9
    37   4.42135   2.95927   0.56364     947   20
    38   0.69390   0.25484   0.08861    1957   18
    39   2.31685   1.59829   0.10780    2174   17
    40   3.20661   3.04423   4.23029    1006   12
    41   0.60746   1.69217   1.57300     804   12
    42   5.29367   1.65024   4.62721     539   15
    43   4.29141   2.91076   5.17010    3361   23
    44   0.56876   1.60816   3.06239    1329   11
    45   5.27423   1.53508   6.13800    4197   24
    46   2.08857   1.51262   1.75880     450   11
    47   0.90142   0.17264   4.35433    1346   13
    48   6.16186   0.16196   3.96354     705   11
    49   2.19827   1.56190   3.35358    1905   14
    50   2.30288   1.44496   4.88704     453   10
    51   0.75230   1.63160   0.01095    2731   17
    52   5.39975   1.53775   3.07645     778   12
    53   0.75660   1.79544   1.50415    2881   19
    54   0.61645   1.72004   4.75160    1943   15
    55   3.79387   1.44269   0.09261    1732   14
    56   4.23487   2.98555   5.12995    2252   19
    57   0.71375   0.24173   6.23117     399    7
    58   5.31245   1.55643   6.22379     328    9
    59   5.47733   1.63551   6.07428     414    8
    60   0.49878   0.12507   1.78926     621    9
    61   0.59109   0.24088   3.11918    1884   17
    62   5.31245   1.55643   6.22379    1566   13
    63   3.79910   2.99567   3.16887     922   12
    64   5.45974   1.57321   1.37461     335   11
    65   5.36392   1.64902   1.45039    1698   13
    66   2.20513   1.58770   4.95077    2198   16
    67   0.57973   1.66288   3.15531    2159   16
    68   5.43166   1.54521   2.87455     970   12
    69   5.41554   1.57314   6.18254     387   11
    70   3.63954   2.90135   4.59495     869   13
    71   3.87778   1.39429   1.51413     739   12
    72   3.77311   2.98799   0.00127    1158   14
    73   3.89566   1.48837   3.26174     710   11
    74   3.89884   1.34304   3.19270     469   11
    75   2.28450   1.55231   3.29105     332   10
    76   3.80044   1.34779   3.03864     897   15
    77   1.67774   0.14579   0.57018    2919   17
    78   3.70990   3.03113   1.42974    3397   23
    79   0.74838   1.71230   0.05539     840   14
    80   0.52226   1.71818   1.47893    2508   17
    81   3.59738   2.94152   2.96670    1013   11
    82   0.84173   0.12796   3.02444     899   11
    83   1.03851   0.19525   5.90187     622   12
    84   0.66617   1.66514   4.60357    1405   15
    85   0.34000   0.07666   3.33773     636    9
    86   5.39975   1.53775   3.07645     859   13
    87   0.66712   1.81699   4.76818    1301   14
    88   5.36096   1.59240   6.20613     827   11
    89   0.47187   0.18693   1.71608    1911   17
    90   3.59738   2.94152   2.96670     464   11
    91   3.98034   3.09713   1.62734     585   12
    92   5.32436   1.67650   4.59069    1841   13
    93   2.08857   1.51262   1.75880    2258   20
    94   2.31685   1.59829   0.10780     651   11
    95   0.52368   0.06622   0.23342     589   12
    96   0.77086   1.78765   0.12490    1144   15
    97   2.23746   1.63420   3.24507     409   10
    98   0.56876   1.60816   3.06239     530    7
    99   0.77950   1.71672   6.18775     368   10
   100   0.69339   0.12911   4.63998    3592   25
   101   5.47612   1.64088   2.96774    2131   20
   102   0.66530   1.69362   3.20092     449    8
   103   2.29276   1.60463   4.83862    4624   25
   104   0.66864   0.18071   1.46539    1329   16
   105   3.60792   2.99253   5.96940    4498   23
   106   5.40980   1.52893   1.48409    1148   14
   107   0.74838   1.71230   0.05539    1795   16
   108   5.24657   1.66143   3.05656    1835   18
   109   5.27902   1.46032   6.11757    4969   25
   110   2.16128   1.58517   1.73087    1315   16
   111   3.76018   1.45564   6.22302     380    8
   112   4.43754   2.97685   2.15617    3795   25
   113   0.61455   1.60590   6.23123     674    8
   114   3.84908   1.40012   3.11101    1463   14
   115   1.11806   0.02501   1.12231    3585   25
   116   1.30126   0.14188   5.51960    1712   17
   117   5.32461   1.67872   4.49458    1047   11
   118   0.56876   1.60816   3.06239     346    5
   119   0.66581   1.69822   4.71817     573   10
   120   2.08857   1.51262   1.75880     489    9
   121   0.66885   1.78086   3.15895    1854   15
   122   5.42857   1.69857   4.60349    2731   22
   123   2.28946   1.57103   0.11747     525    7
   124   3.80533   1.50788   6.26127     947   13
   125   0.56876   1.60816   3.06239    1281   14
   126   2.10691   1.59219   1.77479     826   11
   127   3.76903   1.41287   3.12196    4116   21
   128   0.62347   1.78250   1.61571    3043   21
   129   5.39975   1.53775   3.07645     676   13
   130   1.77562   0.13728   5.26862     962   13
   131   3.71530   1.50403   4.78461    3058   20
   132   5.42857   1.69857   4.60349     886   11
   133   4.96154   2.97696   1.13071     615    9
   134   5.45915   1.68429   4.63239    2084   18
   135   5.29367   1.65024   4.62721     835   10
   136   5.46182   1.68612   1.49831     375    9
   137   3.82885   2.89043   4.82472     365    9
   138   0.15880   0.13746   1.93935    3007   19
   139   5.39975   1.53775   3.07645     345    7
   140   3.68030   1.51693   1.68973     289    6
   141   3.83864   1.49698   6.18342     538   11
   142   2.14642   1.56442   4.84888    5774   25
   143   0.52535   0.06666   0.16515     883   13
   144   3.75813   1.40995   3.08653    2371   19
   145   0.62852   1.73588   0.04178    1564   16
   146   0.72923   1.79412   3.17236    1412   12
   147   5.39421   1.64634   3.13426    1211   11
   148   0.66937   1.77775   3.11437    1087   16
   149   5.36060   1.45312   1.38777    3493   25
   150   1.61289   0.15361   2.18610    2373   20
   151   0.53583   1.68556   4.76982     391   10
   152   5.74980   0.10299   5.89693    1050   12
   153   2.19073   1.69568   1.69636    2359   19
   154   0.66755   1.74041   1.69694    3843   21
   155   1.33426   0.10981   4.02819    3794   22
   156   5.47733   1.63551   6.07428    2864   17
   157   3.68761   1.38787   3.23704    1485   13
   158   3.59738   2.94152   2.96670     583   10
   159   2.13280   1.59171   3.23702     793   14
   160   4.35395   3.08630   2.17905    1042   15
   161   0.07110   0.19333   3.72655     325    7
   162   4.05063   2.95729   1.84229    4584   28
   163   5.40179   1.47406   4.50900    1294   16
   164   3.67833   1.38216   1.54695     933   15
   165   5.48798   1.59681   4.64007    4672   20
   166   3.89493   1.38973   0.05552     826   13
   167   3.67633   1.39981   6.27383     713   12
   168   5.25349   1.56998   1.41033    2052   16
   169   3.87939   1.43184   6.24567     757   13
   170   5.34956   1.51191   6.15170     359    9
   171   5.32012   1.64124   1.45189    2364   19
   172   5.42736   1.60571   2.93585     797   11
   173   0.58883   1.67358   3.19097    3375   22
   174   3.79340   1.36239   4.64836    3980   28
   175   0.68494   1.75672   0.06492     741   10