     1   0.00000   0.00000   0.00000       0    0
     2   3.38749   0.87258   4.64972     594    7
     3   6.27673   0.70894   1.78452     567   13
     4   3.27833   0.85752   4.71797    1802   15
     5   4.94347   1.61196   2.42232     727    9
     6   3.44458   0.82501   3.02120    2034   16
     7   4.84241   1.59719   4.00729     614   12
     8   3.32126   2.37778   3.17780     348   10
     9   4.80947   1.52654   2.41711     714    9
    10   6.27477   2.26139   4.68468     544   12
    11   3.27768   2.36537   0.01619    4020   17
    12   0.20769   2.32113   4.86944    1993   15
    13   3.27498   0.79563   1.57963    1628   18
    14   3.16554   2.46466   0.00818    1953   15
    15   3.20361   0.85209   3.03427    1105   14
    16   3.38601   0.93274   6.11285     381    9
    17   0.00000   0.00000   0.00000     619   10
    18   6.19133   0.74662   1.79009    1878   16
    19   3.08515   2.45937   4.51106     857   13
    20   3.20687   0.79476   1.43323    1100   15
    21   1.73365   1.58695   3.87244    1856   16
    22   0.02219   0.65873   1.77836    4601   24
    23   3.21753   2.42796   6.18042     467   10
    24   0.16247   0.67376   1.54924    4218   22
    25   1.76499   1.45751   3.84845     968   11
    26   0.13022   0.62221   3.05970     537   10
    27   4.74855   1.60391   0.85643     576   12
    28   3.31166   0.86435   1.39766     782   11
    29   0.12245   2.21205   1.59317     640   11
    30   2.97878   2.42594   5.96282     676   13
    31   0.05629   0.72822   4.66123     915   12
    32   4.88764   1.55914   3.95364     722   10
    33   3.18570   0.88951   3.11473    1470   15
    34   0.23837   2.32757   4.75314     722   13
    35   0.02219   0.65873   1.77836     635   10
    36   1.62291   1.48434   0.60777    2028   17
    37   3.15336   0.81534   1.61267    4315   23
    38   0.12564   2.33772   1.60208    3097   20
    39   3.34658   0.93915   6.11040    1066   11
    40   1.82990   1.56866   0.67137    1569   12
    41   3.13821   2.42192   6.12472    1477   12
    42   4.85098   1.64574   2.49414     704   12
    43   6.22026   0.72274   3.33940     298    7
    44   1.59881   1.54674   2.20277     373   10
    45   3.00668   2.50321   2.96724    3406   19
    46   3.49612   0.84219   4.42595     697   12
    47   1.72995   1.33290   0.73761     512   11
    48   0.16625   0.61897   1.55500    1939   18
    49   4.92515   1.65224   5.57642    1851   15
    50   3.28397   0.82992   1.48498    4023   22
    51   4.69743   1.73612   5.55162    1618   14
    52   2.97018   2.34546   2.93175     554   11
    53   0.20534   2.17595   4.84746    2966   19
    54   6.13914   0.79304   4.86952    2084   16
    55   2.97878   2.42594   5.96282     638   12
    56   3.15614   2.47709   6.20583    1533   14
    57   1.51742   1.42680   5.47167     709   10
    58   3.31180   0.91226   4.71877    1165   12
    59   0.03581   0.74184   4.93802    5400   30
    60   0.02219   0.65873   1.77836     534   11
    61   4.71523   1.65181   0.86758     811   10
    62   0.10501   2.26781   0.05584    3426   23
    63   0.13815   0.77755   1.50404    1747   19
    64   3.32087   2.45137   3.18013    5127   27
    65   1.64510   1.44867   5.41515    2239   17
    66   1.66254   1.54440   2.26640    1372   15
    67   2.97018   2.34546   2.93175    1263   15
    68   0.26032   2.23845   1.69110    1655   13
    69   0.24608   2.33556   4.74165     745   12
    70   3.32110   0.82705   3.03104    1293   15
    71   3.20881   2.53284   4.70464     719   10
    72   4.73496   1.63750   2.37425    2035   19
    73   0.12624   2.31405   0.04023    4742   20
    74   1.73478   1.50244   0.70665    1046   13
    75   2.97018   2.34546   2.93175     286    7
    76   2.97878   2.42594   5.96282    1200   11
    77   4.81604   1.69625   4.04305     971   14
    78   4.85482   1.57975   2.41301    1375   14
    79   0.14962   2.22220   4.94278     898   13
    80   4.78833   1.57064   2.35729    1864   15
    81   4.78833   1.57064   2.35729    1259   13
    82   4.75173   1.71845   0.80031    5332   19
    83   6.18698   0.73554   4.82571    5111   29
    84   3.31135   2.38138   3.08743     563   11
    85   3.01603   2.48952   4.47242     426    9
    86   3.36190   0.85699   6.23466     461    9
    87   2.97018   2.34546   2.93175     792   11
    88   3.26174   2.36072   4.73026     830   12
    89   3.26082   2.46712   1.42796    1375   17
    90   2.97878   2.42594   5.96282    1014   12
    91   2.97018   2.34546   2.93175     438   12
    92   1.74498   1.40119   0.68179     422    8
    93   3.06587   2.35726   4.45416    1405   16
    94   1.70049   1.35211   3.75885    3303   19
    95   3.02334   2.52116   2.89860     905   13
    96   4.93689   1.63962   2.52060     991   11
    97   4.73175   1.61822   3.99487     435    9
    98   3.27980   0.82233   4.49315    4559   23
    99   3.21753   2.42796   6.18042     639   12
   100   2.97878   2.42594   5.96282     447   11
   101   3.25619   2.37593   4.80974    3547   21
   102   1.77978   1.45560   0.77754     526   10
   103   4.77860   1.63771   4.00544     767   11
   104   4.81549   1.63205   0.85091     222    7
   105   3.36409   0.83998   4.63363     502   11
   106   2.97878   2.42594   5.96282    1543   15
   107   1.60496   1.61454   5.49312    1980   18
   108   1.63059   1.54023   3.81958    3462   17
   109   3.20687   0.79476   1.43323     658   10
   110   0.07437   0.63765   4.73671     388    9
   111   4.73493   1.65047   0.89815    1251   13
   112   2.97018   2.34546   2.93175     388   11
   113   1.62043   1.40512   2.23247     596   13
   114   0.20809   2.22361   3.32947    2580   18
   115   0.06381   0.65843   0.11835     856   16
   116   6.12595   0.78179   1.81614    3585   18
   117   3.28353   2.50515   3.04486    1446   15
   118   1.68836   1.52772   2.19534     792   10
   119   3.40777   0.93715   4.55187    2830   21
   120   3.08515   2.45937   4.51106     854   12
   121   0.10583   2.26995   1.72246    1829   18
   122   6.20143   0.78525   3.47550     388    7
   123   3.31005   0.96265   3.07448     994   13
   124   3.18487   0.93423   3.01739     592   10
   125   1.73231   1.56978   3.91746    2490   14
   126   3.20687   0.79476   1.43323    1459   15
   127   1.75981   1.35003   5.40520    1472   13
   128   3.25949   2.47413   4.72410    1784   17
   129   3.47572   0.81659   6.02059    3065   20
   130   1.79058   1.47624   2.20518    1012   12
   131   3.30494   0.82470   0.02742    1134   13
   132   4.85595   1.63259   5.55204    2145   18
   133   1.68904   1.41561   3.85417     468   12
   134   0.31262   2.27790   1.84602     947   11
   135   0.10462   0.74867   3.21108     275    6
   136   1.66865   1.42705   2.24468    2017   13
   137   3.16874   0.94151   3.14807     230    8
   138   4.81117   1.70080   4.01840    1000   11
   139   0.05782   0.65691   0.11028    2644   18
   140   0.16625   0.61897   1.55500     528   12
   141   4.94346   1.61886   3.95099    2855   22
   142   3.18570   0.88951   3.11473     406   11
   143   4.80947   1.52654   2.41711     373    7
   144   6.25681   0.70931   0.20696    2183   17
   145   0.18456   2.33809   0.11679    1973   16
   146   1.63913   1.58985   3.84573    1853   20
   147   3.03664   2.43825   3.01329    1541   18
   148   0.22667   2.33928   4.88082     717   14
   149   0.16809   2.19289   1.54794     802   10
   150   6.12595   0.78179   1.81614     404   11
   151   0.17424   2.33393   0.01245     551   10
   152   0.16625   0.61897   1.55500    1401   17
   153   4.81178   1.72935   5.55106     822   12
   154   0.31098   2.25306   0.24920    2776   16
   155   4.91233   1.70479   2.51094    2583   18
   156   0.20784   2.25475   1.73657    2556   15
   157   6.27657   0.75029   1.59274     412    7
   158   3.18203   0.80910   4.70765     588   11
   159   0.31526   2.22868   1.83586     451    9
   160   4.85010   1.56261   2.41112    1539   18
   161   3.16750   2.44690   4.61147    2294   16
   162   1.74411   1.48847   2.29615    2768   19
   163   1.68226   1.44540   3.91630    3506   19
   164   1.68558   1.45117   5.36356     961   11
   165   0.11983   0.72825   1.67438     942   13
   166   3.32346   0.87916   1.34442    3949   22
   167   4.74921   1.60857   3.93433     721   12
   168   6.26692   0.68576   4.84556    1432   16
   169   4.86295   1.70973   0.94722     710   12
   170   3.30004   0.85741   4.55202    1847   15
   171   2.97878   2.42594   5.96282     360   10
   172   2.94852   2.47454   1.27286    4048   25
   173   0.04234   0.65159   3.35877    3234   23