     1   0.00000   0.00000   0.00000       0    0
     2   1.07912   0.67006   5.76343    1484   17
     3   3.64994   1.01345   0.31815    1572   15
     4   3.68954   0.96188   3.48234    1017   15
     5   2.35950   1.94042   5.33759    1357   16
     6   3.54588   1.04938   5.05424    1518   15
     7   4.28336   2.35870   2.03504    2959   21
     8   2.33482   1.84878   0.63360    2111   16
     9   1.16334   0.71344   5.74797    1959   19
    10   2.27762   1.78098   3.83380    1829   20
    11   1.20227   0.73160   1.07464     911   12
    12   0.42561   2.18253   4.33118     726   10
    13   0.98679   0.56858   4.24170     708   13
    14   2.30447   1.89164   0.70094    2379   17
    15   2.33059   1.99971   3.70426    1746   17
    16   3.66033   0.98753   1.92977     657   10
    17   4.08255   2.53791   1.84888    1265   15
    18   1.18091   0.66193   5.74898    1305   15
    19   2.20087   1.98464   3.77984    1123   13
    20   2.32387   1.88569   3.74662    1629   15
    21   4.18905   2.51170   5.30290     859   12
    22   3.47603   1.03418   3.58646    1299   13
    23   5.27097   1.32530   1.04280     743   11
    24   2.26098   1.84191   2.07127    1660   17
    25   0.50585   2.20150   2.90665    1444   15
    26   3.57080   1.00978   3.42373    1505   15
    27   5.36347   1.35405   5.72158    1083   14
    28   5.36103   1.16433   0.92026    1335   15
    29   3.69113   0.89572   1.92356    1257   17
    30   0.45171   2.21328   2.92154    1692   18
    31   1.26626   0.72861   0.97007     660   12
    32   0.56487   2.25656   2.92506    2260   19
    33   2.14526   1.87608   5.32387     875   13
    34   4.09424   2.53098   3.44656    1156   12
    35   4.34521   2.43933   5.31765    1567   15
    36   1.12258   0.78216   5.88418    1578   14
    37   1.11402   0.67902   4.15635    1117   13
    38   5.47157   1.39607   4.17005    1594   19
    39   5.51054   1.32508   2.49604    1020   12
    40   0.89013   0.62475   2.70873    1257   16
    41   2.21643   1.84456   5.28749    1601   16
    42   2.32155   1.85398   5.37119    2258   21
    43   4.31759   2.48953   2.21589    1080   12
    44   2.30826   1.88268   0.60011    1526   17
    45   3.56809   1.09642   5.18875    2151   19
    46   0.55395   2.24439   2.78097    1281   14
    47   5.32339   1.31518   5.80759    1312   18
    48   2.28403   1.85948   0.72920    1217   16
    49   4.33282   2.54669   2.24986    1561   16
    50   4.19290   2.35720   0.41254     961   15
    51   3.48465   0.99772   0.37266    1406   13
    52   4.33282   2.54669   2.24986    1687   18
    53   0.91736   0.74627   5.86361     900   11
    54   2.29226   1.84168   3.77670    1779   17
    55   5.53030   1.27178   4.03300    1338   15
    56   0.52756   2.11188   5.90138    1665   15
    57   5.36381   1.25177   2.54017    1481   14
    58   1.20101   0.78060   2.58616    1292   14
    59   2.26056   1.94792   2.15525    1629   15
    60   2.44063   1.92521   2.27894     876   13
    61   1.05169   0.53218   2.67113    1486   12
    62   2.26351   1.89661   2.11684    1290   16
    63   3.70797   1.01173   0.40870     839   12
    64   0.35794   2.20043   2.63294     847   14
    65   4.05645   2.48215   0.34911    1111   13
    66   4.15233   2.53449   5.06720    1240   12
    67   4.33727   2.40246   0.62541    1321   15
    68   3.72748   0.92363   3.51490     953   13
    69   2.37729   1.81771   3.79715    1164   14
    70   0.54930   2.19862   2.82756    1300   15
    71   2.13906   1.90890   5.34446    1028   16
    72   4.27622   2.40253   3.73866    1305   17
    73   0.36288   2.12819   5.88026    1022   12
    74   3.59723   0.94591   1.87804    1583   15
    75   2.18417   2.02915   0.61623    1115   15
    76   3.43709   0.90603   0.48678    1576   16
    77   5.27097   1.32530   1.04280    1240   16
    78   5.30887   1.32812   1.09661    1590   18
    79   0.98679   0.56858   4.24170    1645   16
    80   5.34590   1.32686   4.22099    1108   16
    81   0.91604   0.72155   2.88072    1811   19
    82   3.59532   1.05649   3.63699     941   12
    83   5.48910   1.17788   4.15030    1128   14
    84   0.00000   0.00000   0.00000    1084   12
    85   4.17572   2.56111   2.10663    1005   13
    86   2.33718   1.84865   0.75412     955   13
    87   3.67663   1.07470   5.11569    1113   15
    88   5.42362   1.18316   3.99102    1064   11
    89   4.20569   2.44049   3.63290    1549   18
    90   3.60094   1.01116   5.03939    1226   16
    91   2.22654   1.86478   5.37754    1880   17
    92   3.69039   1.05055   3.50476    1852   19
    93   5.34673   1.18755   1.02891    1497   17
    94   4.33991   2.41762   3.71026    1758   20
    95   1.11402   0.67902   4.15635     823   15
    96   2.11467   1.84558   3.66874    1366   14
    97   5.32111   1.29586   2.42908    1167   14
    98   2.24542   1.83485   2.23188    1214   14
    99   1.05664   0.67039   2.66172    1482   16
   100   2.40896   1.95163   0.64941     817   12
   101   0.00000   0.00000   0.00000    1160   15
   102   3.61542   0.85351   3.53840    1501   17
   103   0.55688   2.15594   4.45661    1604   15
   104   0.99980   0.61864   2.63912     817   14
   105   4.16932   2.35285   0.39514    1550   17
   106   3.56177   1.05978   1.85079    1233   14
   107   4.05645   2.48215   0.34911    1722   19
   108   5.26350   1.32216   5.74337     615   12
   109   4.35790   2.36379   0.54414    1603   17
   110   0.46963   2.27759   2.78907    1898   18
   111   3.56326   1.03545   3.49900    1702   17
   112   0.40947   2.12845   2.78096    1041   10
   113   0.00000   0.00000   0.00000     773   10
   114   3.52561   1.03566   0.31486    2433   19
   115   2.23090   1.85924   0.55858     811   12
   116   0.47401   2.18162   4.47463     989   12
   117   2.31317   1.83023   2.04980    1135   14
   118   2.27085   1.78842   3.70239    2773   21
   119   5.42413   1.33240   2.60021    1112   13
   120   0.00000   0.00000   0.00000    1899   18
   121   2.26351   1.89661   2.11684     723   11
   122   1.17634   0.58917   2.50886    1511   17
   123   1.09728   0.56940   4.07877     873   14
   124   5.46090   1.21446   5.59496    1238   14
   125   2.31317   1.83023   2.04980    1995   18
   126   1.11402   0.67902   4.15635    1049   11
   127   4.19397   2.40261   2.13128     829   12
   128   5.29935   1.22088   4.02571    1618   14
   129   0.00000   0.00000   0.00000     677    9
   130   0.53176   2.05080   1.16208     950   12
   131   4.22391   2.40006   0.59847     708   11
   132   0.61884   2.24164   2.92870    1451   16
   133   0.50569   2.20451   5.86352    1462   18
   134   0.43842   2.09513   5.96112     912   12
   135   2.33531   1.84164   2.18232    1449   16
   136   2.26113   1.84387   3.78056    1217   12
   137   3.63284   1.08423   0.25493    1030   12
   138   4.34660   2.39108   0.47805    1644   19
   139   5.42158   1.32671   0.90753    1261   16
   140   4.31580   2.52165   2.08651    1405   16
   141   4.14884   2.50152   1.96419    1181   15
   142   4.31003   2.51990   5.25817     975   12
   143   3.54329   0.97666   5.12552    1942   17
   144   3.58947   1.05896   5.17179    1206   16
   145   2.21624   1.80785   5.25125    1762   16
   146   4.09310   2.42197   4.97662    1529   15
   147   5.36613   1.27005   2.54987     761   12
   148   2.31061   1.89952   0.76628     598   10
   149   3.63959   0.87216   1.96869    1176   12
   150   3.74475   0.92721   5.05173    1863   15
   151   2.22420   1.83438   3.67230    1458   14
   152   0.59912   2.10961   6.06886    1843   16
   153   0.42275   2.14671   1.13919    2110   17
   154   4.02578   2.44284   3.55300    2074   23
   155   0.47276   2.13757   2.67297    1608   14
   156   0.38481   2.24587   2.66233    2067   16
   157   3.58947   1.05896   5.17179     706   12
   158   2.20006   1.91201   2.19392    1151   14
   159   3.70676   0.94872   5.08575     817   13
   160   5.39849   1.30127   4.04120    1444   15
   161   4.07117   2.39452   5.08243    2704   18
   162   2.26383   1.81169   3.60338    1465   17
   163   1.11402   0.67902   4.15635    1603   16
   164   5.36109   1.27785   3.99595     928   12
   165   4.34333   2.42207   3.61336    1407   18
   166   1.02179   0.52586   1.11961    1228   13
   167   5.45590   1.40628   2.56301    1023   16
   168   3.60256   1.00463   3.37621    1528   15
   169   1.05032   0.72362   1.03987    1526   15
   170   4.13104   2.58100   3.56881    1482   15
   171   4.23798   2.46129   0.63874    1209   14
   172   1.02470   0.63087   1.26354    1160   15
   173   5.42727   1.18201   4.19550    2282   22
   174   4.22391   2.40006   0.59847     831   13
   175   4.09085   2.46114   1.93845    1629   19
   176   5.48824   1.30337   4.00845     858   14
   177   4.36662   2.53753   2.08832    1371   15
   178   5.46496   1.29377   0.95619    1081   14
   179   3.60989   0.96962   0.45914     997   13
   180   1.15634   0.72947   0.89594    1625   16
   181   0.55034   2.28458   5.89427    1787   18
   182   4.09920   2.52268   0.40934    1349   17
   183   1.15985   0.74909   2.59610    1577   15
   184   4.05645   2.48215   0.34911     685   10
   185   4.18905   2.51170   5.30290    1471   15
   186   3.65519   0.88312   0.44223     668   11
   187   2.18028   1.98469   5.30314    1165   17
   188   3.55580   0.99765   1.96496     940   16
   189   1.00769   0.79943   5.83415     899   13
   190   0.58474   2.05974   4.48356    1451   14
   191   4.22051   2.44700   5.10749    2366   18
   192   5.51847   1.32858   0.82757     714   12
   193   1.11402   0.67902   4.15635    1210   16
   194   1.14998   0.69259   4.16416     815   11
   195   5.49500   1.43569   4.01329    1105   13
   196   3.71876   0.89995   1.97507    1649   14