     1   0.00000   0.00000   0.00000       0    0
     2   5.56824   2.01449   0.37017    1618   16
     3   5.75536   0.83934   3.68205    1744   17
     4   4.94357   1.06305   0.58842    1295   13
     5   3.82178   1.62829   1.44308    1885   18
     6   0.83051   0.42956   0.85686    1126   13
     7   0.66644   1.26403   3.88487     786   11
     8   3.32751   2.59385   1.46540    1518   15
     9   0.60708   2.72315   2.44135    1121   13
    10   6.17213   1.26696   2.15820    1898   16
    11   1.08382   1.30069   5.45319    1325   16
    12   2.19989   1.02869   3.91887     897   16
    13   4.23729   1.64164   0.76242    1545   15
    14   2.88090   0.29129   5.16725    1477   16
    15   0.60737   2.03761   0.91663    1788   15
    16   0.54629   1.76087   6.09465    1257   13
    17   5.24223   1.57279   4.62069    1684   19
    18   4.17473   0.69305   4.53304    1182   15
    19   4.74874   2.60743   6.24095    1357   15
    20   5.09480   1.44490   0.88593    1147   14
    21   3.19410   0.71306   5.29549    1263   12
    22   4.22839   1.26466   0.90679    1020   14
    23   3.78756   1.50990   4.61446    2007   15
    24   5.90721   0.57695   5.32223     837   14
    25   1.09779   0.93406   0.70204    1204   14
    26   2.75287   2.72241   0.24427    1212   16
    27   6.15366   1.78801   2.14835    1578   17
    28   0.37058   0.83763   5.80268    1791   16
    29   5.62240   1.52598   5.69840    1404   15
    30   2.23640   1.34855   3.69924    1999   17
    31   0.82923   0.85653   1.82265    1066   13
    32   5.84089   2.11728   5.44962     980   11
    33   4.98271   1.51878   4.77670    1546   16
    34   0.16415   2.25607   5.80278     811   11
    35   2.37278   0.54581   4.36940    1069   11
    36   3.65653   1.52251   1.66945    1028   11
    37   3.87834   2.28486   3.84137    1627   17
    38   1.71229   1.20849   1.96252    1041   14
    39   2.73927   1.76849   0.66608    1629   19
    40   3.66428   1.28146   2.62848     890   12
    41   3.80034   2.42601   0.63743     911   11
    42   3.73379   0.76755   5.26908    1084   11
    43   0.93587   0.72047   4.58856    1050   15
    44   1.48045   1.48110   4.67101     999   12
    45   5.94191   0.47861   4.89996    1828   17
    46   1.43985   1.58581   6.01108    1116   14
    47   2.85270   1.90715   4.30721     730    9
    48   5.35336   2.65024   2.67895    3173   22
    49   0.03343   2.23444   1.42906    1508   18
    50   3.32185   2.40308   4.91200    1151   12
    51   2.35811   1.67214   0.66231    1138   13
    52   4.61014   0.82047   1.69626    1558   17
    53   0.97957   2.43780   0.73242     886   11
    54   4.51110   2.49131   2.00157    1322   15
    55   3.95524   1.32607   4.96263    1021   14
    56   5.70827   2.24816   1.02348    1170   17
    57   2.27029   1.95385   5.84352     876   15
    58   3.66624   2.98853   4.75545    1499   17
    59   4.39935   2.24196   4.18981    1480   16
    60   0.53326   1.02626   0.53213    1990   17
    61   3.58681   2.16959   0.97696    1582   18
    62   2.94911   2.79262   0.75042     901   12
    63   4.30162   2.20772   4.82790    1409   15
    64   5.02318   0.42659   4.34859    1417   17
    65   3.83853   0.85506   1.87668    1105   13
    66   2.30489   1.98615   2.69566    1488   12
    67   0.70287   2.37536   0.60818    1161   13
    68   0.38375   0.69527   0.53748    1723   15
    69   3.44029   0.13302   0.91034    1037   12
    70   2.68854   0.79964   1.48726    1570   16
    71   5.47938   1.03856   0.37158    1638   14
    72   1.02948   2.37833   4.82780     887   13
    73   2.20625   1.53444   3.38234     957   16
    74   0.92401   1.94431   0.13789     921   11
    75   4.68814   2.00581   4.01726    1334   15
    76   2.10523   0.57238   5.31789     912   12
    77   0.91970   1.47558   3.93819    1333   16
    78   0.32598   1.65783   0.97606    1020   13
    79   3.70169   1.77687   3.70851     835   11
    80   2.10681   2.38272   5.84151    1104   12
    81   0.25213   0.99337   4.28904     871   12
    82   1.50974   1.09817   5.48696    1336   12
    83   3.99385   1.77299   3.77571    2763   21
    84   0.46264   2.11709   2.56597    1501   17
    85   2.08902   2.10451   0.20166    1129   15
    86   3.82513   2.97260   6.26505    1571   15
    87   5.57400   1.19895   0.92898    1083   14
    88   4.10976   1.60568   6.14049    1686   16
    89   1.19492   1.22109   0.97062    1315   13
    90   3.74054   1.92960   6.00444     881   14
    91   0.85675   2.68734   4.42139    1384   15
    92   2.34658   1.71562   0.71595    1690   15
    93   1.76238   1.65118   2.26959     951   14
    94   6.06616   2.36864   1.95628    1868   15
    95   0.08273   1.68638   1.40743    1302   14
    96   3.42523   0.70687   0.56530    1141   15
    97   2.68375   2.15545   1.83500    1074   14
    98   4.44934   2.70234   0.49033     845   13
    99   4.44868   2.12470   5.00738    1345   16
   100   4.55873   0.62288   1.87822    2456   16
   101   5.65783   1.77583   5.36442    1300   15
   102   2.52692   0.88043   4.33068     942   12
   103   1.31499   2.03530   3.02114    1587   16
   104   5.16948   0.19510   3.17828    1202   14
   105   5.92869   2.40842   3.02095    1604   15
   106   6.13349   1.29147   5.73465     885   13
   107   0.27672   1.78035   0.29412    1074   15
   108   0.82426   2.46722   1.79406    1442   18
   109   5.29474   0.88352   6.22083    1091   14
   110   0.37936   1.34546   0.00316    1134   13
   111   2.12396   2.40010   2.62327    1033   12
   112   0.16187   2.60290   1.29744     639   12
   113   4.25280   2.25879   0.61470    1228   15
   114   0.01740   0.98094   3.77257     909   11
   115   1.14522   2.22793   5.58679    1368   15
   116   2.15545   1.29594   0.36160     964   11
   117   4.78345   1.01468   0.76268    1828   19
   118   2.53538   1.92611   6.27826     840    9
   119   4.32610   2.26644   1.28014     654   13
   120   5.03162   0.77066   4.31578     802   11
   121   5.83562   1.67561   5.58519     910   14
   122   1.56983   2.32480   5.73644     858   11
   123   4.53891   2.09708   0.51323    1273   15
   124   3.22069   2.69048   4.63915     989   13
   125   5.96597   1.62575   0.06359     862   12
   126   1.07627   2.67233   5.53298    1201   13
   127   5.48711   2.35519   3.53231    1372   14
   128   3.38712   0.19182   1.02211    1581   17
   129   4.05607   1.44755   0.41585    1423   16
   130   3.23748   1.73452   5.06865    1320   16
   131   4.85534   1.16141   2.57277    1556   15
   132   3.21241   0.79068   2.16531    1762   19
   133   1.44737   1.37525   0.45419     885   13
   134   2.87822   1.02616   0.60307    2476   17
   135   2.98442   2.18408   0.62573    1881   18
   136   0.73776   0.44490   4.89727    1398   16
   137   1.37090   1.22450   4.14359     908   13
   138   4.01558   2.16207   2.35215    1573   14
   139   0.96290   1.04670   1.18039    1328   14
   140   0.16517   2.59707   3.54212    1021   11
   141   5.82116   1.21830   1.42562    1216   15
   142   6.15872   2.24200   4.91624    1908   19
   143   3.10636   1.30001   3.48118    1277   15
   144   1.32052   2.40915   6.09354    1268   15
   145   5.96968   1.91696   0.84174    1181   14
   146   3.13436   1.80336   2.11738     773    9
   147   2.79532   2.40612   3.13778    1451   16
   148   1.50891   0.56669   1.58755    1530   14
   149   1.93137   2.13548   0.78971    1155   12
   150   2.75377   2.92225   6.15767    1260   16
   151   2.41180   1.79708   2.61806     974   13
   152   5.27463   2.05349   3.32155     973   14
   153   0.95537   0.52232   5.86403    1487   16
   154   2.79255   0.97357   4.64789    1797   16
   155   5.69492   0.99585   1.64302    1414   17
   156   2.69624   3.06520   3.85608     584   10
   157   0.94532   1.79130   2.49625     897   12
   158   1.57482   0.87758   2.74319    2021   16
   159   4.07286   1.21925   1.58437    1798   19
   160   5.20505   2.06028   5.85504    2309   17
   161   1.36823   2.61556   3.71056     758   13
   162   2.60832   1.50311   0.01964    2705   18
   163   3.36703   0.98220   3.41204    1149   12
   164   5.99359   2.25219   2.82097    1487   17
   165   2.95781   1.38206   0.32781    1189   15
   166   2.56934   0.66927   0.86084    1934   17
   167   1.89699   0.98431   4.01300    1811   18
   168   3.66523   1.01041   0.45608     983   12
   169   5.29130   2.42022   3.57889    1268   16
   170   4.07164   2.11896   5.31030    2209   21
   171   3.57766   2.43868   3.32187    1015   14
   172   2.51442   1.91213   3.87996    1365   15
   173   3.79938   1.86716   2.35540    1672   15
   174   3.20708   2.41840   5.74425    1789   18
   175   5.37061   2.25459   0.35912    1138   13
   176   3.24886   0.32223   6.15050    1132   14
   177   3.03739   0.68135   0.56891    2276   20
   178   3.70412   2.40617   2.32759    1432   16
   179   5.64481   2.14397   1.99426     602   12
   180   2.53937   1.43924   4.62015    1050   15
   181   5.35027   2.55180   5.92913     784   15
   182   1.85041   1.79385   4.40297    1523   18
   183   5.26893   2.41249   5.24344    1601   16
   184   4.56701   1.29594   0.10753    1066   16
   185   1.02631   1.66909   3.88275    1376   16
   186   4.69374   1.53113   3.65139    1124   13
   187   0.66742   1.84537   6.27715    1619   17
   188   3.10534   0.32648   1.70596     982   15
   189   2.79357   1.50408   3.22906     858   13
   190   4.55180   0.80195   2.05278    1127   15
   191   5.93520   1.56924   1.57247    1262   14
   192   2.87726   0.97056   0.78409    1395   14
   193   5.42788   1.99366   4.62732    1471   17
   194   4.34953   2.28928   2.62267    1229   15
   195   2.86424   2.49313   0.47954    1870   17
   196   5.19053   1.69887   4.33626    2002   16
   197   4.35673   1.46446   1.13012    1098   16
   198   5.60083   1.10588   2.74418     972   14
   199   6.08360   1.73556   5.88090    1777   15