     1   0.00000   0.00000   0.00000       0    0
     2   4.93389   0.88169   5.38004    1153   15
     3   5.90819   2.31662   5.48881     846   11
     4   1.75386   2.26999   4.03482     819   12
     5   0.61940   1.07507   3.86516     676   12
     6   0.00000   0.00000   0.00000    1874   17
     7   5.88426   2.21883   0.79820    1139   11
     8   3.78795   2.13005   5.57924    2162   16
     9   4.62332   0.91615   2.37941    1502   15
    10   0.00000   0.00000   0.00000    1212   14
    11   3.84827   2.03967   0.90788    1246   15
    12   4.96899   0.98488   3.79470     954   11
    13   4.76906   0.83621   2.23822    1659   19
    14   0.44660   0.94088   0.93422    1460   15
    15   5.63736   2.18086   3.79588    1090   14
    16   5.60700   2.21905   5.41336    1254   12
    17   2.57744   0.94942   3.97630     917   12
    18   3.69631   2.18255   2.37435    1633   19
    19   2.62186   0.98191   3.98500    1342   15
    20   4.74644   0.95784   3.90444    1631   17
    21   4.93686   1.00241   5.39853    1684   16
    22   0.57571   1.05861   3.88588    1098   13
    23   4.89958   0.93515   5.46815    2422   21
    24   3.70672   2.09462   0.73865    2498   20
    25   1.66078   2.16525   0.81272    1141   12
    26   5.78362   2.09616   2.18695     972   12
    27   4.82929   1.06178   3.82461    1574   15
    28   3.71262   2.15106   3.79849    1192   14
    29   2.76824   0.88436   3.80159    1757   15
    30   5.79205   2.21398   0.76827    1333   15
    31   0.64519   1.10394   0.76773     913   14
    32   0.45736   0.96141   4.05408    1911   14
    33   5.80712   2.19507   4.00370    1298   15
    34   4.85656   0.98817   3.81110    1681   17
    35   5.71834   2.23167   2.30155    1003   11
    36   0.57693   1.11893   0.82440    2140   20
    37   5.84195   2.25080   4.04386    1189   15
    38   5.83249   2.17483   0.66786    1013   12
    39   3.74517   2.14319   5.51199    1563   17
    40   3.71643   2.08928   0.74985    1699   16
    41   1.76873   2.14332   4.05374    1060   13
    42   5.65791   2.26202   2.23263    1402   15
    43   2.61720   0.97324   3.94911    1480   15
    44   1.64112   2.11042   2.50382    1755   17
    45   3.58526   2.11477   5.45610     828   11
    46   0.59201   1.11500   3.84510     891   13
    47   5.76132   2.13170   2.30463    1304   12
    48   0.54300   0.94246   2.36137    2241   20
    49   0.58219   1.10757   5.55312    1218   14
    50   2.69846   0.91858   0.77883    1149   15
    51   4.80959   0.91222   5.48054    1067   13
    52   2.64647   0.91097   0.94808    1133   13
    53   3.68101   2.19097   0.83066     976   11
    54   3.65359   2.14668   2.39835    1559   15
    55   1.66621   2.13562   2.46335    1459   17
    56   2.55543   0.84353   0.89758    1045   12
    57   1.73144   2.28169   0.82943    1405   14
    58   4.64673   0.86560   3.85056    1776   17
    59   0.51236   1.02038   3.89996    1677   19
    60   4.84456   0.91059   2.24134    1108   15
    61   4.73810   1.09032   2.32992     925   10
    62   1.58534   2.05882   5.62166    1036   12
    63   2.44857   0.87795   2.46788    1589   15
    64   0.57571   0.98583   2.43007    1094   12
    65   0.57571   1.05861   3.88588    2114   16
    66   5.65791   2.26202   2.23263     988   12
    67   1.66717   2.20984   3.96610    2000   18
    68   0.58907   1.00663   2.35904    2058   18
    69   3.68086   2.15659   3.80144    1457   15
    70   2.66857   0.92712   3.85509    1041   14
    71   5.70030   2.13706   2.21629    1618   15
    72   3.72912   2.03935   5.44648    1275   14
    73   1.65551   2.15400   2.45063     945   14
    74   1.59993   2.24123   0.86382     834   11
    75   1.73246   2.08784   5.64732    1647   14
    76   4.91335   0.88334   0.66325    1070   12
    77   1.69922   2.28546   3.99318    1272   14
    78   3.79626   2.13480   0.80964    1636   17
    79   4.80003   0.95606   2.28604     906   14
    80   4.78959   0.99250   2.18378    1158   13
    81   0.53251   0.96747   4.04847    1054   14
    82   0.52983   1.11859   5.49809    2373   22
    83   0.47011   0.92344   5.54849     945   10
    84   3.73412   2.14117   5.49247    1326   17
    85   3.63581   2.19622   5.46048    1531   16
    86   5.63736   2.18086   3.79588    1099   14
    87   3.63581   2.19622   5.46048     826   11
    88   3.65700   2.06140   2.19293    1671   14
    89   2.76109   0.90277   0.84912    1134   17
    90   2.69791   0.84446   2.26329    1119   13
    91   4.77994   0.93792   2.26941    2779   21
    92   0.59250   1.10353   2.48871    1687   18
    93   2.55925   0.92450   0.86269    1361   17
    94   4.84456   0.91059   2.24134    1265   13
    95   2.59567   0.86079   5.62257    1253   13
    96   1.72553   2.12542   2.41327    1225   15
    97   4.77906   0.99988   0.69321     872   11
    98   5.78603   2.13859   0.62267    1726   19
    99   4.81435   1.00271   0.71891    1219   14
   100   1.69922   2.28546   3.99318     906   12
   101   2.52725   0.96824   0.86901    1760   19
   102   1.74588   2.21582   0.91634     949   13
   103   4.75906   0.93287   3.85583    1703   15
   104   5.63212   2.18887   5.33586     967   14
   105   4.94229   0.98472   5.37808    1829   18
   106   2.53970   0.96474   0.95694    1705   17
   107   2.60925   0.88730   2.30879    1137   14
   108   2.44551   0.92132   2.54862    1264   16
   109   0.51708   1.03721   3.92921    1207   16
   110   1.72357   2.18777   0.91797    1166   13
   111   3.85868   2.10958   3.98157    1302   14
   112   1.73144   2.28169   0.82943    1294   14
   113   4.87186   0.93279   5.34173    1119   14
   114   2.72494   0.95631   5.54886    1775   17
   115   3.81053   2.10034   4.07799     611   10
   116   5.76943   2.16353   5.29600    1267   15
   117   5.89308   2.27343   0.84015    1125   12
   118   5.76271   2.14908   2.17438    1744   18
   119   1.69072   2.11084   5.51533     948   11
   120   0.62282   0.99396   0.73609    1397   13
   121   5.77590   2.19441   5.40262     834   13
   122   3.78767   2.10760   0.76353     813   11
   123   1.74588   2.21582   0.91634    1912   18
   124   3.58656   2.08626   3.86391    1583   16
   125   2.58308   0.93697   5.53574    1352   16
   126   1.71642   2.12460   5.66113     871   10
   127   5.69475   2.32207   5.42824    1295   15
   128   2.57363   0.90640   5.57213    1715   18
   129   5.84278   2.21313   5.54100    2524   19
   130   1.72388   2.15018   5.64149    1327   15
   131   4.90745   0.90722   5.34055    1261   12
   132   5.69756   2.11646   3.84656     687   12
   133   5.78691   2.21623   3.96356    1080   12
   134   5.70857   2.17853   5.33129    1051   13
   135   4.79354   0.85363   3.88436    1168   13
   136   4.90830   0.86289   2.21132    1517   15
   137   4.82943   0.84093   2.32931    1142   13
   138   5.81899   2.23320   2.34931    1164   17
   139   0.54395   1.00977   0.82869     947   12
   140   2.55344   0.81277   2.35717    1156   15
   141   3.61601   2.24371   3.78425    1027   14
   142   2.73434   0.85886   0.80267     694    7
   143   1.64210   2.32989   3.96627    1218   17
   144   0.54326   1.00252   0.67110    1719   17
   145   0.62992   1.09132   5.47860    1684   16
   146   3.82255   2.12801   4.07322    1367   14
   147   0.58062   0.96895   0.87873     755   12
   148   0.59686   0.99631   3.92399    1485   17
   149   2.63392   0.96966   0.84394    1771   15
   150   4.77281   0.96020   5.46570     810   11
   151   5.80505   2.36584   2.37054    1738   15
   152   1.66904   2.21792   0.86567    1028   12
   153   3.71262   2.15106   3.79849     691   11
   154   5.81943   2.27220   5.44390    1539   15
   155   3.59428   2.06259   2.30262    2966   20
   156   4.81943   0.94995   2.29523    1212   13
   157   2.59002   0.86844   5.60873     964   12
   158   1.73144   2.28169   0.82943     852   13
   159   0.47353   1.02610   0.85836    1466   15
   160   3.74903   2.12566   2.38482     719   10
   161   1.62781   2.27438   4.03585    1036   14
   162   1.63238   2.17875   3.99460    1654   17
   163   1.55648   2.14803   3.90342    1316   14
   164   2.59598   0.86017   0.96326    1969   19
   165   0.54462   0.96577   5.64606    2101   18
   166   4.76552   0.86576   5.48636     654   11
   167   0.46592   1.06913   2.32328    1803   15
   168   0.55668   1.04643   0.77093    1842   16
   169   3.78839   2.14469   2.41543     886   11
   170   2.76267   0.82747   5.53747    1378   15
   171   1.64739   2.22741   4.00283    1177   16
   172   2.67926   0.94719   0.71931     637   10
   173   4.78396   0.98230   0.74740     971   13
   174   0.48520   0.93607   5.53348    2396   20
   175   0.55094   0.98503   5.46189     910   11
   176   4.93309   0.94575   2.28329    1661   18
   177   3.67815   2.14374   0.79469    1411   13
   178   2.67520   0.89762   5.46781     917   13
   179   5.67557   2.18980   3.68125    1240   13
   180   0.52379   0.93224   2.33730    1564   17
   181   2.58929   0.97787   0.76583    1853   18
   182   3.71262   2.15106   3.79849    1037   13
   183   2.54144   0.94340   3.95375    1568   17
   184   3.76185   2.00134   0.84596    1685   17
   185   5.80202   2.18349   3.83671    1487   15
   186   0.62275   1.01025   2.30403    1060   12
   187   1.63238   2.17875   3.99460    1438   15
   188   5.69529   2.23754   3.72865    1412   17
   189   5.65791   2.26202   2.23263    1036   14
   190   2.67512   0.97976   2.45690    1545   16
   191   0.54395   1.00977   0.82869    2420   19
   192   5.67557   2.18980   3.68125    1485   17
   193   0.53870   0.95559   5.62726    1069   14
   194   3.76488   2.07830   5.37877    1338   15
   195   5.66312   2.21465   0.62158    1598   17