     1   0.00000   0.00000   0.00000       0    0
     2   4.13626   1.16619   1.32837    3694   12
     3   5.79655   1.88240   1.29015    3855   16
     4   5.67824   1.90606   1.23654    4009   14
     5   2.57481   1.40175   0.23079    5221   17
     6   3.36435   2.79330   0.79344    2797   12
     7   1.05320   1.90390   1.80509    4770   16
     8   5.79655   1.88240   1.29015    3546   14
     9   1.16328   1.90476   3.48509    3679   13
    10   0.50337   0.36082   0.61136    2388   10
    11   5.73369   1.69247   2.93787    5233   17
    12   2.41508   1.27062   3.42365    5216   17
    13   4.23544   1.24258   5.95211    3512   14
    14   1.00278   1.93832   1.82560    4344   16
    15   5.72729   1.81838   2.83388    2730   12
    16   2.61923   1.33448   5.09094    2913   13
    17   3.63764   2.69779   2.61185    3604   15
    18   4.10693   1.27869   1.43950    3794   14
    19   3.67466   2.71174   2.65236    3659   13
    20   5.76999   1.70244   1.21128    4006   14
    21   2.50587   1.36001   1.81795    2292   11
    22   0.40734   0.38256   0.69460    5502   15
    23   3.54491   2.72738   2.47983    4488   15
    24   3.65236   2.68934   1.20337    3790   14
    25   2.49754   1.39960   1.82699    3375   12
    26   5.73358   1.83885   2.77900    3615   15
    27   4.18065   1.34984   2.84270    4370   18
    28   4.12503   1.24161   6.06532    4080   15
    29   3.43696   2.75857   0.99117    4811   17
    30   4.18968   1.36765   2.87158    5179   16
    31   2.56505   1.43042   3.45778    3393   14
    32   1.07520   1.83306   1.85896    5567   17
    33   0.50337   0.36082   0.61136    2202   10
    34   3.47516   2.60601   4.16567    2790   14
    35   1.12790   1.98145   3.43853    3700   13
    36   0.34921   0.33827   3.88156    3113   16
    37   5.72721   1.83451   1.36338    3362   14
    38   5.67783   1.76926   4.53275    5325   17
    39   3.09539   2.80063   5.29084    4361   16
    40   3.18527   2.80033   2.26018    3022   15
    41   2.49302   1.34757   1.77248    2270   12
    42   3.77148   2.76313   2.75176    4451   14
    43   5.78896   1.76817   5.93475    4898   18
    44   0.18506   0.24091   3.87949    3738   13
    45   3.67466   2.71174   2.65236    5021   17
    46   0.38064   0.39066   2.27737    5521   17
    47   1.08437   1.85645   4.97537    5193   15
    48   0.14501   0.22132   2.45694    5626   15
    49   4.20824   1.35819   1.24672    5302   15
    50   2.47218   1.32539   0.20177    5114   19
    51   0.40734   0.38256   0.69460    2733   12
    52   0.17085   0.37094   0.92752    3450   12
    53   0.09404   0.45383   4.09649    4297   16
    54   4.11367   1.28482   4.52102    4595   14
    55   4.18978   1.30440   2.94074    3250   14
    56   0.53866   0.44429   3.71610    3533   13
    57   5.68508   1.74599   6.04469    3638   13
    58   5.66128   1.82518   6.04271    4255   15
    59   5.63366   1.77331   4.31616    4728   15
    60   0.96191   1.81624   0.23314    4790   15
    61   4.16420   1.31231   1.43532    3411   13
    62   3.45667   2.72815   2.41609    5689   19
    63   2.47407   1.29400   0.36477    4265   12
    64   4.24167   1.20819   2.95668    4121   15
    65   0.96711   1.93407   1.89758    3878   18
    66   0.37526   0.38054   2.22113    3070   14