     1   0.00000   0.00000   0.00000       0    0
     2   1.75919   1.69190   4.85234    1457   13
     3   0.60148   0.29410   5.85545    5598   30
     4   4.08802   2.90089   0.86984    1805   16
     5   1.57497   0.25796   3.28572    1302   14
     6   0.81984   0.12908   2.32192     498   14
     7   0.65098   0.25980   5.78554    2020   13
     8   0.07786   1.82747   1.33325    1757   10
     9   3.27879   1.38916   0.13683     587   11
    10   3.36217   1.53351   3.34842    1454   13
    11   3.12112   1.36138   3.37298    1627   18
    12   0.22911   0.09045   4.65421     396    8
    13   1.78299   1.71530   1.61540    2808   21
    14   3.29712   1.50459   3.16334    1573   18
    15   3.95547   2.88593   2.16206    2359   17
    16   4.90504   1.36581   6.06862     539    9
    17   1.57497   0.25796   3.28572     311    9
    18   1.22834   0.02076   2.16558    1169   12
    19   1.58825   1.77334   0.16802    2214   20
    20   3.33610   1.39593   1.67067     589   12
    21   4.82178   1.40904   6.22038    2257   20
    22   1.16820   0.09261   5.18083    2651   15
    23   3.22465   1.44639   0.19857     303    6
    24   3.27222   1.37777   1.72087     704   14
    25   3.25772   1.39872   0.20658    1679   16
    26   1.84541   1.79131   0.17503     927   10
    27   4.77939   1.56295   6.07944     705   11
    28   0.87811   0.34451   3.95401     968   14
    29   0.69895   0.28631   4.20934    3954   21
    30   4.96612   1.56135   4.51674    4231   23
    31   0.20710   1.64700   1.44467     578   13
    32   4.91243   1.38446   2.96950    2459   16
    33   1.75791   1.79466   1.75021     930   12
    34   4.98341   1.44959   1.37536     504    9
    35   0.61636   0.21445   4.29782     657   13
    36   4.81191   1.52219   1.46517     946   13
    37   1.59588   1.68450   3.30093    1594   16
    38   3.23068   1.33428   0.21011     836   13
    39   3.18976   1.34907   4.84227     734   13
    40   4.84563   1.54869   2.98158    1545   14
    41   1.69602   1.77135   1.61229     543   11
    42   3.78878   2.92359   0.55039     557   12
    43   1.64206   1.71150   1.62480     390    9
    44   0.73157   0.07896   2.65160     981   12
    45   0.22911   0.09045   4.65421     392    9
    46   1.72697   1.70391   0.16333    3399   21
    47   0.09399   1.64715   1.55480    2108   18
    48   4.93179   1.37714   4.48606    2086   16
    49   0.61636   0.21445   4.29782    1196   15
    50   0.70397   0.13716   5.75908     619    9
    51   3.97583   3.01705   2.16801    3826   23
    52   0.88566   0.33232   3.93287    1066   14
    53   3.17774   1.36347   1.79683     756   11
    54   0.17678   1.59678   6.22441    3550   22
    55   1.78791   1.69222   3.24945    2082   20
    56   3.25116   2.96243   1.59533     475   10
    57   0.90508   0.29672   5.42171     812   11
    58   0.04260   1.61795   4.69387     839   11
    59   1.78240   1.70304   0.19345     953   14
    60   1.06804   0.03293   5.42905    4700   25
    61   3.15043   1.47915   0.07178     727   13
    62   0.96822   0.12601   2.29824    1043   12
    63   0.65848   0.14048   1.10109    1023   10
    64   4.92759   1.31697   4.65928    1794   14
    65   3.31792   1.31888   0.08338    2016   18
    66   1.01699   0.16054   2.21987     912   10
    67   1.77956   1.72845   1.60975    1601   14
    68   4.87802   1.53593   1.45643     386    7
    69   0.18917   1.75617   4.70845    2322   18
    70   1.67754   1.69009   1.74813     425   11
    71   4.76823   1.31746   4.59642    3209   17
    72   4.86003   1.34020   6.21023    2334   18
    73   1.60184   1.63054   0.10197    2017   17
    74   1.69602   1.77135   1.61229     467   14
    75   4.21283   2.98009   4.11729     330   10
    76   1.09179   0.10132   0.73223     583   10
    77   3.83521   2.84458   2.08083    1782   16
    78   3.95498   2.91714   2.25366     604   12
    79   0.05401   1.75127   3.03737    2935   20
    80   1.77063   1.58275   4.73635    2235   16
    81   1.66517   1.64466   1.64322    1378   12
    82   1.66460   1.71945   0.16590     631    8
    83   4.20259   2.86395   4.06329    1782   15
    84   0.21987   0.25346   3.04087     884   14
    85   3.18500   1.48474   3.25475    1392   16
    86   4.85448   1.44532   6.21328     616   11
    87   3.38300   3.02023   3.27449     600    8
    88   3.24799   1.45299   0.13326     390   11
    89   0.05801   1.67393   4.59939     198    6
    90   3.21398   1.47156   3.32826    1808   19
    91   3.18993   1.44280   4.80272     950   12
    92   1.64872   1.67342   1.62306     554    9
    93   3.15043   1.47915   0.07178     732   13
    94   1.49026   0.25926   1.87888    3106   16
    95   0.10597   1.75965   1.46718     985   11
    96   3.74607   2.83472   3.69543    1219   14
    97   4.04046   2.80203   2.36982    1613   15
    98   3.67955   2.98609   0.31817     507   10
    99   3.35787   2.90365   4.73081    3724   24
   100   1.65367   1.66229   0.17438     896   15
   101   1.09250   0.27703   3.63826    3814   22
   102   1.83513   1.68953   4.87590    4846   20
   103   1.74065   1.68924   4.86263     630   11
   104   0.87811   0.34451   3.95401     443    8
   105   1.34245   0.16693   0.46499     269    6
   106   0.65180   0.30064   5.68976     300    7
   107   1.65283   1.71943   4.94394    1915   16
   108   3.15043   1.47915   0.07178    1902   19
   109   0.22585   1.75219   3.09647    3198   23
   110   0.97497   0.05083   2.33934     449    9
   111   4.22147   2.96090   0.92670     387    9
   112   1.72406   1.66582   3.37103     593   11
   113   1.70624   1.59410   3.15262     669   11
   114   1.80936   1.59245   4.78886     418    9
   115   4.89813   1.35411   6.06588     871   11
   116   4.92264   1.45315   6.06927    1595   13
   117   0.31681   0.26013   6.11084     326    8
   118   1.70256   1.74991   1.81411     782   12
   119   3.32700   3.08404   1.66872     911   11
   120   0.87811   0.34451   3.95401     550   11
   121   1.78998   1.80558   3.22659    4336   22
   122   4.85320   1.38151   3.11159    1270   15
   123   0.03266   1.69469   1.40695     996   10
   124   1.67410   1.59116   0.19500    2513   18
   125   1.51717   0.05946   4.85871     704   11
   126   1.72746   1.71276   0.03789    1960   17
   127   3.23471   2.97780   3.12671    1011   12
   128   0.87811   0.34451   3.95401     414   11
   129   3.23407   1.39637   3.25457    2875   19
   130   0.13273   1.59556   2.91379     898   12
   131   0.87811   0.34451   3.95401     609   10
   132   0.81927   0.17660   0.90337     771   13
   133   3.35170   1.42205   1.75506    1511   18
   134   3.17392   1.36568   4.89599     562    9
   135   3.29662   1.41505   3.19288    1548   13
   136   4.09315   2.93399   4.03586     484   11
   137   3.31792   1.31888   0.08338     847   12
   138   1.60502   1.60573   1.63838     612   10
   139   0.16287   1.62839   1.49335    1198   16
   140   4.13638   2.88747   2.46343    3593   19
   141   4.81191   1.52219   1.46517     769   13
   142   4.81191   1.52219   1.46517     878   14
   143   3.31422   1.43455   4.86767    3573   22
   144   4.89524   1.44128   1.32302    3126   20
   145   4.90545   1.42098   1.42891    2379   16
   146   3.81770   2.95306   3.72782     448    9
   147   3.24262   1.42224   1.62351     496   14
   148   3.18500   1.48474   3.25475    1504   14
   149   4.15278   2.93427   2.33962    5870   31
   150   4.87916   1.36574   1.52831    2563   17
   151   3.32792   1.39776   3.29304     989   13
   152   3.32588   1.48906   4.95896    2600   19
   153   6.28292   1.70732   4.67472    4410   19
   154   4.14108   2.92033   5.55883     841   13
   155   3.38947   1.31780   4.77102    1290   13
   156   0.70397   0.13716   5.75908    1912   18
   157   3.15043   1.47915   0.07178     633   10
   158   1.25398   0.27826   3.59213    3924   24
   159   3.15043   1.47915   0.07178    1136   11
   160   0.70322   0.17873   2.56117    1547   18
   161   4.91243   1.38446   2.96950     517   13
   162   3.38062   1.48480   4.71219    1950   14
   163   0.15657   1.74744   1.32743    1819   18
   164   0.14800   1.77575   6.07370    3173   18
   165   3.23525   1.30943   4.78129    1725   15
   166   1.78394   1.60951   1.79777    1040   11
   167   3.29712   1.50459   3.16334     407    9
   168   3.27626   1.44812   1.70749    2156   17
   169   4.91243   1.38446   2.96950     713   11
   170   4.82703   1.40800   3.11564     445    9
   171   0.13853   1.78067   4.56023    2782   18
   172   3.22453   1.47861   4.72489    4248   24
   173   0.18701   1.77408   4.62346     977   11
   174   4.85788   1.40066   3.01064     491   10
   175   1.58538   1.69261   0.13426     636   10
   176   1.83537   1.74796   4.82396     857   13
   177   3.65468   3.07804   3.54219     475   11