     1   0.00000   0.00000   0.00000       0    0
     2   5.43917   1.75353   5.46775     725   11
     3   0.60787   0.94756   3.23525     497    9
     4   5.49495   1.76051   3.77257    1060   11
     5   2.33074   1.33023   5.54465     543    8
     6   2.40070   1.44312   1.00863    2382   19
     7   4.20277   0.66184   4.46583    1333   13
     8   2.37435   1.33518   0.94376    1169   14
     9   5.42140   1.65103   5.39528     434    9
    10   3.61727   2.16298   4.39797     535   11
    11   5.43917   1.75353   5.46775     387   10
    12   4.17181   0.73712   4.38235    1327   16
    13   3.64275   2.12399   1.40255    1381   14
    14   0.77858   2.43721   1.62503    2478   21
    15   4.24643   0.74460   2.71788     638   14
    16   3.61828   2.19847   1.33217    2663   26
    17   2.30842   1.27816   4.09619     647   11
    18   2.26053   1.46949   4.17872     569   10
    19   4.18097   0.66852   6.05698    1601   14
    20   0.50985   0.99704   4.97923    1039   15
    21   5.36088   1.77805   5.29560    1116   13
    22   4.09413   0.71604   1.29977     792   14
    23   0.58128   1.03243   4.86386     511   10
    24   0.98526   2.33559   0.35267    2010   20
    25   3.80153   2.21724   4.57221     402    8
    26   4.09751   0.72811   2.98118    1303   12
    27   4.27234   0.74665   2.76090     614   12
    28   5.43917   1.75353   5.46775     712   11
    29   0.76036   2.38650   4.90912     710   10
    30   2.31974   1.43717   5.65259    4282   26
    31   3.98595   0.69857   4.55813     868   15
    32   0.85082   2.33502   4.94171     581   13
    33   2.39553   1.37294   4.10333     730   11
    34   5.43917   1.75353   5.46775     433   11
    35   1.03996   2.39385   5.09700     433    9
    36   0.88572   2.41806   1.82868    1069   13
    37   2.15206   1.43472   2.63484    2201   21
    38   3.71033   2.19885   4.45480    2921   20
    39   5.45461   1.77355   2.27894    1439   20
    40   0.55134   0.89393   3.35761    1652   15
    41   5.47209   1.85051   5.42481     824   11
    42   4.14064   0.83219   4.38769    3739   27
    43   2.39017   1.49746   5.67118     884   15
    44   0.58057   0.95092   1.75220     448    7
    45   0.67848   0.89710   1.71752    4898   20
    46   1.03996   2.39385   5.09700     877   15
    47   1.06125   2.47993   3.52554     611   11
    48   3.62049   2.27441   6.02101     842    9
    49   3.69460   2.10735   2.85803     942   15
    50   5.49341   1.74265   3.85712     369    9
    51   5.43917   1.75353   5.46775     552    9
    52   2.25752   1.31570   1.02106     765   10
    53   0.59576   0.88467   1.77381     847   10
    54   3.69460   2.10735   2.85803     495    9
    55   4.25952   0.68363   1.21018    1140   15
    56   0.55085   0.99777   0.25310    1495   15
    57   0.55997   0.94521   1.79313     970   12
    58   3.82728   2.21692   6.19537    1436   17
    59   2.32816   1.38297   2.59541    2335   15
    60   2.29261   1.32347   5.60898    1124   16
    61   5.58280   1.68089   3.87569    2519   21
    62   2.35446   1.43729   5.62909    1243   13
    63   2.24077   1.30295   2.44493     670   10
    64   5.48271   1.71169   2.16184    2903   25
    65   5.49495   1.76051   3.77257     309    6
    66   0.87352   2.47881   1.84715     735   10
    67   5.46175   1.62102   0.73472    1324   14
    68   2.18826   1.37490   5.73333     604    9
    69   0.48479   0.82345   0.22659    4164   26
    70   3.73271   2.22243   1.39425     654   12
    71   5.50317   1.69885   5.38739    1284   14
    72   5.43917   1.75353   5.46775    1580   16
    73   1.07893   2.51024   0.38630     806   10
    74   3.79075   2.16083   4.59805    1758   16
    75   5.45723   1.80182   2.34689     939   15
    76   0.44122   0.95269   5.05760    1255   15
    77   2.41587   1.44959   0.85684     312    9
    78   5.41170   1.87271   3.72118     455   11
    79   4.03184   0.53259   1.41958    1988   18
    80   0.60580   0.91106   4.91446    2318   17
    81   5.43917   1.75353   5.46775     516    8
    82   4.07111   0.72178   1.25633    1098   12
    83   5.43467   1.78053   2.21260    1953   16
    84   3.62898   2.12954   2.92992     500    9
    85   0.90591   2.46544   0.30828     654   14
    86   2.19139   1.45428   2.59753    2438   18
    87   5.52138   1.68289   3.92595     566   13
    88   0.44122   0.95269   5.05760    2818   18
    89   2.25209   1.45780   1.02656    3926   21
    90   0.52635   0.87003   3.23815    1545   19
    91   3.69460   2.10735   2.85803    1096   13
    92   4.07134   0.59997   4.53999     850   15
    93   3.95256   2.18391   4.69473     902   12
    94   3.88056   2.14679   1.51436    1306   18
    95   0.97667   2.58351   3.51502     448    8
    96   2.35446   1.43729   5.62909     388    8
    97   3.76793   2.13727   4.52794     947   12
    98   0.46259   1.00890   5.05276     461    8
    99   0.49008   0.80657   1.83734    1155   14
   100   5.35587   1.81705   3.77660    1451   16
   101   1.03996   2.39385   5.09700     546   13
   102   0.88145   2.45210   4.89675    2303   18
   103   5.50171   1.82269   2.27496    1074    9
   104   0.67358   0.92673   1.72925     324    7
   105   3.88056   2.14679   1.51436    2860   19
   106   0.95863   2.56187   0.26941    1618   18
   107   2.36886   1.41767   4.01146    5422   24
   108   1.03194   2.53170   3.53943     873   13
   109   5.37107   1.84693   5.39729     656   13
   110   5.41653   1.76425   0.64390     658   12
   111   0.81252   2.49149   1.80432    2472   18
   112   0.51407   0.96170   0.22859     871   13
   113   4.19523   0.73318   2.80973     873   11
   114   0.56564   0.81593   0.20444     637   13
   115   1.10197   2.42472   0.49438    3460   24
   116   2.30686   1.53925   0.84809    3701   21
   117   5.58234   1.76399   0.73366     574   11
   118   2.26625   1.48712   2.55419     891   14
   119   0.60884   1.01378   1.75628     584   10
   120   4.20238   0.67156   1.31354     591   11
   121   0.63983   0.84443   3.32178    1660   12
   122   4.17267   0.66544   4.41454     791   11
   123   5.37377   1.82804   0.66431    1483   12
   124   0.58071   0.79615   1.85047     839   16
   125   1.03996   2.39385   5.09700     389    9
   126   2.40415   1.40452   0.86783    1597   16
   127   5.45944   1.74125   5.34582     338    9
   128   0.78357   0.84041   1.63595     977   15
   129   2.14571   1.48145   2.49795    3042   23
   130   0.58128   1.03243   4.86386    1413   15
   131   5.54921   1.81209   0.60096    1527   11
   132   0.68372   0.85774   1.76299     965   15
   133   5.38875   1.70409   5.43802     776   12
   134   0.58128   1.03243   4.86386     958   12
   135   5.45712   1.68957   2.08052    2747   18
   136   5.49349   1.73357   2.28725    2244   15
   137   5.49222   1.88571   0.59900     738   12
   138   2.30727   1.29995   2.43606     940   13
   139   2.35584   1.41933   5.57995    3597   23
   140   0.95288   2.48205   1.87516    1553   15
   141   5.41653   1.76425   0.64390    1162   15
   142   2.30842   1.27816   4.09619     476   10
   143   5.37179   1.79145   5.38402     898   14
   144   0.84354   2.42394   4.85033    1125   12
   145   2.25771   1.42190   0.90244    1210   14
   146   0.81945   2.45124   3.19605    2113   12
   147   2.39737   1.39848   4.03301     325    8
   148   0.76036   2.38650   4.90912    2322   19
   149   3.63256   2.26923   6.05510     583    8
   150   0.78936   2.56837   1.80164     708   12
   151   0.56564   0.81593   0.20444    1626   15
   152   0.50562   1.05122   3.35651    3695   20
   153   5.53401   1.59527   0.62066    5134   24
   154   0.75601   0.87581   1.72297     477   10
   155   0.66213   0.95818   4.88442     631   13
   156   5.43917   1.75353   5.46775     879   10
   157   0.76036   2.38650   4.90912     637   11
   158   0.58057   0.95092   1.75220     891   13
   159   3.80947   2.18715   6.14514     784   12
   160   5.35422   1.83567   3.77647    3458   18
   161   0.52416   0.91612   1.69266    1890   15
   162   3.63706   2.23819   4.50950    1422   16
   163   4.05886   0.72825   2.93451    3037   20
   164   5.49128   1.70589   0.58868    1829   16
   165   3.98575   0.66390   6.13678    2828   18
   166   5.42904   1.69989   5.46406    3191   21
   167   0.58128   1.03243   4.86386     529    9
   168   4.10291   0.71897   2.81563    1099   12
   169   0.88347   2.40972   4.99865    2834   19
   170   0.95886   2.50569   3.33077    5582   29
   171   3.73394   2.22478   4.37857    3201   21
   172   0.72841   0.89951   1.80342    1608   13
   173   3.89226   0.68431   1.47326    1830   17
   174   3.91482   2.34030   3.05237    1832   19
   175   2.29189   1.32023   5.72185    1834   18
   176   0.83781   2.55877   1.65184    1361   14
   177   1.13063   2.41534   1.91822    1665   17
   178   2.41891   1.34878   0.88105    2195   19
   179   5.47890   1.84494   3.73887    3060   19
   180   1.02993   2.39491   1.90374    3451   19
   181   4.13248   0.65205   1.19721     760   10
   182   3.84150   2.16850   3.01484    1792   19