     1   0.00000   0.00000   0.00000       0    0
     2   0.92703   2.32989   3.13559    2978   19
     3   5.79148   1.76091   3.88092    2320   17
     4   4.28205   0.71143   1.35590     752   11
     5   2.44619   1.43857   5.51885    1414   16
     6   5.60275   1.73976   3.88900     327   10
     7   5.64140   1.52814   3.81447     653   12
     8   0.85491   0.83180   3.15868    3053   18
     9   4.10904   2.31708   3.02491    2967   14
    10   1.25449   2.42671   3.43637    2176   18
    11   2.38937   1.36909   2.47752    5532   28
    12   5.61905   1.69348   3.89558    2073   17
    13   5.66701   1.69620   2.28970    1352   13
    14   5.60275   1.73976   3.88900     818   11
    15   4.17717   0.71553   4.52532     535   10
    16   4.23768   0.62730   6.10780    2536   16
    17   5.71281   1.61662   0.73418     360    9
    18   0.91658   0.80990   4.83822     599   13
    19   1.00817   2.39532   3.29415    2465   19
    20   5.72788   1.76101   2.28188     566   11
    21   0.75205   0.99230   3.34482    3494   18
    22   2.36287   1.49023   0.84742    1730   18
    23   4.07552   2.26805   1.42826    5113   22
    24   0.78332   0.85304   0.13757     544   12
    25   0.90990   2.36851   4.76272    1234   14
    26   0.98719   2.44669   3.38395     390   10
    27   4.11255   0.73594   3.07869    1427   13
    28   3.93004   2.29607   2.94208     433   12
    29   0.90502   0.84301   4.89882    2212   19
    30   2.40921   1.32600   4.00385    2463   14
    31   3.93456   2.30763   2.95536     865   12
    32   2.49132   1.52091   5.49147     867   11
    33   3.96483   2.29866   3.10842    1149   17
    34   3.91659   2.32355   6.10951    1607   19
    35   1.03591   2.42916   1.69657     888   14
    36   4.20053   0.67970   1.41192    1554   16
    37   4.36183   0.69280   6.03012    1644   14
    38   3.93797   2.25845   6.05428     794   12
    39   0.93671   2.42832   4.72026     992   14
    40   4.20916   0.61563   4.53691    1443   16
    41   0.76598   0.88503   4.96039     392    9
    42   3.91476   2.18432   6.14534    1330   18
    43   4.24437   0.72248   4.37374    2879   20
    44   5.71281   1.61662   0.73418     810   11
    45   3.94486   2.26816   4.46224     532   11
    46   0.87576   0.82823   1.64454    1061   16
    47   0.72616   0.92987   4.84264     545   13
    48   4.22171   0.70724   2.83931     583   11
    49   4.12694   0.74023   4.55972    1053   14
    50   5.70312   1.62549   2.23245    1680   18
    51   4.22350   0.72732   4.47851    1611   17
    52   2.43302   1.42089   5.58415     473    7
    53   1.19589   2.39796   4.90757     578    8
    54   2.43571   1.50756   0.93865     947   15
    55   0.78332   0.85304   0.13757    1405   19
    56   5.58737   1.62020   0.71981    1039   12
    57   5.53628   1.69658   0.74449    3501   17
    58   5.61585   1.62884   2.32819    1649   13
    59   5.63691   1.76171   3.86596    4645   21
    60   4.23033   0.70412   1.34560     867   14
    61   2.60179   1.43543   0.91533     829   10
    62   5.53498   1.72737   0.73792    1633   20
    63   4.37330   0.71291   2.84552    2011   17
    64   3.95037   2.22228   1.45165    2289   19
    65   4.09048   0.77391   2.99398     747   13
    66   5.71247   1.63129   3.85474    2133   15
    67   4.01347   2.27751   6.03756    3691   23
    68   5.62141   1.70547   2.22124    1014   12
    69   2.49835   1.55710   4.03453     586   12
    70   3.88450   2.28625   1.34955    1107   14
    71   2.49366   1.48246   5.56725    1912   18
    72   4.08746   2.28346   1.46325    2638   18
    73   1.19726   2.51190   5.05785    5364   27
    74   5.58760   1.76565   3.86806    1259   14
    75   5.62141   1.70547   2.22124    2337   17
    76   2.46705   1.58112   5.55373     713   11
    77   0.69473   0.84842   4.87085    1241   17
    78   1.00841   2.47212   4.85113    1714   14
    79   1.02887   2.35732   4.90327    1915   21
    80   2.37684   1.41988   3.93801    1073   13
    81   3.93004   2.29607   2.94208     780    8
    82   3.93004   2.29607   2.94208     339    9
    83   4.02032   2.26733   3.01339    3085   21
    84   2.35815   1.44420   3.93073    2810   20
    85   0.79018   0.84688   3.23996    1388   13
    86   4.17530   0.77082   6.05185     627   12
    87   2.54128   1.48004   5.56782    1522   16
    88   0.89274   0.87641   4.94520    1321   16
    89   0.76174   0.84576   4.85720     981   11
    90   3.93004   2.29607   2.94208     339    8
    91   0.84813   0.88760   0.07871    4240   21
    92   0.88192   0.92106   1.65019     800   10
    93   1.10533   2.48956   0.17229     803    9
    94   0.91197   2.50525   1.68847    4315   24
    95   2.38565   1.49804   0.87362    2208   16
    96   1.06526   2.51725   1.77923    3882   24
    97   3.86941   2.28476   2.96768     236    7
    98   4.13269   2.29242   3.07217     347    9
    99   4.09048   0.77391   2.99398     110    5
   100   0.78021   0.85181   4.90561    1036   14
   101   3.94872   2.22705   1.39871     764   11
   102   2.61254   1.51643   0.92089    2093   19
   103   0.87280   0.86592   4.80790     522   10
   104   5.71281   1.61662   0.73418     893   16
   105   4.23495   0.77528   2.97679    3368   25
   106   1.20287   2.47060   1.77375     196    6
   107   5.50303   1.64511   3.83177    2106   17
   108   4.02980   2.20400   6.24522    1134   12
   109   0.93397   2.49079   1.68269     443   13
   110   3.94763   2.24434   2.91472     822   14
   111   0.75201   0.89352   1.70345    1061   10
   112   3.89650   2.20683   6.01748     570   10
   113   5.62141   1.70547   2.22124     640   11
   114   1.13249   2.48130   4.88856     454   10
   115   0.89204   2.49157   3.26981    2333   19
   116   4.36945   0.69656   2.80044    1022   15
   117   5.58700   1.76028   2.32883    1977   16
   118   3.94763   2.24434   2.91472     563   13
   119   4.15270   0.67760   4.51595     970   16
   120   5.69715   1.63003   3.83892     514    7
   121   5.64401   1.51602   5.37113    3294   24
   122   4.09670   0.70415   4.50688    1220   13
   123   0.82706   0.80208   3.29665     623   15
   124   1.15504   2.39938   3.39950     885   12
   125   1.10903   2.36596   1.81605     425    8
   126   0.78921   0.90168   1.75923     931   13
   127   4.27426   0.61416   4.49562    1581   13
   128   4.11655   0.66530   1.39387     587   11
   129   5.53049   1.64187   3.82368     668   11
   130   3.93004   2.29607   2.94208     859   13
   131   5.69696   1.74256   3.87019    2317   17
   132   5.67644   1.59218   2.30684    1373   17
   133   4.09048   0.77391   2.99398    1290   19
   134   1.17512   2.39467   1.89658     787   12
   135   2.48738   1.45878   5.58242    2890   21
   136   2.49835   1.55710   4.03453     372    8
   137   3.93797   2.25845   6.05428     403    9
   138   4.31761   0.67019   6.02209    3839   20
   139   5.67835   1.73793   5.31943     283    7
   140   0.96859   2.49272   3.26627    2493   15
   141   3.93004   2.29607   2.94208     318    8
   142   2.49169   1.47053   2.53257     837   12
   143   0.72542   0.84914   4.90896    1747   18
   144   3.90464   2.18742   1.44809    4175   19
   145   2.47295   1.52518   2.37524     321    9
   146   0.82498   0.85662   1.82388     525   12
   147   4.14761   2.28812   4.69375    2666   15
   148   4.20916   0.61563   4.53691    1652   12
   149   5.62161   1.57236   5.50069     258    7
   150   1.13249   2.48130   4.88856     813   13
   151   3.91659   2.32355   6.10951     480    9
   152   3.98079   2.23698   3.00552     593    9
   153   4.09048   0.77391   2.99398     455    8
   154   0.91170   0.79116   3.13647     335    9
   155   1.04896   2.48297   1.86665    1066   15
   156   3.96062   2.30942   6.23922    1572   14
   157   0.81280   0.88594   4.71567     591   13
   158   4.03127   0.74080   1.44068     408   10
   159   5.60275   1.73976   3.88900     636   12
   160   2.39078   1.37991   4.02554     600   10
   161   0.97715   2.41386   0.10573    2081   20
   162   5.65140   1.76632   2.23023    3513   21
   163   5.52540   1.76887   2.30940    2721   20
   164   2.52595   1.53371   0.85350    3207   15
   165   4.01409   2.20452   1.50562     280    6
   166   4.01396   2.21723   1.58148    1956   19
   167   5.73240   1.58663   3.82829    1054   15
   168   4.13269   2.29242   3.07217     564   14
   169   0.94276   0.89072   3.15338    3897   24
   170   5.75388   1.64804   2.32382    4303   26
   171   5.62677   1.69957   2.27188    3306   25
   172   3.94946   2.20554   6.15784    1582   12
   173   2.47295   1.52518   2.37524     345    9
   174   1.03010   2.37088   1.79763    4448   23