     1   0.00000   0.00000   0.00000       0    0
     2   3.86519   0.95462   4.10390    1606   18
     3   0.77432   2.23613   5.29437    2194   18
     4   4.96595   2.01469   2.25825     772   12
     5   0.75881   2.19386   0.52523    3978   22
     6   3.79888   0.83877   5.83539    3198   20
     7   1.91617   1.19172   5.53031     558   10
     8   0.75787   2.24254   2.18557    1965   19
     9   0.11276   0.81314   5.33139    2993   20
    10   1.97883   1.23152   3.92823    3584   23
    11   0.16335   0.89158   2.13630     736   10
    12   3.03667   2.27947   3.95690     402    8
    13   0.73607   2.20354   2.07435     392   10
    14   0.69149   2.19395   3.66675    1304   17
    15   3.91789   0.84215   2.57283     752   11
    16   3.09508   2.19762   2.52714    1017    9
    17   5.16583   2.03161   0.84981     638   10
    18   2.04914   1.12769   3.82289    1263   15
    19   5.25131   1.97914   2.44737    1327   13
    20   1.86546   1.21171   3.97557     395    9
    21   6.17622   0.85114   0.61796     394    9
    22   0.77172   2.24011   2.07646    1479   15
    23   4.00036   0.99761   5.68927     944   14
    24   2.17821   1.10655   2.22823    1169   15
    25   0.90271   2.26181   0.62914     344    9
    26   1.84225   1.10835   5.56401     912   15
    27   2.05410   1.15456   5.42107    4917   20
    28   3.12200   2.35458   5.75524     790   10
    29   5.15311   2.10813   5.48480    2070   18
    30   1.95871   1.04353   5.36047    5171   25
    31   3.27686   2.26664   4.15162     611    8
    32   6.15299   0.81601   3.87249    1537   13
    33   5.12738   2.07182   0.83635    2789   20
    34   6.20368   0.91219   2.27589    2988   22
    35   1.86546   1.21171   3.97557     680   13
    36   5.06805   1.95185   5.48984     321    8
    37   5.10899   2.01950   0.74700    1720   14
    38   3.83092   0.96881   0.98153     616    9
    39   2.01963   1.00880   5.41616     301    7
    40   0.81814   2.25109   0.50648    2196   15
    41   5.17030   2.10129   3.91282     959   14
    42   2.11020   1.16461   5.39711     870   12
    43   6.14435   0.86235   5.41622     735   10
    44   3.09531   2.35146   4.15766     948   13
    45   3.11421   2.31775   2.44996    3591   20
    46   3.03667   2.27947   3.95690     570   11
    47   6.13734   0.94807   5.43020    2315   18
    48   5.09520   1.90114   5.42936    2004   19
    49   1.91367   1.12471   2.27260    1974   18
    50   1.90471   1.08618   2.39192    1484   13
    51   5.18048   2.00654   5.50591    2612   23
    52   3.89156   0.82457   2.58689     762   12
    53   3.10071   2.37977   2.48556     853   11
    54   1.87523   1.14366   2.42017     922   13
    55   1.88937   1.18164   3.92698     606   12
    56   6.22782   0.77745   2.21093     632   11
    57   0.90437   2.23598   2.20861     232    7
    58   1.89574   1.14669   5.47618    2827   20
    59   1.93822   1.10511   3.95358     653   11
    60   0.85536   2.18636   5.45899    1386   14
    61   2.17499   1.12387   0.65616    3285   16
    62   5.21920   1.94228   5.48167     494   11
    63   1.86572   1.17941   2.30175     734   10
    64   5.18048   2.00654   5.50591     716   11
    65   5.11914   2.02635   0.84547    4099   29
    66   1.90849   1.09980   5.42782    3481   23
    67   3.92131   0.90066   5.75221    1248   14
    68   3.99399   1.02242   1.03661    1517   16
    69   6.25138   0.85449   0.64512     747   11
    70   3.87961   0.92846   4.23969     441    9
    71   1.94344   1.08157   3.82416    2563   19
    72   6.23719   0.87649   5.29577    1217   14
    73   5.18332   2.01071   2.48751    1155   12
    74   0.84080   2.14407   2.22893    1633   16
    75   0.81746   2.23526   0.54632     624   10
    76   5.07672   2.01616   0.77341    1300   16
    77   0.61710   2.23878   5.21271     739   10
    78   1.86546   1.21171   3.97557     722   12
    79   5.21008   2.02033   2.43453     687   11
    80   3.99399   1.02242   1.03661     477   11
    81   1.86546   1.21171   3.97557     558   13
    82   0.01711   0.91845   0.64428    1310   14
    83   5.09869   2.08781   0.90280     332    8
    84   5.11702   2.06142   5.46924    3676   23
    85   3.07339   2.21535   2.57457    1193   12
    86   0.05014   0.77795   2.13350    2636   17
    87   0.68912   2.24689   0.48120     792   12
    88   5.06805   1.95185   5.48984    1313   12
    89   0.74929   2.29105   3.74227    4875   26
    90   5.06805   1.95185   5.48984     342    9
    91   6.23884   0.77922   2.12988     862   13
    92   6.20834   0.80443   5.23172    1515   17
    93   2.04433   1.04054   5.38883    2486   18
    94   6.22610   0.82662   2.21136     389   10
    95   3.24186   2.25469   4.08341    1593   15
    96   4.01204   1.04448   2.57364    1979   17
    97   0.05459   0.78907   0.64666    1047   12
    98   0.05059   0.74598   0.59851    1012   12
    99   0.81127   2.30041   3.80944    4105   21
   100   0.01768   0.84354   3.74047     637   12
   101   5.15619   2.07354   2.40354    1874   17
   102   0.90437   2.23598   2.20861    1429   16
   103   3.90083   0.81345   5.76918     671   10
   104   6.24141   0.84186   0.68467     841   14
   105   5.18697   1.92696   2.40225    2136   17
   106   5.19740   1.95498   3.92226     524   13
   107   5.16375   2.08020   5.60240    2743   21
   108   1.97287   1.12197   0.72366    3104   18
   109   6.19668   0.91543   0.70135    4238   25
   110   3.94963   0.94524   1.00892    1895   18
   111   5.06805   1.95185   5.48984     529   10
   112   1.92384   1.04393   0.76474     877   12
   113   5.08674   1.98443   5.49930    1151   14
   114   0.86041   2.28511   2.13636    2410   16
   115   1.95596   1.07418   2.23558    1004   14
   116   5.21084   1.90168   0.87991     840   11
   117   0.10519   0.91101   2.09154    2565   17
   118   6.22782   0.77745   2.21093     442    8
   119   2.13424   1.13066   3.83636    1280   12
   120   2.11352   1.18333   3.81873     211    5
   121   5.05336   1.95625   5.55601    3483   19
   122   0.04307   0.92391   2.06071     962   15
   123   2.11352   1.18333   3.81873     431    9
   124   1.92385   1.17319   2.33705     966   12
   125   6.25787   0.93431   5.29935    1124   16
   126   6.27290   0.90332   5.24535    1341   15
   127   3.29121   2.36664   1.10358    5394   27
   128   3.19183   2.30183   5.73468     653   11
   129   0.90437   2.23598   2.20861    1718   16
   130   0.03934   0.82631   2.06994     442   11
   131   3.17741   2.35206   4.16235     372    8
   132   3.86753   0.94807   2.59999    1974   16
   133   3.96926   1.02473   5.63568     534    9
   134   5.05139   2.06089   5.51709    5587   26
   135   3.90450   0.93835   2.64658     477   10
   136   1.83783   1.11431   0.86215     729   14
   137   5.22021   2.00918   0.85167    1129   17
   138   3.15522   2.27629   2.48051     597   10
   139   0.83840   2.26448   5.32290    1804   19
   140   5.05707   2.08697   0.79800     515   10
   141   0.01768   0.84354   3.74047     554   12
   142   0.85682   2.20899   3.75840     561   10
   143   3.91081   0.94116   0.93102     595   11
   144   0.82230   2.28287   5.30616    2307   16
   145   0.89406   2.19475   3.88697     643   11
   146   5.21920   1.94228   5.48167     655   13
   147   3.13659   2.24545   4.12771     442   10
   148   0.02118   0.85046   5.37981    1979   14
   149   2.11352   1.18333   3.81873     420    7
   150   0.76721   2.24353   3.77667     555    9
   151   3.75442   0.84174   4.19350    1546   17
   152   5.11157   2.12264   0.86740     993   13
   153   1.86546   1.21171   3.97557     647   12
   154   1.95025   1.14955   2.34869     743    9
   155   2.03400   1.24405   2.34394    1141   13
   156   0.10428   0.90167   3.60346     558    9
   157   5.06805   1.95185   5.48984    1833   15
   158   3.19183   2.30183   5.73468     484   10
   159   4.01960   0.96863   0.93995     959   13
   160   1.86546   1.21171   3.97557     434   11
   161   0.88595   2.29192   3.68808     329    7
   162   0.04044   0.77172   0.49054    1743   16
   163   3.18313   2.31386   4.05907     335   10
   164   3.16061   2.26208   1.06234    4487   23
   165   3.96978   0.85781   2.66755    2567   20
   166   0.12918   0.75913   5.26563     975   12
   167   3.86420   0.88785   2.57516     638   11
   168   2.11352   1.18333   3.81873     568   11
   169   5.18264   2.05773   0.93689     654   10
   170   5.09869   2.08781   0.90280    2359   16
   171   0.85347   2.19499   3.61467     697   13
   172   5.22024   1.98810   0.91514    2237   18
   173   3.92737   0.94743   2.63079    3263   23
   174   3.03667   2.27947   3.95690    4167   25
   175   1.88491   1.07533   3.99562     411   10
   176   1.86546   1.21171   3.97557    1694   17
   177   4.07005   0.93265   0.81435     527   12
   178   6.26133   0.93916   0.57479     837   10
   179   2.11352   1.18333   3.81873     400    9
   180   0.71979   2.35032   3.61252     920   14
   181   3.95105   1.00070   4.09151    4802   27