     1   0.00000   0.00000   0.00000       0    0
     2   4.17332   2.49727   2.29725    3806   15
     3   1.71658   1.82304   3.48604    3090   16
     4   5.01524   1.16420   1.19167    4332   14
     5   1.81059   1.82190   0.55579    5195   20
     6   1.05899   0.48474   2.34388    5605   18
     7   1.75527   1.95663   1.88093    2774   12
     8   1.85304   1.98406   1.97171    3174   16
     9   0.87083   0.54538   2.49059    4047   18
    10   5.03035   1.21666   2.69011    6441   20
    11   3.99500   2.62118   3.69843    4158   15
    12   3.21270   1.20700   5.09967    4505   16
    13   5.10459   1.35114   2.69439    5076   14
    14   0.00704   1.98171   4.32164    3629   14
    15   4.24729   2.61699   2.56749    4383   14
    16   3.25995   1.14666   3.57140    3485   14
    17   3.94082   2.72731   5.26993    3785   14
    18   0.83746   0.56126   4.09158    5298   17
    19   5.00310   1.30427   1.01717    3627   13
    20   0.08676   1.99045   4.31704    5044   18
    21   0.93544   0.52069   5.63341    3445   14
    22   3.83369   2.65211   3.59265    4600   17
    23   4.05220   2.58196   2.21871    2918   12
    24   0.10184   2.01698   5.88234    4413   17
    25   5.02019   1.14414   2.60001    3743   15
    26   4.20219   2.55908   0.75585    4419   18
    27   5.04515   1.30265   5.89757    4028   13
    28   4.13828   2.64887   0.84231    4895   15
    29   4.06781   2.51655   0.59922    3982   14
    30   0.18041   1.98459   2.91175    4484   14
    31   5.07046   1.23893   0.98032    3763   14
    32   3.90732   2.53082   2.02160    3390   14
    33   1.01768   0.62159   2.39313    4732   17
    34   4.11814   2.49993   5.48872    4690   18
    35   4.94666   1.24659   4.15012    4393   14
    36   4.94666   1.24659   4.15012    2246   10
    37   5.08803   1.13836   2.54344    4430   16
    38   3.31197   1.17510   1.97931    5131   17
    39   1.88295   1.93143   3.57334    4602   15
    40   3.30791   1.21608   3.54059    4082   13
    41   3.20638   1.24048   3.60638    4032   14
    42   3.28163   1.25922   5.07989    3656   16
    43   1.84643   1.82350   2.09871    4969   16
    44   1.98356   1.89551   0.39830    4175   14
    45   4.95130   1.24783   2.66351    1831   11
    46   1.81848   1.91701   3.53251    4713   15
    47   0.01809   1.98817   2.71829    5051   16
    48   1.10118   0.62447   2.34458    4477   17
    49   0.77426   0.50558   0.93898    3484   12
    50   0.90855   0.53585   2.48059    3260   13
    51   5.04347   1.16374   4.35645    2864   11
    52   4.11571   2.63479   5.50218    3520   12
    53   3.78772   2.66133   3.67509    2680   14
    54   3.31132   1.16381   1.80530    3026   12
    55   0.13717   2.06668   1.19459    3364   16
    56   3.97402   2.59597   0.66753    2897   12
    57   3.13451   1.19384   2.08759    4700   15
    58   0.21029   2.02793   4.32846    3414   17
    59   1.10118   0.62447   2.34458    2565   13
    60   5.09458   1.22163   1.00472    2928   11
    61   3.25153   1.06207   1.96406    2610   13
    62   0.61754   0.56535   1.17752    3274   14
    63   3.17512   1.20343   0.30190    3126   14
    64   4.07053   2.56576   2.35214    3687   15
    65   0.13717   2.06668   1.19459    3869   16
    66   4.02957   2.48531   3.86143    5358   14
    67   5.04224   1.15991   5.77536    4774   16