     1   0.00000   0.00000   0.00000       0    0
     2   0.82098   2.25664   5.05210    2686   21
     3   3.56736   2.32556   4.41198     996   16
     4   5.21787   1.78317   5.52332     688   11
     5   0.90626   2.26991   4.96081     976   12
     6   4.00845   0.86529   2.79273    1495   16
     7   3.85812   0.70290   5.96401    2065   18
     8   5.38620   1.79467   3.87248     912   14
     9   5.26875   1.88180   3.96411    1785   14
    10   5.31310   1.78024   2.43950    3081   19
    11   0.93251   2.33901   0.46908     945   16
    12   0.86450   2.36735   3.41400     877   10
    13   3.62815   2.42063   2.87924     514   12
    14   5.44064   1.81102   2.33560    2358   16
    15   2.22450   1.45625   0.71693     700   11
    16   2.13493   1.38744   3.89437    3366   17
    17   0.93251   2.33901   0.46908     361    7
    18   0.82098   2.25664   5.05210    1113   11
    19   0.32203   0.72102   0.45383    3094   19
    20   4.05244   0.88420   4.43799    3109   19
    21   2.05219   1.33744   2.36096     912   11
    22   5.28604   1.76741   4.01361    1935   18
    23   0.92767   2.21306   5.00250    2532   18
    24   3.67129   2.34415   2.96337     648   11
    25   0.78619   2.25127   4.99524     540   11
    26   2.27325   1.31761   2.34331    4666   23
    27   0.16968   0.87871   5.29029     709   12
    28   0.40484   0.85230   0.40250    1442   13
    29   0.33954   0.74465   1.98454    3634   24
    30   5.31780   1.93200   0.85005    1698   17
    31   0.00000   0.00000   0.00000     467   12
    32   0.22333   0.86016   0.43927    1188   12
    33   0.38054   0.86741   1.83047    3829   24
    34   5.25339   1.88924   2.40210    1610   13
    35   0.84954   2.30735   1.89398     966   16
    36   3.53848   2.33296   2.92205    1237   14
    37   2.26287   1.40542   5.42985     682    9
    38   3.45022   2.30339   2.71094    1625   17
    39   5.30854   1.70980   2.40517    1933   16
    40   5.37689   1.84235   0.85034    1626   18
    41   2.22214   1.40382   3.85348     530    8
    42   0.81608   2.27224   0.16059    4003   22
    43   0.82876   2.36951   5.17005     737   12
    44   4.05005   0.92497   1.19768    3980   23
    45   3.45022   2.30339   2.71094     815   10
    46   3.57094   2.43130   2.84250    1221   13
    47   5.28023   1.76617   5.52825    3334   19
    48   3.50005   2.37794   1.16727    1034    9
    49   0.83509   2.31825   5.16996    2751   22
    50   0.75598   2.21950   0.37206     466    6
    51   3.95420   0.90359   2.85217     330    7
    52   0.23550   0.82796   1.94918     301    6
    53   0.17248   0.72741   3.65595    4676   24
    54   0.96825   2.25887   3.66568    2092   18
    55   2.22524   1.33657   0.73274     516   11
    56   0.93251   2.33901   0.46908     471   11
    57   0.95209   2.36211   0.33241     611   13
    58   3.88603   0.84482   4.45051     621   12
    59   0.48932   0.71197   0.28896    1978   19
    60   2.12955   1.22378   5.40335    4504   25
    61   0.87663   2.21750   0.48510    1968   15
    62   2.33866   1.34858   2.24829     848   12
    63   0.49287   0.76934   1.82298    1501   16
    64   3.88866   0.81872   2.94745    2153   14
    65   0.94171   2.33922   0.45295     750   13
    66   4.02020   0.74694   2.77532     332    9
    67   2.28464   1.32289   5.43527    3914   20
    68   2.11933   1.35495   5.44424    1743   16
    69   2.30816   1.30559   3.84131    1154   10
    70   3.50604   2.40554   2.74374     336    7
    71   3.67300   2.34802   6.06523     374   10
    72   0.78619   2.25127   4.99524     651   12
    73   2.11715   1.37241   5.56139     669   10
    74   5.33747   1.96174   2.35494    1056   10
    75   2.16955   1.35837   2.42026     501   10
    76   3.49277   2.25511   1.25051     449    7
    77   0.95628   2.31184   5.01999     519   14
    78   3.51199   2.35981   5.85453    1280   16
    79   5.43142   1.73413   5.55888    3882   26
    80   2.17039   1.33690   0.76070    1445   13
    81   0.80192   2.31023   3.56593     677   10
    82   5.37868   1.89013   0.77571     518   10
    83   5.43197   1.84228   2.34505     473    8
    84   3.57395   2.41978   6.05008     760   10
    85   0.33683   0.74639   3.42704     512   12
    86   2.31866   1.26365   5.34448     973   12
    87   4.07199   0.89099   2.75850     367   10
    88   3.52900   2.36703   2.66448    2437   17
    89   5.41241   1.74189   5.59864    2039   15
    90   4.02020   0.74694   2.77532     638   13
    91   3.40654   2.29330   1.13808    1760   18
    92   0.34094   0.84104   0.37343    1582   17
    93   0.74210   2.35176   4.95282     408    9
    94   5.22706   1.88206   3.93446    2352   18
    95   0.77481   2.21080   5.10794    2280   16
    96   3.60036   2.28578   4.44450     888   11
    97   0.51323   0.70369   1.81683     634    9
    98   4.13837   0.80127   2.74210     633   11
    99   0.00000   0.00000   0.00000     396    8
   100   3.64161   2.31048   4.32722    3457   21
   101   3.99272   0.88317   4.31823    2023   14
   102   0.40945   0.81502   1.89106     665    9
   103   0.50585   0.77567   4.91744     587   10
   104   5.32654   1.76683   5.59445    1640   19
   105   3.95597   0.79751   5.91265     411   11
   106   3.61978   2.37650   2.83736    2862   16
   107   2.17657   1.26295   0.73845    4130   23
   108   3.46033   2.41654   2.70535    1782   17
   109   0.85018   2.29825   2.03044     798   13
   110   2.29301   1.36093   2.34677    1579   16
   111   0.83757   2.28893   3.50618     863   11
   112   3.96740   0.86672   2.73555    2060   13
   113   3.69963   2.39512   1.37409     662   11
   114   2.07849   1.32276   0.72202    5516   27
   115   4.01702   0.89922   1.12267    5669   34
   116   0.17442   0.76250   3.66064     567   11
   117   3.98484   0.88253   4.44777    1264   16
   118   3.51581   2.28412   4.27906     299    5
   119   2.12515   1.36799   0.73568     654   14
   120   3.95128   0.77365   4.45936     864   14
   121   4.10376   0.86621   4.29387     411   11
   122   2.20915   1.34257   5.43844    1730   16
   123   5.27520   1.72431   5.48081    1385   16
   124   3.84700   0.80962   1.36003    4318   25
   125   0.77208   2.26732   0.23499     794   10
   126   0.50915   0.72303   1.86503     730   10
   127   3.37052   2.36099   5.73190    2044   15
   128   0.82098   2.25664   5.05210    1148   15
   129   4.02020   0.74694   2.77532     985   15
   130   0.78619   2.25127   4.99524     870   12
   131   0.70304   2.31470   1.83964    1977   15
   132   2.34087   1.28129   2.34675     995   12
   133   5.37868   1.89013   0.77571    1680   17
   134   2.29517   1.26139   5.36344    1668   15
   135   2.17019   1.38435   5.46394    1140   15
   136   4.00345   0.97677   2.70195     589   10
   137   0.78619   2.25127   4.99524     484   12
   138   3.54720   2.42313   4.33390     391    8
   139   0.97610   2.20676   0.42384     860   11
   140   3.54720   2.42313   4.33390     425    9
   141   0.86410   2.19706   0.38460    1813   16
   142   0.58220   0.71379   4.86900    1191   15
   143   0.41516   0.73904   5.15824    2178   18
   144   0.86982   2.32539   0.47966    3107   22
   145   5.27075   1.80098   5.50803    1579   18
   146   5.36716   1.94271   5.49872    4135   24
   147   4.04240   0.83991   4.32575     652   10
   148   2.27000   1.34290   5.51777    1747   17
   149   0.71098   2.32234   3.31416     776   10
   150   3.33340   2.38112   2.69930    1649   18
   151   3.95285   0.90202   2.72858     992   12
   152   4.05253   0.77783   4.34883     304    8
   153   0.93919   2.23943   3.43741    2842   19
   154   0.98694   2.30379   3.61021    2760   19
   155   5.29770   1.80122   0.76789    2056   19
   156   2.25082   1.34088   5.52285    3280   20
   157   0.83471   2.21665   3.49075     727   12
   158   4.09261   0.80043   2.75386    1119   14
   159   2.21653   1.24259   3.94091     826   12
   160   2.13341   1.21175   0.67261     852   12
   161   2.25826   1.30320   2.39320    1034   14
   162   2.20908   1.43513   5.42355     414   12
   163   5.36958   1.70892   2.34866    1355   14
   164   3.54569   2.41800   1.26458     967   11
   165   0.93251   2.33901   0.46908     480   11
   166   5.34820   1.93861   0.83628    1909   14
   167   0.93251   2.33901   0.46908    1810   16
   168   5.44538   1.77391   2.36745     463    8
   169   3.98681   0.86532   6.07574    2370   18
   170   5.48251   1.83222   2.41555     966   13
   171   4.08116   0.86518   2.70504    2902   20
   172   5.39596   1.91081   0.89841     806   13
   173   5.31651   1.79077   2.44444     348    7
   174   3.93762   0.90245   4.34414     930   10
   175   0.89692   2.35825   5.01474    2006   14