     1   0.00000   0.00000   0.00000       0    0
     2   1.71871   2.13162   1.50664    1609   13
     3   0.12877   2.61822   1.06344     793   11
     4   4.27196   0.40763   2.78023     946   11
     5   3.34145   2.12547   1.21088    1230   15
     6   5.63573   1.35022   5.47522    1226   16
     7   4.15595   1.05822   1.18346    1252   16
     8   0.87725   0.61761   3.19551    1620   14
     9   4.15756   0.95444   2.46676    1160   13
    10   5.30642   1.94427   0.34634    2104   20
    11   3.70004   2.07685   3.81147    1310   12
    12   5.52732   1.74122   6.25769    2006   21
    13   2.12187   0.78028   3.31380    1116   14
    14   3.07577   1.60027   0.93385    1171   16
    15   6.01056   1.02586   0.22283    1011   15
    16   1.72211   0.60905   3.96006     580   12
    17   3.02453   0.34731   0.69317     926   12
    18   1.74258   1.13013   2.29011    1667   15
    19   4.18738   2.02964   2.34099    1164   14
    20   2.64909   1.50423   6.23692    1082   16
    21   3.41520   1.51827   5.15603     719   12
    22   3.79609   2.16764   3.41530    1391   17
    23   2.46626   1.67078   5.86251    1814   17
    24   3.66860   1.37380   2.29444    1975   15
    25   5.40842   1.75239   5.84815    1205   15
    26   3.91917   2.16085   2.74200    1344   17
    27   1.46460   2.66911   3.25647    1813   15
    28   0.05675   2.26872   3.08992    1595   16
    29   6.22781   1.67907   1.28468    1343   14
    30   5.68864   2.03974   0.33967     797   11
    31   1.05252   1.00786   2.40669    1740   17
    32   0.71348   1.22877   1.62459    1074   13
    33   2.41974   2.25406   4.89500    1281   14
    34   0.03688   1.26668   2.46183    1083   15
    35   0.09686   0.58444   0.26113    1083   13
    36   4.85132   2.55295   0.39960     880   15
    37   3.52221   2.20429   2.07517    1262   14
    38   4.35855   1.31797   3.62430    1328   14
    39   0.38537   2.18951   3.73616    2486   19
    40   2.90854   1.48522   4.66039    1709   18
    41   2.32680   2.36049   6.12592    1199   16
    42   3.27372   0.77258   5.32032    1071   13
    43   2.46679   1.78843   1.56651     711   11
    44   4.27440   2.43602   2.17072    1246   15
    45   6.27885   1.61785   1.75899     810   12
    46   0.88736   2.87459   5.68816    1599   16
    47   5.70010   1.63218   0.72185    1206   14
    48   4.99917   0.91255   4.72268    1284   14
    49   0.80775   1.65387   5.24570    1319   17
    50   1.52253   1.24257   5.68886    1623   16
    51   5.35011   0.93333   4.50868     831   14
    52   3.92490   0.81672   0.87640     961   12
    53   4.42475   1.90512   4.76447    1569   18
    54   0.67282   1.00620   2.80519    1179   12
    55   2.53474   1.20784   5.40469    1269   13
    56   4.38285   1.54899   3.74206    1145   13
    57   2.57263   1.77767   0.41129     702   10
    58   0.43682   1.61978   3.49245    1307   15
    59   4.49696   1.39990   4.22232    1251   17
    60   0.32453   1.62573   3.09297    1914   18
    61   4.53203   2.47175   4.65025    1108   15
    62   3.01177   1.48975   2.04313     865   15
    63   0.62357   0.79217   2.00806    1510   13
    64   2.53942   2.15149   4.50398    1317   13
    65   1.43365   0.78771   1.46111     604   10
    66   0.01276   1.69557   0.25085     958   12
    67   5.24885   1.22796   5.61958    1130   15
    68   4.09013   2.98013   5.67194    1153   13
    69   3.01177   1.48975   2.04313    1583   17
    70   3.55783   1.95174   1.00667    1321   14
    71   2.20468   1.71814   0.86732     756   10
    72   4.12787   0.96773   5.51733    1093   12
    73   4.77787   2.20226   4.78100    1400   16
    74   0.93628   0.72841   2.36169    1116   15
    75   2.32443   1.08906   5.39742     882   11
    76   0.98728   0.59814   2.76343     663   12
    77   4.97748   2.17249   2.98427    1236   16
    78   4.38957   2.06217   3.53089    1556   18
    79   3.64158   0.73730   3.49511    1238   12
    80   3.94730   0.87941   2.72447     651   13
    81   5.12090   0.67485   3.01311    2303   19
    82   1.17452   1.96594   0.54980    1821   21
    83   3.02673   1.66895   3.81004    1702   15
    84   0.46307   2.33889   3.72528    1545   18
    85   0.37113   1.07970   1.02551    2161   22
    86   4.39031   1.42647   1.99173    1924   19
    87   5.33522   2.60287   4.53193    1007   13
    88   1.78770   2.62132   0.64518    1483   16
    89   4.29502   2.40305   5.11980    1480   17
    90   5.67329   2.37214   1.11491    1558   17
    91   0.93819   1.22220   3.54599    1256   15
    92   1.19844   1.82496   4.81603     964   12
    93   5.88723   1.51913   1.55410    1670   17
    94   2.29177   2.02029   3.99983    1132   16
    95   6.25813   1.15840   3.32086     668   11
    96   1.39442   1.97685   3.74639     639   11
    97   5.51358   0.85573   5.56604    1234   14
    98   0.02234   1.59998   3.75901    1127   16
    99   0.08636   2.05049   6.20979    1039   10
   100   3.52917   1.77144   0.22042     800   11
   101   6.05206   2.87559   2.21290    1357   15
   102   2.53896   1.62987   5.91488    1356   15
   103   4.79454   1.48835   1.70130    1841   16
   104   0.60440   2.80060   2.33680     803   12
   105   2.29177   2.02029   3.99983     510   11
   106   2.39696   2.27868   5.30549    1240   15
   107   2.14170   2.23690   5.64797    1293   14
   108   1.00630   0.73781   5.76782     807   12
   109   0.17657   0.81196   5.08360    2019   20
   110   4.46439   0.77943   2.94953    1545   18
   111   5.41091   1.73475   4.41926    1240   13
   112   1.65223   2.04263   2.78872    1550   16
   113   0.77753   1.64649   2.41742    1736   18
   114   3.85490   2.50422   3.97612    1772   18
   115   5.21818   1.49379   4.40254    1325   13
   116   6.11415   1.02828   3.66174    1507   17
   117   4.05605   2.07306   5.40573    1236   13
   118   3.79214   1.35747   2.66025    1063   15
   119   5.26880   1.83795   0.89206    1661   18
   120   4.75255   2.43133   4.76652    1412   16
   121   0.74094   0.88653   2.87504     895   14
   122   2.86999   0.79688   4.83182    2479   21
   123   2.27456   0.87037   1.19107    1620   15
   124   1.56273   1.70542   5.40485    1248   18
   125   5.02669   2.47437   2.44828    1105   16
   126   2.20301   0.76352   5.28618     732   11
   127   3.81328   2.22275   2.85677    1239   14
   128   2.67681   1.59224   2.26062    1329   14
   129   4.77654   2.55628   3.29243    1344   15
   130   1.89558   1.23599   0.70261    1127   14
   131   2.55123   1.77626   3.79955    1481   15
   132   0.32620   2.13786   1.60398    1509   16
   133   3.76596   1.16513   5.71310     907   13
   134   2.64663   2.43885   2.39386    1152   15
   135   3.98450   0.52607   4.51923    2725   19
   136   1.99936   1.95419   6.03430    1140   16
   137   2.39824   2.37302   4.32393    1752   15
   138   0.10522   0.64211   5.00983     557   11
   139   1.42763   1.72069   1.79981    2034   20
   140   6.12768   0.67225   0.16121    2037   19
   141   2.52072   2.65974   3.15860    1146   15
   142   1.38666   1.69589   5.69411    1082   15
   143   3.88098   1.80029   0.81208    2268   23
   144   2.03117   0.29284   1.20511     954   14
   145   5.62004   1.74425   3.63600     929   10
   146   0.85335   2.35686   0.51438    1580   15
   147   1.21028   2.43454   0.24888    1418   17
   148   4.51671   0.51796   6.23151    2168   20
   149   4.15875   2.34316   0.08146    1226   15
   150   4.77223   0.79891   4.03582    1052   12
   151   2.71828   1.89460   2.47573    1435   17
   152   2.63000   2.38181   1.23994     761   15
   153   4.06744   1.07321   4.25280    1238   15
   154   0.38750   2.12437   4.65210    1215   15
   155   3.19570   0.47975   1.77736    1755   16
   156   4.69832   1.39214   3.01823    1162   15
   157   5.22724   2.01098   4.07720     869   14
   158   0.50094   1.31436   6.00432    1541   15
   159   4.24058   2.49399   2.00159    1152   14
   160   3.92003   0.74487   5.71523    1007   12
   161   4.01130   2.27976   3.35941    1464   14
   162   2.56038   1.29122   3.77920    1762   16
   163   0.83299   0.86468   2.89767     768   11
   164   5.27082   2.84316   2.94232     953   14
   165   2.36458   2.42821   3.24222    1476   15
   166   5.80203   0.58298   4.60706    1688   17
   167   4.97815   1.95229   3.79282    1339   13
   168   3.43799   1.56721   6.02756    1543   18
   169   0.22609   2.37856   2.07876     873   13
   170   0.62311   1.26652   3.75107    1075   11
   171   2.02370   1.94474   6.19422     857   11
   172   0.58926   1.86901   5.42658    1098   12
   173   2.41370   0.93834   5.75244    1518   15
   174   2.07492   1.67604   4.24760    1125   13
   175   1.95319   1.61400   5.19196    1415   15
   176   2.94846   1.34048   1.22939    1073   14
   177   3.59518   2.04702   0.29011    1248   15
   178   6.22875   1.38699   2.40816    1060   11
   179   0.82106   1.47949   2.30456    1704   16
   180   3.49919   0.87257   4.18368    1278   12
   181   1.50551   2.36665   3.87266    1571   18
   182   0.55263   2.39963   1.29090    1390   14
   183   4.64304   1.14440   3.48059    1037   15
   184   2.19594   0.74655   5.62146    2314   20
   185   1.75838   2.72590   1.22360    1649   15
   186   5.40451   2.36273   0.61145     660   11
   187   1.26805   1.37157   5.09474     788   10
   188   5.84452   1.25059   4.21724    1440   16
   189   3.21932   2.24519   3.51115    1200   14
   190   3.56929   1.08383   1.73044    1793   20
   191   2.63491   1.16136   4.32230    1527   15
   192   4.85803   0.89828   5.80242     855   12
   193   0.06415   2.87017   1.16938    1445   12
   194   3.70004   2.07685   3.81147    1193   12
   195   5.29728   2.41770   3.78436    1718   16
   196   1.99847   1.92694   0.28165    1345   16
   197   1.75323   2.29131   5.07701    1222   19
   198   0.48443   1.58178   4.65401    1416   16
   199   5.75604   2.20322   4.17730    1875   19
   200   5.34499   3.01550   2.92313     915   15
   201   1.02602   0.52060   6.26655     775   13
   202   5.60532   1.99103   0.08141    1312   17