     1   0.00000   0.00000   0.00000       0    0
     2   0.11181   1.62749   4.73900    4626   16
     3   0.00522   1.62118   6.26891    5094   17
     4   0.06408   1.58056   4.54472    3685   15
     5   1.67124   1.58743   4.80720    4661   17
     6   1.24482   0.09251   5.04423    3028   13
     7   3.82733   3.00740   3.80398    4771   15
     8   3.32708   3.07762   4.64790    3550   16
     9   0.52838   0.17358   5.87659    3912   16
    10   0.01565   1.73477   3.03482    3786   14
    11   2.24250   3.12007   2.03245    3612   14
    12   3.34729   1.56757   4.83518    2875   14
    13   4.87468   1.51368   6.23697    2317   10
    14   0.15216   1.58580   4.67920    5058   16
    15   4.48495   0.01691   3.38114    3268   14
    16   3.38160   1.44579   4.86167    3592   15
    17   0.26864   0.17021   3.02635    4099   17
    18   1.77064   1.64808   4.78316    3788   15
    19   3.21467   1.43106   4.72882    3976   15
    20   0.14661   1.67791   4.59005    3135   14
    21   3.36743   1.58500   3.08337    2682   11
    22   0.13098   1.52708   6.19515    4445   14
    23   4.40263   3.02312   5.80846    2184   12
    24   0.13205   1.74171   2.99550    4770   17
    25   3.37180   2.98323   4.93271    5437   17
    26   1.71806   1.48905   4.71176    2899   12
    27   1.81651   1.55008   4.73335    3728   15
    28   3.23874   1.41873   3.29231    6212   18
    29   3.38979   1.60415   0.12648    3359   15
    30   1.00500   0.19134   3.88893    4193   16
    31   5.49186   3.05091   3.80901    2815   12
    32   2.00661   0.05365   2.94515    3417   12
    33   1.29112   0.08182   5.02734    4307   12
    34   1.80355   1.66920   0.04151    6030   18
    35   3.24943   1.41891   4.62121    4301   14
    36   3.30826   3.02311   4.62580    3068   12
    37   6.17778   0.07462   3.32624    3237   14
    38   3.29567   1.43241   3.05756    4107   15
    39   4.84681   1.65320   4.66842    4537   16
    40   3.71100   3.04866   5.12332    3707   14
    41   4.86179   1.55428   1.65050    3870   12
    42   4.87242   1.53827   4.71439    3348   16
    43   0.24546   1.74354   4.67939    2584   14
    44   0.21579   1.62451   4.59145    4294   16
    45   1.68336   1.68915   4.78154    4908   13
    46   2.40036   3.06419   0.77907    4189   14
    47   4.92933   1.62918   6.28154    4232   16
    48   0.15058   1.64922   6.20220    3520   13
    49   1.64013   1.55917   3.09703    4188   16
    50   0.15819   1.61184   6.16431    6187   20
    51   1.67029   1.74001   1.50267    4316   15
    52   1.81651   1.55008   4.73335    2951   13
    53   4.81277   1.52493   3.05026    3155   14
    54   0.17870   1.72115   4.70866    5553   17
    55   0.46739   0.07098   2.83596    5311   20
    56   3.26466   3.04214   0.07862    3731   15
    57   0.22388   0.08521   1.43717    4518   15
    58   2.47650   3.08431   2.35023    3280   13
    59   3.32896   1.61780   3.12462    4276   15
    60   0.15687   1.49988   6.24371    4831   15
    61   0.00813   0.16401   1.58650    1949   11
    62   4.83455   1.52882   3.14818    3201   12
    63   3.67979   2.96952   1.96338    4301   14
    64   1.67614   1.63980   3.30150    4792   19
    65   0.09632   1.65810   1.56393    4632   15
    66   0.06533   1.50040   1.56081    2975   15
    67   4.73432   1.65384   1.47266    4784   15