     1   0.00000   0.00000   0.00000       0    0
     2   2.25373   1.68397   0.59558    1831   19
     3   2.20294   1.45433   3.88891    1225   12
     4   2.33926   1.47555   0.76308     370    9
     5   5.46209   1.58943   3.93855     591   11
     6   0.80139   2.21770   1.58972     506   10
     7   2.27010   1.46585   0.56434     645   11
     8   5.35928   1.60296   5.57423    1839   16
     9   3.64146   2.35672   1.41070     890   10
    10   3.82097   2.37875   6.20408    2733   20
    11   0.67541   0.60062   1.60723    3201   19
    12   3.83202   0.91634   4.72149    1436   12
    13   2.38771   1.60838   3.90882     412    9
    14   2.37280   1.63802   2.21753    3595   22
    15   0.00000   0.00000   0.00000     611   12
    16   2.29070   1.45107   2.15879    1851   17
    17   3.71791   2.58407   2.93394    1071   13
    18   5.38891   1.62882   2.36143     978   12
    19   3.86890   2.44127   6.25483     268    6
    20   0.78770   0.75278   0.00946     847   13
    21   2.34334   1.59318   0.70345     574   10
    22   3.68066   2.51833   3.03118    3552   20
    23   3.77036   2.37405   4.65888    1735   17
    24   2.31123   1.59599   0.73987    2833   18
    25   3.78897   2.59184   4.70834    1307   13
    26   3.66044   2.38910   4.43460    5400   24
    27   0.75034   2.33227   3.10265    5114   27
    28   3.89549   0.89681   3.14545    1620   18
    29   3.86488   0.97152   4.77810     529    8
    30   0.71333   2.28366   1.55513     946   12
    31   3.72596   2.50124   6.10768     585   12
    32   0.79394   2.33070   0.06999    1333   14
    33   3.82607   0.94351   1.53450    2693   18
    34   3.86344   0.98755   1.65710    4609   25
    35   3.90619   2.44450   3.22506    1236   13
    36   3.84469   2.57433   6.18831    3025   20
    37   3.81100   0.87627   4.65137    4583   21
    38   2.25076   1.54656   5.38475    1493   12
    39   2.23162   1.52907   5.24664    4267   23
    40   0.83817   0.59717   6.10786    2372   21
    41   3.90486   2.50392   4.67261    3776   25
    42   3.95164   0.90469   3.09007    1453   16
    43   0.81180   2.23420   4.79396     850   11
    44   3.93857   2.29324   4.74872    1405   15
    45   3.86504   0.98931   6.26995    2231   20
    46   5.51198   1.53057   5.58744     641    9
    47   2.38771   1.60838   3.90882     681   10
    48   0.77385   0.63395   4.72437     414    9
    49   3.88419   0.95971   4.58668    3282   26
    50   2.32155   1.55193   0.69131    4507   23
    51   0.70119   0.70518   0.05730    1698   16
    52   0.62473   0.77986   0.12082    2477   20
    53   5.48904   1.66217   0.87150     668   13
    54   5.38353   1.54694   2.49829     734   10
    55   5.35928   1.60296   5.57423     855   13
    56   0.80393   2.36674   4.82008    1344   15
    57   5.48948   1.67479   5.62601    3790   19
    58   0.77623   0.83239   4.70486    5236   36
    59   0.87216   2.37494   4.81468     785   10
    60   3.86270   0.95807   0.01165     842   10
    61   2.30544   1.54257   0.59053    1412   16
    62   2.30701   1.55762   5.43664    1108   14
    63   3.78440   0.86959   4.82192     919   15
    64   0.55819   0.72049   3.39034    2356   17
    65   2.30501   1.56800   0.66420     970   12
    66   0.87086   2.23495   0.13582    2614   19
    67   0.71333   2.28366   1.55513    2427   16
    68   2.24497   1.49501   0.61173     747    9
    69   0.82273   2.28062   1.70977    1907   15
    70   3.93622   0.90257   6.25604    1198   11
    71   4.01699   2.43805   3.27686    2862   19
    72   3.85181   2.51125   3.07404    1284   13
    73   0.66160   2.13426   3.24457    1676   13
    74   2.31360   1.56850   5.41087     948   13
    75   3.93734   2.33375   3.10524    1725   16
    76   5.38487   1.55931   2.49928    1604   12
    77   3.83321   0.99304   4.70849    1820   17
    78   0.71626   2.25338   3.27178    1457   14
    79   5.47147   1.57506   5.67431    1219   10
    80   3.89760   2.54749   1.61181    1673   15
    81   3.95719   2.45501   4.71597     486   10
    82   3.91001   0.89081   3.03321     437   11
    83   3.64146   2.35672   1.41070     417   10
    84   3.88016   0.94087   4.66862    1452   16
    85   0.63073   2.32242   6.23337     283    9
    86   0.62699   0.77380   0.20967    1037   14
    87   0.73647   0.59670   0.01141    3791   24
    88   5.41969   1.60047   2.44096     676   11
    89   3.96150   0.88730   6.13288     669   15
    90   3.85452   2.40147   3.18579    2011   17
    91   0.75405   0.77858   4.76940    1139   11
    92   3.78739   2.48013   1.40198    3769   18
    93   3.85407   2.58705   4.66742    2104   15
    94   0.72877   2.30889   3.20980     693   13
    95   0.70560   0.70469   0.05986    2935   19
    96   2.34457   1.48307   3.94170    1182   12
    97   5.42999   1.52737   5.61947     774   12
    98   5.53053   1.61636   2.33750    2199   18
    99   3.91661   0.76843   0.01315    1585   13
   100   3.87990   0.83566   1.37774    1321   15
   101   3.95719   2.45501   4.71597    1452   15
   102   4.03906   2.48316   4.82277     846   13
   103   5.50735   1.56484   4.06103    1125   11
   104   0.88751   0.63925   4.55376    1910   15
   105   5.38458   1.51562   5.57940    1037    9
   106   0.77385   0.63395   4.72437    1517   19
   107   2.31261   1.54091   3.91723     790   11
   108   3.74619   0.82987   1.68984     537    9
   109   3.64146   2.35672   1.41070     899   16
   110   3.93325   0.87516   6.23595    4050   20
   111   3.81341   2.37522   3.08344    1139   13
   112   5.41634   1.70036   0.91054    1714   20
   113   0.67266   2.12825   4.78016     904   11
   114   3.99919   0.90757   4.58555     745   11
   115   5.48980   1.59485   5.53076     386    9
   116   5.45784   1.47119   4.06039     455   10
   117   2.38199   1.55158   0.68718     781   13
   118   2.36745   1.54604   2.28372     520    7
   119   3.70343   2.42212   4.45114    2124   18
   120   5.38467   1.58122   4.10971     333    9
   121   0.68769   2.24700   6.21527     636   11
   122   2.31780   1.46504   3.92817     574   12
   123   3.64146   2.35672   1.41070     365   10
   124   2.24838   1.59571   5.33309     750   12
   125   3.90427   2.49057   4.79112    3107   19
   126   3.97139   0.77924   1.45167     425   11
   127   2.38771   1.60838   3.90882     460    8
   128   3.82444   0.78332   4.72182     624   17
   129   3.76432   0.92877   4.84593    1043   12
   130   5.41357   1.50389   2.51078     974   11
   131   2.41253   1.60316   3.88567     333   10
   132   0.80073   2.16473   1.66879     627    9
   133   3.96564   0.86186   6.11566     569   11
   134   0.71057   0.59475   1.56744    1351   12
   135   5.48392   1.57613   2.45064     666   10
   136   2.24944   1.60500   2.24755    1593   15
   137   0.68140   2.12892   0.06747     615   12
   138   0.68140   2.12892   0.06747     333    7
   139   3.90068   2.57830   4.68745    2330   17
   140   3.90287   2.52219   1.66506     955   10
   141   2.31123   1.59599   0.73987     415    8
   142   2.36989   1.56439   2.17664    1869   15
   143   0.69807   2.27245   3.25631     763   12
   144   0.71333   2.28366   1.55513     320    9
   145   3.92222   0.94326   6.26845    3722   21
   146   0.74741   0.65703   3.16568     408    8
   147   0.63142   2.12952   6.24562     911   12
   148   4.01662   2.51736   4.94545    1716   17
   149   5.36597   1.57185   5.64989     356    8
   150   0.78939   0.62706   1.46193     523    8
   151   5.45607   1.58635   4.04207    1303   12
   152   3.87394   2.57612   3.07043     959   11
   153   2.26518   1.46822   5.24510     452   10
   154   0.71463   0.69804   4.74126    1047   13
   155   5.47869   1.58637   4.02864     889   11
   156   3.91381   0.82606   2.98444    1304   15
   157   0.70233   2.25619   0.09880    1783   18
   158   3.88662   0.92002   3.01941     562   10
   159   5.36597   1.57185   5.64989    1049   16
   160   0.67046   2.19900   1.64204    1518   14
   161   0.81177   2.08593   4.83984     867   11
   162   0.59614   0.56232   1.78356    2927   17
   163   0.67647   0.74789   1.58963     504   10
   164   0.82982   2.29105   4.77800     799   12
   165   2.24797   1.58111   0.71113    1153   15
   166   0.63650   0.63412   3.24531     512   10
   167   3.85570   2.49418   4.67591    4428   21
   168   3.87231   2.44393   3.13020    3642   22
   169   3.83744   0.96831   4.85519    4698   22
   170   3.78711   2.49613   3.04364     702    8
   171   5.35928   1.60296   5.57423    2541   17
   172   2.34188   1.69482   5.32745     712   15
   173   0.80819   2.32134   3.10881    1935   19