     1   0.00000   0.00000   0.00000       0    0
     2   3.87691   0.76414   1.55601     681   12
     3   3.85709   0.81714   1.46882    1207   13
     4   5.30478   1.57327   2.44471    1382   14
     5   5.32213   1.53174   5.51029    1628   15
     6   0.53844   0.77083   3.22671    1504   18
     7   5.36462   1.51787   3.92260     758   12
     8   0.68319   2.30308   3.17543    1581   15
     9   2.30268   1.62104   5.54903    1735   16
    10   0.57356   0.79146   4.85275    1386   14
    11   0.73553   0.76815   4.68987    1763   18
    12   3.72479   2.34217   4.71624    1051   12
    13   0.51469   2.31439   1.47379     847   10
    14   3.68524   2.41364   1.64774    1590   15
    15   3.94419   0.82363   6.11220     905   12
    16   3.65149   0.86523   3.06752    1598   16
    17   0.66370   0.80126   2.94685    1506   15
    18   0.42825   2.27897   4.61890    1126   14
    19   3.89180   0.77065   6.22918    1479   14
    20   3.75070   2.38016   4.80493    1531   16
    21   0.59604   0.68406   4.67160    1391   13
    22   2.11592   1.62974   2.34978    2044   16
    23   3.67863   0.84813   4.76149    1323   16
    24   3.94202   0.79742   4.54478    2338   18
    25   0.73553   0.76815   4.68987     712   11
    26   3.71335   0.82049   1.50227    1125   13
    27   3.73511   0.81262   3.05648     941   11
    28   3.53250   2.39531   3.00956    1606   16
    29   0.79994   0.77849   4.61596    2058   16
    30   3.77902   0.82935   1.53195    1946   16
    31   3.81067   2.33044   1.55623    1596   18
    32   3.92655   2.29799   0.04094     901   11
    33   3.60198   2.35368   3.02736    1215   15
    34   0.66904   2.21547   4.71473    1283   16
    35   2.24329   1.60177   5.39242    1134   16
    36   2.14225   1.54042   5.33479    1994   20
    37   3.60198   2.35368   3.02736     899   12
    38   3.90293   0.78913   3.06069    1528   18
    39   5.30232   1.54115   2.34951    1018   12
    40   3.72883   2.38061   0.08436    1177   10
    41   3.71033   0.78078   4.71414    1052   14
    42   5.37177   1.66773   5.53721    1074   14
    43   3.62314   0.80362   0.01026    1125   14
    44   0.73856   0.71975   6.20858    1358   14
    45   3.88713   0.80667   4.60475    1431   13
    46   2.21453   1.58138   0.82396     866   13
    47   0.63813   2.28467   1.64955    1531   14
    48   3.87691   0.76414   1.55601     618   13
    49   2.13519   1.49765   5.44278    2138   19
    50   3.88713   0.80667   4.60475    1077   11
    51   3.59499   2.36945   6.09846    1696   16
    52   3.90618   2.47383   0.08805    1102   13
    53   0.70461   0.82375   0.00689    1083   16
    54   3.65777   2.34618   3.15570     910   13
    55   2.23408   1.44679   0.71277    1709   20
    56   3.54815   0.82693   4.88441    1208   15
    57   3.63436   0.82529   3.17106    1025   12
    58   0.51323   2.25766   3.09222    1260   13
    59   0.47488   2.30706   3.13785     801   12
    60   3.66656   0.87506   4.76731    1558   15
    61   0.69844   0.83167   2.97943    1390   15
    62   0.43462   2.34108   4.54761    1375   17
    63   2.28045   1.54851   3.91693    1149   13
    64   2.08817   1.47194   2.27977    1515   15
    65   2.29505   1.53231   0.77512    1009   16
    66   0.67040   2.23301   0.09870     989   12
    67   2.10347   1.58060   5.50354    1275   14
    68   0.60873   0.68770   1.56153     907   13
    69   2.27867   1.60340   0.83444    1800   19
    70   3.70722   0.74850   3.22676    1472   13
    71   2.10779   1.70705   5.40864     862   10
    72   2.16047   1.61565   5.46419    1352   16
    73   5.40802   1.59960   2.40967    1193   13
    74   0.58852   0.66222   6.18793    1141   12
    75   0.54161   2.40486   3.03191    2120   20
    76   0.69883   0.75148   4.64457    1385   18
    77   2.17211   1.62607   0.75072     789   10
    78   3.70960   0.86654   1.45245    1142   16
    79   3.87691   0.76414   1.55601     676   12
    80   0.55448   2.41225   6.15530     905   14
    81   3.79608   2.43849   0.04281    1561   18
    82   5.23302   1.54790   4.03623     828   14
    83   0.65170   2.32217   0.05749    1438   14
    84   0.69452   0.67914   6.15411    1397   14
    85   5.27103   1.63170   2.47228    1062   12
    86   0.63446   0.77046   1.52993     953   14
    87   3.60198   2.35368   3.02736    1365   15
    88   3.62595   2.43202   2.97038    1231   17
    89   0.59677   2.21959   1.63176    1411   15
    90   3.60747   2.41240   4.57532    1260   15
    91   3.83578   0.79924   4.55257    1644   12
    92   3.65435   0.87037   3.13947    1158   15
    93   3.86091   0.92477   6.25480    1640   16
    94   0.56140   0.75276   4.63950     740   11
    95   2.17626   1.60276   3.96654    1260   15
    96   3.90618   2.47383   0.08805    1447   13
    97   0.47085   2.36744   4.71619    1233   12
    98   3.59886   2.52596   3.05600    1028   11
    99   2.16204   1.65971   0.76508    1010   15
   100   2.07022   1.61535   0.72341     923   11
   101   2.22473   1.47826   2.19016    1068   15
   102   0.74094   0.73908   6.15157    1648   17
   103   0.52314   0.63105   4.74130     964   14
   104   5.42217   1.53406   3.93143    1006   14
   105   0.48379   0.78323   0.02774     908   12
   106   3.74441   0.78546   4.76226     705   11
   107   3.87691   0.76414   1.55601    1150   15
   108   3.87691   0.76414   1.55601    1018   14
   109   0.51606   2.37584   6.16789    1228   13
   110   5.38536   1.65651   0.83739    1651   15
   111   3.59499   2.36945   6.09846    1933   15
   112   3.90277   0.79091   6.21185    1346   16
   113   0.70964   0.67592   1.50366    1301   13
   114   0.41531   0.69125   1.72165    1461   15
   115   3.60198   2.35368   3.02736     727   11
   116   2.19563   1.66332   3.93082     794   12
   117   0.63639   0.66217   6.17362    1298   15
   118   5.22886   1.51291   0.80616    1024   13
   119   0.43876   2.23465   6.20369    1301   14
   120   3.67063   0.86740   4.64991    1382   17
   121   5.32630   1.47366   0.77425    1435   17
   122   3.80027   0.80571   0.04958    1804   18
   123   2.27109   1.55886   3.88716    1552   18
   124   3.64629   2.39977   3.06453    1237   16
   125   0.63870   0.77085   3.13219    1314   14
   126   5.38694   1.60628   2.38825    1270   14
   127   2.16932   1.43806   5.42395    1297   17
   128   0.55878   2.32941   3.21295    1280   13
   129   0.00000   0.00000   0.00000    1484   14
   130   3.80531   0.83174   4.54277    1482   16
   131   0.60873   0.68770   1.56153    1498   15
   132   3.49647   2.36999   3.02988    2557   19
   133   2.16762   1.60800   2.26359     963   14
   134   3.82274   0.82338   1.46055    1194   15
   135   3.91676   2.31138   3.18633     760   13
   136   5.36003   1.48615   2.37993    1768   17
   137   3.65564   0.79473   4.81624    1402   17
   138   0.75654   2.30295   4.88841     695   11
   139   5.25600   1.56876   2.43730    1856   20
   140   3.91956   2.36892   4.78415    1484   16
   141   3.93176   2.44352   4.86505    1561   15
   142   2.07200   1.58139   5.48882    1015   12
   143   0.51863   0.62582   4.76064    2389   19
   144   2.20771   1.54343   3.87108    1777   15
   145   0.47816   0.70189   0.04223    1583   15
   146   5.33590   1.61909   3.97225    1683   17
   147   3.66172   0.77046   1.67350    1481   17
   148   3.85895   2.37556   0.13158    1043   14
   149   5.27549   1.69368   0.82362    1384   13
   150   0.59372   0.78305   4.73064    1587   13
   151   5.34650   1.72927   2.38297     899   15
   152   2.18193   1.51479   2.33126    1471   16
   153   0.66446   2.31266   1.52872    1018   15
   154   0.62183   2.36154   4.75590    1823   18
   155   5.25600   1.56876   2.43730    1849   16
   156   2.25157   1.47411   0.78729    1679   16
   157   0.51624   2.36405   3.14160     965   10
   158   0.49323   0.72672   1.62810    1157   13
   159   2.17750   1.63087   0.82522     980   13
   160   0.72458   2.24439   3.27864    1067   14
   161   0.67571   2.33497   4.86617    1088   10
   162   3.60524   2.39357   4.68823    1162   13
   163   3.83861   0.79214   6.22336    1332   16
   164   5.21102   1.54077   2.49150     887   13
   165   3.68659   2.37381   1.46409    1123   14
   166   2.09076   1.64812   3.85586    1488   16
   167   3.74048   0.76554   4.71565    1091   12
   168   0.62652   2.30987   4.81284    2376   17
   169   3.77167   0.77572   1.55125    1344   16
   170   0.43876   2.23465   6.20369    1292   14
   171   2.30731   1.56761   5.50822    1122   15
   172   3.66921   0.73239   0.11497    1257   16
   173   2.08539   1.63741   2.34359    1398   16
   174   5.36303   1.55078   2.45012    1295   15
   175   3.72964   0.92015   4.61085    1135   13
   176   3.87691   0.76414   1.55601    1134   12
   177   3.60198   2.35368   3.02736    1007   15
   178   5.25255   1.69043   2.39199    1621   13
   179   3.60747   2.41240   4.57532    1499   15
   180   0.78162   0.71019   4.60211    1051   12
   181   0.51246   0.69762   4.81509     883   12
   182   5.25147   1.67530   5.56521    2017   19
   183   2.29649   1.66022   2.30529    1473   16
   184   3.66858   2.48651   4.55365    1557   17
   185   5.33459   1.58120   2.45588     660   10
   186   0.80920   2.31909   0.18460    1764   15
   187   3.56633   2.35264   6.20750     865   11
   188   3.81990   0.82283   1.65443    1502   15
   189   3.77097   2.38313   3.11408    1409   14
   190   0.56560   2.33174   3.12423     954   13
   191   3.85438   2.45639   3.17594    1706   18
   192   5.42833   1.61162   4.02465    1253   14
   193   3.74048   0.76554   4.71565     844   12
   194   5.25564   1.56187   2.33182    1109   13
   195   3.71507   2.46259   1.65022    1112   14
   196   2.23551   1.64733   2.38314    2256   18
   197   3.90936   0.89322   3.03397    1268   15
   198   0.42552   0.77823   3.33724    2703   18
   199   0.53169   2.33993   6.17207     855   10
   200   0.54658   0.79255   1.67130    1477   17
   201   3.59886   2.52596   3.05600     975   13