     1   0.00000   0.00000   0.00000       0    0
     2   0.37505   0.34108   3.94202    1732   19
     3   2.73334   1.23473   4.94617    1595   17
     4   2.74861   1.40782   1.69914    1478   16
     5   2.71318   1.26525   0.26624    1170   14
     6   0.38672   0.38338   0.69095    1534   17
     7   4.49253   1.28010   4.37581     840   14
     8   1.10676   1.86266   0.14507    1656   18
     9   1.24554   1.84947   5.05273    1187   13
    10   0.65808   0.43145   0.50496    1657   17
    11   0.65073   0.33245   0.52899    1302   14
    12   4.43095   1.33653   4.40664    1475   15
    13   4.45184   1.40775   4.31316    1569   15
    14   3.61294   2.71890   0.74365    1318   16
    15   0.29171   0.37330   4.15022    1250   13
    16   3.62028   2.61025   4.06063    1015   13
    17   5.86943   1.88166   2.89763    1439   16
    18   4.46679   1.23167   5.88650     951   12
    19   0.33620   0.41223   0.94579    1729   18
    20   4.28060   1.23706   4.42840    1196   14
    21   0.26388   0.38571   5.55170     855   14
    22   1.17142   1.79149   0.24699    1483   14
    23   0.23385   0.42607   4.17140    1753   19
    24   1.20369   1.72527   0.16029     835    9
    25   3.30815   2.69339   0.66834    1620   16
    26   0.29170   0.49558   5.49744    1463   15
    27   1.13604   1.73114   0.27022    1251   14
    28   2.78488   1.38762   1.78493    1108   11
    29   2.70768   1.25675   4.94667    1169   14
    30   5.87496   1.76226   2.88183     755   10
    31   2.60802   1.36307   3.52373    1120   13
    32   0.13714   0.28936   4.23627    1931   17
    33   3.59833   2.86083   0.90500    1713   15
    34   5.82170   1.90993   4.52730    1465   15
    35   1.22743   1.85831   5.01096    1376   16
    36   5.96239   1.86870   2.91526    1646   15
    37   5.87937   1.88548   2.73917    1286   12
    38   1.12306   1.90799   3.41321    1510   17
    39   1.10676   1.86266   0.14507    1396   16
    40   1.19822   1.72138   1.86158    1958   16
    41   2.65499   1.33652   3.30301     681   11
    42   2.72687   1.31672   1.84991    1212   14
    43   0.50384   0.51860   5.39866    1548   16
    44   3.77762   2.82643   2.51153    2362   21
    45   5.83056   1.84469   1.21622     927   15
    46   0.39085   0.49788   2.37285     975   12
    47   0.63629   0.26280   2.19883     899   13
    48   4.43915   1.23511   2.89392     884   12
    49   0.18224   0.31178   1.03049    2514   18
    50   4.29237   1.29480   6.01210    1559   16
    51   5.80712   1.92036   5.88743    1159   13
    52   0.49344   0.38352   3.89598    1671   18
    53   0.64150   0.26834   5.29437    1419   14
    54   0.35416   0.37566   4.08639    1869   18
    55   5.94432   1.88810   4.49017     759    9
    56   5.75219   1.70152   5.94564     932   10
    57   4.40518   1.27569   2.83912    1452   14
    58   2.65499   1.33652   3.30301    1257   15
    59   0.33346   0.36719   4.01803    1657   13
    60   2.60802   1.36307   3.52373     924   12
    61   0.12333   0.42923   1.03289    2084   18
    62   2.83712   1.29401   3.38464    1446   15
    63   3.31340   2.89514   0.67364    2034   17
    64   2.60802   1.36307   3.52373    1579   16
    65   2.64223   1.33871   0.26726    1168   16
    66   0.71158   0.42015   5.14016    1007   13
    67   2.83516   1.32867   5.01471    1190   15
    68   5.80649   1.75794   1.30821    1115   14
    69   3.56604   2.85401   2.34811     962   11
    70   3.26861   2.82015   0.49871    1296   16
    71   1.23057   1.80734   0.26656     817   12
    72   3.44838   2.78472   0.74987    1550   15
    73   0.29909   0.38003   3.88922    1535   16
    74   3.37001   2.78075   3.77123    1194   15
    75   2.83721   1.25124   1.71822    1273   17
    76   4.36890   1.28366   4.44921    1355   14
    77   5.71131   1.92165   1.29268    1264   13
    78   3.45170   2.70298   0.76157    2085   17
    79   5.77586   1.86751   2.75737    1615   17
    80   5.85408   1.81315   4.35016     920   13
    81   3.61588   2.73103   5.53237    1524   14
    82   5.82711   1.74436   2.79960    1655   15
    83   3.67732   2.69126   0.91648    1540   15
    84   3.38538   2.71227   0.70722    1610   11
    85   1.23426   1.82187   3.34448    1127   14
    86   2.82666   1.38263   4.97248    1138   16
    87   5.75219   1.70152   5.94564    1082   11
    88   1.09448   1.79073   3.33911     918   12
    89   1.23005   1.77686   1.73014    1408   16
    90   3.70239   2.79500   0.83337    1682   17
    91   4.22288   1.24467   4.51566    1620   17
    92   4.24397   1.23062   2.93254    1022   13
    93   1.24390   1.92486   3.42075    1019   13
    94   0.27135   0.44455   4.07524     755   10
    95   1.27412   1.92083   5.06582     924   12
    96   4.36323   1.32613   2.81545     825   11
    97   4.34028   1.24341   5.91760    1229   17
    98   2.74119   1.20262   1.80059    1560   18
    99   1.13845   1.86213   1.79774    1073   13
   100   4.45179   1.28140   4.38550    1063   14
   101   1.26584   1.84958   5.06963    2273   17
   102   1.21936   1.78509   4.96557     970   11
   103   1.08801   1.88398   1.83204    1204   15
   104   4.34031   1.27677   2.78930    1486   14
   105   5.90689   1.72539   4.49332     994   12
   106   2.57996   1.27622   0.32461    1379   12
   107   2.75622   1.28956   1.80014    1577   16
   108   4.02719   2.75796   2.81548    1291   18
   109   0.61124   0.47326   5.35653    1417   15
   110   0.31583   0.37576   5.66447    1764   16
   111   4.28815   1.25959   6.15938    1601   17
   112   3.61061   2.63407   2.54118    1172   14
   113   4.23475   1.32038   5.93236    1848   14
   114   3.28171   2.79462   0.56091     770   13
   115   2.62441   1.39082   1.71905    1731   19
   116   5.73364   1.78508   6.05590    1106   12
   117   1.06866   1.83016   0.17786    1449   14
   118   3.38854   2.84792   0.62417    1820   17
   119   3.43544   2.83241   0.79883    1043   13
   120   1.26158   1.97068   3.52153     999   12
   121   0.00000   0.00000   0.00000    1165   13
   122   5.90383   1.85803   2.81052    1786   17
   123   3.37924   2.69260   2.28315    1552   14
   124   5.71710   1.83099   2.83787    1501   15
   125   2.78223   1.43732   1.86076    1781   19
   126   5.83267   1.88382   4.39505    1302   18
   127   1.28602   1.76445   3.47813    1568   15
   128   5.91985   1.75068   4.41333    1556   18
   129   2.65209   1.18810   1.81981    3214   24
   130   2.69923   1.29850   0.26239    1289   15
   131   5.91872   1.95134   6.10623    1528   16
   132   0.19351   0.44897   0.97981     591   10
   133   0.40391   0.44099   0.80437    1263   15
   134   2.71350   1.25490   0.25030    1551   13
   135   3.34248   2.86601   5.43387    1805   19
   136   0.30910   0.29208   2.32032    1185   14
   137   3.35881   2.89493   3.73891    1410   18
   138   5.99125   1.71556   1.31249    1718   18
   139   1.26649   1.72405   3.49242    1965   15
   140   2.74861   1.40782   1.69914     724   12
   141   4.44578   1.29771   6.07732    1448   15
   142   0.54264   0.41407   2.10349    1059   12
   143   1.28965   1.73384   0.39248    1813   19
   144   0.57189   0.49747   3.75096    1505   15
   145   2.73521   1.39626   1.95572    1656   17
   146   3.72328   2.66564   0.94368     888   11
   147   2.72740   1.24403   0.18423    1083   12
   148   2.73434   1.32907   1.89048    1207   14
   149   3.70518   2.87299   0.94603    2031   17
   150   5.82227   1.81642   5.87936    1156   15
   151   0.36762   0.30667   2.38591     969   11
   152   2.68506   1.21672   0.33285     829   11
   153   0.35016   0.35792   2.32308    1196   12
   154   4.48276   1.27640   1.18808    1950   18
   155   5.86625   1.74172   1.21604     742   11
   156   1.20724   1.94360   3.29364    1674   16
   157   3.23130   2.81152   2.08482    1224   14
   158   2.74861   1.40782   1.69914     685   10
   159   4.47711   1.31273   4.44743    1038   11
   160   5.93139   1.86604   1.39043    1145   11
   161   1.20366   1.76446   3.42152    2391   19
   162   1.18368   1.96411   4.97054     514   11
   163   5.88648   1.86823   1.32277     955   12
   164   3.63176   2.75393   0.80217    1469   18
   165   4.39389   1.29393   2.78354     596   11
   166   2.66183   1.41729   3.29269    1756   17
   167   1.28363   1.78164   0.16574    1390   16
   168   3.54920   2.68239   0.87427     603   13
   169   5.86674   1.79927   4.31936     721   10
   170   1.23052   1.80072   0.35331    1229   10
   171   2.72617   1.41936   1.85669    1982   18
   172   3.54915   2.75528   5.50729    1356   14
   173   1.11321   1.86881   3.38947     912   12
   174   4.39389   1.29393   2.78354    1291   17
   175   4.27689   1.36307   2.88646    2098   18
   176   3.54920   2.68239   0.87427     876   11
   177   2.66588   1.28514   1.99380     960   10
   178   3.27540   2.68369   0.59127    1524   13
   179   3.54920   2.68239   0.87427    1094   13
   180   3.47361   2.74327   0.65468    1133   13
   181   0.00000   0.00000   0.00000    1808   15
   182   5.94698   1.91578   6.11704    2529   19
   183   4.35282   1.42637   4.52803     794   10
   184   1.24019   1.83635   4.86318     907   13
   185   5.85081   1.75302   5.99475     989   13
   186   0.33517   0.38428   2.53783    1112   12
   187   1.10676   1.86266   0.14507     829   13
   188   5.79728   1.79854   2.89490     969   13
   189   5.96939   1.73749   6.01862    1107   14
   190   2.65499   1.33652   3.30301    1218   13
   191   3.56210   2.64378   2.39416    1412   15
   192   5.96633   1.84269   4.52795    1216   15
   193   1.26273   1.95484   4.96537    1264   12
   194   3.86697   2.70760   5.79446    1053   14
   195   5.78403   1.87662   4.51387    1302   15
   196   2.84395   1.40268   3.40327    1110   14
   197   0.39100   0.35206   2.25255    1320   13