     1   0.00000   0.00000   0.00000       0    0
     2   4.11937   0.83518   4.61746    4745   18
     3   2.51435   1.45073   0.84143     856    8
     4   0.98383   2.38666   4.90995     983   10
     5   5.61245   1.83686   2.39099     916   12
     6   4.14931   0.74618   1.43999    1704   13
     7   5.62206   1.71856   2.27084    1839   12
     8   3.86701   2.35582   2.95872    2766   15
     9   2.30917   1.42205   2.42604    3150   18
    10   3.86081   2.42145   4.58956     632    9
    11   2.38383   1.39647   3.89203    1968   15
    12   5.43088   1.66323   3.97227    1727   13
    13   5.60986   1.60158   2.39369    3631   16
    14   2.46480   1.29009   3.92481    1909   12
    15   0.97406   2.28654   1.74378     765   13
    16   5.56413   1.61513   0.78109     840   11
    17   4.11721   0.81490   2.97463    2691   13
    18   3.78904   2.38214   1.31537    1025   11
    19   1.02065   2.45122   3.44596    2217   15
    20   5.38297   1.73745   5.43947     883   10
    21   0.97032   2.41451   4.89046    2426   15
    22   3.94665   0.81598   4.63408    1132   11
    23   0.78061   2.23010   0.00996    2719   14
    24   3.89079   2.42931   6.17471     727   11
    25   2.52717   1.49347   3.95644    1780   12
    26   0.77350   2.35054   3.18869    2359   13
    27   4.05053   0.81206   6.20521    4775   23
    28   0.94340   2.38269   1.60895    3717   16
    29   0.84188   2.37373   4.94736     983   10
    30   5.38297   1.73745   5.43947    2000   15
    31   2.39119   1.51318   3.92153    1783   12
    32   0.97345   2.31578   4.88609     679   10
    33   4.03694   0.87752   6.16631    2824   17
    34   2.45397   1.51074   5.40976    4397   19
    35   1.09844   2.43570   1.87490     536    8
    36   0.78970   2.38164   1.65532    2973   17
    37   5.52613   1.71312   5.39093    1382   11
    38   5.61245   1.83686   2.39099     551   11
    39   0.81198   0.82975   4.86913    2418   12
    40   0.72469   0.89504   1.76217    4054   20
    41   0.71601   0.75474   4.86188    1973   13
    42   0.76339   0.70217   3.32217    2032   16
    43   4.19462   0.80791   4.36602    4611   20
    44   0.69387   0.72479   0.22443    2489   16
    45   1.03144   2.27347   0.15641    4673   19
    46   4.05011   0.82455   4.54354     964   10
    47   4.13480   0.71218   1.34033    2050   13
    48   2.27353   1.46975   4.03407    2878   17
    49   0.71034   0.76747   4.97089    4373   20
    50   0.60893   0.90975   3.35939    1190   12
    51   4.02942   0.84420   6.15719    2633   17
    52   5.65658   1.66116   5.57991    3722   18
    53   1.11501   2.34613   4.98379     828   12
    54   0.88227   2.28459   1.72762    4746   22
    55   3.75584   2.28217   2.99964    2030   14
    56   0.63036   0.85722   0.19615    5136   24
    57   3.79535   2.31851   3.01224     687    8
    58   5.52536   1.54325   5.49305    1013   12
    59   5.46291   1.61767   0.72930    2367   13
    60   2.47484   1.41926   4.01252    4466   22
    61   0.60893   0.90975   3.35939    4894   23
    62   4.15146   0.86554   6.18283    1384   11
    63   2.33361   1.54602   5.38483    2549   16
    64   5.46399   1.60965   5.49787    3587   17
    65   2.43861   1.55628   2.40021     531   10
    66   2.32484   1.41173   0.84488    3246   15
    67   0.62155   0.91666   1.80127    1270   12
    68   3.73335   2.27977   1.27200    4091   18
    69   3.98352   0.77218   1.49309    1493   13
    70   0.68734   0.76261   5.01452    4232   20
    71   4.04563   0.82437   4.58642    2117   14
    72   0.76077   0.72438   3.40016    1659   14
    73   3.92435   0.77059   3.13221    5357   22
    74   0.66373   0.81263   1.64511    2565   13
    75   1.07693   2.27654   0.22112     752   10
    76   3.90230   0.77498   0.02744    4852   19
    77   5.65402   1.60667   5.52556    1895   13
    78   0.62885   0.88527   1.77061    2272   17
    79   0.98208   2.36902   3.39677    3264   16
    80   3.95218   2.31943   1.47927    2138   15
    81   0.87998   2.43994   3.27329    2508   15
    82   3.79535   2.31851   3.01224     482    8
    83   3.95444   2.30733   4.53213    2150   14
    84   3.90361   2.39330   1.43737    2321   17
    85   2.39054   1.46126   3.99108    1877   14
    86   0.74590   0.83184   1.69912    1586   15
    87   5.57847   1.69595   0.87441    1295   16
    88   5.54998   1.60296   0.81577    2468   16
    89   1.11501   2.34613   4.98379    1383   12
    90   2.43831   1.55168   3.94267     693    8
    91   0.96384   2.31495   1.72115    3394   15
    92   4.13247   0.76504   4.43774    2675   16
    93   2.40100   1.51865   0.75188    3794   17
    94   2.51939   1.46377   0.78557    1357   13
    95   3.84863   2.33159   1.45960    3568   19
    96   3.79535   2.31851   3.01224    1047   10
    97   0.91734   2.42548   3.31758    1257   13
    98   0.73375   0.71910   0.27956     978   11
    99   3.70563   2.22125   4.54921    3132   14
   100   1.05027   2.28941   0.12549    2159   13
   101   0.74940   0.86341   3.38347    1782   12
   102   0.86591   0.75633   3.20645    1401   13
   103   2.30003   1.56499   2.37631    3664   18
   104   4.19226   0.81243   4.42216    3361   16
   105   5.65809   1.67979   2.35243    1852   14
   106   3.80490   2.33660   3.01949     955   10
   107   4.02770   0.89606   1.49872    1375   11
   108   0.79843   2.41201   0.08038    2633   15
   109   2.33395   1.50458   2.43100    1452   14
   110   0.61006   0.84169   5.03534    1602   12
   111   0.60893   0.90975   3.35939    1708   11
   112   4.10645   0.70731   1.40983    1543   11
   113   5.51192   1.55625   2.32563    2080   15
   114   2.41709   1.38308   0.74248    1793   13
   115   0.99974   2.39042   1.75910    3060   15
   116   0.59809   0.87874   1.73124    3288   17