     1   0.00000   0.00000   0.00000       0    0
     2   4.60659   1.42282   5.95823    1119   16
     3   0.87068   0.28876   5.38825    1227   16
     4   6.14086   1.75170   1.38337     620   11
     5   3.76643   2.93646   0.65583    1355   13
     6   6.21412   1.73907   4.53417    1041   13
     7   0.02613   1.86607   3.07907    1487   18
     8   0.02724   0.24218   2.97765     988   12
     9   0.26010   0.25305   1.37511     824   12
    10   0.64464   0.12088   2.42461     921   13
    11   0.87068   0.28876   5.38825    1405   14
    12   3.00595   1.40129   1.74707     772   12
    13   1.63460   1.82478   4.88845     726   12
    14   3.88947   2.79366   3.86668    1074   17
    15   3.50850   2.81410   4.99643    1187   13
    16   3.91809   2.92283   0.69727    1085   13
    17   6.20466   1.84826   6.18279    1043   15
    18   3.69257   2.83322   3.76314    1543   15
    19   3.19516   1.38588   1.67067    1234   15
    20   0.11640   0.32454   4.55303    1092   15
    21   4.63225   1.33569   1.48370    1052   11
    22   6.09593   1.90232   3.06094    1204   15
    23   0.92782   0.25168   0.67792    1376   15
    24   6.24207   1.90908   3.11884    2146   18
    25   6.27683   1.82472   2.88325    1626   15
    26   1.56414   1.68532   3.39404    1148   14
    27   3.61816   2.74918   3.72390    1229   12
    28   4.73576   1.45536   2.95536    1671   18
    29   1.46139   1.76238   0.24384    2035   16
    30   1.52232   1.69968   0.17068     705   11
    31   4.01918   2.86345   5.56090    2189   16
    32   3.72029   2.84173   2.24221     808   11
    33   4.60054   1.32651   5.97170    1285   14
    34   6.27468   1.85238   1.56733     825   13
    35   6.20879   1.85283   2.97613    1157   15
    36   1.51636   1.72412   0.18877    1607   18
    37   1.60025   1.68152   3.42773    1037   13
    38   4.72466   1.33113   2.92561    1334   13
    39   1.49665   1.78393   4.95113    1060   15
    40   6.22679   1.90949   3.11063    1060   12
    41   3.49548   2.86975   0.52393     924   12
    42   4.01295   2.93958   0.96234    1961   18
    43   2.96283   1.41395   0.18238    1880   16
    44   3.46873   2.90138   1.92730    1489   15
    45   3.66718   2.87730   2.12699    1416   14
    46   6.27769   1.73902   2.99978    1522   15
    47   0.02396   1.84095   3.10354    2259   20
    48   0.20155   0.31588   1.45324    1334   14
    49   3.88919   2.79076   2.33463    1336   14
    50   0.27291   0.19683   1.16324    1569   15
    51   1.54387   1.59725   1.87314     653   11
    52   6.21997   1.87552   6.15976    1329   16
    53   3.06312   1.31912   0.21250    1210   14
    54   3.70059   2.88497   0.57943    1561   17
    55   3.17018   1.34436   3.20508    1229   16
    56   4.74506   1.41728   2.96573    1220   12
    57   2.96923   1.40023   3.26706    1253   16
    58   6.25654   1.84393   2.98664    1533   16
    59   1.64642   1.81359   0.34603    1300   14
    60   0.12291   0.18404   3.00843    1287   15
    61   3.77431   2.92479   0.61587     840   12
    62   3.77431   2.92479   0.61587    1261   17
    63   1.50376   1.70342   3.30713     940   16
    64   1.54899   1.64217   0.30610    1281   15
    65   3.03623   1.32743   3.34717    1400   17
    66   4.71482   1.55798   4.47020    1520   17
    67   3.65281   2.81353   5.26249    1447   14
    68   4.68884   1.47577   5.98263    1486   15
    69   1.52036   1.78858   4.92292    1253   14
    70   3.72029   2.84173   2.24221     845   12
    71   0.19737   0.28370   1.36211     913   13
    72   2.96923   1.40023   3.26706    1155   13
    73   6.24456   1.65822   4.47700     977   13
    74   3.02796   1.39170   0.21289    1471   16
    75   0.26214   0.33813   2.73049    1604   18
    76   6.22071   1.67615   6.09416    1638   16
    77   4.63007   1.37420   1.31916    1421   16
    78   1.43277   1.73322   1.79922    1207   16
    79   3.20343   1.42117   4.80733    1180   11
    80   2.94979   1.30149   1.82473    1677   16
    81   3.42803   2.96037   5.05501    1682   16
    82   4.69619   1.32432   4.40874     919   13
    83   1.56089   1.69404   1.80641    2882   22
    84   1.56022   1.68729   4.93724    1421   15
    85   3.07548   1.36758   4.90980    1684   16
    86   1.59989   1.68540   0.20954     738   12
    87   3.36822   3.01640   0.27548    1039   15
    88   0.21393   0.34295   2.80639    1200   14
    89   4.60616   1.41869   4.62686    1299   15
    90   1.55794   1.81756   0.17317    1441   11
    91   3.04558   1.37980   4.96758    1451   14
    92   3.30430   2.99047   1.67442    1597   13
    93   3.13083   1.23210   4.84107    1597   17
    94   1.49770   1.58814   3.33820     638   11
    95   0.46817   0.31278   2.69792    1522   14
    96   3.12892   1.28473   3.24768    1113   13
    97   0.04365   1.74326   6.24961    1428   13
    98   1.56897   1.78842   4.97842    1423   18
    99   4.55509   1.48324   4.41777    1059   14
   100   1.44807   1.84824   5.03726    1364   15
   101   0.05737   0.15877   6.23054    1694   14
   102   0.85636   0.33037   5.50087     861   15
   103   3.58324   2.94155   0.45036    1521   17
   104   6.21081   1.66015   1.42557    1549   16
   105   3.16876   3.01366   4.78611    1173   13
   106   4.24053   2.87700   2.80570     901   13
   107   0.36836   0.30842   5.78328    1263   13
   108   3.83419   2.98652   2.26414    1888   17
   109   4.75989   1.57357   1.33422    1284   14
   110   1.57905   1.83011   0.30653    1425   17
   111   6.24569   1.68362   1.53946    1549   13
   112   0.19737   0.28370   1.36211    1077   13
   113   3.03437   1.45686   4.84192    1693   17
   114   6.27620   1.86637   6.21558    2091   17
   115   1.51900   1.60653   3.35646    1530   14
   116   4.58103   1.33794   6.10332    1361   15
   117   6.24958   1.80921   3.09117    1290   13
   118   3.83682   2.74600   2.24784    1030   11
   119   4.65903   1.50405   6.14067    1160   13
   120   0.33728   0.19571   1.29459    1827   18
   121   6.09885   1.76763   2.91267    1851   16
   122   3.17018   1.34436   3.20508    1588   16
   123   3.90263   3.01261   0.80446    1655   18
   124   4.71658   1.51860   4.55818    1649   16
   125   3.13994   1.39077   1.81591     831   12
   126   4.71767   1.54886   2.85207    1020   14
   127   3.54891   2.84976   1.98735    1532   18
   128   3.11438   1.24321   0.08515    1129   15
   129   0.36861   0.36337   1.17293    1200   15
   130   3.09163   1.42644   0.08872     637    9
   131   6.26601   1.90119   1.45013    1333   15
   132   4.76961   1.42507   4.61155    1892   20
   133   1.50809   1.76748   1.89960    1236   14
   134   0.90817   0.27501   5.42325    1785   20
   135   4.69410   1.44518   4.49985    1681   16
   136   0.51731   0.14111   2.60883     724   13
   137   4.64027   1.55235   3.00810     915   11
   138   1.61104   1.64148   4.84596    1385   16
   139   1.55230   1.78102   3.32180    1085   12
   140   3.17018   1.34436   3.20508    1114   15
   141   1.47941   1.64804   4.85749    1518   14
   142   0.67345   0.31971   0.84567    1120   14
   143   4.66091   1.49979   5.99304    1161   16
   144   0.02613   1.86607   3.07907     941   11
   145   3.54765   2.87640   3.63718     854   14
   146   3.80511   2.78574   2.27706    1072   14
   147   4.69367   1.41968   6.01326    1234   15
   148   6.22507   1.82288   4.65952    1196   14
   149   0.23894   0.11091   1.27436    1487   15
   150   4.68006   1.52944   1.43968    1110   13
   151   3.06076   1.24777   4.83525    1373   16
   152   4.74724   1.43897   1.39427     809   13
   153   4.66012   1.47062   3.04182    1744   17
   154   6.17469   1.78520   4.44698     814   12
   155   1.52232   1.69968   0.17068    2006   18
   156   3.58557   2.86694   5.09189    2694   17
   157   3.08791   1.45256   0.08796     754   13
   158   4.81222   1.35098   2.80746    1057   14
   159   6.11760   1.79167   4.44848    2131   15
   160   3.07247   1.36490   1.72301    2109   18
   161   4.55850   1.42266   4.48206    1914   16
   162   4.78401   1.42188   6.06292     939   14
   163   4.61074   1.38928   1.36121     872   14
   164   0.02195   1.74670   3.07314    1690   18
   165   1.49665   1.78393   4.95113     959   11
   166   6.26924   1.71715   4.68141    1257   15
   167   0.01262   1.79355   6.02608    1894   15
   168   3.15849   1.37483   4.90809    2116   16
   169   0.67273   0.14018   3.94581    2116   18
   170   1.65899   1.69622   0.30023    1892   18
   171   0.00040   1.79400   3.12072     885   14
   172   6.23058   1.76321   2.88252    1815   16
   173   3.84421   2.98661   5.48562    1583   14
   174   4.76961   1.42507   4.61155     850   12
   175   0.62400   0.23385   4.07591    1873   16
   176   6.25095   1.82819   1.52295    2030   15
   177   3.15159   1.22863   1.78010    1779   15
   178   3.14423   1.24758   1.72046    1327   15
   179   3.60178   2.93611   3.68432    1961   19
   180   0.19737   0.28370   1.36211    1025   15
   181   4.01905   2.84621   0.85179    1263   13
   182   3.06201   1.23130   3.25455    1222   14
   183   6.09797   1.78486   6.12701     713   11
   184   3.90095   2.77343   0.78797    1374   13
   185   3.01441   1.43516   4.85132    1533   16
   186   0.02613   1.86607   3.07907     754   10
   187   3.72955   2.90014   3.78227     815   13
   188   4.74379   1.43170   2.96477     969   14
   189   6.11155   1.65638   4.58237    1436   11
   190   6.21796   1.70571   6.13233    1127   14
   191   1.57317   1.60569   1.75456    1121   15
   192   0.04790   0.17963   6.17603    1661   16
   193   3.90194   2.91548   5.52762    1154   16
   194   6.15796   1.90396   4.46887     658   10
   195   3.18830   1.24509   1.67040    1082   15
   196   1.53776   1.81101   0.20662    2138   18
   197   3.65113   2.78117   2.21030     906   12
   198   4.06838   2.87039   4.08260    1273   16