     1   0.00000   0.00000   0.00000       0    0
     2   1.30579   2.09345   2.67767    2704   15
     3   1.83356   1.60457   3.82426    3425   18
     4   3.96679   1.89444   0.74179     365    7
     5   3.04040   2.36281   2.30891    5999   24
     6   2.53381   0.82804   4.79006    2152   16
     7   1.73271   0.94918   0.16709    1026   12
     8   3.42869   0.93464   4.65655     904    8
     9   3.27764   2.55690   4.45124    1149   11
    10   0.75600   1.15221   0.53398    2631   17
    11   0.51696   0.89782   0.74507    4630   21
    12   0.31706   2.25047   6.27228    1301   12
    13   3.63434   0.68896   0.29906    2704   16
    14   2.35829   1.42395   2.30538    2292   14
    15   4.04041   0.28230   0.45399    1522   14
    16   4.53546   0.73049   3.25373     755   11
    17   3.56667   0.85279   6.14790    1654   14
    18   3.45015   0.90122   4.62541    2930   20
    19   6.02685   1.66590   2.77984    4850   18
    20   3.53846   2.37320   4.74923    2177   13
    21   0.56293   2.45631   1.61834    1104   12
    22   0.19508   2.26686   6.26814    2320   14
    23   0.37512   2.12648   1.72368    1375   12
    24   1.45480   1.82069   0.40456     314    8
    25   1.68751   1.74749   5.51769    1523   12
    26   0.44754   2.14144   1.64483    4225   21
    27   3.34878   2.55333   1.43901     279    7
    28   3.02321   1.37418   4.49339    1024   12
    29   0.59511   1.71289   1.01578    1341   10
    30   4.97604   1.63190   2.36720    1621    9
    31   5.17412   2.22808   4.47084     879   10
    32   3.31194   1.02490   3.24123     555   10
    33   3.36522   2.32596   0.33629    4477   23
    34   2.41014   1.23089   3.95622    2254   15
    35   2.41014   1.23089   3.95622     648    8
    36   3.38681   2.73080   6.27449    2271   14
    37   5.65200   0.73602   4.43691    3390   17
    38   5.42232   1.39905   2.38207    3606   19
    39   2.75081   1.62438   1.93133    3537   17
    40   1.28522   1.95324   3.95312    4248   24
    41   3.52868   2.18757   1.72628    1898   13
    42   3.50665   2.36117   4.63739    2561   17
    43   3.29463   0.81581   1.67291    1092   10
    44   3.45015   0.90122   4.62541    1152    9
    45   6.16903   1.78883   0.75953    4886   17
    46   0.30854   0.55070   1.69746    2577   14
    47   2.11652   2.29677   6.04670    1179   12
    48   0.70156   1.25850   2.13164    1771   13
    49   3.42869   0.93464   4.65655    1684   12
    50   3.32216   2.45114   2.95360    4831   22
    51   1.48117   1.62475   3.50425     962   10
    52   0.04977   0.66994   1.82526    2178   15
    53   3.96679   1.89444   0.74179    3552   17
    54   0.05974   0.73404   0.17799    2373   16
    55   4.95230   1.32631   1.10499     813    9
    56   5.69885   0.69519   2.71988    1990   15
    57   0.79584   0.95357   3.22889    2936   12
    58   0.24257   0.52223   1.91187    2815   16
    59   3.48981   2.56018   4.69421    5550   21
    60   4.44340   2.93876   2.37474    2190   16
    61   5.42232   1.39905   2.38207     400    8
    62   3.43453   2.54984   1.50950    3060   16
    63   1.45480   1.82069   0.40456    4984   21
    64   0.58034   1.56728   3.72244    2279   12
    65   0.38856   2.17611   3.29645     771    9
    66   0.40855   2.21031   1.68057    2702   15
    67   3.41669   0.84233   1.57909    3079   20
    68   1.54273   2.03982   6.15581    2592   17
    69   0.20796   0.53555   1.77721    1688   13
    70   2.92828   2.45864   0.41453    2316   17
    71   3.23640   0.67259   0.51348    2679   14
    72   2.25873   0.69212   1.69344    2976   17
    73   5.59822   1.87961   3.58318     856    9
    74   0.15060   0.72823   4.78691    5372   18
    75   3.69990   1.86234   4.48221    3687   18
    76   0.10452   0.77403   3.29513    2206   13
    77   0.20214   0.67231   3.31040     465    7
    78   2.16819   2.42644   0.57655     372   10
    79   0.59511   1.71289   1.01578    2702   16
    80   0.07857   0.65324   3.38563    1021   10
    81   3.49250   0.91207   6.17454    1522   12
    82   5.29967   2.33940   5.87215    4033   18
    83   4.86260   0.93663   4.56290    1884   14
    84   5.83985   0.39975   2.75324     612   10
    85   5.12710   1.64708   4.14131    2746   16
    86   1.76124   1.44300   2.30167    1969   14
    87   3.38893   2.37704   6.13990    5205   18
    88   3.55503   2.70704   3.33799    4247   20
    89   3.44789   2.45544   1.60420     607    9
    90   4.36109   1.96063   6.06293    1438   13
    91   2.52141   1.18698   0.86209    1617   13
    92   0.47699   1.27487   4.81054    3226   16
    93   4.92986   1.40533   4.28997    1776   14
    94   5.03633   1.71291   4.14406    3452   18
    95   5.23833   0.67319   0.92232    1421   12
    96   1.60338   2.38483   2.24235    3458   15
    97   2.01498   1.76328   2.55100    1528   12
    98   4.50013   2.05883   2.28050    3665   18
    99   2.03062   1.05717   4.17062    1387   13
   100   3.59280   0.81910   4.70431    1414   14
   101   2.81839   0.62055   4.09937     900   11
   102   5.01798   1.38740   0.52111    3093   16
   103   0.03748   0.68724   1.78256    3147   20
   104   0.14898   0.66867   3.42226    1610   13
   105   2.37054   1.07975   0.80920    4075   17
   106   0.24257   0.52223   1.91187    1221   11
   107   5.94768   0.66437   3.03759    1697   13
   108   3.53846   2.37320   4.74923    2539   15
   109   0.37159   1.49508   3.74410    2038   13
   110   5.13047   1.66733   0.94676     913   10
   111   1.54273   2.03982   6.15581    1271   11
   112   3.94564   1.71662   0.51311    1652   14
   113   1.21876   1.93746   0.81966    1836   16
   114   2.13686   0.10830   6.24605    1300   13
   115   3.45015   0.90122   4.62541    1924   13
   116   0.54696   0.66008   5.26032    1234   11
   117   3.41543   2.58124   4.67916    3129   17