     1   0.00000   0.00000   0.00000       0    0
     2   5.61552   1.16579   2.21454    1374   12
     3   5.13651   2.46312   4.38354    2042   18
     4   6.11835   0.88016   2.96998    1337   16
     5   3.95635   1.73518   0.00986    1210   15
     6   0.50089   2.29917   4.03646    1354   14
     7   6.27525   1.55263   0.40073     887   15
     8   5.97787   2.15628   0.90843    1218   17
     9   4.72219   0.98969   4.32174    1529   16
    10   0.22126   1.68687   4.30511    1753   18
    11   0.30006   0.80271   0.57410    1143   13
    12   5.60135   2.12271   3.75148    1031   14
    13   0.85040   1.10206   2.13465    1553   17
    14   6.27658   2.33765   5.03404    1776   15
    15   4.57917   1.47281   1.85909    1117   12
    16   1.75894   1.37949   2.74430    1209   14
    17   2.34809   0.16498   4.61515    1705   18
    18   1.83320   1.70436   2.05045    1382   16
    19   5.25587   1.73498   4.66939    1462   15
    20   1.10112   2.41495   4.06123     889   14
    21   3.73048   1.56836   4.62850    1586   14
    22   4.21314   1.86041   6.18592    1680   19
    23   6.18520   1.92862   3.87438    2049   19
    24   5.04699   0.33859   3.69627    1470   17
    25   2.90279   1.54736   4.04081     923   15
    26   2.66884   2.49341   0.98305    1176   15
    27   0.52745   1.91884   4.46437    1633   16
    28   5.60707   2.51682   2.21964     862   15
    29   2.05606   0.95725   5.04483    1858   17
    30   5.83236   1.31653   2.15116     885   13
    31   2.38792   2.85035   6.13343    2109   18
    32   2.94200   1.77161   0.19508     902   14
    33   5.73295   2.43699   0.19502    1638   16
    34   0.77871   0.91679   2.45342    1252   16
    35   4.26730   2.58350   1.80649    1484   15
    36   1.12973   1.11871   5.97525    1364   16
    37   5.71484   2.09302   3.86229    1347   13
    38   0.89648   2.04782   1.34132    1160   11
    39   1.79196   2.36164   4.61026    2091   16
    40   2.46931   1.20379   4.12397    1339   16
    41   4.75197   1.83795   1.82167    1970   22
    42   5.10726   1.90189   1.84405     783   12
    43   2.31367   1.77079   5.40371    1294   13
    44   5.51724   1.98231   3.66462     950   14
    45   5.15387   1.30356   2.34563    1776   16
    46   2.60827   0.93220   3.73925    1866   18
    47   0.43656   1.85249   4.09895    1585   16
    48   1.94324   1.23915   1.51602    1109   15
    49   4.00231   0.82546   6.02552    1845   16
    50   3.69159   1.06576   5.34852     967   13
    51   0.85225   1.43258   1.10158     857   14
    52   1.53147   0.80268   2.64650    1664   20
    53   0.59232   1.92294   0.86957     986   16
    54   5.95277   0.23287   0.30340     855   13
    55   0.39712   1.27596   2.28346    1161   14
    56   4.48177   2.69732   3.98526    1363   14
    57   2.17113   1.52905   3.17888     723   11
    58   0.13431   1.94424   2.58333    1069   12
    59   0.04116   0.79335   3.18670    2177   16
    60   3.59174   2.58939   6.00670    1552   17
    61   4.73342   1.66098   1.57852    1810   18
    62   3.37065   0.91352   0.56962    1415   14
    63   2.04919   0.79162   5.28188     889   12
    64   0.79605   0.87266   2.83029     947   12
    65   2.72445   2.75638   1.86303    1307   13
    66   5.69836   0.80931   1.31871     917   13
    67   3.58387   0.70563   5.82785     989   13
    68   1.08109   1.37474   3.61218    1612   18
    69   3.75932   1.22868   3.62292    1391   15
    70   1.14607   1.21249   4.16868     876   11
    71   1.93016   1.47222   2.34265     870   12
    72   4.29050   1.51423   3.95340    1084   13
    73   2.33186   1.45337   0.47755    1877   19
    74   3.59297   2.04322   0.09298    1197   14
    75   5.34648   2.84860   4.75871    1066   11
    76   2.49247   1.25546   2.42501     932   12
    77   3.50597   1.88850   0.29728    1295   15
    78   4.36685   2.60487   4.58094    1063   14
    79   2.73535   2.68584   3.84100    1507   17
    80   1.45120   1.66483   0.90596    1998   18
    81   3.21737   1.99212   1.49096     829    9
    82   2.40980   2.01761   5.45956    2402   16
    83   5.77876   0.33763   0.40625    1323   13
    84   0.20119   0.62238   4.93125    1606   17
    85   2.91917   0.78386   4.79565    1718   17
    86   0.47005   1.37927   3.15948    1780   15
    87   2.40771   1.54013   2.10333    2740   22
    88   4.91845   1.71233   3.46206    1823   18
    89   3.91350   1.07459   2.49787    1199   15
    90   1.03709   0.96715   2.60547    1381   16
    91   3.67802   1.82697   1.77522    1184   17
    92   3.84328   2.42898   3.63742    1607   18
    93   4.57232   1.89833   5.99033    1426   16
    94   2.53388   2.47573   2.34590    1313   15
    95   3.10241   1.14052   1.33300    1719   15
    96   5.06605   0.57080   1.35079     671   10
    97   4.69553   0.78818   0.70680    1173   14
    98   1.36420   1.66637   3.93916    1058   13
    99   2.40474   1.46593   0.49261    2485   20
   100   0.82880   1.02081   0.56423    1232   15
   101   0.39272   1.96852   5.64643    1458   15
   102   3.62790   2.25217   1.47081    1957   19
   103   2.12631   2.02290   2.72912    1715   18
   104   4.13970   0.99702   0.75472    1078   14
   105   3.11419   0.92937   2.15041     873   14
   106   1.23505   0.97615   5.16638    1476   16
   107   3.16241   2.39773   4.90871     818   10
   108   2.44643   1.54830   6.20073     850   15
   109   4.84114   0.80498   1.26045    1404   16
   110   5.44599   2.02484   4.96082    1340   16
   111   2.01106   2.39187   0.93192    1248   17
   112   4.63772   1.60702   6.15556     999   10
   113   1.92269   1.53113   1.68592    2212   17
   114   0.50726   2.22703   0.07826     930   14
   115   5.49778   2.04920   2.15038    1297   14
   116   0.58515   2.43962   4.04226    1081   16
   117   2.07288   1.59381   5.60937     851   13
   118   3.90942   1.65365   3.92642    1254   14
   119   2.29967   2.32610   3.78292    1772   18
   120   3.62419   1.09859   1.65477    1731   18
   121   6.04866   2.03918   4.50533    1633   16
   122   1.40103   1.39797   2.60877    1038   12
   123   1.41279   0.77873   2.14795    1044   15
   124   1.57734   1.94278   1.07837    1501   16
   125   3.73082   1.29627   3.77573    1021   16
   126   1.78129   1.27762   1.21613    1282   16
   127   2.80343   1.19018   6.15566    1450   16
   128   2.49389   1.54323   3.16572    1326   14
   129   1.51461   2.78806   2.18445     931   12
   130   5.61434   0.28039   4.13671    1509   16
   131   5.61916   0.79931   2.31938    1023   14
   132   0.99518   2.45564   1.88062    1553   17
   133   4.20039   1.36395   3.83119    1914   18
   134   1.02297   0.58746   1.40792    1593   16
   135   3.35142   2.25326   1.63234    1819   16
   136   5.63118   2.53186   6.11687    1748   17
   137   3.93525   2.19659   2.84124    1538   13
   138   0.18703   0.54461   1.70909    1773   20
   139   5.84684   1.08481   4.28563    1662   18
   140   4.04420   1.12411   1.12953    1279   15
   141   1.54931   1.49652   0.40254    1442   16
   142   1.12075   2.15756   3.76516    1899   19
   143   2.49320   0.92137   5.51524    1387   11
   144   5.64740   0.86510   0.21388     993   13
   145   5.68621   1.35831   5.08849    1540   15
   146   0.58227   1.09483   5.24482    1257   14
   147   3.87899   0.22956   0.27766     789   16
   148   2.38189   1.82817   5.84234     826    8
   149   1.17089   0.67086   0.44344    1054   13
   150   5.12719   0.97240   3.22522    1642   16
   151   2.29353   1.98080   2.42061     950   14
   152   5.70739   1.23224   3.08000    1216   13
   153   4.34737   1.23225   5.64500    1423   14
   154   3.03407   2.17801   0.73877     833   15
   155   0.42289   0.95350   3.64275    1121   12
   156   6.04828   2.97115   0.01466    1364   13
   157   4.31922   1.85774   5.69933    1154   13
   158   0.13330   2.60865   4.02546    1184   13
   159   2.84301   1.58939   2.61836     992   11
   160   0.51038   1.87766   1.09081    1346   16
   161   2.35726   1.73568   1.24706    1121   13
   162   0.66615   1.43046   2.46927    1198   17
   163   2.82932   2.36644   0.62051    1690   20
   164   5.54609   1.71436   2.24592    1147   15
   165   5.36101   1.81006   3.58553    2305   17
   166   5.91590   1.41402   5.04287    1429   13
   167   1.38135   1.96241   1.15527    1075   17
   168   1.86188   1.53566   0.84637     976   15
   169   4.02212   2.39951   2.20045     925   13
   170   5.05881   0.74548   0.75920    1024   12
   171   3.94514   1.64514   4.02581     829   13
   172   5.14593   1.22792   6.11462     982   14
   173   2.19345   0.59043   4.25224     687   11
   174   1.29560   1.90872   2.04251    1364   15
   175   0.60625   0.92913   1.81796    1261   15
   176   4.69789   2.71902   2.08571    1102   13
   177   3.75616   2.21182   2.04025    1282   12
   178   0.60765   1.77406   4.72320    1822   17
   179   4.35241   0.92335   0.37664    1141   11
   180   6.27433   0.63939   0.38702     709   13
   181   0.77150   2.22641   1.27450    1366   15
   182   0.10381   2.09756   2.76481     913   13
   183   3.78294   1.21000   0.73663    1525   18
   184   4.72917   0.97567   1.40009    1245   12
   185   1.42876   1.83584   3.53752    1005   15
   186   4.47629   0.63017   5.84456    2087   20
   187   2.80433   0.78073   1.76849     788   14
   188   5.40022   1.30527   6.07492     984   13
   189   2.21179   1.02897   1.98522    1383   17
   190   4.44733   1.63058   3.25512    1215   15
   191   5.23688   1.75801   1.90124     922   10
   192   3.50281   1.96528   4.00393     803    9
   193   2.26879   2.50488   0.07085    1116   15
   194   2.75447   1.97602   4.89395     991   14
   195   2.92188   0.30835   1.88968     922   11
   196   1.98279   1.61158   3.80310    1178   13
   197   2.65477   0.52457   4.00355     662   11
   198   0.08252   2.39268   1.11711    1420   17
   199   3.72667   0.40946   2.78366    1115   15