     1   0.00000   0.00000   0.00000       0    0
     2   1.30466   2.14167   4.75838     387   10
     3   4.24166   2.58447   6.08945     593   11
     4   1.30838   2.16467   3.23673     342    6
     5   5.83239   1.75940   2.52210     413   10
     6   6.02376   1.61640   1.00530     838   12
     7   2.68903   1.47862   0.72044    1889   15
     8   2.79075   1.48517   5.29594     657   11
     9   1.28894   2.03607   4.85351    1261   15
    10   5.95052   1.55749   4.01629    1766   17
    11   1.30382   2.12546   0.08798     694   11
    12   4.15754   2.61352   1.40270     731   12
    13   4.16823   2.51773   1.34269    1809   16
    14   4.07413   2.51235   6.05736     813   13
    15   1.05450   0.65235   3.38488    1319   15
    16   4.26377   2.45869   4.59579    1640   13
    17   4.16363   2.64088   6.12150     343   10
    18   4.34009   0.87074   4.66097     995   13
    19   1.34124   2.28764   0.17061    2583   21
    20   4.05511   2.55939   4.45761    3127   22
    21   4.38514   2.57959   1.58328     535   12
    22   1.25391   2.24173   3.22104     840   13
    23   1.38951   2.10277   0.30620     852   15
    24   4.30005   1.06723   1.45549     438   15
    25   1.29451   0.66338   0.00929     494   11
    26   1.39978   2.13593   4.79748     625    9
    27   4.26377   2.45869   4.59579    1303   11
    28   4.43521   1.06561   1.34633    5069   27
    29   4.06883   2.38594   5.97528    2554   24
    30   1.43109   2.25888   4.91323     571   10
    31   1.09071   0.64033   4.89331    1181   16
    32   2.83437   1.55479   0.49039     639    9
    33   4.13973   2.53401   6.07547     406   12
    34   2.68903   1.47862   0.72044     375    8
    35   4.30998   2.52043   4.51501     925   15
    36   4.47145   0.92269   1.53970    3318   22
    37   5.88677   1.73471   2.57536    1306   12
    38   4.58173   0.98326   1.29792    1039   15
    39   0.86391   0.62590   5.18040    2051   18
    40   4.52015   1.06154   1.35648     994   11
    41   1.18733   2.11403   0.16933     504   10
    42   1.19863   2.16439   4.90377    3297   21
    43   4.31200   2.67446   4.57643     505    9
    44   1.41703   2.04452   3.45409    2583   18
    45   4.42892   1.07274   3.05839     766   14
    46   4.36780   1.04564   4.62541     781   11
    47   5.97620   1.80602   5.67916    1217   13
    48   1.25146   0.56622   0.06957    1012   13
    49   5.88008   1.68746   5.70289    1071   16
    50   1.12452   0.51937   3.37527    1517   16
    51   4.47145   0.92269   1.53970    1366   17
    52   4.13973   2.53401   6.07547    1352   15
    53   1.20632   2.25177   1.71060     546    9
    54   4.36086   2.49459   6.21173     420   11
    55   4.44373   0.95183   1.39648     813   11
    56   0.93836   0.56024   1.87850    1468   16
    57   5.84663   1.65396   4.11553     563   13
    58   2.82152   1.54276   0.60179     762   11
    59   1.17565   0.60082   4.80585    1338   18
    60   4.44772   1.01612   3.08707     244    7
    61   2.75209   1.44215   2.21871     609   11
    62   4.58416   1.07365   4.42280    2839   22
    63   4.13973   2.53401   6.07547    1278   13
    64   4.07413   2.51235   6.05736     742   11
    65   4.32422   2.47659   2.99869     357    8
    66   4.38322   0.98430   4.61891    1581   17
    67   4.41337   1.06529   6.14920    1898   15
    68   2.68213   1.49314   3.76605    2028   20
    69   5.92704   1.78866   2.62307    2774   19
    70   4.43532   1.05447   6.21137     670   10
    71   1.30719   2.14181   1.78802     727   14
    72   5.95052   1.55749   4.01629    2989   21
    73   6.00102   1.79308   0.87869     902   11
    74   4.13582   2.66818   6.05142    1823   14
    75   6.05511   1.64903   0.96215    1916   21
    76   4.16823   2.51773   1.34269     456   12
    77   5.98562   1.72126   5.65200    3993   20
    78   2.81348   1.41338   0.47312    2041   15
    79   1.36028   2.14481   3.25910    1872   15
    80   4.38911   2.50806   3.14275     352   10
    81   5.98426   1.72804   4.23678    1523   16
    82   4.16823   2.51773   1.34269     451    8
    83   1.31991   2.16966   0.20492     687   12
    84   4.37257   0.95664   4.63979     587   12
    85   4.08881   2.40781   4.39075    4215   25
    86   2.85582   1.41249   0.51778     537   10
    87   4.34490   2.45624   4.56555    1146   15
    88   1.13570   0.55415   3.24009    1298   16
    89   2.87008   1.40175   0.49481     910   12
    90   2.68903   1.47862   0.72044     535    9
    91   2.83868   1.49511   5.31582    2975   22
    92   4.32901   0.92909   4.73263    4271   23
    93   1.34738   2.11656   4.76309    5229   27
    94   1.12452   0.51937   3.37527     429    9
    95   6.03702   1.67376   2.49602     401    9
    96   1.23740   2.21964   1.77616    1440   16
    97   4.47934   1.00233   1.35889     467    8
    98   4.21098   2.66788   6.16943     550   11
    99   4.29043   0.97574   1.50428     975   14
   100   2.86075   1.46435   3.76834    1705   17
   101   1.06817   0.71770   3.23030     862   12
   102   2.82152   1.54276   0.60179    1157   13
   103   2.70147   1.58328   3.83381    1137   15
   104   4.52553   0.97186   4.65004     527   10
   105   4.39055   1.01259   6.11854    1055   13
   106   0.90733   0.67783   3.45919     941   12
   107   4.43532   1.05447   6.21137     599   11
   108   0.99849   0.64034   3.50180     669   15
   109   2.80249   1.40367   2.09399    2680   17
   110   1.10800   0.70137   1.82824    2108   17
   111   1.11859   0.52728   0.01094     430   11
   112   4.32869   0.89123   6.16323     597   12
   113   4.21459   2.62902   4.55424    1394   12
   114   1.25573   0.59923   1.70000     819   14
   115   1.41813   2.11829   0.25912     562   13
   116   5.90967   1.72990   2.50057     847   11
   117   5.89988   1.56623   2.50177     288   10
   118   1.25878   2.15028   4.85458     659   12
   119   2.88240   1.52671   5.38463     707   10
   120   1.39978   2.13593   4.79748    1509   15
   121   4.12301   2.40786   1.23703     993   12
   122   4.14791   2.46931   6.14394     841   13
   123   4.28119   2.54831   4.49371    2047   20
   124   4.17461   2.56272   5.93758     435    9
   125   4.45054   0.90266   4.49555    2566   15
   126   4.36086   2.49459   6.21173    1139   15
   127   4.07321   2.63329   6.07832    2119   20
   128   4.18355   2.60020   4.49444    1944   17
   129   1.01207   0.62608   4.95067    2016   21
   130   1.11459   0.45329   4.86091     435   11
   131   4.49293   0.87937   1.40803     812    8
   132   1.40267   2.16213   4.88638    1210   13
   133   5.93832   1.68094   2.51007    1989   14
   134   6.00487   1.69909   1.06556    1874   14
   135   2.83230   1.54721   0.46388    2756   22
   136   4.47145   0.92269   1.53970     646   10
   137   5.84364   1.69017   4.16572    3027   23
   138   1.23318   2.08488   4.89569    3423   23
   139   4.13973   2.53401   6.07547     427   11
   140   0.95464   0.58518   4.93034    1352   14
   141   1.39978   2.13593   4.79748     551   12
   142   4.21457   2.44272   1.48768    2376   15
   143   5.87938   1.66785   2.58530    1652   16
   144   2.72894   1.56687   3.60533    1749   14
   145   4.21520   2.47888   6.10733    1020   14
   146   3.96483   2.47810   5.93276     332    8
   147   2.72296   1.56150   5.26786    1315   13
   148   4.46827   0.95897   4.51050     441   12
   149   2.82152   1.54276   0.60179     506    8
   150   5.91459   1.71238   0.91096     842   15
   151   1.06211   0.73004   0.20153    1564   17
   152   5.95010   1.66412   5.63223     399   11
   153   4.45928   1.09744   6.08066     553    9
   154   1.12452   0.51937   3.37527     604   11
   155   1.02061   0.59231   4.90695     827   12
   156   1.23630   0.64405   1.51929    1685   17
   157   4.08817   2.54682   4.38126    3159   22
   158   1.39978   2.13593   4.79748     554    8
   159   5.89334   1.60374   2.52536     676   12
   160   5.92722   1.61948   4.18034    2181   17
   161   4.45608   0.90597   2.95255    1089   13
   162   5.99500   1.74134   5.60746    5614   25
   163   4.15265   2.61198   2.85994    2402   19
   164   5.90699   1.81354   4.12552     543   10
   165   0.97233   0.64932   3.31885    4861   25
   166   1.40267   2.16213   4.88638    3073   16
   167   1.43269   2.10455   1.72556    3337   19
   168   2.80403   1.44544   5.21221    2516   19
   169   4.33229   1.02619   3.06193    4438   23
   170   5.94723   1.63532   2.49628     514   10
   171   4.13973   2.53401   6.07547    1538   12
   172   1.27272   0.67237   4.73687     860   10
   173   1.22603   0.61786   1.57347    3074   21
   174   4.15754   2.61352   1.40270    1309   13
   175   1.02882   0.51215   1.83632     581   11
   176   2.84044   1.51751   2.20783    3901   24
   177   5.90967   1.72990   2.50057     343    8
   178   4.16823   2.51773   1.34269    1371   16
   179   4.27860   2.56842   1.44043    1182   16
   180   2.76199   1.40350   5.35145     728   12
   181   4.01971   2.54417   4.43265     591   12
   182   4.08159   2.61985   6.01214     580   12
   183   5.96897   1.58080   2.57122    2130   17
   184   0.99479   0.47747   3.33183     424   10
   185   2.80102   1.50580   2.22916    4147   19
   186   4.54159   0.89772   3.06803    3688   21
   187   4.17405   2.52477   1.30412     708    9