     1   0.00000   0.00000   0.00000       0    0
     2   3.45064   2.47701   0.66380     926   12
     3   0.33586   0.75391   0.89630    1331   14
     4   4.58130   1.24714   2.52426    1270   19
     5   0.49938   0.64427   5.64365    1215   14
     6   4.68695   1.10808   0.82461    1279   16
     7   4.64540   1.31090   4.04313     938   14
     8   2.94167   0.95512   0.24909    1642   16
     9   4.55545   1.13922   4.03698    1552   16
    10   1.41505   1.89341   0.66926    1353   13
    11   5.91158   2.12930   2.64418    2159   20
    12   1.56440   1.88830   0.56485    1452   14
    13   5.83483   2.15414   1.07742    1470   17
    14   6.05839   2.18822   4.33222    1203   17
    15   0.20076   0.75566   2.62535    1355   18
    16   1.46793   1.87676   0.66483    1337   14
    17   4.67449   1.27121   2.39570    1563   16
    18   2.80500   1.07070   0.40281    1141   15
    19   1.47743   1.96295   2.30905    1899   18
    20   2.76286   0.96966   5.09860    1100   14
    21   3.55771   2.46747   2.25499    2735   19
    22   3.41377   2.38046   0.63091    1813   19
    23   4.53607   1.11991   5.54239    2128   19
    24   1.54260   1.96412   5.35354    1697   15
    25   5.84582   2.11041   1.06355     913   13
    26   3.33579   2.33427   2.01941    1210   12
    27   1.50756   1.95050   5.34527    1039   15
    28   4.50313   1.20052   1.06957    1113   15
    29   4.50663   1.27247   2.50457    1019   17
    30   4.68695   1.10808   0.82461    1536   17
    31   1.40989   1.83601   0.70666     806    9
    32   5.91098   2.13640   2.63488    1245   15
    33   2.95470   1.05673   0.31868    1212   16
    34   0.19093   0.70637   2.58643     996   13
    35   1.53446   1.93308   2.23592    1153   13
    36   5.82662   2.16065   1.21894    1479   18
    37   0.26691   0.66276   2.65455    1401   16
    38   4.53607   1.11991   5.54239     948   12
    39   0.22183   0.76270   1.23943    1754   15
    40   2.87393   0.84852   3.53653    1240   13
    41   1.46793   1.87676   0.66483    1759   18
    42   0.14418   0.74999   2.74787    1362   15
    43   4.50663   1.27247   2.50457     846   11
    44   1.53198   1.97331   0.68559    2243   20
    45   5.99251   2.15886   1.27113     823   11
    46   4.63951   1.11801   3.95241    1155   14
    47   2.76169   0.86555   5.21082    1000   11
    48   4.63465   1.15405   2.49105    1871   15
    49   4.51151   1.07382   5.64745    1249   14
    50   6.04432   2.24791   4.34093    1933   20
    51   2.90965   0.99023   0.28800    1158   14
    52   2.98097   0.99140   1.79994    1065   13
    53   0.33464   0.81707   1.12588    1555   15
    54   2.76212   0.92350   3.64207    1058   13
    55   0.22309   0.65307   4.26078    1398   15
    56   1.38925   2.06876   0.60568    1369   14
    57   5.98647   2.30849   1.24370     928   14
    58   0.50822   0.71025   3.97013    1664   16
    59   5.92203   2.27124   4.28798    1729   15
    60   0.32428   0.73059   1.13282     956   13
    61   5.77305   2.16306   2.63306    1462   15
    62   1.44124   1.81615   5.47036    1506   13
    63   1.47773   1.89609   3.80110    1933   17
    64   1.39840   1.93981   0.60449    1630   15
    65   5.92190   2.28924   4.38387    1052   12
    66   1.43086   1.83655   3.85746    1299   12
    67   0.00000   0.00000   0.00000    1028   14
    68   3.54934   2.43287   2.16328     737   12
    69   0.34441   0.80851   4.22223    1800   15
    70   0.38739   0.76483   0.93508    1354   14
    71   3.57302   2.34373   0.53700    1253   13
    72   4.51380   1.13296   4.15459    1210   14
    73   5.82771   2.16679   4.20696     727   14
    74   2.79826   0.84248   3.53050     933   16
    75   1.46580   1.95127   5.35963    1497   15
    76   1.42370   1.93749   5.33865    1090   14
    77   0.40249   0.71920   0.97751    1332   12
    78   5.83773   2.14112   4.29011    1725   17
    79   5.95714   2.08906   1.18844    1414   16
    80   5.90368   2.16477   1.15997    1661   15
    81   5.88680   2.05325   4.19647    1259   14
    82   2.83026   0.98202   1.92899    1697   20
    83   0.37033   0.73033   1.03751    2804   22
    84   4.58759   1.22856   2.55210     694   12
    85   2.90715   1.05164   3.50881    1303   15
    86   2.85726   0.98270   0.51355    1125   14
    87   1.49154   1.92191   3.91590     840   10
    88   1.33611   1.88214   5.42243     931   14
    89   1.57309   1.89562   5.48997    1085   14
    90   2.77336   0.99378   3.66483    1008   12
    91   0.22309   0.65307   4.26078    1054   13
    92   5.80259   2.14976   2.60877    1127   13
    93   1.47743   1.96295   2.30905     835   16
    94   0.29675   0.57518   4.21719    1622   19
    95   2.76776   0.87972   2.04081    1489   17
    96   2.93625   1.01017   1.93973    1743   14
    97   3.39612   2.43887   0.39172     920   11
    98   1.37342   1.83111   5.31381    1478   17
    99   4.49336   1.10456   2.54004    1997   18
   100   5.89162   2.02097   2.60804     919   15
   101   0.49938   0.64427   5.64365    1653   18
   102   2.86968   0.88752   5.06457    1426   17
   103   4.71580   1.17665   5.48435    1399   15
   104   5.92263   2.15388   5.95909    1703   17
   105   2.72525   1.05217   2.03018    1007   12
   106   2.68085   1.07251   0.43103     968   14
   107   2.65851   0.89357   0.45066    1085   12
   108   2.69360   0.95589   2.11464    2466   20
   109   3.54947   2.39311   0.65817    1495   16
   110   0.14758   0.76005   2.64374     748   12
   111   2.80876   1.05881   3.49411     996   11
   112   3.53506   2.33605   5.43891     584   12
   113   0.31549   0.65753   5.83969    1132   13
   114   3.45861   2.50271   5.28055    1881   18
   115   4.59839   1.30532   4.14592    2039   19
   116   0.37933   0.78599   5.66949     986   14
   117   3.41837   2.35223   5.17923    1720   17
   118   4.53607   1.11991   5.54239    1139   15
   119   5.86132   2.05994   2.75011    1772   18
   120   3.66920   2.48587   5.45660    1512   20
   121   4.66137   1.30099   5.63468    2100   17
   122   0.24973   0.78396   2.75280    1412   14
   123   4.64538   1.17404   0.93656    1341   12
   124   0.27542   0.58131   4.21085    1039   11
   125   0.39242   0.70921   4.07484    1138   16
   126   3.39187   2.58095   3.54299    1501   15
   127   0.40249   0.71920   0.97751     998   13
   128   2.72920   0.98197   5.26495    2555   22
   129   2.75261   1.03538   0.55661    2443   21
   130   4.52369   1.29603   4.05193    1327   14
   131   3.43320   2.57630   0.44871    1147   13
   132   1.42944   1.96933   0.65129    1146   12
   133   2.87393   0.84852   3.53653     662   12
   134   4.72434   1.12091   2.35806     900    9
   135   5.79818   2.05674   5.77568    1100   17
   136   4.60312   1.19575   0.96964     755   10
   137   3.37605   2.41575   0.51975    1217   13
   138   5.99716   2.21053   1.28092    1977   16
   139   1.52904   1.93735   0.67291    1749   15
   140   4.56259   1.26002   3.97194    1457   16
   141   2.86144   0.91409   0.45017    1666   16
   142   4.46671   1.16067   1.05923    1794   17
   143   3.58879   2.43059   5.28113    1021   13
   144   3.68445   2.48945   0.65888    1324   12
   145   5.94926   2.19139   1.22083    2143   19
   146   4.50663   1.27247   2.50457     664   11
   147   4.66997   1.27912   4.01861    1196   12
   148   2.75871   0.98289   5.01807    1559   16
   149   4.69726   1.16358   4.09436    1431   17
   150   4.61768   1.29689   4.04765    1553   15
   151   0.31284   0.69575   1.00478    2197   17
   152   4.50753   1.08880   4.09951    1011   14
   153   5.90579   2.14744   5.85215    1407   17
   154   1.55584   1.92690   2.14207    1648   16
   155   4.67001   1.37485   5.71601     862   10
   156   1.39449   1.91179   2.29463     820   11
   157   0.21578   0.69558   1.14599    1445   14
   158   5.79024   2.06611   5.71428    1222   13
   159   1.50953   1.77567   3.77824    1022   13
   160   5.99002   2.30150   4.27087    1259   11
   161   1.55105   1.77286   0.69486     835   12
   162   2.90236   0.93166   3.55246    2259   22
   163   3.55960   2.35266   5.36336     997   14
   164   5.86417   2.12793   2.64790    1157   12
   165   0.21493   0.80475   4.24841    1155   12
   166   3.45475   2.45773   3.74922     873   10
   167   3.61428   2.41554   5.46796    2069   20
   168   2.83765   0.95924   5.19028     596   12
   169   0.22137   0.61571   2.77005    1221   16
   170   5.86209   2.03384   4.31782    1350   16
   171   0.33416   0.74193   4.25714    1631   15
   172   3.57302   2.34373   0.53700     810   13
   173   3.39673   2.45777   5.06294    1129   18
   174   2.92112   1.07011   0.37642    2365   16
   175   1.53198   1.97331   0.68559    1130   14
   176   4.65690   1.17012   5.51606    1531   18
   177   2.94928   1.05731   3.47377    1140   14
   178   4.53956   1.19213   5.75025    1148   14
   179   3.37605   2.41575   0.51975     871   10
   180   1.48855   1.94267   3.75106    1017   15
   181   3.57028   2.34500   0.63811    1555   14
   182   3.47901   2.44634   5.21263    1277   16
   183   1.50225   1.79783   2.21898    1426   14
   184   3.56711   2.39584   0.55028    1208   15
   185   4.50574   1.29626   4.06528    1267   13
   186   3.56448   2.35746   0.60902     606   12
   187   3.28729   2.46329   2.06421    1004   12
   188   0.22833   0.68210   4.34570    1762   14
   189   3.34199   2.33105   1.95025    2253   17
   190   4.60900   1.29577   0.98250    1596   16
   191   4.66943   1.18384   2.36507    1329   13
   192   3.37605   2.41575   0.51975    1149   14
   193   1.59040   1.89999   3.78753     909   12
   194   5.84247   2.19150   1.15021    1170   17
   195   2.68440   1.10843   5.19203     798   15
   196   4.69756   1.25579   3.98111    1316   17