     1   0.00000   0.00000   0.00000       0    0
     2   3.55550   2.71088   5.68363    2349   17
     3   1.05946   1.80836   3.36139    3193   25
     4   2.49336   1.35736   3.55648    2306   15
     5   5.63325   1.74082   2.76586     421   10
     6   4.06616   1.17002   6.23065     308    9
     7   1.00593   1.90034   1.68314    1665   16
     8   4.14338   1.13373   1.41878     342    9
     9   1.14284   1.92858   1.70010    1932   16
    10   0.90813   1.99701   3.19622     584   10
    11   4.04274   1.29427   4.59217     477   11
    12   2.45456   1.43172   5.08254     447    9
    13   5.67537   1.67633   4.32285    2712   20
    14   2.47349   1.46660   3.43860     351    8
    15   2.50796   1.44195   1.98455    2918   17
    16   0.22556   0.37901   0.63936     506   10
    17   3.84056   2.63076   4.34228     750   11
    18   0.45396   0.41607   0.56773    3330   24
    19   5.61266   1.69357   1.29812     418    7
    20   0.74220   0.45733   1.83316    2395   21
    21   0.74285   0.24360   1.94622     816   14
    22   4.22015   1.29827   6.11795     784   12
    23   5.69661   1.58335   2.75671    4923   25
    24   0.72814   0.45856   1.77198     906   15
    25   2.50990   1.42530   0.43084    3114   19
    26   4.20681   1.15497   1.41337     911   10
    27   4.28897   1.11149   4.46779     500   12
    28   3.84549   2.82124   4.39329    1593   17
    29   0.88394   1.83065   4.76633    1578   15
    30   0.74220   0.45733   1.83316     476   11
    31   0.53896   0.26630   5.09939    1453   11
    32   2.57428   1.32291   5.03470    1710   17
    33   5.79994   1.68163   5.91712     392   10
    34   0.91953   1.91750   4.82415     349    9
    35   3.76636   2.77509   4.37958    1078   17
    36   0.89864   0.44777   3.20841     792   11
    37   0.98551   1.88347   1.74606     733   15
    38   5.70319   1.73309   4.37909    1440   15
    39   1.09049   0.40615   0.01386     736   15
    40   0.94703   1.92853   0.07666    1130   12
    41   5.71368   1.73364   6.05598    2273   17
    42   1.00053   2.00935   3.28206     679   13
    43   5.58023   1.58094   5.93409     415   10
    44   5.71256   1.62299   1.23114    1111   12
    45   4.18326   1.31072   2.94668     720   11
    46   4.17963   1.27188   2.90045     948   14
    47   0.93736   1.96607   0.11319    1727   14
    48   0.22556   0.37901   0.63936     783   12
    49   2.60501   1.31307   0.34403     718   14
    50   4.03449   2.69069   4.64618    1013   15
    51   0.73565   0.39997   3.49162     773   10
    52   0.72646   0.50106   0.26542    2137   18
    53   4.05138   1.22262   1.37167     369   10
    54   2.55944   1.53533   3.57895    1913   17
    55   3.81093   2.86342   1.20694     556   13
    56   4.13756   2.77588   1.56630    1246   14
    57   0.96711   1.85293   0.15809    1089   12
    58   0.80916   0.39502   4.91845     671   12
    59   2.55944   1.53533   3.57895     944   14
    60   2.63728   1.53803   0.31173    4990   23
    61   2.55944   1.53533   3.57895     500   12
    62   4.23323   1.33066   6.02924    1815   15
    63   4.12102   1.16124   6.07340    1652   13
    64   5.61970   1.66434   4.39987     840   11
    65   5.66948   1.73072   2.82754    3276   20
    66   0.37207   0.36652   0.51514     744   15
    67   5.63492   1.73769   1.31410    2399   17
    68   5.70253   1.68659   1.21523    1535   15
    69   0.94158   1.95963   4.92437    1694   16
    70   3.45217   2.72868   4.14009     692   12
    71   5.73213   1.63232   1.25471    2566   19
    72   4.23938   1.24885   1.46117     966   11
    73   4.16269   1.21636   1.36771    1828   18
    74   4.25463   1.23370   4.60069     530   13
    75   0.40859   0.41081   3.70774     459    8
    76   2.55986   1.40516   0.47718    3835   22
    77   0.98551   1.88347   1.74606     471    9
    78   4.06616   1.17002   6.23065     503   10
    79   5.65594   1.58289   4.46104     891   11
    80   4.13199   2.80991   3.05494    3543   24
    81   2.51860   1.54875   0.22178     936   13
    82   3.81093   2.86342   1.20694     408   10
    83   1.05221   1.83804   1.78642    3137   19
    84   0.96484   1.94616   3.37860    1541   18
    85   4.06616   1.17002   6.23065     701   13
    86   2.49025   1.45959   2.03522     462    9
    87   0.22556   0.37901   0.63936     467    9
    88   2.56112   1.42044   3.59712    1159   14
    89   4.17857   1.23828   6.12568    1753   15
    90   3.81093   2.86342   1.20694     522    9
    91   0.81409   0.45708   0.25522    1668   14
    92   0.60208   0.51580   0.29315     839   11
    93   5.68997   1.75192   1.22667     691   11
    94   4.13756   2.77588   1.56630     695   11
    95   5.65128   1.69546   2.79731     635    9
    96   4.17101   1.19301   4.58900     606   11
    97   1.08182   1.89146   1.65666     676   10
    98   2.52071   1.54246   1.80145     549   11
    99   2.67937   1.53963   1.86129    2907   22
   100   0.55939   0.40063   3.49722    4469   26
   101   4.27548   1.26433   3.08251    2417   18
   102   0.46722   0.35281   3.57137     348    9
   103   3.82497   2.73010   5.95997     670   13
   104   5.78044   1.81276   5.89798    3365   18
   105   5.58173   1.61585   1.26112    1309   12
   106   2.62389   1.50316   5.04694     602    9
   107   3.90292   2.82312   5.97043    1568   15
   108   4.17436   1.19673   4.51712     951   12
   109   4.07158   1.16028   1.57504     519   16
   110   3.55550   2.71088   5.68363     826   14
   111   2.42352   1.37528   5.05212    4592   24
   112   4.20057   2.72492   1.61846    2463   16
   113   4.13756   2.77588   1.56630    1407   14
   114   4.14338   1.13373   1.41878     582   12
   115   5.57930   1.66059   2.84639    3202   22
   116   2.55944   1.53533   3.57895     712   10
   117   0.22556   0.37901   0.63936     493   13
   118   2.47452   1.48190   3.41352    3316   19
   119   3.82057   2.78880   2.93226     531   12
   120   0.94043   1.97456   0.13880    1339   12
   121   0.68703   0.46601   0.27580     751   12
   122   2.57613   1.47192   3.58441     618   10
   123   5.58311   1.67775   1.17886    1246   14
   124   2.58593   1.44114   1.85745    1625   16
   125   4.06616   1.17002   6.23065     597   11
   126   5.80565   1.70711   1.35024     636   10
   127   3.79643   2.76655   4.25820    5281   27
   128   1.03925   1.95835   3.28262     747   12
   129   5.80565   1.70711   1.35024     405   10
   130   0.94598   2.02895   4.78963    1021   14
   131   4.11006   2.74881   2.99827    1363   15
   132   1.00969   1.95327   1.74514     643   12
   133   2.55944   1.53533   3.57895    1440   15
   134   4.11266   1.18314   1.36865    3762   19
   135   0.96484   1.94616   3.37860     843   13
   136   2.67207   1.46680   4.96328    4375   24
   137   4.15496   1.13531   3.14052    3538   19
   138   0.40859   0.41081   3.70774    1122   14
   139   4.26218   1.33100   3.05949    2007   18
   140   5.69281   1.71014   1.28770    5093   24
   141   5.80565   1.70711   1.35024     834   14
   142   0.67078   0.50648   1.80242    2089   14
   143   3.82497   2.73010   5.95997     565    8
   144   2.55235   1.52986   3.52100    1470   14
   145   0.46965   0.36890   2.15729    2093   20
   146   4.10876   1.33013   6.14227    1227   13
   147   1.05518   2.04000   0.15491     809   14
   148   5.69579   1.64928   5.98379    2156   15
   149   2.64367   1.44272   0.34706     339    8
   150   5.64314   1.75966   2.81514    1250   14
   151   0.94764   1.94523   3.26462    1163   12
   152   3.76533   2.91214   4.32193    1463   17
   153   0.84031   0.32923   3.39952     766    9
   154   1.01344   1.89654   1.75029    1024   11
   155   0.90223   1.79990   0.06538    2251   17
   156   3.99094   2.67811   2.88932     501   11
   157   5.67437   1.58390   4.28101    3657   18
   158   4.06616   1.17002   6.23065     861   12
   159   4.10193   1.13481   6.27470     743   13
   160   3.90292   2.82312   5.97043     402   10
   161   0.53477   0.37729   2.02381    1331   15
   162   0.33087   0.34210   0.66256     899   12
   163   0.93659   1.80334   3.15838    1427   14
   164   4.02960   1.29436   3.01122    1567   17
   165   1.03413   1.79618   1.68257     746   11
   166   4.28897   1.11149   4.46779     323   10
   167   5.81493   1.59440   1.14723    4751   24
   168   3.70688   2.85380   1.05563    2324   19
   169   2.60566   1.43586   1.83779     256    8
   170   0.90223   1.79990   0.06538     819   15
   171   0.88583   0.36935   0.08394     366    9
   172   4.11299   1.26861   4.66712    1432   15
   173   0.90813   1.99701   3.19622    2574   23
   174   0.33490   0.29437   5.36770    1443   14
   175   5.78819   1.74019   4.45372    3383   21
   176   2.57705   1.36998   0.34433    1987   18
   177   3.82392   2.90766   1.33686    1793   16
   178   1.15017   1.90437   3.39242    1080   11
   179   3.82497   2.73010   5.95997    1996   14
   180   0.95658   2.01001   3.14191     821   13
   181   4.06616   1.17002   6.23065     903   15
   182   4.14052   1.09428   1.44239     974   15
   183   0.89449   0.47040   0.16408    1508   16