     1   0.00000   0.00000   0.00000       0    0
     2   0.51730   1.92636   5.02634    1929   19
     3   2.46383   1.02206   5.85389    1245   16
     4   3.73595   1.39314   3.69338     730    9
     5   3.97165   2.20859   3.57983    1687   15
     6   5.64478   1.95255   5.56139    1435   15
     7   2.80560   2.10127   3.55281     755   13
     8   0.41519   0.75466   2.22124    1018   16
     9   3.84181   0.77989   4.72540     903   11
    10   5.51323   2.15112   4.67611    1519   18
    11   0.81294   1.58788   6.18299    1182   13
    12   4.26229   0.85494   1.59024     830   12
    13   5.12558   2.30783   5.94747    1813   18
    14   3.34965   2.60678   2.27223    1454   17
    15   3.73785   1.72576   0.97788    1040   16
    16   1.97369   1.71109   3.69614     884   13
    17   3.26337   2.56086   3.81562    1613   14
    18   0.11209   1.33265   6.02554    1611   17
    19   5.02286   1.59868   2.00325    1770   18
    20   4.78151   1.65008   0.55232    1645   16
    21   3.83048   1.33233   5.66944    2505   17
    22   1.93576   0.76372   0.38915    1123   12
    23   1.06860   0.99954   1.12814    1892   18
    24   0.76103   2.04310   2.17468     916   13
    25   5.00418   1.00384   3.61222    2573   19
    26   1.48107   1.77921   5.30557    1584   13
    27   5.02249   1.98646   0.56109    1004   11
    28   4.48587   1.72828   3.20754    1119   13
    29   4.28401   1.44353   0.32750    1445   16
    30   3.04338   0.76167   0.78209    2420   20
    31   2.33946   0.83769   2.69614    1671   13
    32   5.99615   0.83959   2.98204    1194   13
    33   3.67919   0.66988   2.53947    1038   12
    34   3.42879   2.11768   1.35535    1232   19
    35   0.86220   1.24018   2.83129    1080   14
    36   3.39563   1.89396   5.43560     812   12
    37   4.84089   1.86940   3.23808    1157   12
    38   4.55273   0.97026   2.78905    1410   15
    39   5.69016   2.01680   5.34256     894   14
    40   2.78074   1.79443   2.72964    1551   17
    41   5.37306   1.22506   1.45188    2094   19
    42   4.37374   2.08124   2.71678    1677   17
    43   1.74460   1.73152   1.03192    1691   15
    44   0.50443   1.30053   1.31767    1330   15
    45   4.98785   2.17570   4.15192    1493   14
    46   3.91836   0.67187   3.97665    1389   19
    47   3.57941   0.71028   2.63638     897   13
    48   5.13068   2.28412   4.94560    1159   13
    49   1.81522   2.11793   2.25917    1261   14
    50   4.94291   1.43644   0.89905    1327   14
    51   5.14365   0.95904   3.23625     935   12
    52   6.03277   0.72506   1.07005    1150   14
    53   2.23947   0.90111   1.82251     393    9
    54   1.94783   1.72092   4.88240    1268   16
    55   4.88499   0.62283   1.99898     675   11
    56   4.21799   1.08676   1.18627     644   10
    57   0.06173   0.83884   6.08479    1172   13
    58   0.95812   0.58738   0.27060    1158   13
    59   6.24454   1.54906   1.44678     769   12
    60   0.46801   2.88264   4.09927     761   11
    61   1.39349   0.76882   5.59233    2708   19
    62   0.27145   2.25347   4.31532    1078   12
    63   5.64739   1.65186   2.89059    1755   14
    64   0.50898   0.96328   2.30101    1778   16
    65   5.64317   0.93427   5.34024    1128   15
    66   4.19329   0.44788   3.86566    1303   17
    67   4.60354   1.69975   0.15925    1536   15
    68   1.10402   1.52604   4.36708    2008   17
    69   4.33919   1.71184   3.72059     849   12
    70   1.87320   1.02726   4.22694    2103   21
    71   2.52187   1.96828   5.83866    1743   16
    72   2.40411   2.21400   4.71267    1359   12
    73   3.49906   2.32321   5.77822    1210   12
    74   2.02380   2.28203   2.82804    1792   16
    75   3.75317   0.62062   1.74857     934   12
    76   0.97007   2.78351   5.91433     829   11
    77   1.98471   1.29090   1.06890     778   11
    78   4.69348   1.49696   3.99773    1438   18
    79   5.52255   2.33605   3.14102    1599   19
    80   4.27731   1.51341   4.50133    2563   20
    81   3.26839   1.83498   5.24536    1485   13
    82   5.13991   0.65921   2.53633    1273   15
    83   4.88473   2.36722   2.80950     649    9
    84   2.40128   1.33292   3.40171     959   13
    85   4.53747   2.31245   1.65153    1124   12
    86   2.50215   0.60546   6.02722    1227   14
    87   2.08390   1.40430   4.85338    1895   20
    88   0.27923   1.49059   5.62290    1065   15
    89   5.01992   2.62487   1.03152    1567   17
    90   2.30991   2.58412   1.05224    1267   15
    91   6.15119   1.15992   2.94371    1086   14
    92   2.93551   1.83765   1.13218    1124   16
    93   5.71746   2.10485   0.42876    2008   16
    94   5.98624   1.92098   3.81305    1840   17
    95   3.92136   0.73308   1.60362    1535   16
    96   6.12134   0.72183   0.95034    2102   18
    97   3.87719   0.79370   5.04439    1103   12
    98   4.90099   2.28364   5.35163    1070   14
    99   5.48640   1.72451   6.13160    1093   13
   100   4.94796   1.78101   2.39379    1793   17
   101   6.01825   0.70964   5.75632     678   13
   102   3.66276   1.37604   2.00460    1856   17
   103   2.16669   0.71098   0.25652     826   11
   104   0.01841   0.26679   5.95869    1993   15
   105   0.68991   2.35447   4.72340    1477   17
   106   0.01798   2.49577   2.33180    1316   14
   107   1.97583   2.50602   1.35539    1094   14
   108   3.53054   1.29647   2.55045    1113   15
   109   2.48335   1.14645   1.63991    1372   13
   110   5.42196   1.49941   5.51148    2002   18
   111   2.26072   1.73034   4.56680    1354   16
   112   5.94608   1.08220   2.45358     912   14
   113   4.21919   1.20089   4.90351    1784   18
   114   2.46814   0.74826   2.32460    1118   12
   115   0.89133   1.70107   1.27674     985   13
   116   2.41230   2.25606   1.31734    1823   15
   117   2.74906   1.93329   2.88236    2111   18
   118   2.15069   3.02001   0.24087    1182   12
   119   0.23104   1.44582   5.54228    1130   13
   120   3.90195   0.83420   3.78805    1966   20
   121   0.55263   2.12695   2.38719    1896   18
   122   2.02454   2.76782   3.03052    1356   13
   123   1.06725   1.12305   3.05663    1009   15
   124   0.02160   2.09172   1.06168    1465   15
   125   4.83525   1.85130   0.10179     807   12
   126   0.82141   2.14484   1.76513    1409   16
   127   1.37215   1.74965   1.63839    1715   18
   128   2.62586   2.59246   1.30328    2562   21
   129   1.26624   1.61940   0.47300    1234   15
   130   2.42167   0.22641   4.03593    1009   12
   131   5.81833   0.22096   0.42413    1382   13
   132   2.26941   2.24189   4.56743    1241   15
   133   5.75131   2.18312   5.62786    1080   15
   134   3.59290   0.67153   0.99015    1469   17
   135   2.49993   1.91755   2.62658    1214   16
   136   6.04331   1.07032   5.36922    1096   13
   137   1.58590   2.50383   0.67224    2211   18
   138   1.13226   1.46868   2.16046    1353   15
   139   1.51594   0.21314   2.91688    1192   13
   140   5.63007   0.25324   2.22082    1724   18
   141   3.45404   1.52331   1.09516    1512   19
   142   4.45354   0.70377   2.62577     699   10
   143   6.05746   1.13991   5.89745    2153   19
   144   2.00851   0.69769   3.56473     791   10
   145   4.09161   0.62358   2.80612     681    8
   146   0.54029   1.89512   1.74814    1236   13
   147   1.18288   0.99563   1.08264    1156   11
   148   1.04893   3.11682   1.47350    1633   17
   149   6.17371   2.29034   0.65918    1173   13
   150   2.11069   0.99241   1.05680    1196   17
   151   4.00714   1.06372   4.11089    1398   16
   152   5.95525   1.88784   0.01002    1338   16
   153   3.63683   0.84142   6.00692    1256   15
   154   3.39592   0.89563   4.70602     907   14
   155   2.29726   1.55000   2.08636    1271   11
   156   2.69525   1.18883   0.06435    1091   13
   157   1.53130   2.30844   2.05685     741   10
   158   2.83260   2.06717   6.12275    1387   15
   159   3.76856   1.65506   5.99356    1143   12
   160   2.00749   1.15341   3.76934     929   13
   161   1.98570   2.08799   4.41389    1218   12
   162   3.42213   1.29548   2.83602     973   13
   163   1.61463   1.75569   0.09698    1288   15
   164   5.89762   2.22607   3.49206     697   10
   165   2.78272   2.71628   1.09950     898   12
   166   2.79327   1.62477   0.48280    1285   14
   167   5.86822   2.30805   1.35696    1275   14
   168   3.25960   2.09284   0.45276    1767   17
   169   1.75118   0.98854   3.00390    1473   15
   170   5.79499   1.68411   6.00999    1054   15
   171   5.64234   2.59710   5.72273    1084   12
   172   4.99242   0.57352   0.83342     784   13
   173   0.96426   1.63662   4.80150    1312   15
   174   3.18226   2.09181   5.27307    1779   18
   175   1.59063   1.01049   2.95650     712   11
   176   2.59395   1.22230   3.57925    1502   15
   177   0.30526   1.97586   2.28930    2225   18
   178   0.63991   2.19283   4.61921    1048   11
   179   0.47484   0.33508   0.98616    1446   16
   180   5.10482   1.38480   4.05252    1050   14
   181   0.37948   2.09387   0.14039    2023   18
   182   1.85077   1.10776   3.68636     980   13
   183   3.99841   0.53770   1.00670    1409   14
   184   0.40664   1.58245   5.59002    1456   19
   185   0.82377   1.49042   2.35325    1711   15
   186   1.29545   1.42800   4.74523    1557   17
   187   3.42502   2.12571   0.32872    1428   16
   188   0.66613   1.19397   0.36902    1092   14
   189   0.31839   0.82373   3.12790     987   12
   190   5.14313   1.68770   1.40821    1342   16
   191   3.79632   2.34076   2.74108    1023   14
   192   5.09575   0.89820   0.52558     994   12
   193   1.53817   2.47611   1.73157    1011   12
   194   3.68214   2.93277   3.77754    1149   13
   195   2.24141   1.17998   5.70612    1440   13
   196   4.90407   0.76403   6.25254    1349   15
   197   0.19084   2.80818   2.82782    1434   17