     1   0.00000   0.00000   0.00000       0    0
     2   2.71515   0.95097   1.19062    1443   16
     3   3.69646   1.22846   4.68943    2080   17
     4   3.14581   1.93687   0.21136     978   14
     5   0.77477   1.51008   1.67182    1401   15
     6   6.12520   2.11482   4.54482     738   12
     7   0.45783   1.08169   5.15218     930   11
     8   5.49329   1.01281   1.52952    2091   18
     9   1.39107   1.58884   5.78230    1203   15
    10   2.02753   1.97415   1.61857    1176   18
    11   1.72527   1.10355   3.61409    1174   13
    12   5.89827   2.51295   2.91589     984   12
    13   0.66644   1.14265   2.88838    1295   16
    14   6.27300   1.34148   3.46174    1077   13
    15   5.81757   2.37820   0.39585    1005   14
    16   1.88791   2.49922   6.12075    1179   12
    17   1.69993   0.46979   4.59721    2625   21
    18   5.68986   0.71164   1.22648     442    9
    19   2.29080   0.94478   1.42352     825    8
    20   0.97455   0.27544   4.89759    1448   16
    21   3.84674   2.16335   2.10938    1406   17
    22   3.73497   0.42679   6.07453     846   11
    23   5.37352   0.56178   0.07548    1147   13
    24   0.17392   1.13231   3.58972    1568   16
    25   0.45400   2.13098   6.26704     717   12
    26   1.90134   1.97480   2.91887     734   11
    27   3.10565   2.82514   6.26723    1201   12
    28   4.37541   1.24174   1.56573    1038   14
    29   3.87843   0.47888   1.56245    1218   16
    30   5.70629   1.81143   2.29387    1418   14
    31   0.12391   2.11746   2.43209    1023   11
    32   5.93871   2.10042   3.92005     959   13
    33   2.87423   0.64057   3.28532    1122   13
    34   5.76653   0.27314   4.39382    1683   16
    35   4.05506   1.98954   2.23523     933   14
    36   1.64127   2.26411   3.80697    1909   18
    37   1.92139   1.25973   3.93608    1268   15
    38   0.34931   1.51407   3.98124    1583   16
    39   4.27286   0.45973   5.96382     741   10
    40   5.50655   2.90107   4.47336    1814   17
    41   1.93771   2.09623   2.92869    1544   14
    42   0.60688   1.93459   3.88823    1088   18
    43   5.74110   0.91172   0.95363    1554   17
    44   3.77160   0.83275   5.90866    1389   13
    45   5.15777   0.62104   3.18458    1351   17
    46   5.52960   1.15024   2.27096    1350   16
    47   5.63566   2.37585   3.83738     682   11
    48   1.92881   2.29293   2.26386     673   10
    49   1.47284   1.42101   5.91929    1647   17
    50   5.33598   1.65546   3.45661    1457   17
    51   0.36408   1.85507   2.73075    1961   18
    52   1.18244   1.62160   1.57020    1075   14
    53   4.78372   2.00453   4.27330    1746   18
    54   2.55495   2.10077   6.21328    1911   17
    55   4.41506   1.93085   0.26420    1528   16
    56   1.96651   2.06039   1.73749    2015   19
    57   3.49073   2.28627   1.86357    1560   16
    58   5.39608   1.50872   3.07485    1465   12
    59   5.86436   1.09641   5.30140    1020   12
    60   1.55551   1.91424   1.20990    1247   12
    61   2.59534   1.04771   5.67122    1367   16
    62   1.12359   1.24324   5.88935     722   12
    63   2.94778   2.66394   3.38294    1473   16
    64   5.93426   2.40143   3.34665    1012   14
    65   2.78641   2.30345   2.43002    2099   19
    66   4.28956   1.81128   1.38970     872   14
    67   4.48615   0.97687   2.80154    2222   20
    68   3.51267   1.43272   0.00699    1047   13
    69   3.82945   2.23774   4.74694    1174   15
    70   2.72970   1.78251   5.83071    1155   14
    71   3.46080   0.95852   0.65238     815   12
    72   3.53723   1.13959   5.71901    1125   18
    73   3.42346   0.96884   3.13850    1120   12
    74   2.19067   1.46555   1.59098     955   12
    75   0.33924   2.21171   4.50541    1568   17
    76   1.71935   0.73387   5.32474    1329   17
    77   0.76621   0.94861   1.05949    1173   15
    78   5.47368   2.40547   0.07133    1175   12
    79   0.91909   1.22682   1.43961    2301   19
    80   5.64001   1.39976   2.78294     861   13
    81   4.51303   1.62496   4.29329    1247   15
    82   5.41386   1.96472   5.85426    1496   18
    83   0.95835   2.15593   1.10537    1038   13
    84   6.09342   2.08068   1.99744    1153   14
    85   5.84883   1.66147   2.87350     960   15
    86   5.22434   0.72829   1.84166    1854   18
    87   4.06701   2.06678   1.83199    1115   14
    88   5.57954   1.28513   5.99329    1730   14
    89   0.31446   2.45569   4.22138    2427   22
    90   4.67005   0.25749   6.28155    1331   17
    91   5.27442   1.55125   4.64792    1779   17
    92   3.39994   1.66581   3.18194    1691   19
    93   0.96566   1.81881   4.00014    1570   16
    94   2.84025   1.93347   0.36607     957   11
    95   3.55487   1.87614   2.17022    1182   14
    96   4.80688   1.82069   4.69187    1223   13
    97   5.22829   1.15976   0.75368    1221   14
    98   4.49542   2.08502   3.86068    1289   15
    99   0.48948   0.12849   4.88546    1612   16
   100   0.66856   0.69966   0.56300    1236   16
   101   1.68984   1.35743   0.42614     849   10
   102   2.40348   1.81789   3.42841    1500   16
   103   4.40284   1.85580   5.40032    2004   19
   104   5.32020   1.92414   0.02613    2116   18
   105   3.89843   2.09766   5.64150    1452   18
   106   3.57820   1.47896   1.82999     914   11
   107   5.91429   1.06780   6.13682     549   11
   108   1.68608   1.54393   5.41212    1179   15
   109   1.16914   1.03656   6.03744    1456   19
   110   5.25463   0.70193   3.17889    1172   15
   111   3.61789   1.63380   0.47477    2382   19
   112   1.00129   0.85861   1.30889    1280   15
   113   4.32347   2.48755   3.01951    1264   17
   114   4.01020   2.29896   0.80885    1109   13
   115   6.17123   0.34868   6.10343     676   10
   116   4.71633   0.72684   0.72350    1188   13
   117   4.74283   0.77437   3.89560    1116   12
   118   3.47472   1.35298   4.31461    1525   17
   119   2.35774   0.80823   5.02886    1488   16
   120   6.25909   2.23893   2.93292    1081   11
   121   3.17669   0.77377   0.30699    1124   11
   122   4.95826   1.16187   3.69744     816   14
   123   5.46959   0.49723   3.79807    2087   15
   124   2.46141   2.75543   1.13128     949   13
   125   5.56141   1.97469   5.02061    1210   13
   126   4.50025   1.13693   5.99182    2445   19
   127   5.31247   1.12550   0.42003    1444   15
   128   3.61059   1.58966   3.69390    1304   15
   129   1.02815   0.95787   4.28041    1567   17
   130   0.70294   1.70750   0.89370    1490   14
   131   0.15782   2.06991   5.69289    1646   16
   132   5.89361   1.86950   3.96719    1146   12
   133   2.56574   1.87233   4.55140    1459   17
   134   3.92978   2.06883   1.84797    1817   16
   135   2.28611   1.44215   2.22687    1092   12
   136   6.04610   1.14503   4.93603    1260   16
   137   2.75144   1.66951   3.03666     938   15
   138   5.22556   2.09490   3.55180     973   17
   139   0.59110   1.88411   0.40854    1325   14
   140   3.47133   2.77567   3.47816    1274   14
   141   1.88768   2.03971   4.51905    1266   15
   142   0.98274   2.11929   4.82766    1617   15
   143   3.32668   1.98764   4.94912    1057   14
   144   2.23410   2.66114   5.25737    1390   15
   145   3.33211   2.08163   0.90538     855   14
   146   2.13534   1.04724   5.45659    1569   16
   147   2.75429   1.28710   3.23656    1264   13
   148   4.76062   2.80073   4.89585     691   11
   149   5.29654   1.02868   5.12968    1252   16
   150   2.02741   2.20027   0.89620    1066   15
   151   3.23642   1.64760   4.71551     734   12
   152   0.82315   2.86833   3.40379     987   14
   153   6.22546   0.70762   1.48911    1508   18
   154   3.09226   2.39716   6.20509     676   13
   155   1.87333   2.35087   4.09530    1146   14
   156   2.98919   2.39817   4.75906     947   11
   157   5.54734   0.93827   4.43425    1665   15
   158   4.07859   1.80505   0.59814    1531   17
   159   5.21653   1.27556   2.59114    1073   13
   160   4.06454   1.99740   5.36884    1697   13
   161   3.02118   2.11338   3.96459    1352   13
   162   1.14591   1.87445   5.89182    1701   17
   163   5.88064   1.94788   1.77695    1215   14
   164   3.11120   2.08570   0.94402     764    9
   165   1.60670   0.77544   3.58546     771   13
   166   2.90948   0.77156   0.97397    1465   16
   167   3.64863   1.26996   6.20142    1791   19
   168   3.36124   2.16754   3.65925    2068   15
   169   5.42299   1.35108   2.09156    1329   16
   170   3.62528   0.67085   4.62532     776   11
   171   1.98855   1.40610   5.64387    1432   19
   172   3.83069   1.83292   1.89452     896   12
   173   2.29273   1.92897   1.96994    1249   15
   174   4.77784   2.12908   1.35001    1031   13
   175   5.72176   0.96598   5.20402     777   14
   176   6.23880   0.35959   5.57281    1515   16
   177   3.45793   2.24153   4.41981    1307   16
   178   3.78770   1.45391   0.28379    1810   16
   179   4.75513   2.34350   3.52202    1159   16
   180   5.72309   3.05611   2.35197    1582   15
   181   4.99187   1.06331   3.50476    1869   20
   182   1.85282   1.08314   6.25260     568   11
   183   3.30466   2.05499   4.11823    1962   19
   184   0.96742   2.59606   3.40074     655   12
   185   5.38954   0.30361   3.47979    1391   12
   186   2.11122   1.66125   3.56513    2288   21
   187   1.78143   1.09731   4.47033    1428   12
   188   0.22845   0.19503   5.52827     495   10
   189   5.00897   1.46205   4.25995    1785   16
   190   3.68068   1.47029   4.71190    1189   14
   191   5.58602   2.52375   1.48416    1353   19
   192   2.20167   1.11328   5.42583    1774   17
   193   2.37141   0.33302   5.53969     976   13
   194   1.61164   2.17032   1.42442    1497   19
   195   1.03512   2.52057   1.63927    1558   14
   196   0.20250   1.85858   2.99297    1307   15
   197   1.02328   1.17230   0.86307    1666   18
   198   5.77856   1.86232   4.64481    1418   15
   199   5.45043   2.11707   5.23964    1988   17
   200   3.01695   0.83623   4.72361     969   11