     1   0.00000   0.00000   0.00000       0    0
     2   6.24700   1.27839   4.33821    2390   19
     3   2.95715   2.67246   6.04534     459    8
     4   3.13092   1.11217   1.57105     687   10
     5   0.57229   1.45587   0.83302    1309   14
     6   1.02658   1.04605   2.60149    3507   23
     7   1.07244   0.61734   5.99133    4521   20
     8   4.78974   1.65064   2.73382    2424   16
     9   0.57229   1.45587   0.83302    3795   22
    10   0.71327   1.27427   3.03804    2781   22
    11   4.89369   0.78154   0.68901    2534   18
    12   0.40130   1.50441   2.54070    4442   24
    13   3.13116   2.72179   4.66833    2547   19
    14   1.58528   1.48020   2.06409     904   11
    15   6.01380   1.88882   5.61257    3203   23
    16   4.85043   1.55872   4.26600    1487   16
    17   6.07764   0.45340   3.39447    2317   19
    18   0.17696   2.03523   3.24473    3233   19
    19   3.31913   1.15728   4.54063    4021   20
    20   1.57492   1.58806   1.94942    2750   18
    21   1.12507   1.79562   1.03347     364   10
    22   0.13442   0.58803   0.02035    2358   18
    23   5.91344   2.39579   2.23751     590    9
    24   3.13690   2.67948   4.68869    1930   15
    25   6.19545   0.54567   3.28662     877   15
    26   1.11189   1.37255   0.02642     892   10
    27   1.52744   2.43150   4.08324     798   11
    28   3.23112   0.96584   4.64434    2452   16
    29   3.07082   1.12106   0.02520    3799   24
    30   1.04263   0.88397   1.29238     754   14
    31   1.60410   1.45862   3.60675    1355   13
    32   3.24694   1.20999   3.13117    2581   20
    33   5.26721   1.27250   2.55604    1018   12
    34   0.06015   2.03966   1.63692    4729   25
    35   1.12507   1.79562   1.03347     545    9
    36   5.16647   1.33204   3.76351    2426   17
    37   5.62692   2.24024   1.26730     885   11
    38   3.31157   0.53361   4.26859     559    9
    39   1.58477   1.41706   3.51599     540    9
    40   4.96025   0.72874   3.05922     396    9
    41   1.65028   1.57916   0.45054     645   12
    42   0.12445   2.05797   3.20580     347   10
    43   3.09224   1.14552   0.06556     706   10
    44   1.55407   1.65074   1.91880    1121   11
    45   0.61062   1.11053   2.06054    2596   19
    46   4.79717   1.68623   4.30084     487   10
    47   4.32890   1.44541   1.21174     815   14
    48   1.49708   1.53438   3.59254     638   12
    49   0.01003   2.17761   3.11430     229    7
    50   0.01257   2.03494   1.54429     698   10
    51   0.27911   2.42933   1.36802     740   13
    52   2.66875   0.87833   4.91549     454   10
    53   3.28545   0.96935   3.16666    3081   20
    54   0.00519   2.15733   3.06258     467   11
    55   5.23562   2.07445   1.07711    1099   11
    56   1.62997   1.60794   2.16945    1535   14
    57   6.05103   1.59558   4.80656    1449   11
    58   0.14119   2.15743   3.31242    3310   20
    59   1.58482   1.60178   5.25027    1663   17
    60   6.12865   0.45696   1.77112    2576   19
    61   4.65181   1.60950   2.75979    2030   12
    62   3.11446   1.03609   3.13905     600   10
    63   0.15099   2.58870   0.59067     528   10
    64   2.95715   2.67246   6.04534    1074   12
    65   0.01616   1.73040   0.55682     361   11
    66   3.42195   1.86250   3.01512    3057   23
    67   4.44101   2.46908   4.44652     391    7
    68   0.08608   2.01906   0.03055     457    7
    69   0.42080   0.75100   3.75904    3954   24
    70   5.37928   2.44434   0.96762    1899   14
    71   0.01616   1.73040   0.55682     502    9
    72   5.99225   0.46628   3.41128     278    7
    73   4.77303   1.60707   1.16220    2781   16
    74   4.79717   1.68623   4.30084     548    8
    75   4.70845   1.64324   5.79942    1023   12
    76   3.27596   0.69270   5.48818     969   15
    77   3.28573   2.63103   4.74070    3715   19
    78   4.74420   1.69778   1.22165    2814   22
    79   4.44101   2.46908   4.44652    3508   22
    80   5.59081   0.81447   5.91969    5488   30
    81   3.11055   2.56187   3.13777    2468   22
    82   0.08608   2.01906   0.03055     611    8
    83   4.71208   1.60651   4.28007     441    9
    84   0.04766   2.01178   4.88890     593   12
    85   3.54189   0.89977   0.19820    1189   15
    86   1.53905   1.64378   5.18919    1206   15
    87   4.77542   1.50194   1.20619     543   12
    88   0.27911   2.42933   1.36802     834   11
    89   5.98857   0.51171   3.46043    2851   19
    90   3.17320   2.62453   6.23296     722   12
    91   5.84174   1.18701   0.61126    4658   25
    92   5.74070   1.67465   0.22927     327    6
    93   4.70034   1.49299   5.87801    1112   15
    94   5.40728   2.58850   5.24024     425   10
    95   0.07759   0.52217   5.17718     893   14
    96   1.68085   1.40696   2.00922    4220   22
    97   0.01003   2.17761   3.11430     735   12
    98   1.60089   1.49085   3.62549     622    7
    99   0.17235   1.95951   4.70387     461    9
   100   1.52744   2.43150   4.08324     724   12
   101   4.74173   1.57170   5.87851     785   10
   102   0.57229   1.45587   0.83302     307   10
   103   3.14815   1.00286   6.11890    1457   17
   104   5.95392   0.42262   0.36539    4997   26
   105   0.64908   1.86288   1.48390     598    7
   106   2.71025   2.76047   5.86439    1996   16
   107   1.43200   0.35205   2.88779    2480   21
   108   2.85993   2.32274   3.48854     436    9
   109   4.86251   1.55581   4.20819    5355   27
   110   3.10761   2.55765   0.03572     567   13
   111   1.49482   1.57465   2.03713    1695   16
   112   3.30725   0.84886   5.40259    1740   18
   113   1.97247   1.30791   1.12581    1065    9
   114   2.77487   2.39410   0.04039     691   10
   115   0.08608   2.01906   0.03055     367    6
   116   6.16070   0.49242   1.73207    3699   25
   117   2.35972   0.87369   4.97551    1464   16
   118   0.01616   1.73040   0.55682    1563   14
   119   3.24415   0.97682   2.96119     727   13
   120   5.26920   1.27374   5.12823     607   11
   121   2.32509   0.86925   3.54826    1932   20
   122   0.08608   2.01906   0.03055    1237   16
   123   3.50964   0.82472   2.49652    3427   23
   124   3.18133   1.10377   6.27370     374    9
   125   4.73462   1.61037   1.16374     737   11
   126   1.65327   1.42856   2.02496    1845   14
   127   3.21188   2.62061   3.29813     911   12
   128   2.95728   2.64783   2.85753     475   10
   129   2.11482   0.75970   6.00288     629    9
   130   2.99351   2.62059   3.04246    3241   22
   131   0.27911   2.42933   1.36802     731   11
   132   3.24161   2.53335   3.20798    1330   17
   133   6.18265   1.51593   5.46478    1409   10
   134   4.36355   1.46407   0.05713    1329   14
   135   0.13095   0.38017   1.41812    1092   13
   136   0.61062   1.11053   2.06054     424   10
   137   1.48327   1.51126   0.50441    2234   23
   138   0.17690   2.00462   0.06228    3745   20
   139   5.39978   0.87466   0.73980     666   11
   140   0.17877   1.99186   1.66484    2367   17
   141   4.58140   1.47551   4.27961    1709   17
   142   5.55717   2.38769   5.13617    1198   12
   143   4.80129   0.62601   5.13356    1107   15
   144   3.18914   1.06414   1.39158    1429   15
   145   6.23007   0.43482   3.11283    1071   14
   146   1.58482   1.60178   5.25027     394   10
   147   3.16148   1.16176   3.17167     537   10
   148   4.33003   2.43684   1.21158     255    8
   149   3.28393   1.06172   4.58874    1226   10
   150   1.70626   1.61973   0.46416    1589   16
   151   2.88459   2.66627   4.34053     465   10
   152   4.80462   1.73983   4.36538     400   10
   153   3.15541   1.19914   4.65299    4693   24
   154   3.18802   1.07823   2.99409     838   11
   155   0.07792   0.35380   1.60427    1218   14
   156   3.12378   2.72709   6.09486    1172   14
   157   0.27911   2.42933   1.36802     532    9
   158   4.77099   1.11369   1.59499     827    9
   159   4.73462   1.61037   1.16374    1240   13
   160   2.53647   2.36521   3.56529    1637   19
   161   2.53549   1.97742   2.28975     929   15
   162   4.78540   1.55928   1.09024     874   15
   163   1.69350   0.53262   5.69810    1961   14
   164   3.04623   2.74834   4.48917    1169   14
   165   3.04790   2.66775   6.14679    1156   13
   166   4.77401   1.60916   4.20095     462   10
   167   3.14257   2.79281   3.14039    1262   11
   168   4.32890   1.44541   1.21174    1219   12
   169   2.23980   1.07831   3.88350    1417   13