     1   0.00000   0.00000   0.00000       0    0
     2   1.83927   1.48470   0.50741    1808   17
     3   5.04087   1.60226   2.86690     860   12
     4   3.40758   2.65051   4.64305     630   10
     5   1.98190   1.50879   1.97906     697   11
     6   3.17277   2.67119   1.33916    1180   15
     7   1.87370   1.35865   3.51687    2072   12
     8   4.96276   1.72666   4.44159    4814   22
     9   0.22562   1.94552   1.64021    1386   14
    10   0.00787   0.26968   5.11504    1408   15
    11   1.81600   1.40371   5.12644    3152   21
    12   2.99209   2.81245   2.69654     415   10
    13   1.83659   1.43680   5.14138    1939   19
    14   1.91536   1.52905   0.28962    2409   24
    15   1.98840   1.51502   0.38472    1806   18
    16   0.32903   1.90594   4.82174     566    9
    17   2.93293   2.68302   1.13193     916   13
    18   1.98840   1.51502   0.38472    2615   17
    19   1.75233   1.54167   5.01424     594   11
    20   0.25105   2.06530   4.85236    1523   12
    21   0.12366   0.41705   3.20224     999   12
    22   0.26605   2.03283   4.76513    1776   16
    23   1.75233   1.54167   5.01424    1024   12
    24   3.55826   1.15330   3.08624     427   10
    25   1.84583   1.39501   3.38480    1461   13
    26   3.18538   2.63249   1.28042    1062   14
    27   0.27200   1.94013   0.12574     403   12
    28   1.86892   1.53925   1.87804     609    9
    29   0.12387   0.28033   1.80400    1181   10
    30   6.20139   0.30741   1.83954    1748   15
    31   0.41664   0.40110   4.70199    3866   25
    32   1.81422   1.56510   1.91996     878   15
    33   0.43784   1.97580   0.14070     741   13
    34   5.02564   1.70260   1.20965     760   15
    35   0.23103   0.43237   3.28761     793   12
    36   3.17277   2.67119   1.33916     556    9
    37   3.36131   1.20912   0.00360    4003   20
    38   3.35993   1.30923   6.13780    1006   12
    39   1.84514   1.39738   1.97774     462   10
    40   3.49805   1.13780   4.54036     875   12
    41   3.32094   2.71346   1.49341    2910   16
    42   3.40441   1.14206   1.49850    2467   19
    43   3.31295   2.65636   1.50644    2319   18
    44   4.86251   1.75188   2.76798    1964   17
    45   4.95564   1.75555   2.68779     402   11
    46   3.57176   1.21731   6.24931     562    9
    47   0.32502   1.90628   1.67927    1235   13
    48   0.04922   0.38248   0.21607     429    9
    49   3.17277   2.67119   1.33916     445   10
    50   0.12366   0.41705   3.20224     437   12
    51   0.23237   1.89635   4.79691     712   11
    52   0.41447   1.94290   3.23356    1121   11
    53   3.25780   2.73985   2.89951     994   13
    54   5.06213   1.58691   5.93094    1790   18
    55   1.95823   1.47133   1.85488    2041   15
    56   5.10956   1.62322   5.90620    2237   15
    57   3.49805   1.13780   4.54036     393    8
    58   4.90020   1.53136   4.23403    4122   22
    59   0.25139   1.84762   1.64617    1544   18
    60   6.26116   0.41790   4.99962    1810   12
    61   4.88354   1.59660   5.96389     826   12
    62   1.95581   1.36200   5.01151    2837   19
    63   3.30735   2.87277   1.46330    3624   21
    64   1.88169   1.46503   5.05662    2634   22
    65   0.08612   0.51380   4.82298    1108   16
    66   5.07544   1.79636   4.38891     547   11
    67   4.89184   1.59974   4.40994    4196   24
    68   3.34481   1.21682   4.65786    2150   16
    69   2.96853   2.74164   4.26181    1860   16
    70   3.38948   1.30185   1.41276     845   13
    71   3.43892   1.20209   6.21730     971   11
    72   3.17277   2.67119   1.33916     432    9
    73   0.06323   0.52307   5.04211    2955   21
    74   3.48217   1.24326   2.99839     959   15
    75   3.26267   2.66062   4.60669    2251   17
    76   0.12366   0.41705   3.20224    1659   16
    77   4.88698   1.59599   2.80982     780   12
    78   1.81630   1.55125   5.03073    2038   19
    79   0.39069   1.86968   1.58498     382    9
    80   5.06215   1.80976   5.85675    1378   14
    81   0.46909   1.95500   4.91996    2716   19
    82   6.16861   0.29540   0.36315     255    5
    83   0.12366   0.41705   3.20224     560    8
    84   5.13027   1.66575   2.74211     519   10
    85   3.57471   1.24433   4.58102    1132   12
    86   3.44091   2.62524   3.14907     577    9
    87   3.34110   2.77270   4.55736    1368   13
    88   1.98840   1.51502   0.38472     716   10
    89   6.14983   0.34328   5.09233     760   12
    90   2.83019   2.84423   2.53204     882   11
    91   4.96009   1.67310   5.94427    1713   16
    92   0.37920   1.94547   4.75554    1462   13
    93   3.48164   1.19967   6.18323     509   10
    94   4.95468   1.62614   1.22758    3646   21
    95   1.79182   1.45757   3.40690    1978   19
    96   3.56680   1.05250   3.09494    3298   26
    97   3.30627   2.85721   1.36603    3231   18
    98   0.06900   0.36537   5.05440    2526   17
    99   4.89194   1.77658   5.85907     835   14
   100   3.11636   2.85755   6.04622    1234   12
   101   5.02453   1.61864   5.86856     996   14
   102   2.99209   2.81245   2.69654     384   10
   103   3.54714   1.28151   4.67298    1910   15
   104   1.86386   1.57515   0.30932    1764   14
   105   4.95470   1.54731   5.89520     536    8
   106   1.89600   1.54141   2.05462     634    8
   107   6.16819   0.32163   1.95007     764   14
   108   4.99306   1.70391   2.76581     756   12
   109   3.43468   1.17137   6.15145     445    8
   110   5.09708   1.68942   5.88884    1738   17
   111   1.85542   1.49723   0.35874    1583   17
   112   1.86830   1.56100   0.48703    2388   16
   113   3.50423   1.14567   2.91097    1743   14
   114   0.32903   1.90594   4.82174     845   13
   115   1.98052   1.45823   0.41731    1106   12
   116   0.12366   0.41705   3.20224     746   13
   117   0.25220   1.87712   1.73942     278    8
   118   3.34481   1.21682   4.65786     539   10
   119   4.97296   1.63879   1.18623    2436   17
   120   1.86483   1.42201   5.04962     433    9
   121   0.40949   2.02656   3.33320    1000   16
   122   1.95823   1.47133   1.85488    2210   20
   123   0.35198   1.99917   3.20293     675   12
   124   6.10440   0.35801   5.07975    2337   17
   125   1.75714   1.48390   0.40835     553   10
   126   3.49805   1.13780   4.54036     528    7
   127   0.00000   0.00000   0.00000     572   10
   128   0.19975   2.04637   1.53563     819   11
   129   3.42185   2.84327   1.52706     560   13
   130   0.19322   0.30558   1.67807    4988   28
   131   0.34493   1.96711   3.21419    1115   14
   132   0.12366   0.41705   3.20224    2370   17
   133   3.42362   1.16348   4.50181     361    8
   134   4.90762   1.56641   1.24808    1223   14
   135   3.02030   2.76780   2.61645     338   10
   136   1.83496   1.36556   2.02077    4484   25
   137   0.26413   2.06669   0.18369    1338   16
   138   0.20292   1.84867   0.19178    1053   12
   139   4.89716   1.62918   2.77818     962   11
   140   2.93469   2.80072   4.08045    2800   17
   141   3.14324   2.78720   2.80882    3302   22
   142   6.25086   0.28580   3.46004    1122    9
   143   6.20021   0.47830   5.08390    2556   19
   144   3.27748   2.70581   4.48630    1269   15
   145   3.17277   2.67119   1.33916     871   16
   146   0.02072   0.40966   1.78039    1449   15
   147   4.98883   1.58631   1.05996    1245   16
   148   3.54502   1.23706   1.57544     548   11
   149   3.57030   1.07691   6.21806    5002   26
   150   5.02564   1.70260   1.20965    2924   19
   151   3.45689   2.70269   1.55365    1982   17
   152   0.36462   1.81213   1.77094    3479   26
   153   6.21050   0.40443   5.14362    1602   17
   154   1.89030   1.59250   1.94620    1353   14
   155   3.11708   2.62387   5.82856    4728   22
   156   3.42362   1.16348   4.50181    2559   17
   157   5.13027   1.66575   2.74211     589   12
   158   0.32836   1.91717   0.16282     578   11
   159   3.50788   1.24343   6.06315    1128   12
   160   1.79182   1.45757   3.40690     920   11
   161   3.37912   2.75937   4.60151    2239   17
   162   5.00223   1.57836   5.89995    1205   13
   163   1.81786   1.42588   5.18153    3670   24
   164   3.25780   2.73985   2.89951     439   11
   165   2.99209   2.81245   2.69654     737   14
   166   3.45221   1.19609   3.00328     531   12
   167   0.42578   2.03672   4.98380    1076   13
   168   6.21636   0.39973   1.85717    3719   23
   169   1.76716   1.45327   3.52156    4739   23
   170   2.89314   2.79621   0.92976    2570   17