     1   0.00000   0.00000   0.00000       0    0
     2   5.31216   2.28655   3.99916     344    8
     3   1.23718   2.12570   5.60032     746   12
     4   3.26087   2.25641   5.34458     931   12
     5   1.05550   1.97871   0.84096     709   11
     6   4.33852   1.06036   3.95637     410    9
     7   3.18227   2.24615   3.74487    1030   13
     8   2.07355   0.97479   2.29773     616   11
     9   4.33795   1.15017   3.92528    2706   13
    10   4.24142   1.08409   2.36858     692   13
    11   2.20068   0.94765   0.71847    3234   18
    12   3.09325   2.23314   2.22415     538   11
    13   5.31953   2.11112   3.99380    2252   15
    14   5.36915   2.10818   2.37633     403    9
    15   5.26252   2.29217   2.41499    5822   27
    16   6.25870   0.93839   5.70158    1536   18
    17   3.00577   2.23286   3.71009     900   11
    18   1.22049   2.08769   2.35692     985   14
    19   0.04744   0.81358   2.52469     720   11
    20   2.27004   0.98262   0.55645     751   10
    21   3.12913   2.21898   0.61096    4494   24
    22   2.32708   0.85107   3.69117     691   11
    23   1.22519   2.08551   5.39367     593   10
    24   3.27059   2.21299   3.98749     402   11
    25   3.14401   2.22549   2.31675    1197   14
    26   1.11710   2.20650   2.28256     967    9
    27   5.42534   2.21265   5.52953    4628   23
    28   1.24714   2.07989   2.49637    2902   21
    29   1.05550   1.97871   0.84096     586   10
    30   3.18351   2.38471   5.54558     582   11
    31   0.00375   0.89044   0.96413     848   10
    32   3.28818   2.27257   2.23783    1212   12
    33   2.27332   0.95086   2.16061     287    8
    34   1.05550   1.97871   0.84096     765   10
    35   5.46968   2.23114   4.22321    2081   17
    36   4.27537   0.92418   4.00504    2108   17
    37   3.26413   2.25493   3.91220    4626   25
    38   1.15912   2.23213   2.37086     793   14
    39   3.07872   2.30977   5.30757    3690   22
    40   2.26226   0.91260   2.34123     377    9
    41   3.18351   2.38471   5.54558     890   12
    42   1.05550   1.97871   0.84096     389   10
    43   5.46915   2.26757   0.88832    3900   21
    44   1.11325   2.09705   5.53377    1542   14
    45   5.44548   2.21129   2.49534    1861   14
    46   1.05550   1.97871   0.84096     329    9
    47   0.99862   2.06625   2.37157     941   16
    48   4.23621   1.07350   2.35610    3784   22
    49   3.23536   2.18705   2.28190     675   12
    50   0.08325   0.88412   3.97877    2332   17
    51   3.16763   2.32585   5.38668     490   10
    52   0.11742   0.92167   5.53763    1018   14
    53   1.14292   2.25069   3.98001     882   10
    54   1.24714   2.07989   2.49637     769   12
    55   3.05969   2.17079   2.16047     340    8
    56   5.35644   2.14577   5.61724    1261   13
    57   4.34407   1.08177   2.42947    2030   19
    58   1.10395   1.96014   2.30050    2447   18
    59   2.27429   0.75829   0.73833    1015   14
    60   1.15281   2.13495   3.82260    1475   14
    61   5.39194   2.16394   2.52011     866   11
    62   3.16329   2.14847   3.84750     866   13
    63   2.23484   0.76782   3.73080    3249   17
    64   5.32315   2.27758   2.40177    1014   13
    65   0.08092   0.87557   3.98850     985   12
    66   0.06260   0.98447   0.80370    1534   15
    67   0.05238   0.96034   0.83041    1966   12
    68   1.10970   2.17937   3.86670     578   10
    69   5.39837   2.12959   2.40039     614   10
    70   0.11194   0.85174   2.48132    1699   13
    71   4.33496   1.14225   2.36236    2073   19
    72   6.19907   0.94473   4.17024     986   12
    73   5.35357   2.12079   4.13401     950   11
    74   4.13995   1.08744   5.65590     944   12
    75   1.05550   1.97871   0.84096     472    9
    76   0.17925   0.80599   5.53956    1533   15
    77   4.31409   0.94385   3.90363    1046   14
    78   2.10092   0.93233   2.37979    1075   12
    79   4.24117   0.93979   0.83500    1529   16
    80   0.99862   2.06625   2.37157     691   12
    81   4.17146   0.95595   0.95817    2170   18
    82   3.01884   2.19148   3.77125    1899   17
    83   2.18189   0.98596   3.90532    1019   12
    84   5.32264   2.27888   0.91799    1762   16
    85   1.07111   2.05095   0.80285    2052   17
    86   0.99862   2.06625   2.37157     664   12
    87   4.24142   1.08409   2.36858     577   11
    88   3.21357   2.17764   5.41870    3073   22
    89   2.21013   1.08748   2.21218    4089   23
    90   2.31355   0.85188   3.77266     496    9
    91   2.99673   2.26618   3.70634     608   11
    92   3.10627   2.25865   5.26106    2954   16
    93   5.25377   2.31715   5.59873     375    6
    94   0.99862   2.06625   2.37157     571    9
    95   2.19449   0.83125   3.74386    5443   22
    96   4.22427   1.13936   0.74782    2319   17
    97   4.23510   0.95031   2.30317     889   13
    98   0.04165   0.87518   3.94916    1185   15
    99   5.44036   2.24387   3.96471    1134   12
   100   0.95907   2.12719   5.39812    3044   20
   101   1.09782   2.02490   2.32347    4482   20
   102   0.99862   2.06625   2.37157     673   12
   103   1.11325   2.09705   5.53377    1933   17
   104   1.16430   2.05761   5.54486     626   10
   105   1.07473   1.96297   2.23252    1463   12
   106   0.94442   2.15365   2.29527    2948   21
   107   1.24714   2.07989   2.49637     399    7
   108   1.05550   1.97871   0.84096    1544   16
   109   3.12244   2.24179   3.73002     301    7
   110   1.24009   2.08640   2.33538     602   12
   111   5.40874   2.17705   5.69901    1659   14
   112   4.24142   1.08409   2.36858     445    9
   113   3.13971   2.30634   5.27206     678   14
   114   5.29104   2.29200   5.53502    1729   16
   115   2.35223   0.89888   3.82164     602    9
   116   4.28717   0.94517   5.54820     515    8
   117   3.12913   2.21898   0.61096    1517   19
   118   5.29075   2.23887   3.91746     564   10
   119   5.29075   2.23887   3.91746    2959   20
   120   3.17646   2.25146   5.31505    2742   24
   121   1.20570   2.11795   0.71107    2705   20
   122   2.30508   0.90420   0.65580    1010   13
   123   1.22592   2.09913   2.40117    1190   13
   124   4.19362   1.12854   2.43413    1011   13
   125   0.92806   2.15462   2.28912    2168   17
   126   1.05550   1.97871   0.84096    2856   18
   127   1.23847   2.04464   5.55879    1163   13
   128   2.06550   0.98443   5.45504    2197   16
   129   5.41833   2.21453   4.02310     760   11
   130   5.41208   2.29653   5.75893     607   10
   131   5.53913   2.24100   2.62530     655   11
   132   0.95102   2.02699   3.74144    1221   13
   133   0.02176   0.92573   0.89890     382    7
   134   5.35148   2.19809   3.95037    1374   13
   135   2.31682   0.91936   3.85703    2117   18
   136   0.04289   0.82794   2.39057     617    9
   137   2.12968   0.87109   0.81169     643   10
   138   0.12405   0.79666   2.45721    2451   22
   139   5.38078   2.10450   5.62027    1428   18
   140   5.41787   2.29837   5.77970    2208   19
   141   2.23592   0.83956   5.35330     315    9
   142   3.08605   2.20057   3.75173    2082   16
   143   0.04165   0.87518   3.94916     503   11
   144   4.20603   1.03772   2.52321    1474   15
   145   2.13424   1.01563   3.88336     591    9
   146   2.23025   0.95121   2.19143     354   10
   147   0.09064   0.84335   5.60475     337    8
   148   4.30660   1.16671   5.46670    1972   15
   149   2.28266   0.96648   2.17010    1701   17
   150   4.32658   0.99163   2.34444     954   12
   151   5.43577   2.26113   0.91633     836   10
   152   1.07808   2.09184   2.37281    2091   18
   153   1.08531   2.05673   0.72115     410    8
   154   3.29252   2.21882   3.93675     500   10
   155   0.03261   0.84437   4.13484    5505   28
   156   2.29968   0.92416   3.69144    3461   23
   157   2.22239   0.99686   0.78000    1283   14
   158   3.12529   2.32555   2.16879    2586   15
   159   5.37547   2.27184   1.02382     566   10
   160   2.13414   0.90050   5.42150    3815   21
   161   2.15896   0.90256   3.75700    1049   13
   162   4.31085   0.98283   0.69758     437   11
   163   0.11194   0.85174   2.48132     902   14
   164   0.19585   0.80322   5.37803    1534   17
   165   1.02741   2.06434   0.62564     391   10
   166   5.24536   2.22258   3.88208    1455   14
   167   3.22333   2.27883   5.31097     820   10
   168   5.28527   2.14964   3.95238     516    9
   169   3.07743   2.22410   0.58012    2184   18
   170   5.27835   2.10198   4.02778    2988   21
   171   0.09036   0.93515   2.39147    4602   22
   172   0.99578   2.16376   5.43203     587   12
   173   3.03428   2.29508   2.10770    4143   19
   174   0.09819   0.92741   2.39145    3539   21