     1   0.00000   0.00000   0.00000       0    0
     2   5.46148   0.96996   3.32553    1379   18
     3   4.93951   1.85472   1.50462    1297   14
     4   2.70013   1.15848   0.79801    1534   17
     5   2.80130   2.24265   5.56777    1400   15
     6   6.10410   1.50547   6.11569    1726   17
     7   5.56735   0.88964   3.41717    1162   14
     8   1.58864   1.25868   0.86356    2171   17
     9   4.45947   1.63126   3.59958    1215   12
    10   5.25150   2.07566   4.01223     928   13
    11   4.71849   1.97457   4.87193     567   13
    12   3.21157   1.59585   2.79670    1943   15
    13   2.27062   1.04421   2.20252     754   14
    14   3.86153   2.15370   2.50580    1502   14
    15   4.30561   0.90713   0.80934    1252   13
    16   5.55225   2.39440   2.84477    2507   22
    17   6.22039   1.53125   2.77839    2023   21
    18   2.52496   1.30863   5.98180    2207   18
    19   5.42348   1.81234   0.97524    1379   15
    20   4.73442   1.12765   3.44164    1187   17
    21   1.75579   2.42871   4.89597    1160   15
    22   5.52764   1.28602   3.87277    1831   17
    23   1.62749   0.29503   4.73869     711   10
    24   1.55360   1.31078   1.89896    1667   15
    25   4.99478   1.43703   3.74477    1177   16
    26   1.56113   1.21253   4.65688    1511   17
    27   1.39072   1.84997   2.12475    1523   20
    28   4.11669   0.39847   2.30238     689   12
    29   0.94893   1.34700   0.71551    1508   16
    30   5.60087   1.17545   1.85504    1320   17
    31   3.46736   1.44809   3.44185    1076   14
    32   0.68681   1.84480   0.09685    1287   15
    33   0.07564   1.06246   0.21221    1300   15
    34   1.57389   1.18521   2.34794    1259   14
    35   0.82171   0.78405   6.16173    1627   14
    36   0.30127   2.01851   5.42604    1884   17
    37   0.53385   2.41919   5.85242    1073   14
    38   2.38002   1.94070   0.40257    1371   14
    39   3.87397   0.87334   0.08828    1191   15
    40   4.56187   1.67231   3.83069    1107   14
    41   0.75736   1.91915   2.55140    1515   17
    42   3.79259   2.46490   3.47680    1107   15
    43   1.88064   0.83246   2.26914    1424   15
    44   6.08207   1.61315   1.01337     800   10
    45   3.14659   1.95813   4.22518    2131   19
    46   5.41452   1.42217   3.94129    1321   15
    47   3.45987   1.35530   2.59211    2982   23
    48   3.27819   0.66115   0.59559     781   10
    49   2.56004   1.36058   0.78040    1465   16
    50   3.83397   1.83815   3.27257    1229   13
    51   5.22884   0.81071   1.49783    1364   16
    52   4.09730   1.47027   3.32163     924   11
    53   3.89135   0.61298   0.67656    1862   16
    54   0.74212   2.31386   3.94490     755   12
    55   1.26968   1.92787   5.11892    1444   16
    56   4.12251   1.93158   4.52379    1081   12
    57   5.13857   0.67273   4.05265    1019   12
    58   5.28577   1.48020   4.27630     948   13
    59   2.79985   0.22672   4.90164    1243   15
    60   1.80085   2.06552   4.23881    1284   16
    61   4.48292   1.77667   2.70970    1294   14
    62   4.73898   2.12730   1.39168    1167   16
    63   4.52912   1.84018   4.20351    1314   15
    64   0.53267   1.33837   2.13083    2178   19
    65   3.95866   0.45354   3.07894    1376   17
    66   0.87161   2.36712   0.25644    1954   15
    67   1.72738   0.82370   3.84826    1213   15
    68   3.06549   2.15873   2.00161    1468   16
    69   5.06539   1.79654   5.55405    1012   15
    70   4.77235   2.08751   3.81092    1068   16
    71   3.91519   1.78609   6.09458     585   10
    72   2.01195   1.95393   3.55729    1190   16
    73   2.40463   1.57970   5.08486    1606   16
    74   3.95210   1.26586   4.00768     849   12
    75   2.48370   1.17169   5.59331     845   12
    76   4.25339   0.97158   1.54728    1226   14
    77   1.59513   1.76862   4.23389     750   10
    78   5.20365   2.38929   2.05082    1085   14
    79   1.15229   0.61259   3.27391     926   10
    80   4.18169   1.79967   0.72708    2075   17
    81   1.68021   0.39919   5.14604     819   11
    82   0.28196   0.24358   4.07667     772   13
    83   5.66318   2.62483   3.71837    1365   15
    84   2.33794   0.88552   5.34939    1222   14
    85   4.12347   1.93658   5.08887    1352   15
    86   0.11757   2.14923   4.55302    1611   17
    87   3.98788   1.89003   0.94461    1320   17
    88   5.93685   1.60611   2.95863     939   15
    89   3.90966   2.20695   1.53834    1976   17
    90   2.75537   1.01529   5.78894    1010   13
    91   2.16039   2.29375   0.06794     677   12
    92   4.38202   1.02443   4.35419    1301   15
    93   0.47716   1.85131   2.63924     790   14
    94   4.78776   1.91191   3.08816     896   13
    95   2.58371   2.79291   6.13894    1072   14
    96   2.80321   1.64561   5.27859    2105   17
    97   5.56799   1.51032   3.30938    1699   15
    98   1.06926   2.81600   2.47145     934   13
    99   2.25561   2.35012   6.05167    1219   16
   100   5.81906   2.25958   5.38394    1475   16
   101   1.64053   0.84267   0.45729    1010   13
   102   3.82791   2.50165   5.41896    1928   20
   103   5.87691   1.34299   0.94993    1122   12
   104   1.77123   1.01503   5.75877    1533   17
   105   0.48623   2.83595   3.83098    1869   17
   106   2.73121   2.73234   2.53574    1237   13
   107   1.55510   2.76273   2.47980    1519   18
   108   3.52563   0.77023   4.84604    1670   15
   109   5.63203   1.05701   4.27317    1093   14
   110   3.05400   0.77725   0.86637    1371   14
   111   5.01813   2.39445   4.42106    1822   17
   112   2.26220   1.22929   5.15817    1743   17
   113   3.71962   2.05129   0.84980     719   11
   114   0.26344   0.24730   2.35285    2392   20
   115   3.55039   1.31916   0.40736     924   11
   116   3.37386   1.57024   5.00096    1713   16
   117   2.29619   0.79880   4.99395    1396   16
   118   5.44181   0.38760   0.92594     711    9
   119   6.03216   2.25692   2.91888    1189   12
   120   5.58422   1.53994   2.48330    1354   14
   121   1.04872   0.73989   4.48050    1470   15
   122   0.10555   1.52209   1.58825    1546   14
   123   5.88997   2.39379   0.41508    1508   15
   124   6.02228   1.31151   2.38194    1398   15
   125   2.08504   1.26250   0.56542    1695   16
   126   4.72531   2.25665   3.98652    1585   17
   127   5.56465   2.04859   2.39979    1170   14
   128   5.58595   1.11985   3.49824    2003   19
   129   1.54029   1.93752   2.19242    1466   18
   130   1.37459   2.16199   0.83791     868   11
   131   2.62821   0.36362   2.01371    1490   16
   132   3.23263   0.75608   1.30640    1292   14
   133   5.44051   0.63989   4.18241     775   11
   134   0.77994   1.58617   5.51226    1288   13
   135   5.25352   2.42965   2.26138    1600   18
   136   1.19037   0.47598   4.72507     939   14
   137   4.54450   1.33772   3.27733     649   12
   138   3.51062   1.97284   2.78412    1101   14
   139   3.94940   0.53443   2.04672    1473   15
   140   1.27093   0.85246   5.49125    1120   14
   141   5.66214   0.18639   4.29217    1416   16
   142   4.04101   0.80838   4.84460     734    9
   143   5.07088   1.17177   2.32194    1563   18
   144   2.55282   1.01192   0.82698    1581   15
   145   4.69666   1.62850   2.23570    1709   15
   146   3.82373   1.88771   5.79492    1385   13
   147   4.73349   0.55197   3.86594     807   13
   148   3.83442   1.32424   3.87845    1241   15
   149   2.80993   2.59665   5.82593     985   15
   150   2.26933   2.38244   1.30944    1421   15
   151   2.36043   1.22254   4.62580     622   12
   152   4.95408   2.46577   2.46133     767   10
   153   1.70068   1.43773   3.99792    1135   13
   154   2.34207   2.31011   2.25996    1380   14
   155   5.99161   0.66089   5.06700    1431   15
   156   5.54175   1.13102   1.36127    1059   13
   157   2.64605   1.45340   0.12577    1700   15
   158   4.24985   1.81200   2.84141    1038   15
   159   3.22360   1.35778   3.87345    1560   17
   160   4.69613   0.76741   5.27460     960   14
   161   0.73144   1.65417   5.27671    1167   15
   162   0.53721   1.02237   3.52272    1092   14
   163   6.28243   1.71873   4.37527    1439   13
   164   5.48545   2.01350   3.48796    1277   16
   165   0.06447   0.71365   1.33036    2593   19
   166   0.72164   2.28920   4.57571    1343   15
   167   5.18236   0.93810   6.13339    1322   16
   168   1.23445   2.18202   4.15969    1101   14
   169   5.89124   1.51548   2.16045    1517   17
   170   3.91905   0.67725   0.17846     640   11
   171   3.75882   1.80489   5.79211    1579   15
   172   1.90778   1.38113   4.54819    1861   21
   173   4.80801   2.64975   3.52749     542   12
   174   1.27230   0.62695   3.02086    1170   12
   175   5.84439   1.38714   0.00518    1112   14
   176   2.06244   0.66607   1.15963     811   11
   177   4.20660   1.89383   6.10072    1647   19
   178   5.60167   2.58172   2.82846    1169   15
   179   0.22065   1.62512   5.43537     845   10
   180   5.29203   2.01779   3.20971    1373   15
   181   1.62822   2.79961   3.21872     914   13
   182   5.53025   0.35574   5.59093    1706   13
   183   4.73561   1.79231   2.84729    1352   14
   184   3.40848   1.33074   1.93281    2055   17
   185   5.40978   1.59160   0.08864    1203   15
   186   0.75217   1.75877   0.39008    1157   15
   187   4.48768   2.46910   3.96012    2174   19
   188   6.04879   2.14354   3.65536    1468   17
   189   1.06231   2.61016   4.95737    1376   14
   190   4.12109   1.14439   6.20614    1714   16
   191   2.14868   1.21061   5.12752    1504   14
   192   5.39819   2.18134   1.60385    1075   13
   193   3.87763   2.10915   4.10881    1497   14
   194   2.54772   1.56658   5.87211    1121   14
   195   6.10111   1.87407   1.83527    1381   14
   196   0.69856   2.36746   5.61892     692   11
   197   4.76542   2.84807   1.05352    1130   13
   198   0.56693   0.74794   3.37630    1044   13
   199   0.31055   1.80584   1.34442    1917   17