     1   0.00000   0.00000   0.00000       0    0
     2   4.85857   2.59336   0.27498    1687   17
     3   4.64997   2.23177   5.08001    1125   12
     4   2.29319   0.65125   3.87664     896   14
     5   1.28080   1.79104   2.19260     784   10
     6   3.37913   0.92204   3.28069    1009   11
     7   0.32484   1.68586   5.65792     879   14
     8   1.91591   1.48908   0.77166    2223   18
     9   3.10932   1.21473   3.20378     597    9
    10   2.56277   1.20272   5.75911    1255   11
    11   0.35124   1.78635   0.68292    1627   21
    12   0.62946   2.09532   2.44538     637   13
    13   2.15465   1.80146   1.57110    1456   16
    14   5.88556   0.69417   6.00982    1207   14
    15   2.37580   1.58940   3.77677     697   10
    16   0.94608   0.62264   5.05415     962   16
    17   6.13040   2.30512   5.86496    1429   15
    18   4.87749   1.29557   1.12546    1208   16
    19   2.23653   2.40327   6.02975    1340   17
    20   4.06241   0.68960   2.33572     600   10
    21   5.24782   0.56097   4.32966    1238   18
    22   4.15882   1.31884   0.56453    1737   16
    23   4.97445   2.12175   0.26879     863   13
    24   4.67329   2.36080   5.41562    1538   16
    25   2.67729   1.83073   0.22465    1797   17
    26   4.72099   1.45386   1.53035    1515   14
    27   2.44762   0.86792   0.66479    1713   18
    28   1.54419   1.66270   6.22715    1070   17
    29   5.89947   1.87387   2.49052     962   13
    30   3.80346   1.90171   0.87604    1345   14
    31   4.49041   2.39868   1.64589    1057   15
    32   1.25608   1.43475   0.87619     931   12
    33   4.18689   0.19248   0.74368    1169   12
    34   0.57856   2.17637   0.93988    1450   14
    35   3.57324   1.22438   1.28241    1650   18
    36   2.43138   1.01023   5.59409    1017   13
    37   6.26632   1.42704   2.74121    1669   15
    38   5.39238   2.22203   4.40733    1747   17
    39   3.45830   0.98459   0.98431     891   13
    40   0.03288   2.30130   1.21920     966   14
    41   4.84939   1.10668   1.23284    1226   13
    42   0.81508   1.12598   0.82857     771   11
    43   1.04984   2.23057   5.00524    1377   13
    44   4.46438   1.39159   5.48937     685   12
    45   2.31126   2.25137   3.55671     855   12
    46   4.32292   2.22402   1.45790    1022   15
    47   3.76998   2.89883   5.04794    1345   16
    48   2.51714   2.71410   2.49575    1149   11
    49   6.10237   2.02862   3.91950    1710   16
    50   5.75997   1.38578   0.41033    1896   17
    51   4.30990   1.14520   3.54780    1548   18
    52   0.88469   0.49407   5.81542    1242   16
    53   0.12705   1.17456   3.14807     732   12
    54   0.75062   2.06065   4.52875     707   12
    55   6.08688   0.63773   5.56399    1489   15
    56   1.22554   0.92912   3.24506    1238   17
    57   2.82035   0.77621   5.13722    1569   16
    58   4.37057   1.71426   3.80288    1476   16
    59   4.53462   0.80296   5.10958    1404   17
    60   3.05203   0.77150   4.48892    1149   14
    61   1.88203   0.41182   0.61903    1837   15
    62   0.87994   1.17457   4.24571    1163   13
    63   3.69429   0.09480   3.68314    1594   18
    64   5.64664   1.98428   2.78692    1258   15
    65   1.37038   2.02137   5.57266    1148   17
    66   5.56436   0.34879   1.92236    1283   13
    67   0.85241   1.20117   0.50599    2322   20
    68   5.98138   2.84979   3.89495    1172   12
    69   3.82199   1.40682   1.94960    1080   14
    70   2.96860   2.33780   2.77391    1153   12
    71   0.22122   0.78643   2.15800    1322   11
    72   0.97541   1.74094   3.97138    1418   16
    73   2.40475   1.26045   5.84364     754   11
    74   1.65191   2.84481   3.39418    1252   14
    75   1.77031   0.61855   4.02275     517   11
    76   2.67576   1.74676   5.71062    1343   17
    77   1.56337   0.43940   3.81210    1067   13
    78   0.83405   2.31589   0.04108    1374   16
    79   0.92622   0.82088   6.11469    1297   14
    80   4.60808   0.29137   5.90271    1602   16
    81   2.14442   1.54634   6.23603    1223   15
    82   5.16768   1.43187   2.38957     975   13
    83   5.02710   2.64234   4.33445     781   12
    84   0.56568   0.93861   2.31652     806   11
    85   2.38296   0.58482   3.42971     733   11
    86   1.61040   1.91285   4.04725    1836   21
    87   2.30655   1.41333   1.46525    1147   17
    88   6.05473   1.88792   5.76479    1436   14
    89   3.67110   0.89604   5.27686     907   11
    90   1.93458   1.02810   6.15760    1889   18
    91   0.78345   2.35117   0.06188    1881   21
    92   0.05392   2.25195   5.52994    1078   15
    93   5.99905   1.55632   0.99569    1160   15
    94   3.41341   2.40309   5.18305    1251   15
    95   4.64625   1.21699   2.20858    1274   15
    96   0.39999   2.35978   4.74928    1094   14
    97   3.36971   0.90708   0.60835    1476   17
    98   5.37686   0.11434   4.16440    1422   15
    99   1.75302   2.44643   4.88380    1324   15
   100   1.33587   1.45001   3.62954    2248   19
   101   4.49975   1.42808   4.19147    1038   15
   102   1.64919   0.79139   0.72715    1773   15
   103   3.80697   1.07378   0.62333    1186   14
   104   2.48758   1.28576   2.44559     681   10
   105   3.41265   1.93738   2.88602    1888   22
   106   2.24604   0.67475   2.94372    1637   14
   107   5.27664   2.09490   5.83780    1241   16
   108   5.97856   1.50332   4.41522    1092   12
   109   6.26632   1.42704   2.74121    1242   14
   110   1.92247   1.18214   0.39646    1304   15
   111   5.41884   2.24146   2.25007    1933   18
   112   2.78375   0.38222   0.43516     980   14
   113   5.07984   0.66765   3.92849     947   14
   114   4.42486   0.36127   2.66565    1440   17
   115   5.90092   1.34693   1.84979    1601   14
   116   4.91216   1.68080   3.08560     892   12
   117   1.82544   1.04814   0.51676    1289   12
   118   1.27173   1.05924   2.07227    1234   15
   119   1.21543   2.71647   3.55982    1518   19
   120   3.59733   1.64585   5.37841    2149   17
   121   5.47916   2.25465   1.36140    1923   18
   122   0.95752   2.63255   4.20295    1004   13
   123   0.09123   2.73110   0.19661    1254   15
   124   5.63315   2.12993   0.43778    1685   15
   125   4.31306   1.00537   1.00938     876   12
   126   2.85900   2.10706   0.68377    1136   14
   127   3.67747   0.87225   2.15744    1273   13
   128   1.39663   0.54777   1.76672    1623   21
   129   4.21876   0.43173   4.74826    1601   17
   130   3.51631   1.72115   5.36269    1445   16
   131   5.15718   0.98136   2.08973     481    8
   132   0.30516   0.78228   4.10948     795   13
   133   0.73734   1.49042   0.30290    1446   16
   134   0.75118   1.17076   0.20842    1087   15
   135   5.52949   1.96560   0.58382    1038   15
   136   0.05878   0.54299   4.88361    1121   13
   137   1.95202   2.06770   5.51252    2151   18
   138   1.46092   1.27409   2.34285    1869   19
   139   6.06964   2.15292   3.97620    1234   13
   140   5.66260   2.96988   1.42834    1264   14
   141   3.20061   1.06888   2.45811     868   15
   142   4.57664   1.27972   2.37517    1166   12
   143   3.72549   2.13857   0.90692     831   13
   144   5.56308   1.82043   0.28647    1426   16
   145   4.92743   1.20208   2.80707    1614   15
   146   2.85652   1.67431   0.24952    1476   19
   147   1.80753   1.31393   3.58800     855   14
   148   4.96836   1.27978   2.11581    1817   17
   149   5.07015   1.18721   3.48095    1428   14
   150   0.60904   1.35358   1.87815    1294   16
   151   4.49845   2.37662   1.21076    1958   19
   152   4.21675   1.47855   0.99892    1085   11
   153   4.62031   1.92331   2.25828    2005   14
   154   0.63434   2.81774   2.85800    1283   16
   155   3.05848   2.35703   5.61030    1788   18
   156   4.39547   1.64115   2.85327    1931   21
   157   6.10949   1.15234   6.12524     927   15
   158   5.17955   2.47630   0.33862    1883   17
   159   0.52249   0.78645   3.49167    1644   14
   160   5.54234   2.04397   4.88540    1113   14
   161   1.87882   0.77412   0.62309    1150   14
   162   2.49098   0.97552   0.99303    1383   15
   163   5.78922   1.59342   3.59637    1336   15
   164   5.02904   1.65703   4.06358    1171   14
   165   0.09165   1.78248   4.59411     838   12
   166   1.02541   1.62163   0.22221    1358   15
   167   5.44762   1.31452   3.63568    2180   20
   168   4.36097   1.34152   1.83481    1125   14
   169   3.29864   1.85242   2.38255    1665   18
   170   4.34618   0.71823   4.17153    2728   20
   171   2.75307   0.79367   0.00820    1643   19
   172   4.79227   2.38455   0.09076    1240   17
   173   5.38509   1.00175   2.19284    1012   16
   174   1.83416   2.36190   1.17077    1524   17
   175   4.09657   1.57790   3.99245    1079   11
   176   3.93503   0.95769   1.43902     953   13
   177   2.51188   2.65471   2.29954    1525   15
   178   2.92154   0.57863   1.82476    1166   15
   179   4.43689   2.06429   1.83729    1409   17
   180   5.18271   1.96699   3.22294    1191   13
   181   3.98265   1.87527   0.95011    1075   13
   182   3.05087   1.84000   0.96010    1152   14
   183   0.28517   1.41376   0.31481    1363   15
   184   5.24779   0.90102   0.97155     884   13
   185   0.80349   1.51059   4.01565     760   12
   186   2.96737   1.42797   0.78530    1230   15
   187   4.62750   1.40479   0.41692    1629   17
   188   5.35394   2.81250   4.40385    1417   14
   189   3.44598   1.91770   5.43130     857   13
   190   2.49493   2.31663   5.19214    1306   15
   191   0.27084   1.54002   4.05093    1323   16
   192   1.03346   1.39028   1.01753    1794   16
   193   0.04113   0.74280   5.99384    1015   14
   194   0.62098   2.35721   0.82734    1292   15
   195   5.40294   0.63070   4.22108    2587   19
   196   0.13546   0.17934   0.25063    1335   14
   197   1.92608   1.70506   0.60424    1894   17
   198   2.37765   1.11275   0.75872    1418   15
   199   1.78399   2.02244   2.72305    1458   17
   200   1.47877   1.62452   2.42184    1209   16
   201   2.94346   1.32670   2.48637    1277   17