     1   0.00000   0.00000   0.00000       0    0
     2   4.10115   1.35988   2.22882    1142   13
     3   1.36496   2.17965   0.48850    1247   17
     4   4.68620   2.44919   4.37408    1402   14
     5   1.17870   2.33862   5.04415    1693   15
     6   5.56138   1.68247   3.07583     989   13
     7   0.74982   0.90517   3.50892    1107   13
     8   5.66183   1.97769   2.21868    2410   21
     9   5.65118   1.95137   2.23754    1240   12
    10   0.60694   0.99640   3.69731    1087   13
    11   2.50633   1.11284   5.57823     803   13
    12   5.64303   1.95203   2.27673    1325   15
    13   1.17833   2.25193   5.12561    1419   14
    14   2.49717   1.32468   0.75268     873   16
    15   2.21040   0.49931   2.37213    1115   13
    16   3.73239   2.22803   4.12828     879   13
    17   5.55247   2.30754   4.32172    1638   18
    18   1.49070   2.40412   5.32649    1428   16
    19   0.62912   0.83424   0.65626    1496   16
    20   2.42230   2.25478   4.01821     895   16
    21   2.48439   1.26604   3.97014    1955   17
    22   3.85689   2.20128   4.32000    1106   14
    23   2.54687   1.16677   5.49820    1344   15
    24   4.40601   0.86719   2.56446    1646   15
    25   1.21609   2.37491   2.04647    1452   14
    26   3.93960   2.28587   1.08129    1248   14
    27   5.73588   1.14497   5.15423     584    9
    28   4.99714   2.56927   5.44435    1014   12
    29   1.25788   2.67877   2.03071    1331   14
    30   4.27033   1.60765   0.19474     742   15
    31   1.25844   2.31689   3.73387    1416   14
    32   1.27285   2.19174   2.02098    1012   10
    33   2.53236   1.13990   3.93035     581   12
    34   4.43158   1.95423   5.02483     953   12
    35   3.33674   1.81138   2.64875    1036   14
    36   4.50224   0.73964   5.62921    1115   14
    37   2.56402   1.13420   3.98840     946   14
    38   1.01560   0.60679   0.97891     700   11
    39   2.80638   1.31281   3.78004    1974   17
    40   1.19324   0.60840   5.48109    1271   14
    41   1.33800   2.35124   3.53735     859   12
    42   1.42819   2.67555   0.21195    1230   14
    43   4.50472   1.42119   4.44921    1721   17
    44   5.84230   2.01018   2.47024    1751   17
    45   1.42507   2.31683   0.56795     621   10
    46   1.18587   2.25131   1.93046    1292   15
    47   0.51432   0.90619   0.64328    1263   17
    48   4.44153   0.77580   4.30056     886   12
    49   0.67671   0.92780   3.67546    1724   17
    50   3.84598   2.14587   5.78132     958   11
    51   0.63238   0.95779   5.08921    1221   13
    52   4.45229   0.79346   5.80052    1137   14
    53   5.54880   1.45362   0.51590     842   11
    54   4.30792   1.45972   4.53337    1202   13
    55   2.94054   2.51040   1.75385     648   12
    56   4.53906   0.81833   2.50403    1086   14
    57   3.80414   2.14724   5.66795    1409   16
    58   2.56700   1.28114   0.72633    1062   15
    59   4.54124   0.85458   4.13592    1074   13
    60   3.10323   1.06973   4.50458    1286   14
    61   4.54399   0.92054   2.66419     930   13
    62   1.93080   1.50078   4.92827    1007   12
    63   2.29564   2.31482   1.48890     992   13
    64   3.91877   0.26739   5.06856     895   13
    65   4.49101   0.71988   4.07634    1210   15
    66   2.35888   2.55308   2.20338    1551   16
    67   5.74697   1.94582   3.94571    1578   17
    68   0.53519   2.17081   0.85357     874   12
    69   2.46241   1.25543   5.63630    1295   12
    70   3.68668   2.25937   0.94719    1073   12
    71   3.97288   2.25814   2.84055    1307   19
    72   0.67671   0.92780   3.67546    1347   17
    73   1.26784   2.21220   3.53185    1091   14
    74   3.72502   2.20222   5.62623    1786   16
    75   0.49766   0.82612   3.79540    1517   18
    76   1.56119   2.48103   4.78187    1141   13
    77   0.80385   0.87641   2.01093    1533   15
    78   5.58389   1.92679   3.88046    1168   12
    79   2.50633   1.11284   5.57823     896   11
    80   0.50171   1.64088   5.68942    1510   15
    81   1.16108   2.28654   5.81609    1545   16
    82   2.54286   1.29597   5.61463    1062   12
    83   0.63099   0.77143   2.16347     703   12
    84   5.83718   1.93055   4.00044    1380   17
    85   3.45303   1.48767   1.43122    2146   18
    86   1.31293   2.30184   2.09259    1395   16
    87   1.01560   0.60679   0.97891     726    9
    88   1.91188   1.43114   4.78665    1199   14
    89   5.44119   1.13242   2.14972    1412   17
    90   4.48232   0.84089   5.79238     856   14
    91   4.83322   2.37645   4.40196    1907   16
    92   3.56347   1.41549   2.68755    1312   16
    93   1.25038   2.41606   5.19614    1710   17
    94   0.63706   0.84367   3.65567    2475   20
    95   2.50633   1.11284   5.57823    1383   14
    96   3.80037   2.35827   5.75163    1298   16
    97   3.66626   0.82537   5.09500    1613   19
    98   4.38032   2.01221   3.36521    1044   13
    99   3.83582   2.23432   4.27618    1290   15
   100   5.77726   2.04365   2.38277    1729   19
   101   0.60765   0.93089   5.12557    1369   12
   102   0.61401   0.86204   3.55850    1599   16
   103   4.50951   1.65398   5.93576    1348   15
   104   1.96083   1.35885   3.24217    1324   15
   105   1.45393   2.33296   5.21628     968   12
   106   5.34418   1.05655   0.57601    2215   19
   107   5.61334   1.94221   5.47895    1417   17
   108   6.06457   1.03378   0.63771     906   12
   109   5.82153   2.03119   5.61299    1100   12
   110   2.51511   1.14020   2.27217    2063   19
   111   5.17053   0.81130   5.93301     883   12
   112   4.51136   0.78226   2.62165    1251   15
   113   0.74982   0.90517   3.50892    1028   12
   114   0.69821   0.81182   5.28460    1448   13
   115   3.20242   0.86492   0.82674    1218   15
   116   3.47362   2.16593   1.82676    1841   17
   117   3.56347   1.41549   2.68755     683   10
   118   1.40451   2.24527   0.52373    1849   18
   119   1.42192   0.61132   5.91880    1706   16
   120   4.48817   0.76967   5.66601    1077   15
   121   0.71251   0.78221   5.27760    1497   14
   122   5.68776   1.97486   0.73448    1698   17
   123   4.06455   2.11014   5.55854     741   12
   124   4.40320   0.93080   4.28390    1680   18
   125   2.50633   1.11284   5.57823    1235   14
   126   0.71891   0.89567   5.22082     848   11
   127   3.82897   2.27612   1.13193    1127   12
   128   3.98869   2.26423   4.31416     745   13
   129   5.65232   1.86376   5.46814     894   15
   130   2.02138   2.49344   0.09713    1070   14
   131   1.20165   2.22596   5.19802    1606   16
   132   3.69795   2.30886   2.50781    1300   16
   133   5.60411   1.95280   2.31070    1240   14
   134   2.50282   1.32724   2.33716    1429   15
   135   1.38711   2.24126   5.16474    1998   17
   136   4.03947   2.08895   0.71786     783   12
   137   3.82419   2.20416   1.15352     959   12
   138   2.49149   1.19992   2.51653    1207   12
   139   1.40576   2.25168   2.14664    1162   16
   140   1.36804   1.26539   5.17473    1063   14
   141   4.40663   2.16160   4.63867    1729   19
   142   1.43829   1.55728   2.98067    1401   14
   143   5.73638   1.95334   2.44044    1436   16
   144   2.54683   1.27569   2.42528    1186   12
   145   3.66488   1.13838   2.74760    1442   17
   146   4.52674   0.31726   3.56938    1644   17
   147   5.75869   1.98588   2.31423    1419   15
   148   2.55475   1.13135   2.26353    1386   16
   149   0.59020   0.97059   0.59137    1372   16
   150   2.72033   1.21632   0.71656    1492   14
   151   2.89532   1.46969   0.21801    1188   15
   152   3.67934   2.31130   4.13629    1340   15
   153   0.64702   1.61118   1.89486    1521   17
   154   1.16695   2.36198   5.02393     735   10
   155   1.41603   2.21663   0.47880    1003   15
   156   2.50633   1.11284   5.57823    1683   17
   157   3.72527   2.17035   5.76230    1464   13
   158   2.57089   1.26146   3.99461    1526   17
   159   0.72584   0.92154   3.68964    1070   12
   160   3.66488   1.13838   2.74760    1459   15
   161   4.71795   0.77861   0.84149    1554   17
   162   1.42507   2.31683   0.56795    1353   14
   163   3.67953   2.16756   1.00578    1154   15
   164   2.45237   0.90046   3.61880    1984   18
   165   0.70405   0.69452   3.63446    1850   18
   166   5.79647   1.98569   0.68338    2302   17
   167   5.80309   1.98965   3.94612     857   13
   168   0.82161   0.85387   3.55172    1032   14
   169   4.27033   1.60765   0.19474    1329   15
   170   5.13284   1.00055   6.25314    1229   15
   171   5.60674   1.85240   0.77991    1913   18
   172   0.67365   0.74324   2.06115    1301   17
   173   4.99714   2.56927   5.44435     869   13
   174   5.69842   1.92417   3.92573    1331   15
   175   2.42614   1.22530   5.58188    1992   19
   176   3.91307   2.41683   1.06845    2598   21
   177   3.07808   2.37774   5.11792    1084   15
   178   1.95176   1.64193   4.90157    1052   14
   179   0.58123   1.01552   2.04120    1570   18
   180   5.34468   0.93340   1.94924    2085   18
   181   0.52994   0.81849   2.22257    1452   18
   182   3.25215   2.13396   4.57917    1530   17
   183   2.05842   1.15644   0.18341    2117   14
   184   2.56338   1.12484   2.33272    1155   15
   185   1.23579   2.33850   2.01443    1435   14
   186   4.12939   0.54015   1.44020    1447   18
   187   2.53778   1.21296   0.86885     952   15
   188   4.66124   0.88372   5.58459    1752   15
   189   4.61739   0.75734   5.75234    1429   15
   190   5.60185   1.93282   0.75508    1213   15
   191   1.19337   2.40396   0.42486    1267   14
   192   3.72616   2.18624   5.68123    1497   17
   193   5.84353   1.89135   2.53135    1170   16
   194   5.76001   2.11550   2.33178    1012   16
   195   4.38032   2.01221   3.36521    1679   16
   196   3.63320   2.36984   5.74695    1427   16
   197   3.75691   2.11328   2.63023    1874   16
   198   1.42381   2.21428   3.70860    1455   16
   199   3.89594   1.75264   2.84652     818   11
   200   1.49782   1.03701   3.40594    1204   13
   201   5.63039   1.01577   1.06573     977   11