     1   0.00000   0.00000   0.00000       0    0
     2   2.80653   2.46641   2.72009     254    7
     3   1.71938   2.33543   0.48834    1211   13
     4   5.81484   1.18413   1.73399    1697   12
     5   2.55227   0.13884   1.37964    3929   21
     6   4.05993   2.47474   1.36917     609   10
     7   6.01264   2.78907   2.45325     716   10
     8   5.65040   2.43385   1.94210    2360   19
     9   2.37107   1.07896   2.22849    3774   21
    10   3.97414   0.74209   2.30631    1532   15
    11   0.78005   2.05857   4.01555    1230   13
    12   4.29165   2.60362   0.25211    1143   13
    13   4.10207   1.49474   3.41780    1792   14
    14   3.92284   1.01218   3.86666     233    7
    15   4.21183   2.90510   2.10328     748   12
    16   1.71938   2.33543   0.48834     476    8
    17   0.27661   0.75767   4.93201     610   10
    18   5.50845   2.15422   5.07274     921   13
    19   4.92484   2.49586   0.80661     866   13
    20   6.03697   2.66940   4.96015    1673   15
    21   4.15862   2.88806   1.92804     689   12
    22   3.89911   2.15848   5.14856     684   10
    23   5.87236   1.39318   1.71349     610   10
    24   5.30647   0.86311   0.56711     513   11
    25   4.76171   2.29123   1.84547    1342   15
    26   2.00514   2.11571   3.01586     379    8
    27   2.27201   1.40135   5.20291     208    8
    28   5.72949   0.89689   3.84952    1421   15
    29   3.37419   0.99160   6.02501    2636   18
    30   0.81390   0.86329   1.84352    1683   16
    31   0.61071   1.35327   6.11543     716   10
    32   5.55060   1.61250   4.27771    1611   15
    33   0.08022   1.60893   5.57879     873   12
    34   1.22975   2.57298   1.93279    3303   19
    35   0.08080   1.44158   1.94553   13528   38
    36   5.31721   1.37086   4.23054    2831   17
    37   4.66583   0.91302   3.52049     253    8
    38   5.09628   1.46013   2.55555     508   10
    39   0.56322   1.53639   5.47511    1582   16
    40   1.80307   1.19032   0.81432    1939   17
    41   2.93983   0.88784   1.33959     267    7
    42   2.85543   0.84894   5.83304     967   15
    43   3.36841   0.89987   4.49555    2013   20
    44   5.42391   0.76563   1.63610    1728   17
    45   4.25655   0.40527   4.57366    1322   11
    46   1.68701   2.19659   1.71507    3380   21
    47   4.20916   0.62856   1.77749     316   11
    48   3.53155   1.35367   0.64665     556    7
    49   2.28569   0.51109   0.99248    3254   16
    50   0.10083   1.65008   3.40832     632    9
    51   2.82576   2.55390   6.12315     254    8
    52   4.25074   1.74472   5.66498    2092   17
    53   6.07677   1.83547   1.84127    1295   15
    54   0.14516   0.77852   0.57491     818   15
    55   3.03303   1.21008   3.98343    1587   16
    56   0.22397   0.89211   5.01512    1013   16
    57   1.67511   1.35459   5.56733    1584   13
    58   3.14592   1.09474   4.97740     447    8
    59   3.75017   1.10196   4.93731    2885   18
    60   0.42586   1.86245   3.96795    1095   14
    61   1.52352   0.10379   2.23514   13559   44
    62   2.90091   2.21862   3.81462    1804   16
    63   0.46022   1.23342   0.06939    2334   16
    64   5.92941   2.24800   2.97187    1302   10
    65   1.49381   0.71091   5.71069    2588   16
    66   0.89080   2.06407   3.72421    1258   13
    67   1.20304   2.03058   0.60948    1415   15
    68   3.09372   2.04964   6.25406    1334   12
    69   3.38921   2.09941   1.34509     960    8
    70   3.04616   0.76462   0.97554    1008   15
    71   2.12614   0.90641   3.70627    1359   14
    72   0.68950   1.56501   5.72118    1030   12
    73   4.58766   2.14337   1.84463    2878   23
    74   3.62500   0.54013   3.64589     859   13
    75   6.18543   0.71298   4.99846    2736   19
    76   5.35382   1.67910   3.66400     531   11
    77   2.70916   1.35267   2.51454     899   14
    78   3.87684   0.68230   5.47743     808   10
    79   4.35184   2.08970   1.36124    1233   14
    80   5.41358   1.88890   2.24319    1212   10
    81   0.48102   1.22363   0.98304     189    7
    82   4.49469   0.09084   4.39114     839    8
    83   2.81024   2.89299   3.58167    3003   18
    84   1.94767   2.30615   2.92763    1779   16
    85   2.68415   0.79652   1.20819    2372   17
    86   5.39479   1.72733   5.81175    1667   14
    87   5.86176   0.32881   0.77362     815   11
    88   3.80079   1.91291   4.21007    1412   15
    89   0.81425   0.29373   3.57200     637    9
    90   1.58492   2.42488   2.38443    3288   23
    91   4.58649   2.74806   5.91966     834   14
    92   5.37159   2.36293   2.73961     875   11
    93   2.96081   1.36838   1.92188    1752   18
    94   5.34124   1.02980   2.64195    1190   15
    95   1.95971   1.69954   0.04426     934   13
    96   3.70046   1.25534   1.37737   17300   49
    97   3.85751   2.49009   0.91381     995   12
    98   1.23298   2.56539   0.79970    1644   15
    99   3.66188   2.13933   4.86536    1294   14
   100   2.67015   1.85057   5.09674     703   10
   101   4.88734   2.77924   0.47198    1532   16
   102   0.28141   2.42077   1.50195     120    6
   103   5.92019   1.37028   2.36405     632   10
   104   4.41594   1.21808   4.87886    1160   12
   105   3.85989   2.60524   2.82460    2252   16
   106   5.55941   1.53826   0.20505    1885   17
   107   5.90027   2.61543   5.53661     230    7
   108   1.90638   1.25475   1.49733     915   12
   109   2.22738   2.30415   1.98532    3141   17
   110   4.12055   2.19337   2.11562    1935   11
   111   4.84849   0.97653   4.57708    1587   13
   112   4.72152   0.79184   3.88534     244    7
   113   0.32188   1.00402   2.21359     428    9
   114   4.69359   2.41957   4.66498     532   10
   115   4.88097   2.04623   1.10212    2803   16
   116   0.96845   2.44691   0.81014    2799   16
   117   1.61812   0.52947   1.78421     571    8
   118   0.36838   1.84110   1.69316     718   11
   119   3.43686   3.04889   0.67347     884   13
   120   5.66728   1.14624   3.51654     818   10
   121   2.22741   2.47381   4.50825    4250   21
   122   1.25420   2.38808   2.21668     533   12
   123   6.00889   2.64141   2.76139     836   11
   124   4.68377   2.25909   5.50910     820   13
   125   2.67768   1.68982   1.45357     596   10
   126   1.64250   1.30181   2.98587     673   13
   127   5.25009   0.60977   3.47280    4715   26
   128   0.12002   1.30999   0.37670     484    9
   129   5.95866   1.65778   5.01245     886   13
   130   0.33674   0.78583   4.55791    1007   14
   131   3.92284   1.01218   3.86666     967   14
   132   4.84538   2.61341   2.02453    5979   20
   133   0.73119   0.71697   4.65310    5092   24
   134   6.12078   2.41882   1.01089     224    8
   135   2.22043   0.45440   5.88739     952   13
   136   5.50374   1.56651   5.09607     297    7
   137   6.01303   0.80841   2.47867     434   11
   138   2.65044   1.43073   3.51029     454    7
   139   5.44183   2.98644   5.30001    1349   13
   140   5.06520   0.96384   1.99508     418    8
   141   0.44888   1.74384   0.92849     256    7
   142   0.00000   0.00000   0.00000     566    8
   143   3.27472   2.63731   5.34808     466    8
   144   1.31864   0.47796   2.82591    8113   32
   145   3.44565   2.06937   3.67162     416    9
   146   0.39413   0.83412   5.37910     356   10
   147   2.69631   2.56141   2.31061    3034   20
   148   2.93652   1.47733   0.36707    1126   14
   149   4.95653   1.66850   5.48316     718   12
   150   2.20794   2.03751   1.09161    1936   15
   151   2.85014   1.51057   0.97476    1840   18
   152   1.05814   2.64087   4.82406     800   12
   153   0.37828   2.60011   4.43967     383    8
   154   5.26604   1.92488   5.05606    1180   16
   155   3.43686   3.04889   0.67347     292   10
   156   0.83917   1.39575   1.19386     345    8
   157   5.93427   2.08850   5.76983     895   13
   158   0.01614   2.16495   4.68251    2650   18
   159   4.73562   2.27419   4.30735    2542   15
   160   2.83156   2.29553   2.07827     740    8
   161   3.39788   1.96337   3.80690     447   12
   162   3.55153   1.06836   5.60098    1674   14