     1   0.00000   0.00000   0.00000       0    0
     2   0.16184   3.06071   3.13329     584    9
     3   1.74950   1.54384   1.39553    2031   15
     4   4.87262   1.51074   4.75429    2435   19
     5   1.79914   1.53653   1.59379    2052   16
     6   0.06036   1.49740   0.13456    2271   18
     7   2.82084   3.05350   1.07841     963   10
     8   0.86901   3.11926   3.77719     488   11
     9   4.74707   1.52134   4.80163     859   14
    10   3.23963   1.64604   3.22410    1064   13
    11   3.28604   1.65769   4.67808     888   12
    12   1.82690   1.41272   3.04053    5185   23
    13   3.28604   1.65769   4.67808     707   11
    14   3.30758   1.61114   3.21532    2572   17
    15   1.18635   0.06014   2.07987    2172   19
    16   4.18777   0.17596   2.20683     483   12
    17   0.69391   3.13427   2.08618    2712   19
    18   3.16874   1.49060   3.17349     800   12
    19   3.33528   1.69882   4.74966    3775   21
    20   4.97482   1.66705   1.63323    1285   14
    21   4.64859   0.14885   0.20104    2990   20
    22   3.31384   1.64353   6.16343     822   12
    23   4.73493   1.61314   4.71810    1480   15
    24   3.33185   1.53098   3.07438     559    7
    25   1.67736   1.48848   4.61376    2301   19
    26   3.28604   1.65769   4.67808    2994   23
    27   0.92529   3.10290   2.42268    1573   11
    28   0.09556   1.40292   0.01166     330    8
    29   4.91294   1.67099   1.65090    2846   22
    30   0.07212   3.03607   1.51697    1128    9
    31   4.93548   3.11827   3.22791    2169   17
    32   3.27960   0.13318   1.54716     544   11
    33   4.88524   1.58120   4.69679     490   10
    34   3.14184   1.60480   6.23557    1317   15
    35   0.16691   1.58802   4.74718    1765   15
    36   4.86281   1.57466   3.23693    4196   22
    37   4.81477   1.51217   1.48140    1092   13
    38   0.13381   1.57119   1.66281     555   10
    39   4.84772   1.73383   1.51208     677    9
    40   0.11024   1.50639   4.71322    1201   15
    41   3.27506   1.71091   1.57670     701   10
    42   4.97021   1.57176   1.64197    1805   16
    43   3.20461   1.52797   0.02240    2257   19
    44   4.57431   0.14264   0.22112    4587   23
    45   4.01948   0.07750   4.05272    1271   13
    46   4.84772   1.73383   1.51208     538   11
    47   1.42883   3.02768   2.83117    2215   18
    48   1.64125   1.44515   3.05760     634   11
    49   1.67100   1.65176   0.01682    3199   19
    50   2.76417   0.15816   3.52892     875   11
    51   3.14114   1.48701   1.58715     260    7
    52   3.24458   1.58124   1.50364    1799   13
    53   0.53358   3.04656   5.23802     420    9
    54   2.52352   3.11282   5.57060     821   16
    55   1.64462   1.52973   0.02273    1432   11
    56   0.16184   3.06071   3.13329     316   10
    57   4.73220   1.54031   6.23518    2038   17
    58   2.15369   2.98404   2.02879    3410   25
    59   3.18679   1.49706   1.54908     466   10
    60   1.68042   1.51139   1.58858    1159   12
    61   3.26901   1.58380   6.20073    1147   16
    62   1.62693   1.54055   1.58441     559    8
    63   5.96741   0.07844   1.93447    1496   17
    64   0.24529   1.49328   0.12165    1651   17
    65   0.24346   1.63320   1.53848    1296   12
    66   4.78995   1.63457   4.76971     547   11
    67   0.95634   2.94801   5.64275    2660   17
    68   0.19176   1.57426   1.74230    1715   14
    69   4.73178   1.52399   3.14232    2298   19
    70   3.23573   1.49897   4.62709    2360   16
    71   6.13859   3.08546   2.83142    2811   19
    72   1.07578   0.09595   3.76242    4459   25
    73   4.90224   1.55077   4.71161    1960   15
    74   1.77826   1.43529   3.14742    1054   13
    75   1.76497   1.47229   4.71051    4996   24
    76   3.30320   0.10394   3.09697    3678   22
    77   2.65285   3.11394   5.60800    2884   19
    78   3.28604   1.65769   4.67808     581   10
    79   4.89697   1.58842   4.71571    1556   16
    80   1.58893   1.62587   1.55228     868   12
    81   1.72193   1.58454   2.98234    4012   20
    82   3.34093   1.70433   1.52621    1331   16
    83   3.34773   1.71450   1.55837     663   11
    84   1.66745   1.47585   6.17704    1224   17
    85   0.04701   1.47022   4.78005     561   10
    86   1.78077   1.57540   3.07662    2626   22
    87   4.97482   1.66705   1.63323    1069   12
    88   0.16184   3.06071   3.13329     918   10
    89   1.43969   3.08810   6.08503     628   13
    90   4.89717   1.49339   3.18098    3992   21
    91   2.62341   0.08134   0.62417    3234   21
    92   0.17989   1.65205   1.57558     785   12
    93   5.33006   0.02418   0.96588     736   13
    94   4.96258   1.49686   6.23596     993   12
    95   4.78995   1.63457   4.76971     775   14
    96   0.15180   1.57933   1.52492    1973   15
    97   3.57645   0.18446   2.76751    1024   14
    98   4.92827   1.48609   0.08323    4749   21
    99   1.62693   1.54055   1.58441    1774   14
   100   3.29063   1.51180   3.20095    1349   15
   101   3.36174   1.61608   4.66002     484    8
   102   3.21166   1.73715   6.23484     528    9
   103   4.66136   0.08742   0.19440    1742   15
   104   3.34773   1.71450   1.55837    1543   15
   105   1.72496   1.59635   4.78939    4867   25
   106   4.79280   1.54412   1.62689     838   12
   107   0.06029   0.07702   3.23552    1083   16
   108   3.78044   3.07149   2.09193     696    9
   109   3.25328   1.67549   0.03744    1389   16
   110   0.12911   1.41744   0.02511    1682   13
   111   0.09893   1.53254   3.30130    2268   17
   112   1.62713   1.48940   4.64324    1676   16
   113   0.13873   1.41848   0.14652     626   10
   114   2.40446   3.11123   2.25733     846   10
   115   3.22369   1.57652   6.23733     621   11
   116   4.67327   0.04216   1.83089    4427   22
   117   4.84772   1.73383   1.51208     827   13
   118   1.57569   1.51679   4.67826     952   14
   119   1.26158   3.04283   4.33313     426   10
   120   1.77641   1.52956   3.08766    1153   16
   121   4.49089   0.08687   3.46512     297   10
   122   1.80129   1.60948   3.20478    1834   13
   123   1.67011   1.64206   4.61530     524   13
   124   0.24346   1.63320   1.53848    1240   15
   125   4.91004   1.57882   1.64648     603   12
   126   4.72818   1.68105   1.59286    2703   18
   127   0.04785   1.61822   1.66807    1550   15
   128   2.00391   3.05144   1.82147     458   10
   129   3.36429   1.61511   6.22481    1059   15
   130   3.28604   1.65769   4.67808    1201   12
   131   3.17631   1.71520   1.56304     558   11
   132   0.22709   3.05044   3.33471     891   13
   133   1.08877   3.07012   5.75748    1106   13
   134   4.74852   1.56126   3.08766     294    9
   135   1.65108   1.43164   1.52169    2798   19
   136   4.88820   3.09019   4.84776     488   11
   137   1.77826   1.43529   3.14742    1173   11
   138   5.83090   3.03956   5.73631    1051    9
   139   4.81824   1.66944   4.65051    2960   18
   140   3.36174   1.61608   4.66002    1761   18
   141   4.85784   1.64063   4.69071    1227   17
   142   1.72828   1.46657   3.20152    1217   14
   143   4.78995   1.63457   4.76971     487   10
   144   0.89311   3.02418   2.32944    1902   20
   145   4.95896   1.67163   1.68732     626    9
   146   4.97482   1.66705   1.63323     409   12
   147   3.12145   0.07690   4.74705     826   10
   148   4.75854   3.08897   2.99299     676   13
   149   4.88476   1.70431   0.04291     563   12
   150   1.81885   1.48081   3.19862     945   14
   151   0.20261   1.44793   4.68705    4807   22
   152   3.23963   1.64604   3.22410     409    8
   153   6.19672   3.09692   4.54710    1122   16
   154   3.12145   0.07690   4.74705     642   13
   155   5.48750   0.11310   4.06036    1121   13
   156   4.84772   1.73383   1.51208     291    7
   157   2.43796   3.05140   0.69206    2968   16
   158   4.88070   1.51917   4.82459    1939   16
   159   1.68684   1.49750   1.49096    1924   18
   160   1.77641   1.52956   3.08766     585   11
   161   4.06508   0.23008   5.59525    2831   16
   162   0.05770   1.47355   4.81504     769   11
   163   2.62341   0.08134   0.62417    1078   12
   164   3.30336   1.69031   3.12331     669   14
   165   4.95133   1.63196   1.65087     471   11
   166   0.12043   1.42734   0.02468    1656   15
   167   1.79241   1.54279   3.10410    1479   16
   168   1.72931   1.50839   4.58210     642   10
   169   0.20926   1.61834   1.54893     395    7
   170   4.36069   0.18841   3.68263    1273   16
   171   3.27937   1.58914   4.69702    2722   16
   172   4.71908   1.63063   4.85700     700   13