     1   0.00000   0.00000   0.00000       0    0
     2   0.57688   2.27973   4.65661     766   10
     3   2.14998   1.63990   2.37260    1569   15
     4   0.10400   1.89204   1.93301    1761   17
     5   4.88877   1.39805   0.78608    1582   16
     6   3.86343   2.33530   2.07094     890   13
     7   5.96939   1.92365   1.44358    1161   13
     8   5.46543   1.36591   2.42911     836   15
     9   3.62788   0.88956   3.50639    1616   17
    10   4.13917   2.35238   3.64458     741   15
    11   2.39110   1.86400   3.92370     649    9
    12   4.47934   1.76779   5.08286    1244   12
    13   4.01796   1.73357   5.82284     914   13
    14   0.93714   0.69900   2.78144     871   11
    15   4.99442   2.18746   5.30822     537   12
    16   2.93323   2.18280   2.29985    1658   15
    17   5.14501   0.96684   4.14614    1467   12
    18   4.17448   2.32100   4.92838     937   15
    19   2.75744   1.50349   4.94180     957   17
    20   1.17510   2.69025   5.14863    1265   16
    21   4.51131   2.37676   5.35046    1155   15
    22   0.97430   0.14471   0.92662    1067   11
    23   0.35511   2.15568   1.12793     960   14
    24   5.31707   1.59093   3.97348    1436   16
    25   5.78789   1.96351   0.15571    1576   16
    26   1.10972   1.58823   0.75611    1852   17
    27   4.16362   2.55430   5.58343    1017   14
    28   5.08988   2.25208   4.97428     958   13
    29   5.44132   2.33388   3.73741    1162   13
    30   3.66344   0.77165   4.71581    1221   11
    31   4.30552   1.82472   1.16986     792   13
    32   4.48636   1.06835   3.24840     993   15
    33   1.24742   2.26033   4.63074    1544   17
    34   2.40898   1.34722   5.61034     904   12
    35   3.50252   2.73646   2.60145    1639   16
    36   5.76890   0.62500   0.89217    1043   12
    37   3.47570   2.23603   2.49505    1516   15
    38   3.11738   1.22886   1.32268     855   12
    39   3.52242   1.03802   4.88155    1016   12
    40   3.54696   2.38942   6.11458    1407   14
    41   1.73533   2.08374   3.59917    1749   17
    42   2.23278   1.51891   0.78140    1449   15
    43   3.76837   2.75047   0.24024    1307   14
    44   5.50544   1.31042   2.53517    1996   19
    45   0.57448   0.71526   1.59892    1092   13
    46   0.46994   2.06879   5.88361    1229   13
    47   0.67037   0.78282   6.17518    1788   14
    48   5.28818   1.14882   3.77104    1261   18
    49   2.19608   1.76175   2.17481    1371   14
    50   5.77548   0.78552   5.69668    1352   15
    51   6.13863   1.80686   1.54100     911   12
    52   0.21678   2.69153   5.71140     719    9
    53   2.38145   1.88594   5.44572    1764   17
    54   2.21395   1.86204   3.75346    2078   18
    55   1.11920   0.64506   2.49125    1142   15
    56   6.01124   2.54979   0.83561     855   14
    57   2.17839   1.56670   0.78986    1060   14
    58   1.19064   0.79859   2.98334    1319   14
    59   5.39644   1.34863   2.44283    1479   15
    60   0.78541   0.83828   3.09321    1103   14
    61   0.48460   2.37433   4.55753    1198   12
    62   0.40925   2.11905   2.73546    1954   17
    63   2.19131   1.82717   3.62065    1717   15
    64   0.56861   0.77824   1.63725    1586   15
    65   4.25569   2.48596   2.20014    1252   14
    66   5.31835   1.27722   0.87990     716   10
    67   5.40558   1.27493   5.69732     992   15
    68   0.75972   2.27635   3.24261    1429   15
    69   2.88473   1.13559   2.39604    1972   19
    70   1.73679   0.86387   5.96605    2305   18
    71   1.41290   2.79108   3.76752     591   10
    72   3.29470   1.30543   3.06481    1364   13
    73   2.03384   2.57416   4.40314    3824   23
    74   5.87249   2.49080   1.34598    2133   17
    75   3.60633   0.99962   3.48369    1459   17
    76   0.40432   1.26824   4.48218    1071   13
    77   5.27316   1.47415   0.83366    1041   16
    78   3.61098   2.45218   1.46195    1398   16
    79   3.48344   1.09833   3.52477    1416   13
    80   2.03050   3.02999   4.40997     895   12
    81   3.64919   2.42468   1.56063    1197   15
    82   5.52941   1.26505   2.51137    1127   12
    83   2.26280   1.73532   3.80181    2137   19
    84   0.40194   2.12880   5.85432    1342   14
    85   5.45580   1.14953   2.53844    1539   15
    86   4.30552   1.82472   1.16986    1326   16
    87   5.15328   1.64846   5.44760    1636   18
    88   4.79135   1.54911   2.81082    1781   16
    89   4.74153   1.67410   2.32403    1023   13
    90   0.71112   1.45306   1.69677    2063   18
    91   1.32367   1.83197   1.09362     839   13
    92   4.41994   2.54403   3.70035     843   12
    93   2.03050   3.02999   4.40997    1021   15
    94   3.91842   0.92225   3.27305    1417   14
    95   4.33292   1.88402   4.58738    1504   16
    96   2.24520   1.82123   5.34011    1336   17
    97   4.73910   1.92580   1.79251    1470   13
    98   5.32256   2.73853   2.92038    1438   14
    99   4.99442   2.18746   5.30822    1638   15
   100   1.91541   1.05959   3.94615    1323   15
   101   3.66170   0.55329   4.64366    1132   13
   102   3.40728   2.30016   3.23890    1430   14
   103   3.68022   2.46168   3.16051    1966   18
   104   2.17922   1.58772   0.65116    2724   18
   105   3.72562   0.98146   0.32924    1352   16
   106   3.77124   1.07486   5.19359    1700   18
   107   0.51662   1.95804   0.86601    1514   14
   108   1.81172   1.09166   2.49875    1310   14
   109   3.55047   0.86847   5.10673    1203   15
   110   3.90913   1.26755   0.06774    1038   15
   111   2.48660   2.07700   5.74041    2297   22
   112   0.75140   2.75088   5.51651    1880   16
   113   5.87249   2.49080   1.34598     768   12
   114   1.23745   0.71662   0.94046    1630   16
   115   5.20103   1.54764   2.33838    1123   14
   116   3.32211   0.25017   1.18643    1265   13
   117   3.50100   0.97069   5.10801    1358   15
   118   4.85358   1.22951   0.81066    2118   19
   119   1.09222   1.64158   4.68786    1238   18
   120   2.66340   0.45673   4.17532    1049   13
   121   5.39644   1.34863   2.44283     798   12
   122   3.71969   0.38534   1.76818    1336   15
   123   2.17551   1.92185   3.70776    1155   14
   124   4.49278   0.99019   4.56674     879   10
   125   3.75375   2.33866   0.07188    1624   15
   126   0.57688   2.27973   4.65661    1248   11
   127   2.25166   1.51641   0.72540    1330   15
   128   2.92293   1.15009   3.68370    1449   12
   129   0.51310   2.16952   5.84874    1185   16
   130   2.18346   1.07182   5.71328    1612   14
   131   0.57329   0.79570   1.62160    1343   12
   132   2.14671   2.27785   2.50675    1149   14
   133   0.63509   1.04431   2.37964    1103   14
   134   2.34464   1.80628   2.13148    1565   18
   135   3.55968   0.93985   0.41294     827   10
   136   6.15353   1.47711   0.71536    1347   14
   137   5.08988   2.25208   4.97428    1376   13
   138   0.69565   0.71788   3.10648    2398   21
   139   3.58281   2.75863   4.24177    1169   12
   140   0.57725   2.34293   1.47443     886   13
   141   0.62442   0.70567   3.24068     840   13
   142   2.03050   3.02999   4.40997     561    9
   143   2.20166   1.74731   3.73419    1089   14
   144   5.20411   1.67308   5.53016    1420   14
   145   6.23950   2.02399   3.37062     853   13
   146   3.63939   0.95210   5.06870    1028   11
   147   5.04323   1.99114   2.13129    1321   13
   148   3.37273   0.81211   0.67193    1389   17
   149   4.36380   1.93417   1.64364    1014   12
   150   5.81887   1.56294   0.45578    1597   18
   151   1.50619   2.15386   5.78068    1353   14
   152   0.62955   0.82554   3.01270    1542   14
   153   4.30132   2.48898   3.58437    2051   17
   154   3.87097   2.45902   1.57335    1117   15
   155   3.88486   1.09020   2.12454    1508   13
   156   1.73533   2.08374   3.59917     956   13
   157   3.57353   0.89722   3.59626    1984   18
   158   0.66112   0.68863   3.02589    1062   11
   159   2.87992   1.10018   5.85835    1367   16
   160   4.30521   2.46167   2.07263    1090   12
   161   4.34200   1.49178   4.64624    2304   17
   162   3.90828   2.17964   5.65679    1247   16
   163   2.26715   0.67778   4.59079    1180   12
   164   4.90921   1.89470   2.06627    2353   18
   165   3.74577   2.36659   3.27053    2348   17
   166   0.61721   2.32691   1.69169     955   13
   167   5.32427   1.21826   5.64824    1691   16
   168   4.99803   0.31504   5.82488    1412   14
   169   3.78475   0.83157   6.23426    1382   17
   170   1.87466   0.77351   5.66054    1381   15
   171   1.91888   0.50513   1.49048     664   10
   172   1.26603   0.86668   4.09710    1140   15
   173   0.77690   0.82365   6.24135    1792   17
   174   2.56385   2.38203   2.71459     971   12
   175   4.97962   1.97764   2.68641    1783   16
   176   4.43067   1.12808   1.91094     795   11
   177   0.15012   0.82844   4.50697    1282   13
   178   4.22831   1.63413   1.04762    1381   15
   179   2.64229   1.47460   4.29029    1298   13
   180   3.68274   1.86389   1.41031     972   13
   181   2.67054   1.04622   3.39206    1446   14
   182   1.83758   1.22097   1.57240    2513   17
   183   1.10250   2.30757   2.83471    2518   22
   184   5.04323   1.99114   2.13129     979   12
   185   3.80786   1.55227   4.65286    1677   16
   186   0.44354   0.72598   1.59776    1500   12
   187   0.09783   1.08050   2.36850    1107   15
   188   4.27358   2.49338   2.09077    1972   17
   189   4.15219   2.55451   0.41517     893   13
   190   4.01764   2.45543   3.22059    1264   14
   191   0.71430   0.75896   1.45948    1239   15
   192   0.52721   2.23224   1.27267    1105   12
   193   2.18432   2.44132   4.16725    1768   15
   194   4.36768   1.36198   2.66385     894   13
   195   3.92440   2.42215   5.64071    1051   13