     1   0.00000   0.00000   0.00000       0    0
     2   2.46637   1.00394   1.61454    2079   17
     3   4.49942   1.48033   5.01039    4089   29
     4   3.47376   2.27469   2.27132    4395   27
     5   6.11653   1.78432   3.20233     953   12
     6   3.73621   0.18329   4.85615    1056   11
     7   2.59527   0.96542   5.31746    2406   15
     8   0.73817   0.68455   3.08725     993   12
     9   0.01246   1.11697   1.13015     903   14
    10   1.60015   1.00038   2.82433     788   12
    11   1.42256   2.12306   5.41989    1013   15
    12   5.85540   2.39277   3.87435     242    6
    13   1.24137   2.21543   5.37558     669   11
    14   4.52072   1.07652   2.53894     289    7
    15   1.32401   1.92648   0.63790    3683   22
    16   5.77583   1.62081   0.95866     772   11
    17   2.51315   2.43214   4.24872     557   12
    18   0.73817   0.68455   3.08725     992   14
    19   0.29527   0.83274   2.54254     879   10
    20   3.53879   0.75375   5.18054     587   10
    21   0.97219   2.31459   5.84241    2261   17
    22   5.69310   2.10064   5.74613     448    8
    23   5.74744   2.14592   4.15548    1781   12
    24   2.48151   0.91137   3.65757    1860   15
    25   1.07759   0.69450   4.36297     330    8
    26   3.40284   2.39357   2.36263    1950   12
    27   5.27066   1.05301   1.83609     391   10
    28   5.69650   2.12357   0.90418    1503   17
    29   1.68876   1.32712   1.65280     661   12
    30   1.22767   2.04416   2.14963     735    8
    31   5.63486   2.18870   4.07219    1406   15
    32   2.71431   1.32121   0.28205    3354   22
    33   5.71528   2.20933   3.98167     580   12
    34   5.45914   1.27279   3.51383    3020   19
    35   4.48866   1.11259   2.40189     617   10
    36   1.28168   1.94461   0.56889     771   11
    37   1.95440   2.39979   5.80696    1667   16
    38   3.51628   2.39092   5.50162    2973   23
    39   2.52092   0.98795   3.63596    2624   20
    40   4.63464   1.02138   4.30025    1134   14
    41   1.25726   1.98860   3.79204     800   12
    42   1.23008   2.12536   2.12978    1020   15
    43   5.77569   2.14778   5.72386    2298   17
    44   3.58890   2.28405   5.44572    1792   14
    45   1.28168   1.94461   0.56889     708   14
    46   4.90633   2.57754   2.05265    2068   20
    47   1.29862   2.05129   0.72213    2467   19
    48   4.53816   1.17479   2.52342    3758   24
    49   4.45956   1.06847   2.53118    1769   17
    50   4.32952   1.03861   4.11678     668   13
    51   4.38976   0.16911   4.05542     514   10
    52   1.20834   2.09917   5.30238    3096   18
    53   1.24099   2.10183   2.28933     514    8
    54   4.48866   1.11259   2.40189     998   15
    55   4.54314   0.97740   2.40869     901   10
    56   5.59730   2.14669   5.67996    2836   18
    57   2.77791   2.05964   4.55941     317    7
    58   2.58235   0.94246   3.80752    1788   17
    59   1.27287   2.15599   3.69598    1340   14
    60   2.77537   1.68023   1.66011    5116   26
    61   0.48237   0.84489   0.76830     651   13
    62   3.37045   2.45304   3.69952    2379   17
    63   1.30008   2.05032   2.13836    2285   19
    64   5.77174   0.86601   6.23780     356    9
    65   1.00199   0.38427   1.66771    1171   13
    66   1.34484   2.11332   5.34738    3677   18
    67   3.83848   1.09031   4.90966     539   11
    68   2.56169   2.72111   4.88894    3023   21
    69   5.17600   2.48922   0.52095    1261   17
    70   5.65484   2.12787   2.40022    1643   14
    71   0.45105   2.04194   5.97711    2845   20
    72   2.42384   0.99130   5.36238    2230   18
    73   4.50867   1.15121   4.01448    4120   24
    74   5.97433   0.44564   4.49484     501    9
    75   0.42706   0.81175   3.93380    1332   15
    76   5.70644   1.57743   2.43445    1084   10
    77   4.10079   0.57086   3.17295     745   12
    78   2.64582   0.94354   3.73867     552    7
    79   2.56667   0.99181   5.30532     993   12
    80   2.58235   0.94246   3.80752    1047   15
    81   2.53093   1.01465   3.71870     391   10
    82   3.08512   1.32774   0.74187     888   13
    83   0.23184   0.88124   5.54914    1727   12
    84   4.62473   0.32726   5.20074    2375   15
    85   2.80537   1.44052   2.49961     463    9
    86   6.24129   1.07481   1.42570    1236   12
    87   0.38770   0.84408   5.46462    1157   13
    88   0.40835   1.73050   3.98838     536   10
    89   2.95707   1.45442   0.73420     705   12
    90   4.46343   1.18193   5.56983    1487   14
    91   0.57613   1.83807   3.14840     420    9
    92   5.62981   2.19414   4.00970    2138   20
    93   5.73997   2.06711   0.96240     647   11
    94   4.20781   0.69464   5.23268     886   16
    95   1.24150   2.18195   2.20276    2566   18
    96   1.41876   2.08174   2.30586     373   10
    97   4.84719   1.06149   2.70442    3933   24
    98   4.51631   1.11721   4.08696    4449   25
    99   3.41106   2.11742   3.17445    1265   13
   100   2.10306   2.12135   2.54933     951   14
   101   0.15189   0.81544   5.74814    1082   16
   102   4.52072   1.07652   2.53894     946   11
   103   1.19263   1.80102   5.00039     613   11
   104   0.65714   2.23426   5.19191    1114   18
   105   0.05967   2.55316   5.38054     775    8
   106   0.40835   1.73050   3.98838     626    9
   107   2.58235   0.94246   3.80752     507   11
   108   2.05875   2.64637   0.90484    2716   19
   109   1.75778   1.02988   5.21388    1154   14
   110   5.51831   2.12399   5.51689    2320   21
   111   4.71832   1.47345   5.07446    5921   27
   112   3.49299   2.34182   2.21284    1748   16
   113   4.16513   1.38932   4.71706     839   13
   114   2.72314   1.01053   0.43320    1006   16
   115   4.88898   0.43191   4.58636    1782   18
   116   4.46446   1.05814   5.59375    1493   12
   117   1.40766   2.07079   2.21385    1855   17
   118   4.46641   1.03871   0.99350    1541   14
   119   0.57613   1.83807   3.14840    1829   14
   120   2.62118   0.98691   5.39730     329   10
   121   5.34104   1.10928   5.93542     697    9
   122   3.83848   1.09031   4.90966    1104   17
   123   0.37441   0.92395   0.81302    1821   15
   124   4.40366   0.94492   4.05122    2513   16
   125   3.44590   2.31226   2.36338    1382   12
   126   3.25147   2.31731   5.28121    4556   22
   127   0.35923   0.79598   4.06285    3950   27
   128   3.68800   2.06192   1.93080     282    6
   129   2.59848   0.63755   3.99977     519    7
   130   4.50867   1.15121   4.01448     353    9
   131   3.33757   2.29494   5.41598    3026   18
   132   5.81002   2.19993   2.56762     758   13
   133   2.32686   2.03557   2.13294    3020   19
   134   5.05031   2.71883   5.50565     412   12
   135   3.36576   2.29558   3.75277    1344   12
   136   1.47972   2.63626   0.19009     754   11
   137   2.23661   1.33906   5.55198     677   11
   138   0.40835   1.73050   3.98838     633   12
   139   5.14664   0.53349   3.78648     375    9
   140   2.56896   0.92254   2.23639     633   10
   141   0.44689   0.80916   5.38624    1175   11
   142   0.30421   0.85975   0.87869    4030   29
   143   0.65830   1.86321   3.23437     575    9
   144   1.17367   2.02691   3.75968     506    9
   145   1.54774   0.77847   5.84056    1794   14
   146   5.34219   0.84079   6.04779    1190   15
   147   2.45132   1.09727   3.86873    1264   14
   148   4.88635   1.51837   0.06703     548    8
   149   2.53140   0.97501   5.25379    1545   14
   150   4.51943   1.02504   5.54956     912   10
   151   2.45758   1.09943   5.71661     529   12
   152   3.47592   2.67623   2.77479     863   13
   153   0.15189   0.81544   5.74814     270    8
   154   5.77174   0.86601   6.23780     715   12
   155   0.54400   0.68282   0.89704    1541   18
   156   3.38198   0.87325   0.16977    3374   20
   157   4.46545   1.95067   4.14614    1322   16
   158   2.36311   1.65809   2.05993     542   11
   159   0.42890   3.02399   2.05795    1821   17
   160   1.31989   2.05907   0.65895     464    7
   161   3.36773   2.45386   0.61454     566   14
   162   1.39326   2.17150   2.26251    3944   18
   163   5.22667   1.21694   0.18470    2525   19
   164   0.42706   0.81175   3.93380     345   10
   165   1.27092   2.02863   5.43489    1167   14
   166   0.48237   0.84489   0.76830     404   10
   167   4.07660   0.77540   1.52990    2563   22
   168   0.40835   1.73050   3.98838     507    9
   169   1.39737   1.93597   0.65607     415    7
   170   1.29169   2.05134   2.15762     679   10
   171   2.65119   2.42951   3.43477     681   11
   172   5.83923   2.20884   1.12992     528    8
   173   1.91205   1.36804   3.21110    3746   26
   174   4.40352   1.16753   5.67767    4161   22
   175   1.30347   1.90988   3.89464    2722   21