     1   0.00000   0.00000   0.00000       0    0
     2   5.30287   3.05417   2.86010    2027   19
     3   0.91440   1.52003   1.53640    1615   12
     4   5.74707   0.10432   2.92218    2868   17
     5   0.81575   1.69788   4.63993    1744   14
     6   0.39491   0.22418   3.61194    1527   13
     7   5.50056   1.46565   4.67778    4812   19
     8   0.89112   1.52147   0.05933     866   12
     9   4.63805   3.12042   2.13757    1666   12
    10   2.52868   1.54265   1.49951    3983   14
    11   0.93609   1.54171   1.57117    3721   20
    12   0.81949   1.59571   3.17095    3539   16
    13   2.47644   1.66169   0.00369    1187   11
    14   2.87193   3.02619   1.93483    3715   18
    15   2.36035   1.42632   0.08591    2914   13
    16   5.60283   1.52218   6.18163    1268   11
    17   3.98286   1.54823   1.60234    2768   15
    18   3.92966   1.61975   3.20887    1975   13
    19   2.39573   1.46813   3.18576    1805   11
    20   3.89916   3.02753   3.03569    1757   13
    21   0.92397   1.66671   4.85905    1241   12
    22   2.44134   1.61976   6.19519    2071   16
    23   2.39951   1.68272   1.65217    2759   13
    24   0.39491   0.22418   3.61194     788   10
    25   0.83793   1.62007   3.20303    4794   19
    26   0.85202   1.50868   4.75609    1067   11
    27   2.41329   1.55060   3.09050    2244   15
    28   5.51843   1.63298   6.26717    1009   10
    29   0.82092   1.60733   4.83768    1986   13
    30   2.20812   0.06208   4.98391    3512   16
    31   1.53647   3.09285   0.73048    3168   17
    32   1.58638   3.08112   3.86883    1366   11
    33   2.36000   1.52354   1.57520    1702   12
    34   2.49913   1.54257   6.26724    1925   16
    35   0.90274   1.59400   4.74488    1698   13
    36   5.45941   0.16028   4.81440    4613   22
    37   6.23241   0.14561   4.12006    2972   15
    38   3.26203   2.96710   0.73120    2528   16
    39   5.58345   1.55699   3.14718    5240   17
    40   1.58638   3.08112   3.86883     768   10
    41   5.45735   0.13726   4.79196    2132   13
    42   5.62294   1.57804   6.12354    2760   17
    43   3.93059   3.06954   4.57776    3474   16
    44   4.47278   3.00352   2.07562     974   11
    45   5.64522   1.59830   6.27744    2277   16
    46   2.37723   1.51832   1.62449    1597   12
    47   1.75434   3.05360   4.08226     754    9
    48   0.92041   1.55548   3.32624    2391   15
    49   1.58638   3.08112   3.86883    1180   10
    50   4.10062   1.52743   0.00726    1014   11
    51   3.98621   1.50503   1.63950    5378   22
    52   4.90699   2.99332   4.08035    5458   21
    53   5.63638   0.07618   1.59028    2143   12
    54   1.25875   0.05044   4.41294    1633   12
    55   3.99254   1.43760   3.17241    1415   11
    56   5.30287   3.05417   2.86010    2936   15
    57   0.45889   0.08894   1.96446    4192   17
    58   2.42929   0.04124   4.65645     419    6
    59   0.80308   1.59007   1.63405    2071   16
    60   0.83981   1.60296   0.06893    1498   10
    61   3.96182   1.63004   3.18180    1096   11
    62   3.93334   1.54396   3.21486    3723   18
    63   2.48703   1.68270   0.11273    2649   18
    64   4.07360   1.46728   6.26443    1539   12
    65   0.80594   1.53609   3.06497    4697   16
    66   0.79997   1.70779   0.04402    1732   15
    67   2.42229   1.65231   3.25737    3558   16
    68   1.58638   3.08112   3.86883     752   11
    69   5.56865   1.52914   0.00346    3312   16
    70   0.89978   1.68334   3.10343    4579   20
    71   3.98075   3.10408   4.73340     891   13
    72   4.06654   1.57329   0.05743    1861   15
    73   0.92097   1.60090   1.60983    2506   18
    74   0.47004   0.10078   1.96428    4011   16
    75   3.97825   1.57826   1.41809    4014   20
    76   4.88966   2.99769   0.89886    1058   14
    77   1.75402   0.13797   0.65854    1464   13
    78   0.93871   1.59993   4.76203    2153   13
    79   3.99212   1.55808   4.57679    1733   13
    80   1.58638   3.08112   3.86883    1942   15
    81   2.38579   1.63813   1.62317    1292   11
    82   3.61680   3.03522   2.79929     580    9
    83   0.22062   0.09728   5.41103    3095   18
    84   0.95017   1.54056   4.87707    1158   11
    85   2.41411   1.49194   3.14575    2164   16
    86   0.79717   1.54823   1.54720    1325   14
    87   1.58638   3.08112   3.86883    1159    9
    88   4.00447   1.64851   1.62449    2919   17
    89   0.83981   1.60296   0.06893    1426   12
    90   5.53443   1.62837   4.73629    2614   17
    91   2.38853   1.59123   0.12488    3436   19
    92   4.09863   1.61458   3.16923    4353   20
    93   3.18743   2.99578   3.93391    3160   17
    94   5.45735   0.13726   4.79196    2989   16
    95   0.90673   1.60175   6.19663    1430   12
    96   2.49913   1.54257   6.26724    2782   16
    97   0.83722   1.58431   6.21641    4128   23
    98   2.36035   1.42632   0.08591     773    9
    99   0.87152   1.71252   4.80518    1005    9
   100   3.96157   1.55241   4.80644    2533   19
   101   4.07116   1.44973   3.03353    1897   11
   102   1.59230   0.02806   5.53697    2542   13
   103   2.40567   1.52363   0.16051    4907   17
   104   0.47378   0.10486   2.05239    5555   21
   105   2.49060   1.53805   3.14438    2182   15
   106   4.06428   1.48216   4.59078    3418   17
   107   2.39063   1.59764   3.26115    2795   18
   108   5.59817   1.49925   3.04839    3181   14
   109   0.43960   0.11047   2.00518    1490   12
   110   5.56865   1.52914   0.00346     540    9
   111   5.66161   0.14431   1.40894    1142   13