     1   0.00000   0.00000   0.00000       0    0
     2   6.03113   1.96447   5.75566    1973   20
     3   2.95791   1.23597   3.73184     571   13
     4   3.87779   2.37960   2.51566    2626   19
     5   0.61585   0.67843   2.38744     743   13
     6   3.86309   2.47951   5.64200    2005   20
     7   2.83406   1.30033   5.33996     835   10
     8   2.95724   1.24720   3.60671    3025   22
     9   4.74066   1.12522   2.77487     514   12
    10   1.65595   2.09106   3.74500    2693   24
    11   4.54263   1.17467   4.25992     896   14
    12   6.01934   1.88856   0.94812    1603   17
    13   2.82644   1.28101   0.60125    1759   17
    14   2.93026   1.09860   5.19326    1641   19
    15   3.92199   2.49092   2.56712    2060   20
    16   3.95067   2.43437   5.75931    2689   24
    17   4.77863   1.14630   1.03821    1533   18
    18   4.70185   1.14400   2.59021    1605   15
    19   1.51922   2.11107   5.29875     644   13
    20   2.78454   1.28717   3.76537     424    8
    21   1.56359   2.07859   3.73767    3098   24
    22   4.70437   1.13883   4.29053     917   14
    23   1.39465   2.00312   0.40006     892   11
    24   4.58873   1.14059   5.80096    1444   16
    25   4.75185   1.09812   4.09812    2244   17
    26   4.62096   1.01022   2.57637     615   12
    27   6.00929   2.05779   0.88075     739   11
    28   0.91859   0.71712   3.65069    1225   15
    29   4.83039   1.03914   4.20546    1219   15
    30   0.89160   0.69199   2.10100     330   13
    31   0.73821   0.59137   5.29532     618    9
    32   4.61156   1.13975   2.75604    1664   17
    33   1.60902   2.17071   0.50813    1463   20
    34   4.68494   1.08875   0.97714    1407   13
    35   5.87206   2.01808   2.44987    2322   18
    36   3.96114   2.48286   0.89269    1510   19
    37   1.43791   2.03695   5.26362     815   11
    38   3.92199   2.49092   2.56712     704   11
    39   6.12588   2.11332   1.10221     610   11
    40   0.76677   0.72923   5.30901    2049   18
    41   4.65607   1.06876   2.75508    1084   14
    42   0.54852   0.76393   5.47891    1677   18
    43   4.72281   1.10580   0.94800     552   10
    44   4.59029   1.13068   4.25427     527   13
    45   0.79666   0.72061   2.28400     894   16
    46   0.63907   0.68228   3.94751     721   12
    47   4.79526   1.09536   2.66666    1235   15
    48   4.66616   1.08829   5.73826     429   12
    49   0.59549   0.68957   5.52915    2060   19
    50   4.82610   1.06506   4.15111    2063   20
    51   5.94892   1.99321   1.07799    2111   19
    52   4.56505   1.04337   1.13254    1112   15
    53   0.69094   0.59570   5.53465    1637   14
    54   5.93328   2.07668   5.60993     788   13
    55   3.85923   2.39154   5.59670    1294   17
    56   4.63848   0.97214   5.86028     660    8
    57   3.83706   2.61639   5.52110     303    8
    58   2.91215   1.09701   2.05679     590   13
    59   1.50211   2.08516   5.19003     660   12
    60   1.51576   1.93721   3.52721     707   13
    61   5.92865   1.92863   2.62705     558   10
    62   4.72681   1.16529   4.19398     905   14
    63   1.56700   2.02215   0.46409    1139   14
    64   4.66616   1.08829   5.73826    1160   16
    65   1.45349   2.05778   0.39044    1348   16
    66   0.75475   0.76988   3.90968    1426   15
    67   3.78696   2.33392   2.39904     375   12
    68   3.76929   2.41868   5.40955     538   13
    69   4.64306   1.18253   2.68659    1594   17
    70   3.85742   2.48821   0.85734     808   15
    71   0.79929   0.59527   2.27210     631   11
    72   1.48343   1.98721   2.02347     895   16
    73   2.89672   1.16935   5.15787    1605   20
    74   0.82712   0.58010   3.77635     621   10
    75   4.59237   1.07877   5.69988    1669   18
    76   3.86855   2.55064   0.84572     942   11
    77   2.87219   1.02971   5.29559    1756   17
    78   2.88731   1.19397   2.19471     799   15
    79   0.64736   0.61135   3.80159    2119   15
    80   3.73490   2.50795   5.39595    1325   16
    81   0.73199   0.68449   3.81112    1460   15
    82   5.98302   1.99292   5.67737     322    7
    83   0.72509   0.75387   5.44171    2001   21
    84   5.92549   2.04283   5.72557     481   11
    85   1.64968   2.03367   3.63287    1322   17
    86   2.99954   1.02340   0.45382     993   12
    87   6.10031   2.08204   2.68359    2368   20
    88   3.86706   2.42236   0.84074    1258   16
    89   5.98302   1.99292   5.67737     396    9
    90   2.90521   1.02829   0.68969     904   13
    91   3.68665   2.50814   3.86035    2221   21
    92   2.86693   1.23430   5.35980     766   12
    93   1.57223   2.05369   5.26400     560   13
    94   5.90545   2.07071   5.69728    2661   21
    95   1.49123   2.20136   5.19941    1529   19
    96   4.56295   0.97739   2.77377    1587   16
    97   1.43934   1.97690   1.94310     377    8
    98   1.68579   2.13924   0.51538    1166   15
    99   5.96840   2.04710   4.11913    1258   14
   100   4.02477   2.46949   5.73722     595   12
   101   1.57096   2.06733   3.51419    1499   17
   102   4.70091   1.06400   5.88372     661   12
   103   0.72820   0.69165   2.39421    1818   19
   104   1.51307   2.11009   5.19834     446    9
   105   4.55018   1.14978   2.72973     761   10
   106   0.75475   0.76988   3.90968    1051   14
   107   3.83439   2.43987   2.40515     498    9
   108   2.81169   1.03732   3.70969    1623   22
   109   6.01868   1.95713   4.13198    1396   17
   110   0.53913   0.66921   0.91227     928   16
   111   6.00695   2.04672   5.64752     261    9
   112   0.64353   0.65190   0.74746     845   12
   113   4.58956   1.03351   1.17605     960   10
   114   1.57430   2.10032   3.68689    1136   14
   115   0.75475   0.76988   3.90968    2642   27
   116   4.65411   1.18392   1.09756     492   11
   117   2.83009   1.15865   3.76704    1878   17
   118   2.83522   1.20188   3.66861     841   13
   119   3.96847   2.48360   2.41320    1360   16
   120   0.67183   0.65157   0.67083    1841   21
   121   0.65013   0.76096   0.76405    1578   16
   122   2.82284   1.05235   5.29761    1339   15
   123   6.10008   1.99478   0.99511    2005   17
   124   2.82336   1.04302   2.27219     678   14
   125   2.94960   1.12202   0.49548    2649   23
   126   4.70282   1.12306   5.88406    3120   25
   127   4.81942   1.11031   4.21006    1492   16
   128   4.86706   1.02800   4.15337     539   10
   129   0.73619   0.65929   5.35025     610   12
   130   2.84859   1.11198   3.69701     330    8
   131   0.72878   0.66893   5.53711    1194   19
   132   4.00787   2.50642   5.80563    1711   14
   133   6.16471   1.99371   1.09561    1330   16
   134   4.69049   0.97889   2.65486    1685   17
   135   2.85321   1.22781   3.66906    1273   12
   136   1.66420   2.05498   2.20043    1747   13
   137   2.88261   1.25863   5.22829     639   11
   138   4.69634   0.97802   2.61709    1306   15
   139   4.67479   1.17003   0.96094    2633   22
   140   4.75589   0.97202   4.07084    1284   15
   141   4.83351   0.99176   5.72814     635   10
   142   1.65403   2.03711   2.10645     664   14
   143   2.83406   1.30033   5.33996     385    7
   144   6.04644   2.08755   5.69066     642   11
   145   3.91370   2.50883   4.13429     509   12
   146   4.74432   1.18510   2.76530    1533   14
   147   2.87747   1.23912   2.00159    1171   14
   148   3.79750   2.48108   2.36193    2785   22
   149   5.94773   2.08363   2.55805     936   14
   150   1.66486   2.01584   3.73776    1271   11
   151   1.41096   2.04743   5.03072    2198   19
   152   4.73831   1.15591   2.68201     971   15
   153   1.46939   2.07589   2.01218     882   14
   154   3.72134   2.45394   5.38310     747   14
   155   1.56445   2.08465   3.60085    1081   18
   156   4.58733   1.02200   4.20003    2166   19
   157   3.72089   2.34805   5.54141    1870   16
   158   5.98690   2.05807   1.04807    2998   23
   159   6.02680   2.00952   5.83187    1223   14
   160   4.86706   1.02800   4.15337     791   16
   161   1.62861   2.13866   5.32814     788   10
   162   4.72021   1.18600   1.17696     502   11
   163   3.65401   2.48228   3.76026     883   14
   164   4.60872   1.03543   4.35434     926   14
   165   4.62114   1.05017   4.18757    1370   15
   166   6.09875   2.00218   1.16839    1101   14
   167   2.87240   1.04925   3.62198     754   10
   168   5.96622   2.08537   2.43485     723   10
   169   6.12588   2.11332   1.10221    1041   15
   170   5.92730   1.93019   1.05336     860   12
   171   4.02505   2.55850   5.64455     640   12
   172   1.57536   1.94294   5.18293     876   13
   173   2.82336   1.04302   2.27219    1411   16
   174   3.77952   2.59471   2.34250     472   11
   175   4.55745   1.05171   2.80355     872   12
   176   5.90886   2.05728   2.57436     680   12
   177   1.53987   2.04845   3.58729     502   10
   178   4.69634   0.97802   2.61709     633   10
   179   1.61914   1.99080   5.17812     822   11
   180   0.64353   0.65190   0.74746    1109   15
   181   4.70252   1.05249   2.60215    1148   14
   182   1.53700   1.95750   5.21983     688   13
   183   3.99120   2.39453   4.12351     597    9
   184   1.43669   2.17981   5.14040     572   12
   185   4.66652   0.98390   4.10097     642   11
   186   2.83406   1.30033   5.33996     771   13
   187   2.82336   1.04302   2.27219     909   13
   188   5.93052   2.07100   4.17439    1184   14
   189   3.83630   2.62038   0.81215     923   13
   190   1.62264   2.05719   3.76460    1279   16
   191   3.92621   2.42514   0.85649    1291   16
   192   2.80879   1.15135   0.69283     971   13
   193   4.75589   0.97202   4.07084     709   12
   194   2.90357   1.23983   5.29735    1003   14
   195   4.73675   1.01957   1.08911    3111   24
   196   4.62442   1.06446   0.97698    1083   17
   197   1.59427   2.02152   3.50834     933   16
   198   1.62319   2.04693   1.99344     722   14
   199   2.93915   1.24575   5.12757    1137   17
   200   5.95447   1.98938   4.21016    1212   18
   201   2.82336   1.04302   2.27219     670   13
   202   4.83628   1.12996   1.00518    1595   17
   203   4.66300   1.04773   1.04504     678   12
   204   6.14267   2.00468   5.88694     635   10
   205   2.92166   1.18892   0.62213     789   12
   206   1.69668   2.14033   5.15412    1495   21
   207   2.83406   1.30033   5.33996    1400   17
   208   6.10874   1.89049   4.16199     898   13
   209   4.79526   1.09536   2.66666     911   12
   210   5.89401   2.05638   0.84674    1666   19
   211   2.77425   1.17554   5.25207     422    9
   212   1.71853   2.10798   5.36042     895   13
   213   5.97760   1.94279   2.47656     572    9
   214   0.69620   0.69504   3.78250     885   14
   215   1.57244   2.19298   0.56590     687   14
   216   2.96528   1.18021   0.53450     339   10
   217   1.61119   2.11079   0.50968     312    7
   218   0.73193   0.74029   3.71551     971   11
   219   3.75144   2.50208   5.35054     580   11
   220   2.88487   1.16533   3.61400     911   14
   221   4.64475   1.17556   2.73883     562   11
   222   4.74683   1.08496   1.09136    1419   19
   223   5.97259   1.94711   5.75373     285    9
   224   3.95303   2.52832   5.54206    1344   16
   225   3.93953   2.46811   0.80427    2570   20