     1   0.00000   0.00000   0.00000       0    0
     2   1.75907   0.03517   0.75699     966   13
     3   3.34430   2.11151   5.11834    1901   16
     4   0.81439   0.42244   0.86740    1070   14
     5   5.31288   0.49742   3.57024    1248   14
     6   1.01037   2.04637   5.16282     953   15
     7   1.06339   0.74788   2.16419    1667   14
     8   5.41205   1.37525   1.79597    1485   16
     9   3.90999   1.05844   1.38712    1658   18
    10   4.15785   2.01885   3.76168    1216   12
    11   2.74893   1.30197   1.02788    1572   14
    12   3.45997   1.18549   6.17905    1649   16
    13   2.34037   1.44154   4.35908     735   14
    14   2.03489   2.67760   0.54874    1366   15
    15   5.15165   1.27907   2.95178     550    9
    16   4.86288   0.98327   1.00227    1227   15
    17   3.51649   0.91954   5.53500    1202   14
    18   2.30260   2.72060   5.47863    1719   15
    19   0.27573   0.40625   2.45820    1434   14
    20   5.56064   2.79333   0.88608    2086   16
    21   1.73598   1.59465   2.86436     728   11
    22   1.70208   1.30751   2.89122    1526   16
    23   1.36590   1.49858   2.30385     940   14
    24   6.12649   0.39085   4.91462    1353   15
    25   4.09739   0.87975   0.38046    1617   15
    26   1.38264   2.23660   4.11331     879   13
    27   3.26089   2.30764   0.75449    1933   16
    28   3.11411   1.38367   5.14558    1387   16
    29   3.11348   1.52044   4.80133    1800   18
    30   4.78422   2.01895   1.56772    1074   15
    31   2.03796   1.07863   5.79175    1045   14
    32   3.55997   1.04344   4.59106    1678   14
    33   2.27087   0.80361   0.30142    1440   17
    34   0.90672   1.47553   3.35817    1071   15
    35   5.44947   2.89300   3.00620    1393   15
    36   5.40137   1.87401   1.92212    1417   15
    37   2.43087   2.03232   5.68027    1169   12
    38   4.47312   2.11783   2.97433     995   16
    39   1.20081   1.06439   5.65618    1502   15
    40   2.41556   1.79515   4.20071     898    9
    41   2.91846   0.98883   5.88813    1313   18
    42   5.85082   1.43461   0.66031     671   11
    43   1.50262   0.25246   4.03013    1525   15
    44   5.71259   1.39076   4.11140     841   10
    45   2.26425   1.37721   0.90544    1042   10
    46   4.40546   2.26079   3.95193     959   13
    47   6.14561   1.74610   3.00535    1214   12
    48   1.29171   1.70098   1.34807    1139   15
    49   6.21235   2.47612   2.71811    1512   15
    50   1.69953   1.85812   1.16173     628   13
    51   3.31027   0.85220   0.88221    1500   16
    52   0.87010   2.62984   1.87893    1281   13
    53   0.90888   1.31178   5.40746    1184   14
    54   2.82282   2.42976   1.10670    1349   15
    55   2.12908   2.18868   2.38783    2308   22
    56   3.53360   0.75323   3.49906    1691   17
    57   2.59125   1.41603   4.59889    2248   19
    58   1.99059   1.75126   0.20609     851   12
    59   1.54836   0.65922   4.84202    1383   14
    60   2.67260   2.89843   1.10568    1283   13
    61   0.57489   1.45907   2.16611    1757   13
    62   5.22845   2.68612   4.31594    1172   14
    63   0.98043   2.14469   2.09297    2025   15
    64   4.42256   0.53175   3.26246    1644   19
    65   5.07945   0.91229   3.76152    1686   15
    66   4.44184   0.43683   5.77770     817   13
    67   3.62778   2.33662   2.96245    1896   19
    68   4.28615   0.67036   4.80780    1437   17
    69   2.64589   2.72878   2.45983    1566   16
    70   4.18178   2.01524   1.86933    1018   14
    71   2.94342   2.92728   3.44655    1127   11
    72   3.47230   2.13557   4.59759    1214   14
    73   5.60121   0.99301   2.33750    1475   16
    74   0.57451   0.92283   0.11306    2435   17
    75   5.21409   1.88542   5.98623    1638   17
    76   4.19713   0.76534   5.30201    1157   12
    77   5.49142   1.22616   2.51639    1096   15
    78   0.28276   2.96447   1.49291    1068   14
    79   0.63773   1.02093   5.29097     937   13
    80   2.61336   1.60141   4.82427    1646   17
    81   1.77311   2.77102   1.15401    1925   20
    82   5.13256   2.04191   4.56104     766   11
    83   0.34337   0.73818   2.35955     865   16
    84   2.63006   1.47635   5.17572    1710   15
    85   1.90867   1.77413   3.56798     860   10
    86   2.79246   1.28356   3.89422    1328   14
    87   2.82477   1.78047   5.36051    1084   13
    88   1.49743   2.39727   5.13842    2923   21
    89   2.15664   1.35722   3.07261    1831   17
    90   0.27685   0.32859   0.85222    1200   16
    91   1.51892   0.32397   5.76303    1357   15
    92   6.18441   2.02558   4.66833    1291   13
    93   3.95130   1.55541   2.73974    1252   15
    94   2.42605   2.54925   4.85404     861   11
    95   4.33698   1.92782   4.91102    1239   16
    96   2.37953   0.95705   4.33971     900   13
    97   0.66222   1.84421   5.47099     772   11
    98   0.81392   1.77233   0.92351     717   12
    99   5.42994   0.04846   3.30681    1497   16
   100   5.19576   2.75901   3.56446    1184   15
   101   0.78272   1.57057   4.43170     882   13
   102   2.20976   2.17586   0.90121    1263   14
   103   1.08871   1.84831   5.19225    1129   12
   104   2.39342   1.61726   0.91116    1477   15
   105   4.30985   1.97786   3.76278    1720   17
   106   4.69355   2.30437   0.82365    2131   18
   107   4.78439   1.03477   5.68665    1138   14
   108   1.55228   2.43161   0.85445    1791   15
   109   4.32432   2.35175   1.64331    1357   14
   110   6.06909   1.53163   0.20860    1433   14
   111   3.85938   1.13294   0.97991    1044   11
   112   0.04444   0.96281   1.27499    1453   16
   113   3.43165   1.62472   3.31738     775   14
   114   3.93878   1.53177   5.86469    1598   16
   115   4.37391   1.74516   4.09178    1245   16
   116   2.94066   2.05608   4.55429    1524   15
   117   6.05790   1.47566   1.55757    2068   16
   118   3.86740   1.41573   2.88141     972   10
   119   6.17135   1.38800   5.80838    1681   16
   120   5.63250   2.76574   4.77291    1095   13
   121   5.35244   0.73816   3.55007    1374   18
   122   6.24562   2.24475   0.92038    1268   14
   123   0.73613   1.57222   1.61188    1140   14
   124   1.95149   2.27560   4.20493     879   13
   125   4.83768   0.80266   2.76220    1187   12
   126   1.80549   0.80193   3.21169     922   11
   127   3.71884   2.27968   0.52600    1227   15
   128   5.52898   1.17471   1.76733    1393   15
   129   6.12984   1.74222   0.35747    1640   16
   130   3.65121   1.55637   3.97270    1643   15
   131   0.37114   0.92865   3.80563    1419   16
   132   2.68678   0.28287   6.13336    1566   17
   133   1.43069   1.66768   1.50500    1070   12
   134   0.96627   1.91256   2.58156     691   12
   135   0.65452   1.14956   2.37568    1027   12
   136   3.67229   2.03612   0.26512    1226   16
   137   1.79867   2.26791   2.08550    1164   14
   138   2.24481   1.78262   4.33412    1471   17
   139   0.98354   2.63859   4.21798    1317   15
   140   1.69540   1.09443   2.32682    1905   18
   141   1.79530   0.48613   3.14789     746   12
   142   2.12166   1.85526   6.05046    1246   15
   143   3.07863   1.13664   0.68528    1322   18
   144   4.24199   1.51240   2.85569    1602   16
   145   4.60069   1.68394   3.16066    1086   14
   146   2.00224   2.03063   4.18772    1082   13
   147   0.15215   1.55805   3.82604    1207   14
   148   1.59551   1.83007   2.77008    1690   14
   149   3.65582   0.91862   4.97183    1516   14
   150   3.49410   2.03299   5.72441    1636   14
   151   4.40493   1.04205   0.34416    1540   16
   152   4.58984   1.48106   2.81562    1006   12
   153   3.01705   1.32583   0.75014    2098   17
   154   1.82790   2.36666   2.64482    1984   19
   155   1.59124   1.86679   1.75232     912   14
   156   5.53420   2.33146   4.78703    1029   14
   157   2.35421   1.29370   0.44715    1448   12
   158   4.38654   2.40901   0.41473    1465   16
   159   3.95938   1.13515   0.46336    1098   13
   160   3.70345   0.71937   1.83106     985   13
   161   3.46992   2.16138   6.12383     989   10
   162   4.98294   0.66566   0.86496    1203   17
   163   3.81165   2.38604   1.88270    1031   12
   164   0.43372   1.08016   4.98613    1535   18
   165   1.13056   0.47263   3.60526    1297   16
   166   1.51192   1.22888   5.08976    1857   14
   167   0.68538   1.31345   3.97746    2076   18
   168   5.48769   1.87862   0.45280    1347   13
   169   4.64005   0.76786   2.51372    1100   15
   170   2.45768   1.93079   5.63313    1150   15
   171   3.94421   1.20732   3.01480     780   12
   172   3.47988   2.11643   1.36773    1369   15
   173   1.34506   2.27020   3.73481    1662   15
   174   2.22941   2.75236   5.80877    1337   15
   175   6.25191   2.45021   5.41833    1342   14
   176   5.77970   0.94228   1.00478    1051   15
   177   4.36199   2.33915   6.14311    1991   16
   178   1.15787   2.28957   6.16881    1968   18
   179   4.56513   1.58540   1.91163    1265   13
   180   5.17167   1.16939   0.65857     893   14
   181   0.23500   2.30985   4.71070    1006   14
   182   4.28547   3.05189   3.37453    1546   12
   183   5.23223   2.16864   0.92935    1088   11
   184   1.07317   2.31771   0.18541     754   11
   185   0.16253   0.81605   1.14087    1619   17
   186   3.65316   0.76860   0.48945     992   14
   187   2.36556   1.07812   4.64968    1443   16
   188   3.03580   2.30367   5.10064    2076   17
   189   5.35280   0.62755   1.48535    1758   21
   190   0.36215   0.81170   3.77136     808   15
   191   4.60426   1.65747   6.20866    1268   13
   192   1.49222   1.52526   5.42989    1189   15
   193   2.84911   1.29930   2.73097    1215   15
   194   1.35540   1.54377   3.30918    1291   14
   195   6.21497   2.02325   2.86290    1324   15
   196   3.06272   1.48501   0.08645    1813   18
   197   5.86319   0.37450   1.21563     830   14
   198   3.28954   0.18837   4.64212    1034   15