     1   0.00000   0.00000   0.00000       0    0
     2   6.15199   0.93337   2.56692     679   13
     3   2.25230   0.81345   5.33576    1804   14
     4   2.21663   0.86762   0.67896     678   12
     5   5.34066   2.21787   5.45184    1227   17
     6   3.10404   2.16846   0.58099    1146   15
     7   1.26185   2.12260   4.09924     698   11
     8   3.06833   2.06276   0.66412    2600   22
     9   4.27564   1.09062   2.38561    1875   19
    10   3.17913   2.15493   0.77503    1111   15
    11   5.31676   2.17495   2.40131     579   10
    12   1.03198   2.14568   2.48321     907   14
    13   2.06027   0.92014   5.59197    2449   16
    14   3.05113   2.26157   2.21557     434   10
    15   1.91138   0.90437   0.85998     875   12
    16   3.14581   2.10390   3.84894     504    9
    17   4.18745   1.07601   3.78930     601   11
    18   2.18086   0.99156   2.19577    2478   22
    19   6.21648   0.99567   0.87481    2322   22
    20   0.07789   1.09933   2.33126     766   13
    21   2.17498   1.00026   5.47474     905   13
    22   1.16928   2.12401   2.42045     632   14
    23   1.15837   2.10402   0.96498     657   11
    24   3.05113   2.26157   2.21557     800   10
    25   3.12851   2.07158   2.22461    1418   16
    26   2.97972   2.21233   3.75563     907   13
    27   4.29219   1.02423   3.86017    1956   20
    28   4.27683   1.04005   5.30984     446   13
    29   0.07789   1.09933   2.33126     906   17
    30   3.06751   2.11310   5.33320    2062   19
    31   4.40696   1.05801   5.41482     847   13
    32   4.30936   1.07853   2.17451     683   14
    33   1.09705   2.06453   3.96694    1012   17
    34   3.12992   2.12932   2.26282     849   13
    35   3.11759   2.06047   5.37397    1272   15
    36   2.16873   0.70820   0.73167    1614   17
    37   5.16517   2.21404   5.47464     636   11
    38   4.27301   1.07975   2.29076    1799   16
    39   1.15195   2.13366   0.86740     883   12
    40   4.20098   1.03790   3.91023     386    9
    41   4.31412   0.92937   0.76214    1194   16
    42   2.24886   0.84984   2.29888     427   12
    43   1.12075   1.97035   0.88454     589   10
    44   0.01794   0.88934   5.63304     450   10
    45   5.26115   2.18002   0.71517    2476   20
    46   1.04933   2.21278   2.36635     924   14
    47   1.21262   2.02067   2.55636     947   16
    48   4.22772   0.92693   0.83033     464   11
    49   6.21596   0.96478   0.78146     274    7
    50   1.15429   2.11864   5.49490     689   15
    51   4.14245   1.04488   3.88937    4042   26
    52   3.21357   2.27446   2.27331    1030   16
    53   0.14265   0.92890   3.90425    1423   15
    54   2.07435   0.80711   2.28454     719   14
    55   2.33669   0.85673   2.16915     508   11
    56   5.25345   2.31078   2.42332     563   10
    57   2.21663   0.86762   0.67896     729   17
    58   5.39378   2.35247   2.43353    1807   16
    59   0.01104   0.86876   4.02532    1337   17
    60   4.33623   1.05992   5.29080    1532   18
    61   3.03046   2.06012   3.67488    2005   17
    62   2.09751   0.93916   0.86166     981    9
    63   2.21663   0.86762   0.67896     506   11
    64   5.30938   2.26687   5.50455     830   12
    65   2.07383   0.82319   2.30569     508   11
    66   3.16053   2.08378   5.41741     978   16
    67   4.12548   0.97506   2.35282    1335   14
    68   3.18306   2.12334   5.32695    1083   13
    69   4.12315   0.98377   2.40004    1385   17
    70   1.00679   2.10011   5.58335    1808   22
    71   0.07672   0.99532   4.14451    1156   14
    72   5.31505   2.25838   0.85293     805   14
    73   6.22367   0.93060   2.60572    1549   16
    74   6.27470   1.01212   2.47717    1826   16
    75   1.26185   2.12260   4.09924     675   11
    76   3.04716   2.15381   2.27868     398   12
    77   5.28474   2.27049   2.49725    1412   17
    78   4.15390   1.14766   5.55029     828   14
    79   5.31002   2.18552   0.77853     881   14
    80   4.27683   1.04005   5.30984     732   12
    81   1.12274   2.08175   2.37129     910   13
    82   3.14441   2.14685   3.81214    1139   18
    83   6.15263   0.89365   5.68525    1571   19
    84   3.22005   2.20996   2.33919     415   11
    85   1.08184   2.17493   4.05604     993   16
    86   2.19924   0.88943   2.25517     822   11
    87   5.19665   2.25665   0.83098     353   12
    88   5.20315   2.24880   2.35090    2579   20
    89   2.07483   0.89143   4.04196    1967   16
    90   1.15824   2.01687   5.59827     564   10
    91   2.30616   0.83237   0.60567     872   13
    92   4.43525   0.99029   0.56088     847   13
    93   1.16403   2.07711   2.38983    1626   17
    94   2.09317   0.72516   3.91958    2286   21
    95   4.40520   0.97403   0.64495    1735   16
    96   0.03877   1.11487   5.59930     783   14
    97   5.48920   2.30268   0.94639    1275   18
    98   3.16053   2.08378   5.41741     924   16
    99   4.26916   1.11083   2.28038    1701   15
   100   3.11435   2.19411   3.91578     415   12
   101   6.22539   1.03832   0.78912    1774   18
   102   3.16255   2.12738   2.13852     448   10
   103   3.11064   2.17468   0.74552     559   15
   104   2.26190   0.89989   5.49742     779   12
   105   1.10177   2.19812   5.55290    1393   19
   106   3.13047   2.26236   3.91242     436    9
   107   2.09544   0.83048   2.26882     741   12
   108   2.07809   0.92870   3.99146     801   13
   109   5.31676   2.17495   2.40131    1336   17
   110   2.31494   0.83566   3.67642     751   12
   111   5.25326   2.26946   4.05242    1725   20
   112   4.23888   0.97120   0.68342     383   11
   113   0.10819   1.04056   3.96515     576   13
   114   0.02059   1.10980   5.60639    2010   20
   115   1.25364   2.14803   0.84935    3985   27
   116   4.25614   1.08279   5.41909     597   12
   117   0.10013   1.01290   3.97086     773   13
   118   1.19367   2.20270   0.85823     955   16
   119   6.25648   0.99723   5.66744     627   13
   120   3.02487   2.13736   0.65145    1521   15
   121   2.15418   0.83481   3.77866    2026   18
   122   5.27338   2.34107   2.43630    1276   15
   123   0.04475   1.01810   5.45985    2706   21
   124   5.28935   2.25784   2.31285    2576   19
   125   5.29429   2.20976   5.55335    1940   18
   126   1.12043   2.08994   5.56076     507   10
   127   5.24535   2.17548   2.26925     947   10
   128   5.29251   2.27323   0.72017    1181   17
   129   3.22495   2.12635   3.95338    1654   16
   130   5.30051   2.32974   0.91589    1265   15
   131   1.18393   2.06110   0.81458    2029   18
   132   2.21663   0.86762   0.67896     819   12
   133   0.92887   2.16146   5.43946    2056   21
   134   5.35454   2.22539   0.81319    1420   17
   135   6.27371   0.97096   0.96168     397   10
   136   6.26883   1.01282   4.04767     350    8
   137   0.07672   0.99532   4.14451     424   10
   138   2.20440   0.86925   3.91275     700   14
   139   2.26939   0.85667   3.89605    1884   20
   140   0.11425   0.98364   5.55120     871   14
   141   3.12682   2.20067   3.84560    1637   17
   142   2.13200   0.83689   2.22464     806   14
   143   4.23754   1.03980   2.30637     814   11
   144   4.24580   1.01732   3.78804    1181   13
   145   1.15429   2.11864   5.49490    1533   17
   146   3.03905   2.23094   3.81079    1156   17
   147   6.22360   0.91376   3.97210    1097   13
   148   4.40398   1.02740   5.30027    2033   18
   149   1.26185   2.12260   4.09924     400   11
   150   2.16692   0.83440   2.27229     868   12
   151   3.04215   2.17272   5.44720    3044   21
   152   4.34892   0.99226   0.62365    1102   12
   153   5.26723   2.24701   2.36329    1068   12
   154   3.04151   2.28194   3.75181     460   14
   155   2.20272   0.98957   5.44167     489   11
   156   5.20226   2.19834   2.32033    2033   23
   157   3.12547   2.12038   5.32520     728   15
   158   3.09945   2.17804   2.17586     737   14
   159   3.16053   2.08378   5.41741     763   11
   160   2.32970   0.79573   5.40952     961   16
   161   4.37296   0.99038   5.28035    1235   18
   162   3.31316   2.21470   0.87403    1191   20
   163   6.10603   0.98960   5.69271    1220   17
   164   2.18215   0.89434   5.42292     991   12
   165   3.11224   2.09582   5.38494    1165   15
   166   3.20433   2.10103   0.64217     571    9
   167   4.30763   0.98151   0.82272    1096   16
   168   1.10573   2.03985   2.43532    1094   15
   169   3.14249   2.19876   2.37026     997   15
   170   6.27371   0.97096   0.96168     918   13
   171   4.42838   1.10865   0.65094    1251   13
   172   5.22374   2.39086   3.88811    1377   17
   173   2.20440   0.86925   3.91275     395    7
   174   0.05414   1.10282   0.93370     725   15
   175   4.14363   0.94890   2.35076     826   15
   176   4.31852   0.98027   5.37701     977   16
   177   3.15319   2.07973   2.17335    1070   13
   178   1.24465   2.09632   2.50311     922   14
   179   6.23174   1.05619   4.02934     949   11
   180   1.18082   2.26150   5.51888     890   14
   181   2.98949   2.11135   2.22267     554   10
   182   6.27371   0.97096   0.96168     968   13
   183   3.11569   2.25438   0.66644     741   11
   184   3.11155   2.07579   2.27112    1836   20
   185   4.35266   0.97042   0.67771     508   11
   186   2.26647   0.91389   3.73483     828   16
   187   2.20897   0.88639   2.38549     781   11
   188   1.03198   2.14568   2.48321     909   13
   189   2.97858   2.15812   3.73414    1578   17
   190   6.20859   0.98579   5.73183    2037   22
   191   2.15744   0.92262   5.49475    1785   18
   192   2.36148   0.87967   3.77712    1348   16
   193   6.24883   1.01108   2.56559    2827   24
   194   3.13538   2.10279   5.29879     834   10
   195   4.34646   0.95286   2.19759    1021   15
   196   6.13982   0.86821   2.54369    1785   20
   197   2.18086   0.99156   2.19577     543   10
   198   3.08918   2.30623   3.78586     809   13
   199   0.02089   0.96093   2.36831    1776   20
   200   1.10454   2.07643   5.65687    1128   18
   201   2.20783   0.84917   5.35820    1068   13
   202   5.19553   2.23928   5.48100    1305   18
   203   2.24023   0.85515   2.29741    1539   16
   204   2.08952   0.83821   0.90394     595    9
   205   1.10284   2.00416   2.50833     390   11
   206   5.15120   2.31914   5.39507    1279   17
   207   5.48028   2.22947   4.11138     281    6
   208   5.28774   2.24967   0.89860     787   13
   209   3.10315   2.09273   5.41310    1529   19
   210   4.29810   1.01139   3.86601    1278   17
   211   3.14462   2.11599   2.14974    1874   19
   212   1.04583   2.03401   3.95628     810   13
   213   5.38039   2.27560   4.05931     756   14
   214   3.22687   2.03549   3.88425    1627   20
   215   4.12548   0.97506   2.35282     673   10
   216   5.27198   2.31225   4.05137    1265   17
   217   3.16053   2.08378   5.41741     514   12
   218   1.05369   2.06141   0.71009    2428   21
   219   5.44640   2.20346   4.08454    1022   13
   220   4.27827   1.06282   2.20407     910   16
   221   1.11436   2.13246   5.42931     545   10
   222   6.14816   0.93777   2.55407    3255   22
   223   0.10013   1.01290   3.97086     528   11
   224   5.29574   2.33255   5.56750    1449   13
   225   3.19199   2.22159   5.50832    1057   12
   226   3.09226   2.16677   3.87721    1760   22
   227   3.10444   2.10078   2.25854     599   12
   228   2.09937   0.92878   3.85292     675   13
   229   3.12758   2.04137   5.26651    1797   16