     1   0.00000   0.00000   0.00000       0    0
     2   0.05559   1.70139   6.04618    1763   16
     3   3.17947   1.45779   3.39603    1267   15
     4   0.01651   1.74394   1.27927    1655   16
     5   1.56889   1.76450   0.24659     861   13
     6   3.17595   1.53448   1.78524     863   14
     7   4.77549   1.29373   4.69797     535   10
     8   1.05973   0.31945   3.67519    1345   14
     9   4.80218   1.33339   6.11245    1217   15
    10   4.71773   2.93858   4.66875     893   12
    11   4.12283   2.85110   5.74777    1234   16
    12   0.88978   0.28640   0.73585    1351   14
    13   1.14197   0.29395   5.17023    1305   16
    14   6.18551   1.74218   6.03539     732   12
    15   6.27613   1.73502   1.42979    1516   16
    16   0.98278   0.16844   5.35852    1943   15
    17   3.24056   1.54429   0.25509     964   11
    18   6.27613   1.73502   1.42979    1191   17
    19   3.99497   2.82721   5.54153    2028   17
    20   3.25080   1.47163   0.29019    1466   16
    21   0.87111   0.26807   5.34011    1973   18
    22   1.63389   1.76536   4.73135    1049   13
    23   1.45297   0.34152   1.69057    1255   14
    24   4.22924   2.90350   5.77651     716   11
    25   4.81040   1.33334   2.89175    2263   19
    26   4.74348   1.28365   6.12364    1094   12
    27   3.06567   1.48153   1.89857    1348   16
    28   4.88021   1.49680   6.08599    1628   17
    29   1.63943   1.74864   3.21430    1209   16
    30   1.54932   1.86114   3.26923    1555   18
    31   1.60406   1.76183   4.84803    1266   17
    32   4.53468   2.94171   1.41507     961   11
    33   0.09207   1.74779   6.14086    2204   20
    34   1.56727   1.82700   4.92420    1346   18
    35   0.85234   0.23528   0.88753    1833   20
    36   3.04762   1.36240   1.84974    1433   20
    37   3.25866   1.49865   1.87229    1143   13
    38   1.70776   1.76952   1.70213    1698   19
    39   3.19949   1.43542   4.89935    1638   14
    40   0.70868   0.31403   5.69702    1302   14
    41   0.06586   1.71614   1.26058    1149   15
    42   3.03365   1.34518   3.41094     676   11
    43   4.22595   2.85390   0.96626    1763   18
    44   3.13588   1.43389   1.86999    1170   15
    45   4.82022   1.24914   6.00636     893   11
    46   6.21531   1.65470   4.36906    3294   20
    47   3.05811   1.35159   0.25281    1583   16
    48   3.12479   1.50779   0.16012    1090   14
    49   3.19358   1.47127   1.90701    1970   17
    50   3.20162   1.52802   4.88421    1254   18
    51   0.78849   0.21251   2.27513     727   12
    52   0.62597   0.25943   2.42934    1440   15
    53   3.88260   2.88721   2.34794    1832   15
    54   4.84451   1.34343   6.02301    1182   13
    55   3.86644   2.84134   0.70942    1333   15
    56   4.90282   1.24451   6.15027     685    9
    57   3.04285   1.32852   3.37631    1641   14
    58   1.64474   1.74677   3.16996    1273   15
    59   0.87111   0.26807   5.34011     599    9
    60   3.08812   1.35233   3.32662    1160   11
    61   4.74230   2.82602   1.53938    1273   14
    62   1.06040   0.18068   3.64514    1303   12
    63   4.42004   2.78200   6.02181    1292   16
    64   6.26114   1.78790   1.36214    1314   14
    65   1.69632   1.90142   0.28004    1851   19
    66   4.18025   2.94852   5.66573    1042   11
    67   0.78849   0.21251   2.27513    1342   15
    68   3.29753   1.43451   1.77988    1626   15
    69   1.60040   1.69261   1.58627    1905   15
    70   4.81040   1.33334   2.89175    2196   19
    71   1.54019   1.75152   0.22063    1565   15
    72   1.33350   0.35563   1.92711    1690   17
    73   1.58121   1.75480   0.11983    1348   18
    74   0.01769   1.78699   6.06546    1256   14
    75   4.11954   2.88095   0.88873    1519   17
    76   1.53990   1.79122   3.19861    1066   13
    77   1.57322   1.86020   1.58342     995   12
    78   3.07669   1.43032   4.86041    1417   18
    79   4.66021   1.32240   4.49499    1520   18
    80   4.59188   2.82063   4.58781     874   14
    81   3.04914   1.32736   5.02603    1826   17
    82   0.00588   1.60842   6.08258    1035   13
    83   4.38438   2.88047   4.22314    1840   15
    84   1.64457   1.74325   4.92283    2262   22
    85   4.79250   1.27604   3.04559    1020   17
    86   0.03553   1.61615   2.90348     908   11
    87   4.08755   2.77738   4.05916    1195   16
    88   3.03365   1.34518   3.41094    1161   14
    89   4.61866   2.82715   4.50634    1484   16
    90   1.69869   1.80889   1.81424    1297   14
    91   0.89445   0.28902   2.30777    2006   19
    92   1.59187   1.72703   0.09331    1144   13
    93   4.70523   1.25732   1.44720     852   10
    94   6.18538   1.71850   4.46783     989   14
    95   3.06220   1.34802   0.28865     734   11
    96   4.76864   1.22704   4.65248    1551   17
    97   4.66838   1.47325   4.62714    1217   16
    98   6.20026   1.71521   6.10169    1707   16
    99   0.06038   1.67233   5.94433    1181   15
   100   4.59679   2.83006   2.88590    1820   17
   101   0.13982   1.74333   1.24627    1217   14
   102   3.23650   1.55565   0.10807    1114   15
   103   0.01088   1.57544   1.23904     863   13
   104   4.79745   1.47731   6.09246    1331   12
   105   0.03231   1.70367   5.99384    2417   19
   106   4.10297   2.94537   2.58663     900   12
   107   1.24995   0.24234   1.82546    1193   14
   108   6.27613   1.73502   1.42979    1154   14
   109   0.86325   0.12637   4.00313    1878   15
   110   1.62089   1.77388   3.32928    1288   14
   111   4.72552   1.48035   6.23839    1422   16
   112   1.64276   1.83075   4.78970     745   13
   113   3.09181   1.38861   1.70463    1222   13
   114   4.66541   1.23868   1.41297     939   11
   115   3.28183   1.48149   3.40491    1501   14
   116   4.77549   1.29373   4.69797     933   14
   117   1.62964   1.84268   3.31831    1427   11
   118   4.44300   2.94694   2.86538    1607   15
   119   1.66304   1.81551   1.64188     908   14
   120   0.02930   1.71499   4.41683     881   12
   121   0.00588   1.60842   6.08258     640   11
   122   4.41073   2.79659   6.06834    1846   19
   123   6.21351   1.61939   1.35848    1331   14
   124   3.82832   2.91859   0.75675    1882   17
   125   0.09537   1.74181   2.87849     801   11
   126   1.53420   0.25460   1.55006    2252   19
   127   0.00000   0.00000   0.00000    1210   14
   128   4.26506   3.02424   0.97020     550    9
   129   3.16660   1.36505   1.90141    1466   15
   130   6.26860   1.76417   2.81176     913   11
   131   1.37784   0.18880   0.34158    1649   13
   132   3.90661   2.99275   3.90420    1392   15
   133   4.66637   1.33449   1.33531    1200   14
   134   3.10027   1.37003   4.90498    1288   15
   135   0.87111   0.26807   5.34011     537    9
   136   3.52683   2.90121   3.52833    1799   17
   137   0.10461   1.81439   2.92131     854   15
   138   4.31614   2.80734   2.75452    1549   12
   139   1.55192   1.66819   0.08755    1445   17
   140   6.27255   1.74429   4.58235    1508   17
   141   0.02820   1.61782   1.25995     824   13
   142   1.61819   1.87095   1.76567     906   13
   143   3.22180   1.54886   3.47710    1327   13
   144   1.14197   0.29395   5.17023    1197   14
   145   0.14294   1.67981   6.10048    1133   15
   146   1.53095   1.87257   4.83576    1197   15
   147   0.05419   1.74687   5.95999     933   13
   148   3.89878   2.92895   3.86941    1516   12
   149   1.62577   1.83643   1.66603    1072   14
   150   4.72468   1.35463   4.59292    1483   13
   151   0.79062   0.33250   4.08667    1236   15
   152   4.78858   1.29963   6.07655     879   12
   153   4.66863   1.30600   6.19389    1457   14
   154   1.51369   0.28216   1.72980    1360   14
   155   0.10697   1.65889   4.61666    1630   14
   156   1.14500   0.31524   3.64054    2201   22
   157   3.78235   2.88091   0.47841    1848   14
   158   4.38050   2.80678   2.65583    1215   14
   159   6.18299   1.69741   2.78953    1301   12
   160   1.51385   1.80614   4.74723    1460   16
   161   1.07291   0.25017   5.36846     974   13
   162   4.83949   1.32623   6.14307     858   10
   163   4.77549   1.29373   4.69797    1196   13
   164   6.20179   1.67100   4.50165    1113   17
   165   1.51621   1.86523   4.80141    1984   18
   166   1.66227   1.81609   3.25972    1224   13
   167   0.87919   0.24770   5.55109    1290   16
   168   1.75550   1.89226   3.25412     811   11
   169   0.78849   0.21251   2.27513     782   12
   170   4.16144   2.97435   5.74716    1290   13
   171   3.18269   1.32070   1.86247    1680   17
   172   3.13114   1.37225   3.39367     838   14
   173   1.27994   0.12576   0.31755     726   12
   174   3.19318   1.52945   3.29931    1697   15
   175   0.09351   1.78294   4.60216    2420   18
   176   0.09714   1.66681   1.32387    1137   11
   177   1.31321   0.23660   3.46278    1522   17
   178   1.25139   0.24375   3.59012     969   13
   179   6.27389   1.71101   2.97643    1095   14
   180   0.08191   1.77639   1.36444    1325   14
   181   4.82770   1.25751   6.15208    1824   18
   182   3.24660   1.44922   4.86714    1937   15
   183   0.02930   1.71499   4.41683    1435   16
   184   0.78849   0.21251   2.27513     752   13
   185   0.03545   1.64346   1.47204     874   11
   186   1.61887   1.90773   4.85831    2933   20
   187   3.26618   1.34323   3.33462    1251   13
   188   3.21256   1.50604   0.25553    1928   17
   189   1.64936   1.79340   3.24916    1276   15
   190   0.07598   1.77649   1.40178    1290   15
   191   3.19303   1.39785   1.74002     899   10
   192   3.27056   1.43018   0.33677    1438   15
   193   0.00588   1.60842   6.08258    1990   16
   194   1.59720   1.70016   0.18554    1668   16
   195   3.13841   1.54979   3.35423    1445   17
   196   4.79592   1.26931   3.02135    1666   14