     1   0.00000   0.00000   0.00000       0    0
     2   0.05277   0.63624   4.07128    3860   22
     3   1.29748   1.88489   2.14384    3165   20
     4   0.09822   0.60938   2.43886     588   13
     5   5.72321   2.17467   2.85288     765   11
     6   0.03243   0.47067   5.80463    3385   23
     7   6.22292   0.68022   0.99598     331   11
     8   1.18228   1.99249   2.06556    2568   16
     9   5.55938   2.13676   4.23833     745   12
    10   1.19909   1.98340   3.72389     549   10
    11   1.23969   1.82970   0.46752    1261   15
    12   1.20923   1.95397   2.12381     809   14
    13   5.57921   2.06344   1.18619     717   12
    14   0.09822   0.60938   2.43886    1920   20
    15   1.05960   1.88343   0.54390     539    9
    16   1.10996   1.99720   3.52859     727   12
    17   0.08453   0.48616   2.46163     942   12
    18   3.18083   2.50433   5.36995    3982   22
    19   1.20923   1.95397   2.12381     776   11
    20   5.75267   2.04373   5.81447     880   12
    21   2.60154   1.05560   5.04390     663   13
    22   3.19176   2.64304   5.13504    2336   16
    23   4.27130   1.26429   5.86211     939   14
    24   1.15463   1.99465   5.20363    1589   15
    25   5.68654   2.11412   4.26914    1393   13
    26   2.46978   0.96999   5.11806    4943   21
    27   2.57350   1.16335   3.54029    1124   14
    28   3.51734   2.56095   2.43508     490   12
    29   4.15778   1.25627   2.77257    1389   15
    30   1.13633   1.83319   5.30117     599   11
    31   1.19909   1.98340   3.72389     576   13
    32   3.53314   2.57017   5.50254    3211   17
    33   5.72497   2.16756   2.72724     729    9
    34   5.63706   2.07094   5.99273     508   10
    35   1.23679   1.94135   3.78483    1256   14
    36   6.22292   0.68022   0.99598    1070   16
    37   2.50400   1.19850   5.05246    3817   24
    38   4.29942   1.17846   1.09361     838   13
    39   0.00413   0.46010   2.65067     593   12
    40   0.16694   0.67977   5.59098    2452   14
    41   5.72612   2.13761   1.21518    1263   14
    42   3.06995   2.52354   3.56053    1847   19
    43   1.15841   1.77896   3.59697    3691   21
    44   1.15463   1.99465   5.20363    1160   12
    45   1.04458   1.87179   1.97042    1922   17
    46   4.35561   1.12332   4.13126    1420   16
    47   5.70793   1.95182   6.00280    3001   17
    48   0.39411   0.56560   3.86847    3784   19
    49   4.33975   1.22977   5.83274     603   10
    50   0.06236   0.60933   2.49579    1066   12
    51   4.33226   1.35917   4.17223    2114   18
    52   1.04542   1.80112   0.49732    4113   22
    53   1.06182   1.91681   5.18492     612   11
    54   1.15463   1.99465   5.20363    1120   12
    55   5.54604   2.14060   4.22468    1447   15
    56   3.13149   2.49679   5.18777    3858   22
    57   0.17205   0.59386   2.34325    2480   17
    58   4.32704   1.27791   4.26691    3988   22
    59   6.23747   0.62324   1.11631    2039   19
    60   5.59809   2.02629   2.76722     761   11
    61   1.16785   1.77784   5.14938    1331   17
    62   1.19909   1.98340   3.72389    1117   14
    63   2.53437   1.14309   0.48802    1726   15
    64   2.68583   1.01802   3.38711    2518   17
    65   1.24228   1.78329   0.59503    3686   21
    66   3.31277   2.52976   2.23279    4720   28
    67   1.14892   1.95951   2.19465     653   12
    68   2.50784   1.22436   0.46678     366    9
    69   0.02345   0.70906   4.21295     347    8
    70   5.62454   2.06387   1.13161     436   10
    71   1.08423   1.89755   0.44889    1031   12
    72   1.08807   1.86236   0.52919     410   12
    73   1.21527   1.95720   5.34716    4847   23
    74   2.38689   1.04302   3.70180    1740   13
    75   4.18901   1.28629   1.05883    1261   12
    76   0.23146   0.49304   2.42997     857   12
    77   3.28888   2.68470   5.22854     665   12
    78   0.09822   0.60938   2.43886     730   12
    79   0.00413   0.46010   2.65067    1720   15
    80   4.37514   1.24508   2.58053     649   12
    81   1.15463   1.99465   5.20363    1827   18
    82   2.51202   1.07861   0.35053     534   11
    83   1.07080   1.80646   5.22479    1370   16
    84   2.62988   1.13867   0.31476     384    9
    85   5.55051   2.03966   1.14458    1747   17
    86   2.59911   0.97804   5.15914    1371   14
    87   1.15181   1.89505   3.78747     426   10
    88   0.05907   0.66607   5.64075    1260   13
    89   3.29762   2.58542   3.72942    2713   18
    90   3.48660   2.47549   3.85034    1898   16
    91   4.36107   1.30929   4.22856     665    9
    92   3.00257   2.46574   0.45201    1718   13
    93   1.23476   1.86897   3.60495    2485   16
    94   1.15463   1.99465   5.20363    1073   16
    95   4.39282   1.32464   2.48434    3509   24
    96   4.41188   1.33485   4.20666    1560   12
    97   1.26765   1.83218   5.12758    1689   17
    98   0.02345   0.70906   4.21295    2165   13
    99   5.73216   2.09909   4.37405    1277   13
   100   4.26543   1.21442   5.83882    1282   14
   101   2.66946   1.10553   0.31784     639   10
   102   0.09822   0.60938   2.43886     939   15
   103   1.16572   1.84605   5.15924    1863   15
   104   5.64258   2.09097   1.11501     773   12
   105   1.05674   2.04309   5.18881     608    9
   106   1.20923   1.95397   2.12381    5278   23
   107   1.19909   1.98340   3.72389     602   13
   108   1.15463   1.99465   5.20363    3036   18
   109   1.16795   1.84679   1.97631    1093   14
   110   6.24730   0.66786   1.07044     377    7
   111   5.84365   2.06074   2.82120    4407   19
   112   6.27354   0.54496   5.84958    4176   21
   113   5.66919   1.91437   5.84312    1492   13
   114   1.23969   1.82970   0.46752     905    8
   115   0.12542   0.56755   5.60559     792    9
   116   4.36303   1.13106   4.18735     804   12
   117   4.25353   1.12650   2.59534    1083   13
   118   3.20999   2.62845   5.39592    2867   19
   119   1.15463   1.99465   5.20363     502   10
   120   0.14264   0.55253   2.41796     483   10
   121   4.32357   1.26023   4.19039    1983   17
   122   4.35569   1.25973   5.76223     471   13
   123   2.40139   0.99191   1.95537     571   10
   124   1.15463   1.99465   5.20363     338   11
   125   3.26710   2.47226   5.41621    1722   15
   126   5.77301   1.98658   1.20166     903   13
   127   4.45504   1.13707   2.54689     473    9
   128   0.09822   0.60938   2.43886     444   12
   129   0.00413   0.46010   2.65067     711   11
   130   3.13149   2.49679   5.18777     681   11
   131   1.24306   1.76437   3.72204    2084   18
   132   6.19449   0.65474   4.32173     519   12
   133   1.08121   2.02771   5.15645    3143   24
   134   1.23679   1.94135   3.78483     600   11
   135   1.15297   1.96243   2.15888    2635   17
   136   4.24548   1.26391   5.76666    1986   15
   137   1.15463   1.99465   5.20363     657   10
   138   2.56123   1.22060   3.52031    2917   18
   139   4.25547   1.26445   1.08673    2500   20
   140   4.30074   1.32155   1.14867    3018   22
   141   1.16742   1.95338   1.94891    1204   15
   142   2.66579   1.18773   4.99028    1495   13
   143   3.13504   2.52319   0.51838     617   12
   144   1.23969   1.82970   0.46752     847   10
   145   4.41779   1.19984   1.02673     440    9
   146   6.23384   0.55637   2.63661     318    8
   147   5.57699   2.13422   4.22828     661   12
   148   3.42778   2.60119   4.01136     795   12
   149   3.25983   2.48122   2.25379     543   12
   150   4.22210   1.27764   1.10245     653   12
   151   1.23476   1.86897   3.60495    1348   14
   152   3.42902   2.54494   3.84654     389   11
   153   3.24991   2.45136   3.70948     309    9
   154   4.21687   1.20322   2.63650     386    9
   155   5.57706   2.13868   2.65651     931   11
   156   1.19909   1.98340   3.72389     302    9
   157   3.39271   2.57362   3.97462     710   10
   158   1.23012   1.96138   3.75406    1932   17
   159   1.23679   1.94135   3.78483     648   11
   160   1.27417   1.88339   5.27341    2610   17
   161   1.15463   1.99465   5.20363     411    9
   162   0.16489   0.72695   5.71066    3231   18
   163   6.22292   0.68022   0.99598     366    7
   164   1.23476   1.86897   3.60495     497    8
   165   1.24747   1.89820   3.71372     606    8
   166   4.18223   1.22214   1.12380    5247   25
   167   5.64410   2.08440   1.18503    1223   16
   168   0.08446   0.62795   5.76240     414    8
   169   6.23891   0.69064   2.58147    1300   15
   170   1.08248   1.91383   2.03758     873   13
   171   4.32636   1.26956   2.70037    1448   15
   172   0.42834   0.56114   2.33603     285    9
   173   0.21137   0.53958   5.65786    1235   15
   174   4.22274   1.21156   1.03925     821   14
   175   0.22580   0.54626   2.46322    2205   21
   176   1.17317   1.89294   2.03343     693   11