     1   0.00000   0.00000   0.00000       0    0
     2   5.69983   2.77637   0.23811     731   11
     3   5.94745   0.29852   5.42788    1338   15
     4   3.47237   2.41348   2.70386     745   12
     5   4.32907   2.15691   2.75509    1299   13
     6   2.31306   2.32366   4.84067    1382   16
     7   3.78322   1.56781   3.79631    1627   16
     8   6.23372   1.17262   3.43010    1454   18
     9   5.23058   1.36348   5.01887    1529   17
    10   2.63581   1.12469   4.74833     852   10
    11   2.15913   2.89196   6.14547    2035   16
    12   6.19677   0.48838   2.07459    1524   15
    13   5.82190   2.52395   4.13689    1942   17
    14   3.92453   1.23634   5.59285     746   12
    15   0.71422   1.00735   5.72004     852   11
    16   4.00489   1.20725   5.53285     920   13
    17   5.23640   1.54137   1.04038     913   13
    18   4.82849   2.29400   0.08332     924   13
    19   2.08529   1.48525   1.11529     987   13
    20   2.47070   2.53734   1.58477    1150   14
    21   2.55336   1.10701   0.25145    1234   11
    22   3.39347   2.20561   4.31240    1669   17
    23   1.11437   1.15687   4.03590    1261   14
    24   1.09982   1.69846   1.94350    1642   15
    25   2.80755   2.74951   1.17382    1508   17
    26   0.68584   0.80329   3.29485    1909   17
    27   0.82088   0.70431   0.35657    1327   18
    28   1.70130   1.38343   2.61992    1249   12
    29   3.07873   2.01513   3.72917    1794   18
    30   0.81559   0.62688   4.06963    2288   18
    31   3.62402   1.56932   2.35791    1428   14
    32   1.71107   2.38663   4.33164    1277   13
    33   5.69709   2.21730   2.46204     712   11
    34   4.72557   1.17230   0.72593    1514   19
    35   5.55170   1.91288   3.30905     714   10
    36   2.14948   2.23318   4.59765    1290   13
    37   1.83157   1.42304   5.34716    1582   17
    38   1.90054   0.61795   5.11966     992   11
    39   1.29459   2.66510   1.03604    1132   15
    40   5.43070   2.60791   1.00153    1265   15
    41   0.81107   1.46835   5.00380    1030   13
    42   2.84879   1.76576   6.19601    1233   14
    43   2.55058   1.52426   3.92301     822   11
    44   3.77866   1.56195   3.15467    1059   16
    45   2.64180   1.69258   4.14815    1219   13
    46   1.80635   2.47966   4.00319    1364   16
    47   0.42433   1.69768   4.39631     924   16
    48   5.53633   2.61313   0.61074    2174   19
    49   5.35993   1.23370   2.44597     835   11
    50   5.59067   0.70268   4.40894    1797   16
    51   1.82158   2.12151   3.95713    1796   17
    52   0.09472   2.25616   0.43157    1588   16
    53   5.02268   1.55731   3.54406    2193   21
    54   4.95282   1.73723   1.98471    1745   19
    55   3.93073   2.22841   3.25192    1262   14
    56   2.54696   0.74929   6.21249    1740   16
    57   4.09247   1.54079   5.61943     942   14
    58   3.67199   2.47090   0.98342    1100   14
    59   1.85389   2.30621   5.33754     986   13
    60   2.89143   0.71955   2.10126     957   12
    61   3.88561   1.10044   4.01647    1614   15
    62   4.18639   1.10993   3.57538    1993   18
    63   5.38904   1.84421   3.74237    1233   13
    64   1.70434   2.49324   2.53558    1540   15
    65   0.91607   1.83610   2.63578    1965   18
    66   4.72973   1.59540   0.76937    1388   14
    67   5.46639   0.59886   3.64389    1274   15
    68   5.46411   1.85254   2.86808     916   14
    69   1.63035   2.09560   4.69833    1287   14
    70   0.83666   1.89384   0.68587    1428   18
    71   1.74938   2.13252   4.97862    1280   16
    72   0.73118   1.04870   3.28295    1537   15
    73   0.02255   2.11334   3.05641    1496   14
    74   2.57419   0.96018   5.55894    1355   15
    75   4.81373   2.48434   2.60604     945   12
    76   2.46779   1.99228   5.07787     848   12
    77   0.47165   1.25965   0.86795    1655   16
    78   3.24883   0.88255   4.81704    1175   13
    79   5.26797   2.34764   3.38267    2296   16
    80   2.37359   1.48046   1.08920    1013   13
    81   3.60493   1.64925   1.02558    1188   14
    82   0.31218   1.85951   5.05407    1171   12
    83   1.40249   1.84207   3.79445    1451   14
    84   0.11457   1.91809   2.53965    2518   20
    85   4.17829   0.57390   4.08787    1417   14
    86   2.64772   2.32505   5.41341     773   12
    87   1.97219   1.51123   0.47406    1159   12
    88   3.80653   2.94856   2.43667    1485   13
    89   5.31154   0.51948   1.77064    1028   16
    90   2.76452   1.11487   1.21965     732   12
    91   0.24073   0.35990   2.91557    1525   18
    92   6.03629   1.93928   1.63808    1416   15
    93   3.71087   2.33031   5.60610     865   15
    94   1.53398   2.55075   3.06104    1347   16
    95   2.39721   1.51698   3.05971    1233   15
    96   3.56868   1.95866   6.06033    1776   19
    97   6.16373   1.03035   0.67128    1033   12
    98   2.89385   2.42843   4.01034    1734   16
    99   5.63215   2.95654   5.22599    1133   16
   100   4.83620   1.42107   5.61189     774   14
   101   1.88542   0.94128   3.56425    2144   19
   102   4.23471   1.06444   2.05371    1189   14
   103   5.63762   2.64512   1.02246    1093   14
   104   1.03221   1.17192   0.15627    1356   15
   105   3.45839   0.60115   5.26372    1226   15
   106   1.93785   2.14144   3.49100    1406   13
   107   5.00003   2.05797   4.38577    2413   19
   108   4.06314   1.49860   5.52276    1660   17
   109   2.37600   0.43793   0.13121    1811   17
   110   2.09154   2.00305   5.96191    1461   17
   111   5.84844   2.11091   4.79359    1201   12
   112   5.16541   1.10863   6.19241     983   14
   113   3.84142   0.91781   3.38109    1377   12
   114   5.63053   1.89940   4.54677     639   12
   115   2.46966   1.73174   4.28719     749   13
   116   2.37081   2.30314   4.46321    1551   15
   117   1.06025   2.28903   1.16965    1268   17
   118   1.75890   1.48794   3.92777    1362   14
   119   0.59021   2.85373   1.83027    2492   19
   120   3.06167   1.24764   3.94659    1002   13
   121   0.79739   1.35426   6.11955    1656   17
   122   4.01583   2.01061   2.68404    1476   16
   123   5.02236   2.94148   3.89100     907   13
   124   5.31649   1.18051   0.70539     816   11
   125   5.40380   0.82520   0.22404    1012   13
   126   0.04606   1.42142   5.90585    3099   23
   127   5.75095   2.03426   4.04026    1939   19
   128   5.93153   2.39326   1.78362    1593   16
   129   5.17238   1.97181   4.08521    1285   16
   130   2.63168   1.15800   2.63292    1830   18
   131   0.95735   0.63699   1.47670    1611   20
   132   4.00593   1.52921   0.19807    1235   16
   133   4.46524   0.57054   1.08263     809   12
   134   0.20701   0.64697   5.16037     933   12
   135   0.75481   0.38661   4.59676     840   12
   136   4.07503   0.36116   0.28857    1063   14
   137   1.69953   1.17293   2.39070    1199   18
   138   4.23079   1.03970   1.64593    1333   16
   139   4.40769   0.37274   3.35839    1652   19
   140   4.38739   2.69034   4.28461    2156   18
   141   4.96453   0.97924   5.21713    1307   17
   142   5.19390   1.99623   4.60854    1516   17
   143   4.73319   2.31147   4.75559    1607   15
   144   0.08135   1.19280   1.55426    1556   18
   145   1.94208   0.92348   2.28635    1023   13
   146   3.18969   1.30880   0.80252     830   13
   147   4.67727   0.56799   1.53097     633   12
   148   4.68987   2.66587   1.14607    1073   13
   149   6.03016   0.74587   1.80767     791   13
   150   2.15346   1.33189   4.01130    1311   14
   151   4.51619   1.86538   1.32819    1050   14
   152   5.48627   1.88519   1.03990    1059   12
   153   5.47359   1.27258   2.13472    1301   14
   154   3.18248   2.44600   4.25125    1041   12
   155   3.81661   2.71614   4.80418    1355   17
   156   2.53521   1.22110   1.32202    1338   14
   157   0.37315   1.75923   1.67934     908   12
   158   1.23992   3.06912   3.52728    1248   17
   159   5.36372   2.59794   0.28463    1145   14
   160   3.85575   0.92551   4.28089    1147   17
   161   4.50467   0.97869   3.57551    1569   15
   162   3.63945   0.52339   5.64074    1073   12
   163   4.22964   0.84078   5.03427    1444   13
   164   4.00893   0.44086   1.45762    1738   16
   165   2.08829   1.21001   3.84511    1301   17
   166   0.19336   2.71474   4.97397    1213   16
   167   0.83777   0.86630   6.02768     758   11
   168   1.77161   1.05772   1.06656    1148   13
   169   2.28631   2.98529   3.32455     921   11
   170   4.07034   2.14188   6.13202    1638   15
   171   2.85789   2.06192   0.49030    1626   16
   172   0.04258   1.50998   3.88384    1029   13
   173   5.89101   0.78516   0.06773    1256   15
   174   6.12603   1.79557   3.68707    1473   15
   175   2.48192   2.66157   1.41722     893   12
   176   3.79787   1.63997   1.96511    1255   14
   177   5.09878   1.78270   5.22689    1769   16
   178   1.33385   1.84464   4.61761     895   11
   179   6.04314   1.77481   4.66444     977   12
   180   3.69905   2.07301   5.63722    1010   11
   181   0.66223   1.26807   0.79192    1342   13
   182   2.63313   0.69615   5.38682    1492   15
   183   5.72503   1.95855   2.23223    1589   19
   184   5.53569   1.44196   5.96387    1240   14
   185   2.16030   0.93397   3.72573    1526   14
   186   3.24269   1.80618   5.48773    1124   14
   187   1.58050   0.89576   5.48602    1592   15
   188   4.13516   1.94522   4.27608    1351   14
   189   6.07041   1.09094   5.16227    2027   20
   190   4.94311   1.53262   2.08110    1001   12
   191   5.68526   1.50923   5.53240    1192   16
   192   0.24591   0.93307   0.49471     703   13
   193   2.44536   1.01449   5.62214    1267   14
   194   0.97580   0.54131   4.08362    1398   15
   195   3.39857   1.75577   0.64499    1633   17
   196   3.42349   1.50897   6.10331    1122   16
   197   1.97124   1.92609   1.70123     577   11
   198   3.87126   1.25431   5.36901     971   14
   199   0.57921   1.32623   0.96544    1011   13
   200   2.29334   2.20819   0.35623    1435   15