     1   0.00000   0.00000   0.00000       0    0
     2   2.92491   1.51118   3.28711    1542   18
     3   5.98851   1.50487   4.71394     728   11
     4   1.28189   1.50469   1.57451    1700   18
     5   1.77843   0.06128   2.55301     413   11
     6   4.38835   1.38432   4.63329     332    7
     7   1.35760   1.70190   1.55483     808   14
     8   1.28389   1.57523   4.66770    1153   16
     9   2.75848   1.52787   4.66803    1022   14
    10   3.42617   2.98828   0.51931     598   13
    11   1.32733   1.57820   1.71475     874   12
    12   5.87479   1.62641   4.59631     585   10
    13   4.40704   1.57937   4.67278     933   16
    14   1.03963   0.04296   0.19501     571   10
    15   4.40704   1.57937   4.67278     943   15
    16   4.53819   1.56906   4.74527    1000   17
    17   3.14757   2.99193   5.08581    1287   15
    18   5.87730   1.59217   1.53139    1733   16
    19   4.39179   1.53176   0.09106     376   10
    20   4.06513   3.04405   1.10869     874   14
    21   0.67877   3.10206   2.66037    1058   14
    22   6.00690   1.55367   1.44958     811   14
    23   3.83280   3.06624   1.01081     509   13
    24   2.80422   1.63602   4.78698     704   13
    25   6.08005   1.57079   3.06242     436   10
    26   2.93691   1.59131   4.67285    1105   12
    27   1.24388   1.57441   0.03748    1096   15
    28   0.34671   0.13287   2.52786    2735   23
    29   1.79580   3.10519   5.26098    2269   17
    30   2.75492   1.49423   6.26191    1727   17
    31   2.90184   1.64726   4.87334    1195   15
    32   5.26998   3.08711   4.05084    1730   21
    33   1.33767   1.59582   1.49057    1576   17
    34   5.57290   3.05492   1.15181     751   10
    35   4.53451   1.56526   6.15531     693   11
    36   1.80510   0.16513   2.60556     980   14
    37   2.83192   1.59464   3.12798     904   11
    38   6.06456   1.54923   3.06590    3014   23
    39   1.30394   1.58463   1.55272     428    9
    40   4.38662   1.41909   1.65303     939   12
    41   4.41434   1.48105   6.12399    1625   17
    42   3.16054   2.98155   5.02885    2102   22
    43   4.32725   1.64817   3.10108    1430   15
    44   5.91353   1.67994   6.21917    1351   15
    45   4.52138   1.55141   6.17992     762   10
    46   6.02839   1.70929   0.06138     319   10
    47   3.15793   2.99950   3.33901     456    8
    48   4.84457   2.99555   3.50274     923   15
    49   2.79394   1.53824   6.20944    1031   17
    50   1.15853   1.57210   4.68645     687   12
    51   5.97908   1.67783   1.45896     664   12
    52   4.46577   1.40740   4.66328     962   18
    53   2.73689   1.57268   4.63226    2423   18
    54   5.96266   1.73391   6.28097     608   14
    55   2.84938   1.55468   4.80133    1806   17
    56   4.43822   1.38287   3.03438     685   13
    57   4.95453   0.06862   4.29287    1116   15
    58   2.68672   2.96344   6.07636     838   15
    59   1.44867   0.09256   2.92576    1222   14
    60   6.04861   1.72320   4.59957    1574   14
    61   1.30931   1.73111   3.14055     986   12
    62   2.93613   1.44356   4.82520     541   10
    63   5.26998   3.08711   4.05084     997   14
    64   4.50269   1.42740   4.58032    1407   15
    65   5.90298   1.62337   4.68821     531   10
    66   2.93613   1.44356   4.82520     606   12
    67   2.94271   1.45921   3.25628     983   15
    68   1.19014   1.74442   4.75789     823   16
    69   0.39483   0.07843   5.61885    1357   13
    70   5.90627   1.66567   3.17759     885   14
    71   1.01275   0.05750   4.87350    1043   15
    72   2.94064   1.47781   1.65457    1183   13
    73   2.80682   1.44861   6.23495    1177   15
    74   2.77871   1.42426   0.06847     506    9
    75   0.22857   0.17237   4.16558     740   11
    76   4.52099   1.48815   3.20635    1137   15
    77   2.86203   1.47455   3.23074    1258   16
    78   4.94368   2.99389   2.10245     798   14
    79   4.94368   2.99389   2.10245     432    9
    80   5.85869   1.51377   6.15489     860   14
    81   1.22792   1.69411   3.09417     969   14
    82   1.36313   0.16420   4.56505     803   11
    83   3.96195   3.06458   5.82068    1153   15
    84   0.58957   0.07527   5.51757    1007   17
    85   1.01156   0.13769   0.12659     513   13
    86   5.87028   1.60309   3.03842     626   10
    87   2.86186   1.54887   4.75271     626   14
    88   2.86544   1.50727   3.14331    1258   13
    89   2.82206   1.57069   0.07558     858   14
    90   2.87896   1.59328   3.10139     714   13
    91   0.98411   0.18391   3.47910     496   11
    92   4.60913   2.99399   0.29903     814   15
    93   6.02582   1.60248   0.05436     711   12
    94   1.24843   1.62752   1.64147     415   11
    95   2.00325   0.10594   5.53604    1439   17
    96   0.94347   0.07600   5.03014    1723   22
    97   1.22960   1.53363   6.23162     627   12
    98   2.80385   1.57543   4.78779    1456   15
    99   1.28101   0.06219   6.20714    1881   16
   100   4.48214   3.09653   4.72580    3425   25
   101   1.13843   1.60535   6.25811    1484   18
   102   5.89209   1.52087   2.98625     911   13
   103   6.05867   1.62227   1.53466    1994   20
   104   4.38757   1.40928   1.56398    1227   17
   105   2.92777   1.53992   0.12762    1042   17
   106   5.94745   1.65809   3.01041     739   14
   107   2.95447   1.42584   1.63835    1154   13
   108   2.79003   1.61140   1.53862     878   11
   109   6.03402   1.71679   3.07361     495   10
   110   1.20243   1.50848   3.16848     866   11
   111   0.66926   0.08783   0.56107    1727   19
   112   5.94065   1.50708   4.64370    1029   14
   113   1.22960   1.53363   6.23162     702   14
   114   1.22792   1.69411   3.09417     898   14
   115   4.53412   1.55286   6.20473    2372   21
   116   5.83951   0.07909   0.08368    2374   23
   117   3.31248   3.05795   2.02420     519   12
   118   0.73247   0.11821   3.79999    1028   17
   119   6.23851   0.09783   2.93961    2170   21
   120   4.46561   1.43215   4.71797    1335   16
   121   2.07471   0.11872   0.83486     691   11
   122   3.07905   3.04024   3.46116    1219   14
   123   1.16870   1.55298   6.23082     553    9
   124   2.78042   1.54156   4.79723     894   15
   125   4.45288   1.54525   1.63982     901   15
   126   2.71082   1.39047   3.10508     635   13
   127   6.02360   1.58486   3.08370    1462   16
   128   1.26084   1.64663   0.00166     502   12
   129   1.25198   1.72422   1.58646     826   11
   130   2.89315   1.43472   1.61543    1062   16
   131   4.52282   1.60548   4.66969    1101   12
   132   5.99821   1.63505   3.07026     471   12
   133   5.87936   1.48424   3.13118    2214   17
   134   1.35844   1.57776   4.72722     426    6
   135   4.45726   1.50198   3.14055    1427   16
   136   2.95302   1.44954   1.72961    1359   12
   137   5.90335   1.59121   1.51050     648   10
   138   1.27375   1.65036   4.68778     754   11
   139   5.92331   0.16574   1.52601     667   16
   140   1.22960   1.53363   6.23162    1656   17
   141   4.30444   1.50030   1.50351    1840   18
   142   4.49011   1.49342   3.10922    2044   23
   143   5.92981   1.72898   6.21711     506    7
   144   4.53412   1.55286   6.20473     837   14
   145   2.95811   1.58207   4.73531    1040   15
   146   0.66926   0.08783   0.56107     542    8
   147   1.22097   1.58529   3.20394    1120   17
   148   4.40704   1.57937   4.67278     708   10
   149   5.99871   1.70309   0.01516    1330   18
   150   2.90505   1.51137   4.78811     833   15
   151   4.46438   1.49060   4.60336     222    6
   152   5.10386   2.99408   3.96373    1911   18
   153   4.49196   2.97057   3.30054    1338   18
   154   5.88219   0.08358   4.84092     555   11
   155   3.84218   3.05774   2.47458     668   13
   156   5.85940   1.64065   6.12397     415   13
   157   5.90627   1.66567   3.17759    1249   14
   158   4.35859   3.06486   1.51874     759   12
   159   2.95447   1.42584   1.63835     949   15
   160   1.15754   1.50287   0.01092    2050   17
   161   0.46210   3.07333   2.33218    1587   16
   162   2.88218   1.62281   4.63674     397   10
   163   1.35835   1.58391   4.65151     576   11
   164   4.11241   2.96480   4.40938    1533   18
   165   4.35412   1.54936   3.12934    1685   19
   166   6.08629   3.08275   6.26425    2140   17
   167   1.85268   0.18386   0.97445    1174   14
   168   5.87189   1.60577   4.62883    3084   24
   169   2.71549   1.55077   4.68570    1914   18
   170   2.78654   0.07120   3.29529     701   11
   171   5.98050   1.58806   2.97394     673   12
   172   4.43770   1.54569   1.41700     853   12
   173   4.50366   1.42612   4.70493     887   14
   174   1.19436   1.66658   4.68607     789   13
   175   4.51986   1.54483   3.00523    2228   20
   176   2.73463   1.51918   3.25534    1099   14
   177   6.01124   1.53791   0.06936    1417   17
   178   2.71518   1.56139   0.04716     627   10
   179   5.92486   1.67928   6.24720    3100   22
   180   4.13447   2.96542   1.17673     694   13
   181   1.22960   1.53363   6.23162     566   14
   182   2.07079   3.06649   5.60211     537   13
   183   4.52099   1.48815   3.20635     881   14
   184   3.16753   3.01474   0.27513    1532   17
   185   2.83028   1.64213   0.13056    3474   29
   186   1.37853   1.59794   1.62393     518   12
   187   2.75848   1.52787   4.66803     530   10
   188   0.81910   3.05846   4.25870     719   15
   189   1.24333   1.52123   0.14323     740   13
   190   1.02304   3.12854   3.00994     680   12
   191   5.84242   0.11426   4.80830    1391   18
   192   0.72040   0.12973   2.19481     589   11
   193   1.77843   0.06128   2.55301     695   10
   194   1.28927   1.74296   4.85012     994   16
   195   4.31740   1.48658   6.24856     909   12
   196   4.96913   0.03725   2.54971    1333   14
   197   2.45817   2.99351   5.97747    1709   16
   198   2.73424   1.40593   3.19050     552   13
   199   4.36528   1.56351   1.56778     845   13
   200   5.40445   0.09903   3.80558     703   13
   201   6.06502   1.71164   1.53499    1448   18
   202   5.20201   3.09537   5.47534     613   12
   203   2.45817   2.99351   5.97747    1925   20
   204   1.30413   1.73281   1.65197     864   13
   205   1.42219   3.11584   0.25226    2827   20
   206   6.11946   3.09169   3.30123     957   10
   207   1.37368   1.73502   1.59728    1384   15
   208   4.64345   0.05810   4.41578    1358   17
   209   5.17424   3.01354   0.77092     685   14
   210   2.78530   2.97139   1.43958    1410   15
   211   0.70004   3.05484   2.56774    2411   18
   212   1.24028   1.67629   3.11264    1247   15
   213   0.58100   0.16592   3.79015     643   12
   214   2.76495   1.58611   6.21045     519   12
   215   2.83498   1.54023   0.09263     552   14
   216   4.41154   1.61808   1.54654    1369   13
   217   1.39183   1.61910   0.12635    1651   18
   218   5.36023   3.03364   2.42782    1021   16
   219   1.34288   1.52654   1.52750    1433   14
   220   5.95496   1.63562   1.50652     706   11
   221   3.67351   2.95076   4.04808     812   14
   222   1.25363   1.62262   4.63795    3419   26
   223   1.77843   0.06128   2.55301     645   11
   224   6.09500   1.50589   4.77508     868   11
   225   6.01159   1.66726   4.62512    1107   15
   226   1.27116   3.07476   6.16254    1212   13
   227   5.33523   3.05971   4.13226    1973   17
   228   4.53538   1.49830   4.64106     666   14
   229   2.24276   3.03727   5.66915     804   13
   230   4.19818   2.96855   6.03803     784   11
   231   0.07502   0.16066   4.41565    1107   16
   232   5.96754   1.47396   4.60280    1557   14
   233   3.87898   0.06764   3.58529    2253   20
   234   1.27116   3.07476   6.16254     708   14
   235   2.99187   3.02174   1.72491     438   10
   236   4.40494   1.48517   4.61308    1905   17