     1   0.00000   0.00000   0.00000       0    0
     2   1.12197   2.35255   1.64916    2310   17
     3   1.13109   2.28344   0.22578     548    9
     4   2.57817   1.43349   0.79823    2703   15
     5   2.65711   1.55393   2.29943    3529   21
     6   4.04860   0.72956   4.56569    2309   24
     7   5.62437   1.71128   3.86022    4979   25
     8   4.05015   0.76402   3.08765    2261   19
     9   0.94259   0.65580   4.76640     963   10
    10   5.74413   1.71541   3.96275    1028   11
    11   3.98609   2.40448   6.17373    1239   16
    12   4.10411   0.81233   4.62899    2226   19
    13   0.95325   0.72893   4.73918    5407   28
    14   4.11734   0.83818   6.08980     693   10
    15   0.89922   0.84622   4.88865    2591   20
    16   1.04779   2.27319   4.79493     625   11
    17   1.14739   2.38396   4.97104    2870   16
    18   5.74391   1.67313   4.05607    2996   19
    19   3.91047   2.33690   4.47521     750   12
    20   0.93089   0.75943   1.65365    2080   18
    21   5.65108   1.69981   3.87355    3763   26
    22   0.86806   0.81297   3.31993     341   10
    23   5.65412   1.64946   5.58276    2072   21
    24   5.59393   1.65769   5.47187    2245   19
    25   2.59457   1.55448   3.92420    1675   12
    26   0.84038   0.80736   3.25449    1181   14
    27   3.84722   2.39989   2.83332    3737   25
    28   0.99995   2.34245   0.14224    3083   18
    29   1.00035   2.31025   0.20900     730   11
    30   0.89353   2.31619   1.49498    1239   17
    31   0.82217   0.85943   4.93901    1022   11
    32   4.04130   2.45119   1.46736     499   10
    33   0.75476   0.87355   4.87033    3459   22
    34   2.53775   1.60715   3.87240    3678   20
    35   4.16187   0.76734   6.26300    1999   17
    36   3.97521   2.32637   4.55762     851   10
    37   3.92269   2.41739   4.60229    1733   19
    38   5.53214   1.65084   2.28653     408    9
    39   4.23867   0.74279   6.08799     697   10
    40   0.87326   2.42622   4.83512     829   13
    41   0.87367   0.69907   1.73540    3375   19
    42   4.15906   2.48630   6.25870    2286   18
    43   5.60639   1.61700   2.37764     654   11
    44   2.48396   1.60137   5.47384     868   13
    45   2.55441   1.57223   2.32663    2044   17
    46   0.84925   0.71187   3.22064     601   12
    47   1.12322   2.35327   1.79772    2860   21
    48   0.90411   2.40005   1.64499     361    7
    49   0.86173   0.73511   1.76029    1623   17
    50   4.05568   2.43417   6.19153     723   10
    51   0.85137   2.31495   4.74175     488    9
    52   3.99353   2.48228   1.47685     721    9
    53   4.05245   2.34370   4.74373    1031   14
    54   2.58809   1.42030   0.83979     304    6
    55   4.19155   2.38835   6.26756     875   13
    56   5.70824   1.62185   5.45745    1742   17
    57   1.00747   2.26588   4.91415     880   13
    58   5.71569   1.66517   0.77350    1606   18
    59   5.75099   1.66930   2.47681    1655   13
    60   4.13359   2.35401   1.55896     735   12
    61   5.73646   1.71641   2.45916     535    9
    62   4.04606   2.38872   0.02602     665    9
    63   2.47254   1.48114   3.89444    1183   12
    64   4.15089   2.37935   4.72104     856   11
    65   0.86806   0.81297   3.31993    1347   12
    66   1.11507   2.33708   4.89734     240    5
    67   3.94491   2.45346   4.56785     573   11
    68   5.65528   1.63375   0.89723    4163   27
    69   1.10556   2.25853   4.73167    1508   16
    70   5.63513   1.67305   0.80054    1074   13
    71   0.87989   0.70619   3.32631     825   13
    72   1.03074   2.38124   1.69158     537    9
    73   3.94491   2.45346   4.56785     526    8
    74   0.98193   2.36168   4.76624    2440   19
    75   5.64511   1.61251   5.51204    2661   20
    76   1.06278   2.37939   1.68257     480    7
    77   5.62254   1.60815   0.77372     302    8
    78   2.47231   1.50585   2.29088    3694   19
    79   0.84680   2.38483   4.69831    2828   20
    80   4.03652   2.47801   4.58740    2061   16
    81   4.04130   2.45119   1.46736     908   11
    82   4.23419   0.82007   6.21933    1921   16
    83   2.48891   1.42820   2.36695     990   10
    84   4.14799   0.90480   3.08933    1570   14
    85   5.69807   1.76714   3.93701    1366   16
    86   0.98605   2.26001   4.88346    1050   12
    87   3.93633   2.32067   1.48762     807   14
    88   4.15799   0.75304   4.55716     741   14
    89   4.14967   2.43849   3.15733    1319   15
    90   5.60354   1.62859   2.33632     775   10
    91   0.91272   2.25896   4.76855     727   11
    92   2.48008   1.41068   2.39560    2949   19
    93   3.91815   2.39194   4.65378     762   11
    94   5.59098   1.54421   5.58835     755   12
    95   5.74892   1.74132   3.96436     700   15
    96   1.00557   2.38060   0.13333    1273   16
    97   2.51168   1.56583   3.83297    1520   13
    98   1.00046   2.39897   3.27490     370   13
    99   2.45688   1.42649   0.74829    1533   17
   100   4.03250   0.82226   6.26775     443   11
   101   2.51492   1.38678   5.44920    2156   18
   102   3.94491   2.45346   4.56785    2500   16
   103   4.17219   2.39681   1.63881    1450   15
   104   4.00470   2.33446   6.15210    2052   16
   105   4.05931   2.35163   4.72577     438    8
   106   4.04337   2.39914   0.01079    1207   13
   107   5.69860   1.72272   3.85317    2119   17
   108   5.74668   1.61823   5.47474    3169   20
   109   1.10556   2.25853   4.73167     909   11
   110   3.93907   2.28513   6.13935     786   12
   111   5.72711   1.75200   0.84761    1611   16
   112   4.02808   0.74675   4.68410     990   12
   113   4.00827   2.38025   4.56471     900   12
   114   5.76493   1.67641   4.04181     586   11
   115   1.03559   2.32729   4.90772     455    8
   116   0.98193   2.36168   4.76624     348    8
   117   5.60354   1.62859   2.33632     888   13
   118   5.59699   1.67746   5.58489    2377   17
   119   5.60458   1.67389   3.96573    5433   29
   120   5.73305   1.65228   5.51156     566   11
   121   1.04779   2.27319   4.79493     910   12
   122   4.20252   0.79656   4.57108    1613   14
   123   3.94491   2.45346   4.56785     427   11
   124   5.58484   1.76243   3.97947     986   14
   125   0.81133   0.76185   3.27520     501    8
   126   5.65959   1.68889   2.36119    2660   17
   127   3.82677   2.26452   4.57685    3778   26
   128   0.87326   2.42622   4.83512    1084   12
   129   0.93039   0.73112   1.63852     587   12
   130   1.11507   2.33708   4.89734    2487   17
   131   4.01001   2.31085   4.61626    4731   25
   132   4.15038   0.87945   0.01048     544   10
   133   0.86173   0.70770   3.19452     647   13
   134   4.11936   2.37071   0.01634     820   16
   135   4.20943   0.86715   6.04017     583   12
   136   5.62254   1.60815   0.77372     351    7
   137   2.51707   1.36371   2.29621     278    7
   138   4.16450   0.74078   6.19356    1671   15
   139   2.57221   1.55016   0.65713     560   11
   140   4.00681   2.44204   2.96744     420    8
   141   5.65520   1.64125   0.85969    1287   14
   142   3.95614   0.79554   4.81252     534    9
   143   3.87867   2.46020   3.02156     497   10
   144   4.11734   0.83818   6.08980     588   10
   145   5.77257   1.70062   3.98565     779   12
   146   1.04779   2.27319   4.79493     748   13
   147   0.92490   0.74437   6.21806    3790   21
   148   4.10175   2.41881   3.06639     311    8
   149   2.54340   1.40082   5.56816     402    7
   150   4.04345   2.38553   6.27500    3766   21
   151   2.56874   1.57823   3.91861     525   12
   152   2.52591   1.50395   0.80689    3140   17
   153   0.70509   0.75136   3.29839    4156   21
   154   4.21572   0.88711   1.36904     946   14
   155   0.82178   0.80096   4.75592     496    8
   156   5.55181   1.71265   5.43870     296    8
   157   4.01889   2.42591   4.57764    1109   13
   158   2.59076   1.43863   5.47523     948   10
   159   4.18824   0.75808   6.14100     486   12
   160   4.19155   2.38835   6.26756    1460   11
   161   1.03807   2.38761   3.34353     654   10
   162   4.04130   2.45119   1.46736     903   10
   163   4.18554   0.81292   4.50315    1423   13
   164   0.81763   0.85095   4.94402    5471   27
   165   1.10556   2.25853   4.73167    1128   15
   166   0.70509   0.75136   3.29839     344    7
   167   0.76631   0.84010   1.63639    1045   17
   168   5.62197   1.66626   0.74379    3919   22
   169   1.20347   2.31449   4.97395     441   11
   170   4.03250   0.82226   6.26775     759   10
   171   4.12774   0.82869   1.51030     517   11
   172   1.09187   2.28675   1.84792     658   11
   173   4.03208   0.80371   6.20322    2289   16
   174   3.97801   2.35443   4.66242    3787   25
   175   0.64777   0.71568   4.90716     479    9
   176   3.92269   2.41739   4.60229    1728   16