     1   0.00000   0.00000   0.00000       0    0
     2   3.84096   0.80071   5.70328    2670   15
     3   0.71334   2.34477   2.17768    1889   14
     4   3.76569   0.82207   4.24195    2399   16
     5   1.87935   1.19581   4.09555    3998   21
     6   0.05311   0.98317   0.46160    4469   21
     7   3.85612   0.84059   4.15532    2594   15
     8   6.26278   1.00883   2.01568    1161   12
     9   0.66354   2.30829   0.64687    3374   14
    10   5.04367   1.71925   3.93944    2793   16
    11   5.02133   1.88372   5.47147     301    7
    12   0.59394   2.42292   5.10856    4267   18
    13   0.66731   2.33696   5.14088    1389   11
    14   1.93930   1.24850   5.53801    1881   12
    15   6.22727   0.87417   2.02244    1502   13
    16   3.20163   2.23442   2.83936    2387   16
    17   5.02962   1.86896   0.79150    2456   13
    18   0.69119   2.33261   3.57980    2570   15
    19   3.76201   0.70430   1.08463    1455   11
    20   1.77086   1.16046   4.08430     899    8
    21   4.97507   1.89348   2.19522    2813   17
    22   0.69503   2.27725   5.28094     562   11
    23   3.07091   2.17481   5.82937    4252   17
    24   4.93784   1.89422   2.34407    1389   11
    25   3.66753   0.75011   2.64931    1590   11
    26   6.15011   0.82638   1.91860     745   12
    27   3.85612   0.84059   4.15532     711    8
    28   3.17177   2.22684   4.37886    1846   12
    29   3.08876   2.22806   5.72939    2651   15
    30   0.69503   2.27725   5.28094     904   11
    31   1.88314   1.38966   4.04895     842   11
    32   3.74799   0.87660   0.98589    1360   16
    33   0.05317   0.96613   4.98467    2656   16
    34   5.03546   1.96837   3.86700    2832   13
    35   1.79093   1.18775   5.69315    1454   10
    36   3.69153   0.82534   5.96388    3128   14
    37   5.03213   1.91591   2.35226     553   10
    38   0.61957   2.34425   0.52212    4443   20
    39   0.68344   2.25672   5.25458    1760   12
    40   1.69011   1.31208   2.51578    3827   19
    41   4.87335   1.86430   3.87430    5481   23
    42   5.02499   1.98897   0.61079    3060   18
    43   1.79929   1.37540   0.90253    3154   16
    44   5.03321   1.93231   5.33835    3176   16
    45   1.91230   1.29441   5.55024    1332   11
    46   0.69503   2.27725   5.28094    1757   13
    47   1.77696   1.35768   4.06280    1060   14
    48   0.10853   0.98554   3.55702    1202   13
    49   4.91195   1.92188   5.43485    4160   17
    50   6.27493   1.00665   5.14425    2055   16
    51   3.69628   0.77351   1.05464    1874   17
    52   3.06702   2.24269   5.82386    2715   15
    53   0.02683   0.89377   5.09021    3846   20
    54   5.02133   1.88372   5.47147    4978   17
    55   1.79478   1.20024   0.82070    2966   21
    56   0.70932   2.44991   5.26017    1743   13
    57   1.87753   1.30259   2.43695    1710   11
    58   3.78376   0.66643   5.72377    1914   14
    59   0.64792   2.31190   0.57662    4968   20
    60   4.98728   1.82150   3.96136    3219   18
    61   0.69503   2.27725   5.28094     856   10
    62   5.08134   1.82591   5.42382    3060   14
    63   1.77086   1.16046   4.08430    3637   17
    64   0.70707   2.45510   2.10988    3568   18
    65   1.78852   1.26283   3.96832    2098   17
    66   5.10376   1.96517   2.28342    2595   12
    67   6.27139   0.99899   5.13034    1366   10
    68   3.19144   2.27237   1.21298    1102   11
    69   0.69503   2.27725   5.28094     880   11
    70   5.00052   1.87563   2.32305    2692   14
    71   0.69503   2.27725   5.28094    1948   15
    72   1.67793   1.29713   4.12680    1228   13
    73   1.71231   1.32983   5.51899    2390   13
    74   0.19301   0.86185   4.91784    3069   19
    75   2.91304   2.31274   5.69689    5853   25
    76   0.69503   2.27725   5.28094    1694   10
    77   0.01103   0.90667   5.02943    3451   14
    78   5.02133   1.88372   5.47147    1659   15
    79   0.43809   2.45158   5.11471    3543   18
    80   0.69503   2.27725   5.28094    1783   16
    81   0.45402   2.36509   5.10927    1778   12
    82   6.27493   1.00665   5.14425    1469   12
    83   3.70090   0.80909   4.20475     718    9
    84   6.26485   1.00104   0.37519    4835   20
    85   0.70932   2.44991   5.26017     704    9
    86   4.91354   1.88765   2.13592     804   10
    87   0.71642   2.35545   3.73073    4312   18
    88   0.79389   2.39821   3.76127    1278   12
    89   6.15189   0.91476   0.49367    4238   19
    90   4.94476   1.87217   5.37169    4348   20
    91   6.12650   0.82401   2.05963     892   10
    92   6.23608   0.88426   2.08614    2498   15
    93   4.96210   2.01117   3.90430    1208   10
    94   0.69503   2.27725   5.28094     846    9
    95   1.86979   1.13728   2.37176     828   11
    96   3.28264   2.20074   1.24739     988   10
    97   5.09485   1.86217   5.46734    5008   18
    98   1.86710   1.23797   2.31755    2881   14
    99   1.80022   1.27311   0.95297    2185   15
   100   0.74438   2.39036   2.05399    2277   14
   101   3.29390   2.17663   5.91035    1035   12
   102   3.00390   2.32846   5.82085    1850   14
   103   3.19928   2.17516   2.73273    2566   14
   104   5.03213   1.91591   2.35226    1201   12
   105   0.63495   2.23810   2.09448    3897   17
   106   3.67283   0.74404   1.25687    2396   16
   107   5.00052   1.87563   2.32305    2678   16
   108   6.20760   0.91666   5.21789    2250   14
   109   1.83557   1.15641   2.40564    2159   12
   110   3.85612   0.84059   4.15532    1188   10
   111   3.11203   2.25015   2.85320    2220   15
   112   3.74635   0.81701   5.92126    2140   16
   113   0.59330   2.44538   3.57493    2855   20