     1   0.00000   0.00000   0.00000       0    0
     2   1.66530   2.15204   0.83126    6248   17
     3   0.54007   0.95478   2.25138    4826   15
     4   5.82663   2.16633   0.65640    3465   14
     5   4.74735   1.02550   3.93282    4241   17
     6   2.60561   1.09207   2.35724    4099   14
     7   1.59388   2.20227   5.39026    4898   16
     8   1.66522   2.19085   2.27240    4356   13
     9   1.62447   2.29141   3.81424    3363   14
    10   3.78479   2.16275   2.59268    4437   15
    11   1.64907   2.24017   5.55016    4912   17
    12   4.76751   0.86223   2.49865    3216   14
    13   1.51079   2.14165   0.67187    3206   13
    14   1.61912   2.26501   2.28002    3549   14
    15   1.56768   2.30325   2.14010    4618   16
    16   0.55117   0.87556   3.95165    2778   13
    17   0.68441   0.94534   0.69412    5127   14
    18   2.68800   1.08790   5.54549    5777   18
    19   4.85155   0.86161   2.43890    3732   14
    20   0.77025   0.98933   2.24110    2672   13
    21   4.74753   0.97764   0.86787    2130   12
    22   0.58985   0.94813   0.76262    2562   12
    23   2.63976   1.06074   0.86763    5248   19
    24   1.49841   2.25461   5.28601    2914   15
    25   2.73694   1.03468   3.92680    4719   17
    26   3.62923   2.18753   0.76583    3793   15
    27   4.69621   0.97073   3.90200    1807   10
    28   2.57707   1.01757   0.93585    5238   17
    29   4.72755   0.86722   5.58702    4295   15
    30   5.91451   2.15304   3.94003    2795   13
    31   5.77126   2.18520   2.40502    3819   15
    32   4.71328   0.89197   4.07802    3637   15
    33   0.69422   0.83318   5.39369    2718   12
    34   0.68886   0.94829   2.18373    4083   16
    35   5.84369   2.05655   2.40458    2370   11
    36   4.74897   0.76847   2.47270    3280   14
    37   2.74266   0.90885   5.51845    3095   16
    38   0.74793   0.99950   0.63329    5327   16
    39   3.79325   2.35194   2.49815    2997   15
    40   5.70493   2.00238   3.82879    3387   15
    41   5.85257   2.01389   2.23128    2566   12
    42   3.83443   2.08860   5.64969    2463   10
    43   5.90991   2.15842   2.35869    2580   11
    44   3.86009   2.37846   2.48219    2763   10
    45   4.67602   0.84010   2.41450    4368   17
    46   1.60536   2.19241   3.93521    5527   17
    47   2.68149   0.94151   5.46358    4538   17
    48   3.77317   2.35677   5.61896    5310   18
    49   5.70668   2.06203   2.35451    6048   17
    50   1.59395   2.20845   2.18307    4592   16
    51   3.80924   2.17981   5.49776    3365   16
    52   1.68186   2.24887   2.41693    4022   17
    53   4.89096   0.91711   2.36436    3270   13
    54   3.77363   2.19899   5.69881    3265   14
    55   2.85995   1.10314   2.29095    4246   16
    56   4.67998   0.88907   2.59655    2948   13
    57   2.53375   1.07356   0.85817    3837   17
    58   0.61890   0.96615   2.24036    4351   17
    59   0.79839   1.02057   0.67058    3851   14
    60   4.60108   0.99840   5.70003    5285   16
    61   0.67452   1.01273   5.50269    3982   17
    62   2.64684   1.01719   5.59445    3658   16
    63   5.66090   2.10340   5.31783    4627   17
    64   5.75957   2.12136   3.91598    4618   17
    65   3.66193   2.16561   2.45592    6189   19
    66   4.80924   1.03881   0.86486    3215   14
    67   0.77025   0.98933   2.24110    2943   16
    68   0.67819   0.77279   3.77700    3983   15