     1   0.00000   0.00000   0.00000       0    0
     2   1.88345   0.82445   1.76848    1124   10
     3   1.10222   2.40449   4.26772    1046   13
     4   5.59616   2.44559   1.02020    1241   14
     5   1.04637   0.74698   2.88851    1885   19
     6   3.33775   0.59986   3.15327    1198   15
     7   4.52135   1.08455   3.46460    1404   14
     8   0.56588   2.26468   1.65256     998   14
     9   3.34821   2.89907   0.45775    1099   15
    10   2.83287   1.65741   0.87325    1804   16
    11   1.89751   2.13487   1.79398    1203   15
    12   3.90027   2.34346   4.55734    1363   15
    13   5.80838   2.72930   5.05170     729   10
    14   3.44669   2.10947   3.08180     981   14
    15   3.61543   0.67456   1.96557    1204   18
    16   3.12478   3.08047   4.97562    1084   15
    17   2.01031   2.17468   0.31123     443    9
    18   5.69384   2.74956   1.32174    1045   13
    19   0.46507   1.48439   3.94743    2021   19
    20   1.63002   1.31886   0.04893    1372   12
    21   1.89152   1.84409   3.62149    1643   19
    22   1.19376   2.24143   3.82061     636   11
    23   1.36646   2.51836   0.97155    1228   12
    24   5.75775   2.70604   4.06147    2173   17
    25   5.67951   2.59507   1.58076    1358   14
    26   3.89962   1.30018   1.42933     964   12
    27   3.53009   0.11687   5.96896    1039   13
    28   0.33431   0.79344   4.01879    1518   16
    29   2.21939   1.22001   4.10907    1434   14
    30   4.35157   1.38518   4.68838    1360   17
    31   4.70194   1.40383   4.60720     396    9
    32   3.40960   2.41462   4.23042    1429   16
    33   5.09373   1.43952   5.67796    2137   20
    34   1.37164   1.81880   2.14047    1283   17
    35   4.53159   1.55164   1.76265    1379   17
    36   0.84807   1.26128   0.27795    1056   14
    37   0.89987   0.61652   6.16429    1364   16
    38   2.22735   2.64393   4.08567    1069   12
    39   0.27588   1.77573   6.13107    1142   15
    40   0.98161   1.93399   3.73327    2381   20
    41   2.72340   1.51501   2.23570    1204   13
    42   4.43433   1.57528   2.61898    1017   11
    43   2.84442   0.90277   0.55945    1624   17
    44   3.99604   1.10548   0.58452    1098   15
    45   5.60114   2.36298   2.04199     822   13
    46   1.59685   0.49202   0.70302     663   13
    47   3.92024   1.72276   0.77958     948   12
    48   3.46019   1.67460   2.72331    1318   15
    49   0.10472   1.84139   3.80417    1652   18
    50   0.78447   2.63405   0.35361    1357   15
    51   2.43942   1.63798   0.34509    1729   18
    52   4.12402   1.94269   4.17029    1160   11
    53   3.59663   0.94869   4.68070     597    9
    54   5.87610   0.57652   2.14165    1010   12
    55   0.06374   2.31847   2.58400    1291   17
    56   1.74467   0.98456   1.58229    1822   18
    57   3.38806   1.52544   2.33839    1332   16
    58   4.97817   1.67123   0.45160    1375   15
    59   1.99731   2.15998   0.83234    2287   20
    60   4.52192   1.74221   5.28914    1276   15
    61   3.27884   1.90320   2.10609    1238   14
    62   5.00871   2.29760   0.70504    1162   14
    63   2.76736   0.39771   5.29967    1774   18
    64   1.84537   1.43448   4.89737     967   13
    65   3.50776   1.20314   2.20427     821   11
    66   5.73128   2.64507   5.81377    2614   25
    67   1.08674   2.62143   1.00419    1809   13
    68   0.91948   1.18663   4.84312     797    9
    69   0.55926   2.40548   3.70842    1755   17
    70   3.96715   1.11058   2.36002    1190   14
    71   0.63262   0.86260   4.90222     888   12
    72   0.24722   2.77616   1.94011    2122   20
    73   2.23380   2.20221   6.14144    2300   16
    74   5.23634   0.71579   0.58984    1303   16
    75   5.16142   1.02601   5.26075    1168   16
    76   5.74761   0.94876   5.42668    1036   14
    77   4.88297   1.37858   3.82442     637   15
    78   2.35349   0.20971   2.16594     964   14
    79   5.56088   2.34711   2.60878     996   13
    80   3.12183   2.11139   5.72085    1192   14
    81   5.61227   2.32856   5.71893     867   10
    82   3.97388   2.04868   1.64723    1183   15
    83   4.35429   1.57101   5.59438    1152   16
    84   0.18651   2.56875   4.67141    1805   16
    85   2.05323   1.09172   5.11211    1371   17
    86   3.73085   1.76087   0.70576    1045   13
    87   2.28359   0.12217   1.16548    1107   14
    88   0.61288   0.75690   5.72590     573    8
    89   4.14666   0.50656   5.06525     890   11
    90   5.68479   0.87713   4.58775     806   13
    91   4.30673   0.92247   5.81264    1897   18
    92   2.43455   1.86102   3.23979    1457   16
    93   3.07913   2.37305   2.81241    1249   16
    94   5.08159   0.58556   5.62178    1366   13
    95   1.29673   2.75531   4.07551    1309   17
    96   0.53934   1.27347   2.01536    1148   13
    97   0.80822   0.96988   3.09436    1799   19
    98   4.84121   0.93557   3.30781    2030   18
    99   0.85430   1.33742   0.25480    1474   16
   100   0.76710   1.79072   2.04542    1550   18
   101   3.34094   0.52989   2.13760    1756   20
   102   1.22976   1.10440   0.23304    1327   16
   103   6.26255   1.47107   5.07724    1294   16
   104   4.96173   1.93128   5.25522     773    9
   105   3.53227   2.88014   5.01430    1397   19
   106   3.11888   1.89659   0.58302    1288   14
   107   0.19341   2.26794   5.87381    1584   15
   108   0.98035   1.49297   0.01016    1835   18
   109   4.48761   1.25012   5.79372    1096   13
   110   2.34602   2.11357   5.68501    1497   17
   111   3.03799   1.70156   0.07935    1008   13
   112   2.19778   0.39858   4.08718    2394   17
   113   0.62896   0.41452   2.97740     892   12
   114   5.17706   1.59307   5.71022    1536   13
   115   4.24123   0.99442   3.44969    1451   14
   116   1.79519   1.87803   3.18360    1509   17
   117   5.90452   1.82413   4.50394    1614   15
   118   4.41063   0.71924   4.80821    1112   15
   119   5.44867   0.13605   2.79288    1626   14
   120   0.76717   2.48963   3.11007     623   10
   121   1.31266   2.69416   1.57642    1435   15
   122   5.50531   1.94429   0.54958    1349   13
   123   2.07440   0.95942   0.64178     901   14
   124   1.85655   1.29259   3.81982    1379   16
   125   3.65128   2.62608   0.17739    1394   17
   126   3.39381   2.63344   3.06013    1985   15
   127   1.92439   1.03427   0.65887    1839   20
   128   6.06889   2.23501   5.30247    1409   19
   129   0.88819   1.88803   5.50002    1176   14
   130   1.77218   2.15934   2.40104    1272   16
   131   2.49290   1.66265   3.92640    1151   12
   132   0.23622   0.82994   2.35813     782   10
   133   3.79964   1.92920   2.10874    1798   17
   134   5.77354   1.90503   5.03775    1092   11
   135   4.31879   1.37962   3.29521    1443   16
   136   0.40271   0.88236   2.17334    1417   13
   137   2.02009   2.20890   1.02049    1020   14
   138   1.75489   2.86685   1.46383    2017   19
   139   5.73404   0.71025   5.72903     785   11
   140   3.50313   2.81625   5.00404    2057   21
   141   0.29177   2.38958   4.05244     722   10
   142   3.82205   0.59880   0.15951    1527   16
   143   5.75660   1.27865   1.26417    1739   19
   144   3.98936   2.07712   1.75035    1406   16
   145   1.60130   1.88234   5.78139    1250   15
   146   4.00462   1.51687   1.94391    1457   15
   147   4.50618   1.55867   1.86154    1106   11
   148   5.42763   1.30461   4.01882     885   11
   149   5.61577   0.52870   5.62662    1716   20
   150   2.24495   2.15682   4.26951    1604   15
   151   4.72366   2.61861   5.49772    1051   14
   152   3.93841   2.06270   4.08228    1146   13
   153   4.58917   0.92778   2.36956    1552   21
   154   0.65991   1.07110   1.89750     867   13
   155   6.13222   2.55027   1.71632    1648   18
   156   1.31277   1.76675   1.55711    1319   16
   157   1.90066   2.88018   5.83298    2166   17
   158   4.07099   1.95164   3.91004     924   13
   159   2.65056   2.57316   3.29104     927   16
   160   0.15323   1.34955   5.43034    2251   14
   161   0.17808   1.81083   1.76541    1891   20
   162   1.48086   2.63467   4.74405    1131   14
   163   2.64557   1.21289   4.05427    1586   17
   164   1.84097   1.70812   5.16782    1394   18
   165   0.26771   0.39807   1.43741     910   13
   166   5.05056   0.54282   1.14360     913   14
   167   0.42257   0.56679   6.09419    1546   16
   168   4.01163   0.71419   2.43185     653   10
   169   6.06941   1.03723   4.96608    1416   15
   170   2.59970   2.25264   0.29530    1286   14
   171   4.48000   2.30173   3.75900    1456   15
   172   3.77724   1.26765   1.23289     818   11
   173   3.78096   1.90911   0.37172    2171   18
   174   4.96605   0.60188   0.43253    1519   15
   175   4.92651   2.29122   3.71716    1013   14
   176   2.15116   1.79093   1.39163    1443   13
   177   4.69508   0.68338   2.05304    1672   19
   178   5.03146   1.80463   2.06868    1207   17
   179   1.96251   1.16002   1.88846    1346   17
   180   3.90561   1.56464   1.74107     565   10
   181   2.68653   1.99165   6.22636     805   14
   182   4.42942   2.53668   0.05050     844   11
   183   3.27955   0.70283   2.09735     905   12
   184   3.12107   0.66629   3.62055     555   11
   185   3.20800   0.81195   3.29692    1381   15
   186   4.75908   1.92463   0.79983    1067   15
   187   3.21167   1.62442   3.56985    2035   20
   188   5.99203   1.86104   0.57110    1786   14
   189   5.35802   2.34892   4.01076    1451   14
   190   1.80244   1.51269   3.38911     915   14
   191   3.05052   1.37484   1.46727    1808   18
   192   4.08504   2.51690   3.12001    1371   11
   193   0.63639   1.80876   4.10820     845   13
   194   0.40947   2.27480   1.33801    1433   17
   195   4.90125   1.22493   6.00502     886   15
   196   0.92750   0.44194   0.55788    1396   18
   197   1.23791   1.33973   6.01839    1358   16
   198   1.04586   2.32899   1.95663    1513   18
   199   2.19022   0.61593   3.45862    1057   16
   200   5.38802   1.48658   2.38213     875   13
   201   4.26639   2.63690   4.90518     720   11