     1   0.00000   0.00000   0.00000       0    0
     2   0.58942   1.54989   6.09562   46511   38
     3   2.67970   1.79461   1.58816    1128    8
     4   1.87220   1.09476   3.73891     559    8
     5   3.32501   2.14880   2.69065    1011   11
     6   1.07554   2.07686   2.10455     120    4
     7   0.78126   1.09034   3.25736     720    8
     8   4.58373   1.19799   0.18975     139    5
     9   2.12475   2.87571   2.70155       4    1
    10   5.62048   0.67843   5.91480     389    8
    11   4.41979   1.33420   2.03116     552    9
    12   1.07324   1.33858   1.50619     221    6
    13   2.96849   2.36943   2.99847     680   12
    14   3.90399   2.04729   5.72857     879   10
    15   5.16072   2.65226   2.38729     434    5
    16   0.07039   1.44612   4.04361    1587   17
    17   4.25479   1.01142   3.63357     727    8
    18   2.98645   1.08459   3.81454    5034   13
    19   0.12546   0.88306   0.30713    2452   12
    20   2.26334   2.34309   3.31819     478    9
    21   2.05796   1.90308   5.96423     405    8
    22   3.52523   1.44965   5.94838     159    7
    23   0.57756   1.56955   4.52291    1064    6
    24   3.70471   1.83559   2.53093    4413    9
    25   3.08534   2.48616   1.23605     281    5
    26   6.26805   0.94861   1.50721   13121   23
    27   2.40396   1.87046   4.26106    2862   13
    28   0.37011   0.68483   3.57665      12    1
    29   4.05933   1.91317   4.05462    6564   12
    30   2.19571   1.74771   3.07424     239    6
    31   5.93902   0.38145   0.60763     884    4
    32   6.21695   2.04805   0.43816     651    9
    33   6.16852   1.13071   5.65013     718   11
    34   2.63928   1.06683   5.63660     121    7
    35   1.91529   0.91254   4.71536    1178    9
    36   3.93302   1.65681   5.46577    1235   11
    37   5.98396   2.45827   4.14182     795   13
    38   0.11429   1.13212   1.53242    2405    9
    39   0.60647   0.86746   2.18698     607   10
    40   1.92414   0.25773   3.27871     385   11
    41   5.59920   1.49649   0.59306   19796   19
    42   2.30828   1.72467   3.97449    1821    9
    43   3.68051   2.12624   0.31693     801    4
    44   2.19096   1.12164   5.62556      56    4
    45   2.52478   2.05914   5.75475     422    8
    46   3.97556   1.85514   2.43090     373   11
    47   3.50622   0.88425   5.16751     287    7
    48   2.12475   2.87571   2.70155      20    5
    49   2.65595   1.50789   1.66312     128    8
    50   3.42598   1.36662   0.29166    3090   10
    51   3.98769   1.90472   0.49373    2339   11
    52   2.75951   1.68328   0.43892     781    7
    53   3.55125   0.70940   4.39156    2417   11
    54   3.68953   2.30417   1.14038    1366   10
    55   2.50479   1.91788   5.62429    4473   16
    56   1.41723   1.18793   5.26835    2810    8
    57   3.94430   2.26444   0.31994     911   12
    58   2.17608   0.93845   5.51473     183    6
    59   5.98116   2.02533   4.39900    6173   14
    60   4.54366   1.38079   5.45222     299    7
    61   5.07579   2.96866   3.22743     773    9
    62   3.98624   0.98253   4.23305  111101   52