     1   0.00000   0.00000   0.00000       0    0
     2   0.91728   1.65451   4.85793    1426   16
     3   5.57349   0.11799   3.30826    1605   20
     4   0.99568   1.62718   3.15566    1917   16
     5   1.77559   3.04949   0.79223    2124   20
     6   2.66030   1.41528   4.66564    1102   13
     7   4.28335   3.11474   3.32584    1402   17
     8   0.97433   1.54982   3.31779    1881   14
     9   5.75186   0.11413   6.21886    1880   16
    10   5.61036   1.51960   3.17218    1995   18
    11   2.68571   1.43220   3.17568    1014   14
    12   5.69288   1.66870   1.37583     902   13
    13   0.95679   1.60044   4.64217    1652   14
    14   1.00152   1.66572   1.60965    1306   17
    15   2.55431   1.57337   0.12388    1131   12
    16   5.67262   1.56665   4.68272    1711   21
    17   2.51856   1.52485   4.74179     849   14
    18   4.82837   3.10556   3.89586     820   14
    19   3.44573   3.03106   2.53747     958   13
    20   5.57753   1.69325   4.55605    2048   20
    21   2.62645   1.54454   1.55691     870   12
    22   5.66051   1.66951   3.17050     908   13
    23   2.36748   2.99355   6.16695    1695   16
    24   5.62533   1.53275   1.42853    2116   20
    25   4.13323   1.56711   0.01750    1990   19
    26   1.47825   3.08524   5.29405    1101   16
    27   2.59089   1.59233   3.15357    1078   17
    28   3.74728   3.02945   2.62431     729   10
    29   2.48157   1.52566   3.23839     997   13
    30   5.59854   1.63644   6.24281    1497   15
    31   2.23359   0.06479   1.79934    1571   18
    32   4.93004   2.95356   3.84382     911   11
    33   5.66905   1.66401   6.09682    1510   15
    34   5.79627   1.67942   6.21450     635   12
    35   0.96089   1.72744   3.26283    1598   16
    36   5.69153   1.66205   3.10234    1823   16
    37   1.02380   1.61925   1.47235    1298   16
    38   0.10024   0.03512   3.94994    1449   14
    39   0.98554   1.75041   4.83122    1025   14
    40   0.54374   0.08458   1.97280    1421   14
    41   0.80531   0.11007   0.13313    1461   16
    42   2.10572   0.01961   5.09801    1722   17
    43   1.18190   0.11812   4.58149    1722   20
    44   5.68097   1.62061   4.68332    2289   19
    45   2.64710   1.55404   3.21987     939   13
    46   2.58600   1.52228   4.85477    1097   14
    47   4.24671   1.52699   6.11956    1514   18
    48   3.39877   3.11781   3.98309    1584   17
    49   4.11006   1.44435   1.64722    1563   16
    50   5.64484   1.63189   1.58112    1113   15
    51   4.05646   1.39182   1.55107    1085   16
    52   3.72731   2.95952   2.71604     781    9
    53   0.93320   1.74747   4.78829    1415   13
    54   5.62533   1.53275   1.42853     679   10
    55   0.98724   1.61654   4.87153    1233   16
    56   0.95218   1.62168   4.86116    1149   14
    57   4.15748   1.62098   6.16846     612   11
    58   2.67393   1.63146   4.75780    1149   14
    59   4.10755   1.46274   3.16161    2203   18
    60   5.78219   1.55460   4.79533    1350   14
    61   4.09247   3.09665   3.04467    1257   11
    62   2.67189   1.64779   1.62819     782   11
    63   0.92175   1.65441   3.13940    1432   15
    64   2.68091   1.57027   3.20422     815   13
    65   3.39877   3.11781   3.98309     969   14
    66   5.98173   0.12198   2.88573    1029   11
    67   2.23359   0.06479   1.79934     748   10
    68   5.76166   1.62656   0.06629    1593   16
    69   1.11457   1.63329   3.14541    1056   14
    70   2.63367   1.48507   1.55765    1233   14
    71   5.59342   1.60812   1.42944    1651   16
    72   5.23398   0.05199   5.09970    2048   19
    73   0.63533   0.13594   1.97964    1493   16
    74   4.74831   0.06986   2.50927    1493   15
    75   2.60984   1.51747   0.13081    1500   15
    76   2.23359   0.06479   1.79934    1034   12
    77   5.75381   1.63727   2.99519    1348   17
    78   2.43163   2.98715   3.02095    1509   17
    79   4.22643   2.99477   1.64530    2202   19
    80   2.56780   1.47130   0.00871    2314   19
    81   2.59167   1.60176   4.88097    1709   20
    82   5.74921   1.66833   0.04302    1069   12
    83   0.12320   0.14592   2.41964     856   14
    84   4.17890   1.52044   1.63792     984   12
    85   4.18070   2.99577   0.08190    1125   17
    86   5.64742   3.08843   6.19506    2102   19
    87   5.82996   1.56850   6.12457    2005   16
    88   4.22792   1.42181   3.15944     744   12
    89   0.99768   1.66982   4.68398    1223   13
    90   2.38620   3.11229   6.12355     994   14
    91   5.76445   1.50495   3.13260    1469   15
    92   5.62533   1.53275   1.42853    2336   18
    93   5.80700   1.54048   1.44057    1816   16
    94   5.64536   1.53571   1.42072    1546   17
    95   4.10868   1.57002   3.17587    1539   16
    96   5.70977   1.71533   1.59454     533    7
    97   2.51270   1.51038   1.56072    1777   14
    98   2.23359   0.06479   1.79934     653   11
    99   0.94371   1.65148   1.53324    1545   14
   100   6.22691   0.05768   2.53493    1482   13
   101   4.82837   3.10556   3.89586    1197   14
   102   2.44473   1.64442   4.70351    1885   18
   103   2.55426   1.60127   4.80107    1951   17
   104   4.12066   2.98581   0.09969    1114   13
   105   5.22248   0.06321   1.94442    1231   16
   106   0.57320   0.21284   5.19866    1350   14
   107   5.75438   0.16879   6.19155    1647   17
   108   5.70634   1.63730   6.28232    1257   16
   109   2.46809   1.45281   4.86319    1330   15
   110   4.23241   1.65081   3.11261     714   11
   111   2.65686   1.42744   1.59622    1653   13
   112   2.55536   1.55250   3.19272    1391   13
   113   2.54968   1.41658   0.02748    1528   16
   114   4.20032   1.42689   4.61309    1016   13
   115   4.07689   1.43812   3.02817    1303   14
   116   5.72189   1.70249   1.42201    1119   13
   117   4.26755   1.56398   0.00821     966   15
   118   2.90860   3.05998   0.37319    1206   15
   119   4.04790   1.49976   4.71188    1279   16
   120   4.23241   1.65081   3.11261     670   11
   121   2.58716   1.45260   1.63727    1613   20
   122   4.20526   1.57792   2.98929    1967   19
   123   0.89444   1.67970   1.56491    1866   16
   124   1.65291   3.08572   5.24337    2573   23
   125   0.96706   1.64215   0.09915    1743   16
   126   5.67344   3.08121   4.61933     901   15
   127   4.04751   1.56993   3.12494    1126   14
   128   5.63617   1.63140   4.72750     968   17
   129   5.75769   1.70183   1.48573     964   13
   130   2.91419   3.03263   0.25756     948   11
   131   5.63617   1.63140   4.72750    1471   18
   132   3.43185   3.11298   5.46042     576   11
   133   2.49886   1.57880   1.72267    1539   16
   134   1.01947   1.73738   0.08343    1137   15
   135   5.70925   1.52287   3.10253     739   10
   136   4.16861   1.43187   1.59009    1079   12
   137   1.02477   1.49652   4.65045    1417   16
   138   0.98996   1.62129   3.19876     616   11
   139   4.61087   3.05449   0.45506    1189   16
   140   0.96676   1.60613   6.28138    1550   15
   141   1.01590   0.16508   4.67515    1514   17
   142   0.97954   1.65423   3.19497    1309   12
   143   2.67393   1.63146   4.75780     711   12
   144   5.63365   1.57520   4.69196    1559   18
   145   2.65929   1.64211   0.08846    2154   25
   146   0.74651   0.08984   4.99833    1067   13
   147   6.01320   0.16884   5.89472    1513   13
   148   0.97077   1.51100   4.72887    1277   12
   149   4.13323   1.56711   0.01750     882   13
   150   2.17060   3.09674   1.08968    1121   12
   151   2.53879   1.65345   1.56523    1115   14
   152   5.80567   1.54637   3.09072    1458   16
   153   3.08498   3.04509   3.58645    1256   13
   154   0.89338   1.51018   1.56625    1387   14
   155   4.22582   1.41573   6.17522    1075   13
   156   2.50042   0.01385   3.23261    1081   18
   157   4.12455   1.54252   6.19929    1325   15
   158   2.46635   1.46682   1.62222    1108   12
   159   0.89656   1.68193   3.18914    1569   15
   160   0.00532   0.15637   5.59566    1050   11
   161   4.25558   1.45802   6.22832    1581   15
   162   2.58709   1.48719   4.88111     807    9
   163   4.06142   1.47191   3.12130     967   12
   164   1.11987   1.70852   4.72828    1465   18
   165   0.13832   3.10927   3.89516    1829   17
   166   4.27065   1.49145   2.99087     925   13
   167   0.57238   0.18266   3.62217    1118   12
   168   0.53386   0.06871   0.54066     611   11
   169   2.51471   1.57283   4.76279    1068   13
   170   4.17219   1.54008   6.20553    1410   15
   171   5.60883   1.45113   6.16919     932   15
   172   2.46968   1.53876   3.19605    1282   13
   173   2.54986   1.48161   0.14371    2579   20
   174   2.23359   0.06479   1.79934    1081   14
   175   5.72566   1.62932   4.78100    1043   13
   176   0.20592   3.07776   5.47662    1464   15
   177   4.24193   1.50708   3.23459     668   11
   178   0.31816   0.19440   3.85960    2238   18
   179   4.00782   3.09703   6.15277    1460   13
   180   4.02776   1.51360   4.70011    1364   13
   181   0.89840   1.61016   3.13606     851   10
   182   2.70767   1.57891   1.57611    2559   19
   183   0.23370   0.17166   4.04124    1106   13
   184   2.69138   1.51245   4.80110    1557   13
   185   2.58461   1.57341   3.25833    1323   11
   186   2.56868   1.57189   1.54515    1387   11
   187   2.57197   1.56727   3.23981    1159   15
   188   5.67262   1.56665   4.68272     921   11
   189   2.90380   0.06350   2.84852    1094   13
   190   4.20927   1.57791   4.67957    1941   19
   191   1.09640   1.66837   0.06752    1176   12
   192   2.53092   1.51802   4.75376    1154   17
   193   3.09708   3.02771   3.68918    1383   13
   194   4.25023   1.60933   3.13164    1155   14
   195   1.00839   1.62114   1.62592    1939   18
   196   0.09915   0.16833   0.82948    1264   15
   197   3.39877   3.11781   3.98309    1345   17