     1   0.00000   0.00000   0.00000       0    0
     2   1.56985   0.61636   3.10347    1241   14
     3   2.28839   1.82904   4.04665    1313   15
     4   5.47412   1.64839   2.18486     552   10
     5   5.89472   2.29006   5.28372    1288   12
     6   3.70195   1.99186   4.14535    1429   19
     7   0.43558   0.53923   4.60086    2325   19
     8   4.54967   2.51999   0.42549    1034   17
     9   0.67257   1.70349   3.00960     880   11
    10   4.05786   0.82691   2.91898    1143   16
    11   3.35161   2.07434   6.24698    1421   17
    12   2.38535   0.88026   3.56337    1688   16
    13   4.81820   1.14938   5.25844     964   12
    14   5.36639   0.82566   6.10874    1479   15
    15   5.92948   2.25735   0.50052    1218   14
    16   0.68271   2.05002   5.53296    1349   18
    17   2.60885   1.46290   4.77051    1753   20
    18   4.21272   1.26229   3.75628    1479   16
    19   0.64714   0.90329   3.01062    1385   13
    20   0.01107   1.02981   5.88945    1205   17
    21   2.39057   1.06783   0.79066    1383   17
    22   2.03198   1.57017   0.59228    1437   17
    23   2.57043   0.91660   0.00071    1398   14
    24   2.09923   0.93865   3.69963     738   12
    25   1.44559   0.53072   5.84276    1685   16
    26   5.51275   1.43409   4.50301    1523   15
    27   4.08107   1.21469   4.30371    1321   14
    28   3.44374   0.62126   5.88887    2205   19
    29   1.64120   1.49466   6.18104     836   11
    30   5.63406   1.15511   4.08035    1570   18
    31   0.70203   0.95629   3.50521    1154   14
    32   1.67460   1.51943   0.21508    1006   16
    33   5.58622   0.66119   4.44885    1461   16
    34   5.29628   1.58492   4.75570    1620   18
    35   0.98123   2.69370   4.52337    1386   17
    36   1.23513   2.02358   0.06701    2334   16
    37   2.46045   2.31394   0.21979     847   10
    38   1.40695   2.19699   4.37055    1138   14
    39   1.87311   2.17804   3.18995     943   14
    40   3.65177   1.41269   5.32612    1601   14
    41   4.09683   0.82881   1.66438     974   13
    42   1.71058   2.15283   5.56314    1037   15
    43   6.00978   2.01345   1.88917     816   12
    44   0.30567   1.20288   5.02253    1038   14
    45   1.90548   2.40558   3.87802    1622   17
    46   4.07044   1.87834   2.39558    1755   16
    47   3.85746   0.99042   3.45461    1065   14
    48   4.27657   0.56192   5.29532    1466   19
    49   3.27375   2.37493   1.20408    1405   14
    50   3.82940   0.71894   5.25276    1937   18
    51   0.73851   1.60164   2.14064    1049   16
    52   4.45153   0.60379   1.23965    1550   18
    53   5.52594   1.10717   3.87554    1175   14
    54   3.70808   2.33606   6.15356    1030   14
    55   6.08296   0.81980   4.00939    1153   15
    56   5.16425   0.53652   5.44436     751   11
    57   5.37157   0.91986   5.84218    1536   16
    58   3.10163   0.91681   3.93507    1366   15
    59   6.11960   0.80136   2.37474     969   13
    60   3.55519   1.85492   5.58708    1410   17
    61   4.21594   1.10821   0.18545     917   11
    62   3.71489   0.72450   0.45973     696   10
    63   3.03360   0.07298   2.32887    1047   12
    64   4.37606   0.47523   2.91401     841   11
    65   2.18736   1.16571   5.72698    1055   15
    66   1.34410   0.89570   4.43307    2119   18
    67   3.28645   1.67830   1.41288    1224   14
    68   1.89475   0.45487   4.22200     780   12
    69   0.72696   0.77206   0.04192    1592   19
    70   0.79458   0.90442   5.30259     731   10
    71   1.86701   2.48009   4.75265    1580   14
    72   4.03037   0.84214   6.01279    1285   13
    73   4.33945   1.61789   2.15328    1563   16
    74   3.36863   2.21200   1.64016    1213   15
    75   0.68518   0.98449   2.47881    1412   14
    76   1.31249   2.19243   4.52915    1664   15
    77   2.90650   2.31829   0.57648    1479   16
    78   2.86610   0.90458   0.43473    1864   18
    79   1.81544   0.26271   4.82702    2015   16
    80   1.04076   1.31887   0.85894    1285   15
    81   1.52479   1.50351   5.67849    1464   15
    82   5.46132   1.12331   2.49863    1316   13
    83   0.81678   0.82673   5.30436     779   10
    84   2.00428   1.27552   4.16025     770   11
    85   4.85238   1.92342   3.46496    1537   14
    86   1.72083   2.80560   4.87686    1028   12
    87   0.06317   2.32139   2.33735    1620   16
    88   4.02202   1.05446   1.36117    1013   13
    89   0.45955   1.82871   0.86878    1122   12
    90   0.57453   0.95460   1.30841    1208   12
    91   0.98013   0.86792   3.52796    1803   17
    92   5.23421   1.38138   2.80030    1151   15
    93   1.19242   2.81078   5.68670    1053   15
    94   1.83136   2.43093   1.65179    1491   18
    95   3.29329   0.75241   3.63044    1194   14
    96   4.30272   1.72018   5.43086     733   10
    97   0.93688   2.20498   5.56551     925   12
    98   0.60362   1.53342   0.00735     862   13
    99   4.40160   0.70450   1.84376    1400   17
   100   5.67592   1.96335   3.30752     789   10
   101   5.99774   2.44911   1.71462    1335   13
   102   3.25681   1.44009   2.84179    1154   12
   103   2.48787   0.87516   6.00379     882   13
   104   0.96599   0.46004   5.94487     815   13
   105   2.43614   1.84492   2.23656    1278   16
   106   3.54902   0.68828   3.79909    1290   16
   107   4.24869   0.83973   3.46332    1864   19
   108   2.14390   1.98089   1.33442    1381   14
   109   5.47640   0.91507   1.88452    1034   13
   110   5.71335   0.95108   5.12125    1707   17
   111   1.01730   0.72742   2.93375    1490   15
   112   2.48247   2.11672   0.79678     923   14
   113   3.32571   0.03617   2.58518     745   12
   114   3.89565   1.67372   5.32905    1266   13
   115   3.50814   0.72072   3.85827    2327   21
   116   1.25307   1.03202   0.59992     707   12
   117   1.11829   2.24078   5.66947     974   11
   118   5.51615   1.75641   0.22673    1576   15
   119   5.66447   1.17641   5.46217    1345   16
   120   3.69789   2.45895   5.65704    1159   14
   121   5.28790   1.92027   0.11178     830   13
   122   4.76459   1.96898   0.21866    1452   14
   123   2.34537   0.63281   3.53907    1073   15
   124   3.74028   1.22141   5.53203    1746   18
   125   2.36107   0.41864   5.30053    1267   16
   126   0.98674   2.15912   4.71783     878   13
   127   2.65718   2.13221   3.53720     947   13
   128   5.70461   2.24174   2.15031    1378   16
   129   2.67302   0.81886   3.10354    1188   15
   130   1.69618   2.36587   4.05398    1190   13
   131   0.18318   1.05996   0.89686    2059   16
   132   1.88383   2.22331   1.94584    1700   17
   133   3.43631   2.30284   2.03697    1084   14
   134   2.84948   1.44036   0.82978    1388   15
   135   3.77085   0.58411   4.32673    1623   15
   136   3.49127   2.66884   4.26156    1046   14
   137   1.82449   0.66030   2.99788    1032   17
   138   1.94550   1.08551   1.82309    1048   14
   139   4.66216   1.85475   5.97784    1278   12
   140   0.11851   2.09635   4.13180    1248   13
   141   2.89410   2.39862   3.67085    1272   16
   142   3.98040   2.66856   4.90926     608   11
   143   2.04303   2.85646   2.65175    1218   15
   144   1.96909   0.73461   0.77657    1089   13
   145   3.33437   2.04789   4.40425    1122   14
   146   4.26235   1.14718   2.56553     967   15
   147   0.22941   2.39708   3.76286     862   13
   148   5.97844   1.59137   6.17132    1086   13
   149   5.47776   1.77128   3.96211     887   10
   150   1.94098   1.01052   1.33000     837   12
   151   2.51581   2.88421   4.83083    1162   13
   152   4.64484   2.31309   5.21284    1170   11
   153   0.45022   2.08075   4.19843    1151   15
   154   4.09692   1.11910   1.43286    1793   17
   155   0.11248   2.67612   2.53539    1677   15
   156   0.52370   1.62282   2.38936    1712   21
   157   4.39377   1.42815   5.63513    1276   15
   158   1.45553   1.78075   2.00586    1544   18
   159   5.07057   1.33929   0.40837     658   11
   160   1.14246   1.06414   2.83526    1265   15
   161   3.02080   2.37382   4.09635    1540   15
   162   2.88734   0.90178   4.13535    1098   15
   163   4.14184   2.48136   1.06553    2100   22
   164   2.23662   1.19080   3.79565    1178   14
   165   2.97017   2.23145   0.03584    1616   15
   166   5.60577   2.34386   3.80809    1114   13
   167   5.28473   2.71827   3.04339    1729   17
   168   2.33548   0.82464   0.01459    1337   17
   169   4.57413   1.45453   5.41557    1241   14
   170   3.98242   2.64300   2.32078    1312   16
   171   1.58868   1.89750   0.51316     886   10
   172   3.18074   0.54550   4.91393    1616   15
   173   6.18861   1.71683   3.75519    1119   14
   174   2.10309   1.96643   4.66252    1374   16
   175   1.05048   1.92067   1.70370    1815   16
   176   4.90935   2.31339   4.05282    1370   15
   177   5.56306   1.56081   1.72165    1433   13
   178   4.16850   2.35064   2.80701    1013   11
   179   4.66648   1.11539   5.42792    1250   14
   180   6.14327   1.06567   1.18951    1290   13
   181   4.96935   1.92610   4.88750    2348   17
   182   4.33491   1.30080   0.09639    1871   18
   183   2.13540   1.19645   1.12603     984   14
   184   5.74839   2.21259   5.31390    1079   16
   185   2.88891   0.75653   0.08195     897   13
   186   3.14255   1.43432   2.47889     939   16
   187   4.52686   2.82376   2.08680    1354   17
   188   5.17128   0.36975   0.53784    1032   12
   189   3.00558   2.68720   6.06514     993   14
   190   5.39428   1.27567   0.94211    2301   20
   191   4.14086   2.31704   2.98849    1486   17
   192   4.79380   2.27303   1.30844    2258   20
   193   0.63323   1.52765   3.77221     865   12
   194   4.30085   2.43763   0.41561    1695   17
   195   3.83456   2.16549   1.53455    1650   19
   196   2.75676   2.01295   2.23779     981   13
   197   5.11747   2.32010   3.74973    1787   17
   198   5.01935   1.14932   1.87854    1358   16
   199   5.05750   0.81405   2.68652    1343   12
   200   4.29534   0.85632   2.53278     856   12
   201   1.86994   0.89811   3.93820    2155   18
   202   4.70281   0.27935   1.25684    1453   16
   203   3.70464   1.90543   2.84863    1509   15