     1   0.00000   0.00000   0.00000       0    0
     2   1.12640   2.39195   0.59337     712   12
     3   1.15875   1.86575   5.14865    1447   15
     4   1.66520   1.11014   2.57272     977   12
     5   2.10130   1.91445   0.42782    1499   15
     6   2.52252   1.86394   3.16820    1910   20
     7   4.09685   1.10922   2.36688    1069   13
     8   5.04943   1.79174   2.65531    1372   13
     9   5.46201   1.44954   0.18419    1640   14
    10   0.23858   1.69331   2.21833     864   12
    11   0.87827   0.57937   4.28670    1379   14
    12   1.07518   1.87668   4.16979    1742   17
    13   4.28905   1.04043   3.88441    1315   15
    14   5.31755   0.90703   2.41964    1417   16
    15   1.38730   2.61064   2.46480    1158   13
    16   3.97018   0.99836   4.21562    1445   16
    17   1.52428   1.44762   0.57162    1667   16
    18   1.74420   2.05421   4.35999    1237   14
    19   6.10429   1.67298   4.61668     772   10
    20   3.60789   1.92851   4.12528    1136   12
    21   3.43780   1.25053   6.24480    1303   13
    22   5.32047   1.69472   5.41455    1118   13
    23   2.20954   0.57647   4.52662    1059   14
    24   1.38270   1.87796   1.56174     921   13
    25   1.21913   2.55800   2.22534     923   11
    26   2.62433   1.70063   0.94874     938   13
    27   5.24897   2.84948   1.28738    1806   14
    28   4.29898   1.60702   2.30182    1256   13
    29   2.69897   0.21464   5.01568    1662   17
    30   3.84533   2.12950   0.93463    1503   14
    31   0.96552   2.58505   3.92666    1054   12
    32   5.53389   2.12640   0.57362    1520   17
    33   2.44747   0.97655   1.13574    1272   14
    34   3.20962   1.73473   4.28660    1065   15
    35   1.43798   1.51270   1.55542    1572   17
    36   1.84905   2.71782   4.00924    1931   17
    37   6.27837   1.84846   4.65390     626   10
    38   3.35581   1.43074   2.27195     758    9
    39   5.53164   1.38315   3.03180    1401   16
    40   1.49489   1.31433   0.66029    1395   13
    41   4.32883   2.67972   0.73265     984   14
    42   5.58827   0.51121   2.73232     535   11
    43   2.55954   2.05466   2.19832    1165   12
    44   5.09492   2.67226   5.76162    1123   15
    45   1.85886   1.12930   0.75990     833   10
    46   2.86638   2.79472   4.72411    1595   15
    47   3.21721   1.96388   3.01058     905   13
    48   1.50192   2.30174   1.36354    1175   14
    49   5.58798   0.89119   6.07773    1459   17
    50   3.11557   0.73816   5.53888    1774   16
    51   4.53379   2.10627   2.20128    1114   12
    52   1.76023   0.75440   1.45367    1125   15
    53   0.89073   1.22432   1.11729    1278   13
    54   1.67719   0.18219   1.94431    1848   19
    55   0.79012   1.99274   2.68875    1097   14
    56   5.63024   1.68060   2.71600    1721   15
    57   6.28115   1.10241   5.06998     857   14
    58   3.00267   1.35709   0.67612    1283   14
    59   1.26631   2.03651   5.59551    1414   15
    60   0.78480   1.30829   0.83787    1025   13
    61   1.35880   2.29007   2.41902    1326   15
    62   5.36648   2.15438   3.00755    1726   15
    63   2.06501   1.63854   1.57017    1170   14
    64   5.72082   2.46888   4.56519     783   13
    65   5.65473   1.67579   3.65534    1685   17
    66   5.23084   3.02803   0.29778    1782   19
    67   1.17230   1.44825   0.46983    1281   14
    68   1.54702   2.54984   0.77281     634   11
    69   6.18224   1.57993   3.28282     852   14
    70   3.55272   2.15870   1.14645    2127   18
    71   2.53230   2.14536   1.83866    1185   13
    72   0.92969   1.42714   3.03744    1272   14
    73   3.86819   1.65797   6.03920     861   12
    74   2.49216   2.15617   3.16559    1347   13
    75   4.47329   1.00307   2.61135     924   12
    76   2.78513   1.53584   0.28098    1494   17
    77   4.26046   1.14473   3.66913    1889   19
    78   2.86499   0.68414   6.09825    1427   14
    79   3.29924   1.28761   5.17258    1782   17
    80   0.87652   2.12917   2.81670    1690   18
    81   5.14849   0.91071   5.04044    1669   17
    82   3.93782   1.36334   3.04858    1357   14
    83   2.28515   0.80229   1.50336     801   11
    84   4.14132   0.56937   1.09872    1107   14
    85   0.45242   1.29365   3.11092    1463   17
    86   3.31710   0.45185   1.47568    1420   15
    87   6.21098   0.61340   3.33015     930   13
    88   5.45731   1.12520   2.17216    1061   15
    89   5.47217   1.50698   5.07713     752   13
    90   0.77960   1.65273   4.48725    1899   16
    91   0.69403   1.28775   0.80339    1861   16
    92   4.04298   1.85306   3.70158    1314   13
    93   5.27415   0.39987   2.16948    1338   17
    94   3.44424   0.75884   0.90745     808   11
    95   0.97279   2.26295   2.02045    1426   12
    96   5.57438   1.13053   4.20840    1250   16
    97   6.03365   2.10234   3.20624    2096   16
    98   0.95775   1.38104   2.89845     891   15
    99   1.31180   0.40859   3.98226    1809   17
   100   1.77486   2.05694   1.36817     951   13
   101   3.86039   1.27335   4.44020    1187   15
   102   2.94121   0.36469   0.21858     719   11
   103   0.32849   2.63491   0.98681    1288   15
   104   1.16174   1.83228   4.66430    1099   16
   105   2.54583   2.49241   0.00653    1382   14
   106   0.66917   2.69247   1.52273    2175   17
   107   5.36399   2.11819   1.83587     795   15
   108   6.16866   0.37717   1.24925    1367   14
   109   1.18207   1.65141   1.16493    1094   17
   110   2.50727   1.31383   0.87100     913   10
   111   0.71732   2.07123   2.53268    1552   16
   112   1.61280   2.09499   3.64445    1810   16
   113   0.91142   1.11774   5.22529    1060   16
   114   0.63090   1.79234   5.84567    1416   15
   115   0.11194   0.80224   2.78384    1058   13
   116   2.41280   2.84884   2.19678    1876   19
   117   3.64559   2.14238   5.68184    1970   21
   118   3.70175   1.23541   5.65882    1032   13
   119   4.50732   1.20378   1.00833    1174   13
   120   2.46538   2.90127   3.83779    1358   14
   121   4.76620   0.69581   1.08487     554   12
   122   3.68493   1.92065   5.34460    1220   12
   123   2.97287   0.85236   5.52477    2548   21
   124   6.04975   0.91814   2.40411     963   10
   125   3.21425   1.99904   3.06291    1745   15
   126   2.22810   1.98499   2.76502    1503   19
   127   4.44493   2.07547   5.31288    1222   15
   128   1.15368   0.54842   5.88642     610   11
   129   5.58385   2.30879   4.88661     771   13
   130   5.24930   2.88230   2.65744    1373   16
   131   2.02185   0.60450   5.84302    1092   14
   132   1.23774   0.55980   5.72009    1000   11
   133   3.74523   1.78747   0.99839    1394   16
   134   2.72592   1.29579   3.54746    1237   15
   135   0.83357   0.38579   1.16773    1571   17
   136   4.96171   1.81227   4.73778    2091   17
   137   0.21414   2.45062   0.84705    1283   12
   138   4.61472   0.28000   3.89912    1362   15
   139   1.21848   1.18272   3.99448    1808   19
   140   1.46159   1.28625   6.21169    1540   15
   141   2.59475   0.82181   2.44900    1276   15
   142   2.70785   2.06966   4.24202    1264   15
   143   1.70520   1.38819   2.09575    1626   16
   144   2.72736   1.62097   1.62132    1075   17
   145   3.94773   0.18900   3.16764    1731   18
   146   0.02274   0.34450   1.25199    1125   14
   147   1.73090   0.59368   0.05331    1919   19
   148   5.76125   1.55889   5.59384     869   10
   149   2.06454   1.98470   6.18900    1625   15
   150   0.97776   0.71716   3.44142    1358   15
   151   1.18721   2.15671   2.03275    1646   13
   152   2.66329   1.34687   6.03698     931   12
   153   3.05124   2.26792   2.30514    1152   13
   154   3.84581   1.47586   5.48749    1006   12
   155   6.08744   1.08622   4.13269    1290   16
   156   2.42085   2.17155   5.33790    1422   13
   157   3.98410   0.30975   6.28204    1553   16
   158   3.61965   1.84429   3.12291    1353   14
   159   5.84253   2.77190   3.88692    2219   20
   160   3.17930   0.92270   0.35152    1386   14
   161   5.33549   1.09958   5.03015     874   12
   162   4.96299   1.65607   5.56840    1048   15
   163   1.96704   0.67686   3.05334    1037   11
   164   4.44086   1.60492   4.36928    1538   16
   165   1.39185   1.08493   1.32415    1898   17
   166   1.64642   1.50875   1.93684     934   11
   167   5.33007   1.63171   2.79837    1396   16
   168   0.99005   0.70116   4.15908    2072   21
   169   1.48166   0.56203   3.35121     878   10
   170   4.31488   2.53833   0.04140    1537   17
   171   5.58452   2.83032   4.76606    1981   18
   172   2.28183   1.57312   0.14150    1088   14
   173   4.34156   2.06997   4.51726    1036   15
   174   0.08331   1.53354   2.64584    1556   17
   175   3.52001   0.99514   5.10464    1002   13
   176   5.21202   0.86804   3.82015    1848   17
   177   2.19707   1.16923   0.57451    1340   15
   178   1.40114   0.98333   5.72269     988   12
   179   5.63857   1.22017   0.19506    1659   16
   180   0.24276   1.63474   4.14104     716   12
   181   1.24993   1.72868   2.34935    1504   20
   182   1.19889   1.74655   0.51823     982   13
   183   4.93286   0.74702   4.95427    1658   17
   184   4.29906   2.21041   5.60759     887   11
   185   4.03272   0.78619   2.94608    1130   15
   186   4.55463   2.24941   0.41609    1345   15
   187   3.04242   0.92361   3.39082    2172   22
   188   5.80792   1.97482   5.65553     827   13
   189   2.50017   1.84230   5.45722    1105   14
   190   3.11915   2.33530   1.38822    1620   16
   191   5.78492   1.84521   2.52532    1502   15
   192   3.78575   1.62508   5.43709    2276   20
   193   2.88781   1.22363   1.19500    1607   15
   194   2.55299   1.02401   6.09850     797   11
   195   5.80074   1.25559   2.07244    1418   16
   196   2.59519   2.26161   0.42882    1155   14
   197   4.07420   1.84133   3.24823    1043   15
   198   2.55754   1.66558   1.59624    1406   13
   199   0.85467   1.79324   5.98669    1189   12
   200   2.30646   1.04205   1.03363    1466   17