     1   0.00000   0.00000   0.00000       0    0
     2   4.00316   2.45974   0.11067    2492   18
     3   5.58968   1.65381   2.52269     975   11
     4   3.86001   2.62363   6.18292    2057   18
     5   4.00982   0.97931   3.09190    2465   18
     6   2.52816   1.45617   3.86035     679   12
     7   0.83627   2.10576   1.48204    1668   17
     8   4.06572   1.04912   4.65443     869   11
     9   5.62511   1.49172   1.06517    1532   17
    10   2.48726   1.60474   2.05789    1109   16
    11   2.54284   1.63459   2.21659     586   10
    12   4.01605   0.95716   4.66765    1200   13
    13   4.17297   0.98894   2.95355     713   11
    14   4.06535   1.00365   6.19304     282    8
    15   4.06572   1.04912   4.65443    1259   12
    16   0.84144   2.30888   3.15517    2809   26
    17   4.18749   2.58993   1.77410     676   11
    18   0.96677   0.47652   3.07379    3701   23
    19   0.68283   0.65938   0.15427     572   10
    20   0.80278   2.24895   4.58206     679   12
    21   0.94293   2.23944   0.02818    3819   19
    22   0.61923   0.53377   3.41287     721    9
    23   5.64100   1.47628   4.05546    2347   20
    24   3.99713   2.45493   3.06048     813   11
    25   5.55364   1.48153   2.52362    1113   12
    26   3.88258   2.46192   6.13248    3076   22
    27   3.77994   2.56319   6.03235    3833   27
    28   5.62597   1.68131   2.42918    1424   16
    29   2.50028   1.48662   5.37630    2649   19
    30   4.16728   2.59864   1.79290    1075   14
    31   0.87643   0.68840   3.14961    1959   17
    32   2.41149   1.59711   0.50520    3033   20
    33   4.14083   0.98312   4.59718     286    9
    34   4.02548   1.00245   0.00525     278    8
    35   4.18812   2.59326   0.15331     863   13
    36   4.06736   1.00139   6.26653    2925   19
    37   4.00316   2.45974   0.11067    1408   18
    38   4.09923   0.99596   4.64761    1032   13
    39   0.83164   0.58768   4.65604    2674   19
    40   4.00316   2.45974   0.11067     997   13
    41   0.84161   0.53474   1.49875    1782   19
    42   5.63029   1.61279   4.15736     766    8
    43   3.93509   1.02568   4.66258    1157   15
    44   4.00790   1.06974   0.00028     928   13
    45   0.68283   0.65938   0.15427     390   10
    46   5.57029   1.66354   4.11903     742   13
    47   2.38985   1.44528   2.12794     997   11
    48   0.60469   0.58212   4.98851    2216   16
    49   3.84586   2.45625   1.52069    2021   16
    50   4.14088   0.98466   1.51407    1877   16
    51   4.02536   1.04433   6.22850    1045   10
    52   5.48768   1.65111   5.60405    3101   24
    53   5.50894   1.45515   5.73238    1349   16
    54   5.68367   1.65766   4.07384    3550   22
    55   5.56709   1.56806   5.70991    3315   18
    56   3.84522   2.56076   4.53416     759   10
    57   0.92059   0.59518   3.20589    1698   16
    58   4.09078   0.87184   0.02726    1113   13
    59   5.62684   1.51282   1.08489    1906   19
    60   4.20689   2.47421   4.83326     531   10
    61   4.08334   2.43366   0.10533    1062   10
    62   4.24944   2.46323   4.91768    1207   13
    63   4.01437   2.56212   6.22581    1981   20
    64   5.66552   1.53256   2.57945    2257   19
    65   2.38285   1.63201   3.62945    1073   13
    66   0.68283   0.65938   0.15427     501   11
    67   0.88629   2.16993   1.54069     692   11
    68   2.36521   1.48930   2.16370    3499   23
    69   0.74905   0.59102   0.18150    1045   14
    70   2.45386   1.52244   0.60386     836   11
    71   0.93120   2.24528   1.58957    2497   19
    72   4.12122   2.57049   4.66394    1300   13
    73   4.17373   1.03628   4.61573    1246   12
    74   3.97705   2.62117   6.20978     412    7
    75   2.39670   1.58774   0.59867    1964   19
    76   2.52000   1.53009   3.71474    2803   25
    77   2.47705   1.52000   3.85757    1278   13
    78   4.06572   1.04912   4.65443     672   11
    79   5.57029   1.66354   4.11903    1332   14
    80   5.64548   1.68426   4.02327    1407   16
    81   0.86723   0.60303   3.15744    3018   23
    82   5.67025   1.68934   5.58427     747    8
    83   2.46119   1.42993   0.55737    1535   16
    84   5.48768   1.65111   5.60405    1220   13
    85   0.79481   0.54938   4.81158     970   13
    86   4.10770   0.95625   4.55069     704   10
    87   0.90163   2.16328   3.07909     926   12
    88   2.54281   1.53661   5.26494     308    7
    89   4.23566   2.56224   3.27795    2856   18
    90   0.88629   2.16993   1.54069     288    8
    91   3.85023   2.45610   3.02096     879   13
    92   0.79951   0.60584   1.71435    1653   17
    93   5.65633   1.56612   5.70390     549   11
    94   0.95256   0.58912   4.55202    3866   24
    95   0.94429   0.68863   3.18638     778   12
    96   3.90868   0.93228   6.26619    1619   17
    97   2.45170   1.50371   5.19431     637   11
    98   2.35995   1.66921   0.58496     739   11
    99   3.81060   2.57247   6.08531    2543   17
   100   3.93749   2.56739   6.24068     403    7
   101   0.81800   0.50998   3.21823     574   13
   102   0.93510   2.26258   3.27474     416   11
   103   4.02515   0.93257   1.57613    1061   10
   104   5.51480   1.50301   1.11436    1263   15
   105   5.71792   1.56683   5.60363    1332   11
   106   3.96602   1.09584   4.80459     707   11
   107   4.06314   0.95131   3.09926     923   14
   108   5.62855   1.60735   1.00832    1397   14
   109   0.78898   0.70230   4.80716    1119   12
   110   0.65438   0.63582   0.18049    1023   12
   111   0.00000   0.00000   0.00000     640   11
   112   5.66564   1.56993   2.61304    3158   19
   113   2.47329   1.44432   0.51803    1043   14
   114   4.09234   1.06770   1.54297    4125   21
   115   5.57029   1.66354   4.11903     879   10
   116   4.07720   2.53475   4.63076    1318   14
   117   3.95430   1.06756   1.59204     549    9
   118   4.11972   0.96957   6.22513    2111   17
   119   4.01879   2.53848   1.52387     389   10
   120   0.80510   2.05034   0.03268     388    8
   121   0.82913   2.03551   6.22815     674   10
   122   2.46423   1.65798   5.21646    2544   15
   123   3.90868   0.93228   6.26619    1499   14
   124   0.80168   0.69636   3.30469     837   12
   125   5.51356   1.58719   4.21877    1475   13
   126   2.38573   1.59126   3.81116    1943   18
   127   5.72940   1.57632   2.44600     562   10
   128   2.52816   1.45617   3.86035    1303   14
   129   2.41734   1.60133   0.68097     608   12
   130   0.80278   2.24895   4.58206     387   11
   131   3.93144   2.38818   1.40611     815   14
   132   4.09775   1.09911   0.02589    2036   17
   133   4.19472   2.51548   1.74236     615   12
   134   2.34594   1.59506   5.34886     427   11
   135   4.03084   2.55850   4.71395     953   11
   136   0.93026   2.15052   4.72096     534   10
   137   4.15019   0.91104   4.59084     447    9
   138   2.49176   1.55796   0.50882    1208   12
   139   4.01297   1.10160   0.03775     586   12
   140   3.83369   2.48361   1.38983     922   11
   141   5.57847   1.55114   2.65337     741   13
   142   4.01386   0.92824   4.78308     681   12
   143   1.02411   2.03762   1.59265    4389   27
   144   4.06572   1.04912   4.65443     365   10
   145   2.45121   1.57336   2.20261    3243   23
   146   0.77896   0.54671   0.21701    2295   19
   147   0.68283   0.65938   0.15427     597   11
   148   2.45085   1.62613   5.26655    4500   27
   149   4.10464   1.01070   4.55982    1688   14
   150   0.70106   0.64379   1.70218     615   10
   151   2.52580   1.45274   3.74678     538    9
   152   2.45118   1.43028   0.62229     462    9
   153   0.90181   2.25211   3.21404    1395   14
   154   0.66422   0.52002   1.72899    4727   28
   155   3.98924   1.11635   3.19915    1338   13
   156   0.89284   0.56742   4.65453    2308   17
   157   4.02153   1.01810   3.00379     431   10
   158   0.00000   0.00000   0.00000    1542   13
   159   0.93410   2.05821   4.66444    2296   16
   160   0.79148   0.64572   3.33038    1342   15
   161   3.87966   2.53764   4.54235    2833   20
   162   0.79409   2.12959   4.74456     434   10
   163   1.04052   0.50592   6.22024     491    8
   164   0.89952   0.64099   3.11511    4957   25
   165   4.09078   0.87184   0.02726     600   10
   166   0.95994   0.62740   4.50624     474    8
   167   1.01473   2.26472   1.68740    4621   26
   168   0.54820   0.58094   4.92466    5324   21
   169   5.62074   1.48808   2.56452     473   10
   170   4.19445   2.58417   1.66997    1836   15
   171   3.97705   2.62117   6.20978     392   10
   172   3.95430   1.06756   1.59204     542   11
   173   5.48768   1.65111   5.60405     449   13
   174   0.88629   2.16993   1.54069    1510   13
   175   2.44743   1.67585   0.54032    1574   12
   176   2.46498   1.47868   3.81422     415   10
   177   3.95430   1.06756   1.59204     932   12
   178   4.03867   0.97425   1.45808    2909   22
   179   5.53753   1.49788   4.21306    1902   15