     1   0.00000   0.00000   0.00000       0    0
     2   4.06737   1.78177   2.73344    1194   14
     3   5.61380   2.02675   4.87794    1222   14
     4   2.63744   1.19760   4.46315     977   11
     5   5.79017   2.01942   3.40275    1187   14
     6   4.12417   1.92824   2.64788     940   13
     7   0.99561   1.39594   5.06484     996   13
     8   1.97122   2.78870   2.57817    1021   13
     9   0.94652   1.38343   0.27037    1499   13
    10   1.70751   2.68616   5.44314     660   12
    11   5.77491   1.96418   1.95347    1166   12
    12   0.87841   1.19449   3.52713    2640   18
    13   1.02054   1.36247   5.03847    1323   13
    14   4.04808   1.85273   2.79713    1411   15
    15   0.91465   1.28781   3.49467     965   13
    16   5.75120   1.99487   0.39824    1299   15
    17   4.02161   1.80410   2.78143    2383   19
    18   5.79438   2.03665   0.32369    1346   16
    19   5.80493   2.03387   1.85865    1314   13
    20   5.06663   0.47045   2.17773     975   13
    21   1.06484   1.36469   0.33748    1398   13
    22   5.87542   1.87108   3.50422    1173   15
    23   5.24179   0.54725   2.09416    1172   15
    24   0.94962   1.23059   0.33124    1001   13
    25   4.07091   1.88010   4.29108    2144   17
    26   5.20851   0.56252   5.21842    1797   17
    27   4.11428   1.90303   5.90770    1031   11
    28   1.02598   1.14561   5.13360     845   12
    29   1.76986   2.58165   0.89733     813   14
    30   4.11428   1.90303   5.90770     686   13
    31   0.90582   1.32982   0.47021    1983   17
    32   5.12508   0.42347   2.15300    1084   11
    33   5.88006   2.01649   5.11475    1276   13
    34   5.01782   0.55491   5.46290    1666   16
    35   1.02970   1.21977   1.96494    1176   14
    36   5.85102   1.91430   1.83511    1654   19
    37   1.94769   2.67965   1.05265     994   12
    38   3.95555   1.85849   2.57122    1316   15
    39   5.61380   2.02675   4.87794    1962   19
    40   5.05409   0.40666   2.21512    1224   13
    41   2.66321   1.07688   4.39521     922   15
    42   4.12216   1.96817   2.67097    1116   12
    43   4.87374   0.45153   2.27499    1667   16
    44   4.12979   1.80063   4.20545     699   10
    45   2.69015   1.10634   5.87482     899   13
    46   0.87905   1.31035   0.28037    1198   15
    47   5.00369   0.44365   5.34898     801   12
    48   1.90669   2.66347   4.12860     987   15
    49   1.79438   2.71863   2.40047     807   12
    50   1.70949   2.60844   5.55919    1087   11
    51   1.05637   1.30506   2.06011    2026   16
    52   1.89391   2.68574   5.47864    1206   15
    53   4.19330   1.90217   2.78206    1171   12
    54   0.92996   1.24949   3.53925    1605   13
    55   2.48068   1.18683   4.57038    1335   15
    56   2.01831   2.63930   4.12716    1589   14
    57   4.14612   1.88253   5.91342    1383   15
    58   5.26909   0.49757   1.87071    1149   14
    59   5.19580   0.52518   3.71674     889   14
    60   5.65560   2.05828   4.82960    2136   19
    61   2.61191   1.21032   4.35681    1207   14
    62   5.79241   1.93368   1.97269    1381   18
    63   1.93050   2.68036   2.45959    2135   17
    64   5.72693   1.85494   5.01430    1800   16
    65   5.01350   0.35397   2.26231     842   12
    66   0.94837   1.20138   2.02653    1250   14
    67   5.80645   2.06838   4.97342    2212   21
    68   3.94560   1.85059   2.67559    1419   15
    69   4.10972   1.76617   1.10499    2375   18
    70   2.60307   1.09523   4.39328    1472   15
    71   5.76731   1.95546   1.93663    1250   15
    72   0.91465   1.28781   3.49467    1131   13
    73   2.65156   1.22000   4.43173    1091   14
    74   1.75330   2.67362   0.67415    1486   16
    75   5.15288   0.34884   5.29896    1388   11
    76   0.81505   1.34154   0.40108    1680   14
    77   5.21550   0.41660   2.07173    1416   14
    78   5.75379   1.97637   5.02550    1784   16
    79   2.09501   2.70347   1.09097     904   14
    80   1.03698   1.39789   2.03466    1312   15
    81   1.71181   2.69117   0.65487     891   10
    82   1.93526   2.72597   4.16732    1464   17
    83   0.92587   1.24604   3.64867    1214   17
    84   1.02552   1.19338   1.98826    1705   15
    85   2.70152   1.18329   1.17802     741   12
    86   3.98399   1.73858   4.30023    1183   15
    87   5.02795   0.45341   2.13147    1724   15
    88   2.65156   1.22000   4.43173    1078   14
    89   0.94962   1.23059   0.33124    1136   15
    90   0.95498   1.15261   0.35605    1370   13
    91   5.17075   0.52866   2.14516    1582   13
    92   1.80664   2.62611   2.36016    1095   12
    93   5.07641   0.47652   2.08226     763   11
    94   4.07824   1.79407   2.70091     895   10
    95   2.61989   1.12874   1.32085    1688   19
    96   4.05024   1.79630   1.26661    1025   12
    97   2.69015   1.10634   5.87482    1165   12
    98   5.40686   0.49399   1.92607    1237   15
    99   1.70751   2.68616   5.44314    1614   14
   100   5.79241   1.93368   1.97269    1039   13
   101   4.11728   1.86243   1.19966    1043   13
   102   2.55412   1.18976   5.96242    1152   15
   103   5.14619   0.39531   3.78767     908   15
   104   5.06034   0.59143   0.67361    1202   14
   105   5.79664   1.99503   4.92458    1826   19
   106   4.05881   1.79787   1.06443    1158   14
   107   0.98275   1.28044   3.63258    1185   13
   108   4.91414   0.57551   2.25249     987   13
   109   5.70136   2.06192   0.26958    1106   15
   110   5.86922   1.91016   3.34014     681   11
   111   2.59839   1.21658   6.09002    1489   16
   112   5.13219   0.54377   0.47046    1788   15
   113   1.72729   2.69247   2.21431    1333   16
   114   5.71322   1.93050   0.25834     858   13
   115   4.10779   1.82489   5.80488    1650   16
   116   0.99114   1.30336   1.99072    1204   16
   117   4.86265   0.47514   5.58483    1266   13
   118   0.94694   1.20091   5.13107    1948   16
   119   2.57248   1.27567   4.39218     968   14
   120   3.98052   1.80672   4.30939    1047   14
   121   2.21928   2.64092   1.13816    1195   14
   122   5.86415   1.88206   3.38832    1217   14
   123   5.04719   0.55399   2.16976    1659   16
   124   2.08608   2.77370   1.01869    1766   18
   125   5.87803   1.92837   1.96752    1084   13
   126   0.88452   1.21326   3.58948    1371   15
   127   0.94815   1.29422   5.09694    1058   13
   128   2.02592   2.50414   2.56648    1763   18
   129   0.88348   1.32386   2.00862    1102   12
   130   5.77054   2.01223   5.02786    1212   14
   131   4.06737   1.78177   2.73344    1075   14
   132   4.85182   0.47854   5.54120    2899   22
   133   1.01643   1.27723   3.61876    1155   14
   134   1.90669   2.66347   4.12860     946   13
   135   4.17581   1.84579   4.32906     985   15
   136   5.66461   1.97237   1.89515    1695   15
   137   0.98275   1.28044   3.63258    1122   15
   138   5.75240   1.97335   5.11623    1592   15
   139   2.57061   1.13853   4.54396    1508   14
   140   4.06197   1.77638   5.86541    1581   15
   141   1.00445   1.32300   5.02142    1221   16
   142   2.69984   1.07309   4.43702     894   12
   143   4.15603   1.90868   2.74112    1954   17
   144   1.79233   2.73502   3.97879    1614   16
   145   0.97171   1.32454   0.39043     980   14
   146   0.99459   1.19010   1.95661    1363   14
   147   2.01616   2.67271   4.20337    2090   17
   148   4.19264   1.93512   4.40542    1478   19
   149   5.04657   0.40294   3.72397    1279   14
   150   1.03576   1.22115   1.86703    1473   16
   151   4.08900   1.71526   4.25889     930   13
   152   5.21800   0.59786   5.24620    1376   17
   153   5.79744   1.98630   0.34911    1447   13
   154   2.59589   1.20210   4.47396    1282   13
   155   5.08946   0.58994   3.68502    2150   18
   156   2.06499   2.54466   1.06863    2145   19
   157   1.82186   2.64603   0.70974     780   14
   158   1.90278   2.69416   5.70421    1168   13
   159   1.00014   1.38852   0.31030     853   10
   160   4.99160   0.34257   5.49459    2084   17
   161   2.63992   1.07478   1.32739    1540   16
   162   2.70152   1.18329   1.17802    2361   23
   163   5.72433   2.07428   3.38269     768   10
   164   2.66565   1.14281   2.82467    1682   18
   165   5.14593   0.45105   2.14768    1547   14
   166   1.82282   2.67810   4.05190     675    9
   167   0.83127   1.43555   3.59005    1157   14
   168   2.59157   1.13702   2.75882    1188   13
   169   5.79241   1.93368   1.97269     772   13
   170   5.04719   0.55399   2.16976     761   13
   171   5.83534   2.00632   5.13409    1430   15
   172   1.96714   2.65984   4.11629    1749   19
   173   0.99724   1.28561   5.22869    1611   18
   174   5.06002   0.47034   2.17263    1172   13
   175   2.68670   1.09874   6.03085    1761   17
   176   4.10138   1.85784   5.79300    2285   18
   177   2.69015   1.10634   5.87482     889   11
   178   0.80559   1.34028   2.07408    1863   15
   179   4.98498   0.34247   3.83175    1570   18
   180   1.03698   1.39789   2.03466    1034   12
   181   5.66957   1.83198   1.81842    1229   13
   182   5.79822   1.99053   3.56684    1449   15
   183   5.61380   2.02675   4.87794    1743   16
   184   4.02312   1.97092   2.80940    1078   12
   185   2.58229   1.18122   6.10655    1011   15
   186   4.02858   1.81013   5.79776    1568   17
   187   5.76731   1.95546   1.93663     787   14
   188   0.91353   1.29815   3.55365    1392   14
   189   3.93839   1.91803   1.10232     609   11
   190   2.74548   1.14197   4.33342     962   13
   191   2.07502   2.60975   1.07669     515    9
   192   3.93839   1.91803   1.10232    1465   15
   193   0.83861   1.31234   0.38310    1538   14
   194   1.06484   1.36469   0.33748     752   13
   195   1.02598   1.14561   5.13360    1338   12
   196   5.27870   0.56077   3.59183    1075   14
   197   5.79078   1.86876   1.86927    1465   17
   198   5.79241   1.93368   1.97269    1530   18
   199   3.98963   1.82751   4.17468    1749   18