     1   0.00000   0.00000   0.00000       0    0
     2   0.01014   1.69572   4.69811     752   11
     3   3.10593   2.97979   4.82658     844   11
     4   1.55306   1.76279   1.76309    1728   15
     5   3.00000   1.47607   1.61599    1688   14
     6   4.60245   1.50448   3.05983     822   12
     7   3.68953   2.91497   2.24582    1950   20
     8   1.50320   1.70335   1.78207    1279   13
     9   6.15341   1.79950   2.93443     935   12
    10   1.54444   1.61977   3.38960     948   10
    11   1.00663   0.28867   2.07726    1326   16
    12   4.77660   1.40375   4.56210    1553   14
    13   6.20334   1.60725   4.55646     619   10
    14   4.00485   2.80003   2.39708    1296   13
    15   0.37227   0.20447   4.23781    1906   18
    16   4.76539   1.55285   3.01993    1239   16
    17   2.99470   1.43051   3.23396     843   13
    18   3.37311   3.05514   4.93469    1494   15
    19   4.79984   1.43855   6.14793    1815   15
    20   3.72200   2.94219   0.54904    1322   15
    21   4.62670   1.30590   6.03854    1477   16
    22   3.12077   1.32587   0.05096     862   13
    23   3.13877   2.98943   4.76731    1349   16
    24   4.67865   1.36332   4.51976     784   11
    25   4.14280   2.88882   2.57346    1445   15
    26   6.21321   1.75044   3.10232    1070   11
    27   4.77754   1.45718   1.44227    1108   15
    28   4.62023   1.55574   6.12658    1464   16
    29   0.55943   0.30798   0.96226    2110   19
    30   1.00663   0.28867   2.07726    1304   13
    31   6.18445   1.68877   1.43627     893   10
    32   4.49322   2.89090   3.07128     825   13
    33   6.15369   1.67107   6.17916    1119   15
    34   1.45824   0.17059   0.18690    1417   15
    35   6.25915   1.73030   2.87960    1709   16
    36   0.06979   1.72328   1.55674     857   11
    37   4.61292   1.39344   1.37205    1408   15
    38   1.43109   1.59423   0.05692    1630   16
    39   4.65110   1.53390   1.44667     803   11
    40   4.58554   1.47389   4.47078    1260   13
    41   6.20778   1.75268   1.42360    1194   15
    42   3.76429   2.83403   3.91506    1266   19
    43   4.65562   1.38657   4.46265    1329   15
    44   4.64277   1.43277   1.51460    1351   16
    45   3.73906   3.04310   0.67227    1496   16
    46   6.23534   1.76736   1.52152     937   10
    47   3.05087   1.43375   0.09248     712   12
    48   4.06842   2.85086   4.13796    2498   22
    49   0.47093   0.28548   5.78803    1795   17
    50   4.59976   1.52458   1.38555    1492   14
    51   1.46271   1.81425   4.80400    1715   15
    52   4.70086   1.39421   1.49628    1755   16
    53   1.44950   1.71401   0.12413    1346   16
    54   4.20334   2.90904   4.26316     951   12
    55   0.01818   1.58428   6.02431    1442   18
    56   3.07765   1.31806   0.09790    1144   16
    57   1.59498   1.58535   1.60945     735   12
    58   6.16908   1.65717   1.33130     935   14
    59   4.59698   1.49653   1.48495    1020   15
    60   3.61125   2.85391   3.76799     523   11
    61   4.63402   1.51280   2.88671     989   13
    62   0.00910   1.61031   1.46451     980   14
    63   4.72317   1.56310   6.22231     914   13
    64   6.16908   1.65717   1.33130    1539   14
    65   1.51109   1.72414   1.60652    1640   16
    66   0.76526   0.20536   0.80839     991   13
    67   1.64255   1.58167   3.23208    1179   13
    68   3.10778   1.50724   3.23825    1186   15
    69   4.66533   1.48422   6.15580    1177   14
    70   3.79075   2.91530   3.84657     871   12
    71   4.73746   1.49013   6.08126     848   13
    72   3.03389   1.52317   0.13992    2017   17
    73   3.79075   2.91530   3.84657     747   12
    74   6.14273   1.65076   4.45881    2057   17
    75   3.04382   1.38600   0.10510    1763   18
    76   3.03553   1.49522   0.08111    1249   14
    77   3.16623   1.34661   4.71775    1160   11
    78   1.57974   1.65996   0.12450     603   10
    79   0.84536   0.21716   5.32759     902   12
    80   1.46198   1.75214   0.22740    2404   19
    81   4.58868   1.49468   4.62607    1007   13
    82   4.62079   1.30413   4.49760    1984   16
    83   6.13979   1.70495   3.11832    1114   13
    84   6.21853   1.79777   4.50185    1407   18
    85   0.03414   1.71107   6.05136    1407   13
    86   3.03252   1.43642   3.28102    1090   12
    87   0.08159   1.79694   6.26985    1382   13
    88   0.73145   0.32769   3.96730     883   13
    89   3.04819   1.32400   1.80915    2004   18
    90   1.64288   1.78859   4.82766    1774   17
    91   0.78358   0.27397   2.42852    1581   16
    92   4.80934   1.40926   4.57856    1345   15
    93   4.69655   1.43769   1.39819    1916   18
    94   4.79647   1.38578   2.97487    1118   13
    95   3.16366   1.35837   1.67487    1124   13
    96   3.05669   1.52167   3.17869    1149   17
    97   3.67424   3.01880   5.30560    1203   15
    98   1.49217   1.80647   0.20273     789   13
    99   4.08174   2.98090   2.64587    1355   16
   100   1.58990   1.62045   3.38986    1814   17
   101   2.96298   1.43937   3.35209    1406   16
   102   1.52746   1.57462   3.21764    2352   22
   103   4.62557   1.39888   1.51485    2194   17
   104   1.46482   1.66534   0.00540     780   11
   105   3.79075   2.91530   3.84657    1094   16
   106   1.23792   0.21566   1.88607    1244   17
   107   4.71365   1.45735   2.88991    1164   14
   108   0.01830   1.69114   1.56875    1101   14
   109   3.06501   1.51326   4.80447    1104   13
   110   4.77395   1.41358   6.25311    1423   16
   111   4.11151   3.00453   1.05886    1307   13
   112   4.43819   2.92739   6.14427    1622   16
   113   0.56240   0.12254   1.04924    1118   14
   114   1.46739   1.69167   4.90174     626    9
   115   1.45824   0.17059   0.18690    1537   15
   116   4.75297   1.56156   4.46309    1152   13
   117   0.45373   0.25483   1.03068     976   16
   118   1.44509   1.62532   1.64332     957   12
   119   1.52193   1.57523   0.09400     805   11
   120   4.63732   1.50075   3.03350     766   10
   121   4.55001   1.41141   6.16932    1984   19
   122   4.10644   2.87489   5.82206    1307   17
   123   3.32862   2.97530   0.29619    1280   15
   124   1.60780   1.73231   3.31661    1362   13
   125   1.01614   0.17941   3.68690    1124   15
   126   3.79075   2.91530   3.84657     818    9
   127   6.17022   1.58586   6.13377     899   14
   128   3.00944   1.55450   0.03951    1414   14
   129   3.52192   2.86372   2.10463    1292   12
   130   1.61616   1.72534   0.13091    1421   16
   131   4.59553   1.43586   6.16380     996   13
   132   4.67173   1.53851   6.13337    1707   17
   133   1.53828   1.70279   3.17294    2419   21
   134   6.16908   1.65717   1.33130    1904   15
   135   1.17998   0.15249   1.91323    1709   16
   136   1.50159   1.72702   0.20744     830   12
   137   1.40965   0.15438   3.25674    1728   17
   138   6.20420   1.74228   2.87776    1955   16
   139   3.12159   1.46487   3.37482    2090   20
   140   3.42054   2.97552   1.79021    1567   16
   141   0.03782   1.71474   4.55406     822   11
   142   4.68731   1.34625   6.06070    1238   16
   143   4.47917   2.93152   3.04909    1052   13
   144   4.42965   3.04126   2.93492    1508   14
   145   4.79347   1.47373   3.01670    1417   15
   146   4.66190   1.35974   1.45796    1267   18
   147   4.15723   2.84292   2.60962    1117   16
   148   6.14356   1.78780   6.12265    1249   14
   149   6.16383   1.61654   2.99640    1206   17
   150   6.16908   1.65717   1.33130    1536   15
   151   6.11435   1.80676   2.97964    1137   12
   152   4.65110   1.53390   1.44667    1384   17
   153   4.71619   1.38757   6.25722     912   13
   154   3.13880   1.42777   0.01834     782   12
   155   4.37357   2.94924   1.26427    1291   14
   156   0.79198   0.15106   5.39016    2057   18
   157   3.63305   2.85029   0.52762    2156   18
   158   3.06993   1.47029   1.81531    2183   23
   159   0.07828   0.11889   4.55279    1000   14
   160   3.06679   1.32966   1.66880    1728   17
   161   1.58975   1.77869   4.84334    1549   16
   162   3.20647   1.52960   0.11629     770   12
   163   6.22750   1.66250   1.50508     966   12
   164   4.74630   1.35681   6.09352    1520   14
   165   4.02881   2.94899   0.99561    1940   18
   166   6.14592   1.59869   1.45134    1577   16
   167   6.21061   1.77017   4.60389     890   13
   168   0.01830   1.69114   1.56875    1697   16
   169   3.54182   2.97870   2.07213     956   16
   170   4.65110   1.53390   1.44667    1014   12
   171   4.61293   1.44255   6.19046    1430   15
   172   0.62519   0.13433   5.60896    1432   16
   173   3.09630   1.42343   3.38450    1447   16
   174   3.13881   1.37873   4.82579    1794   17
   175   4.17661   2.84277   2.62341    1602   17
   176   6.12655   1.75592   1.30203     937   11
   177   1.64777   1.57014   0.21754    1973   18
   178   3.04663   1.48818   4.87963     874   12
   179   3.04639   1.50302   1.70747    1404   14
   180   0.04602   1.75761   4.52246    1396   14
   181   6.18602   1.66700   6.07325    1098   12
   182   4.57493   1.39628   3.06311     950   10
   183   3.04819   1.32400   1.80915    1619   17
   184   6.20247   1.70832   3.06652    1865   17
   185   1.46230   1.69710   1.75379     967   14
   186   3.18168   1.39848   3.20835    2383   17
   187   0.68868   0.22692   2.53517    1671   18
   188   4.73561   1.36706   3.01157    1903   18
   189   1.46739   1.69167   4.90174     700   12
   190   4.65110   1.53390   1.44667     915   12
   191   1.65283   1.59665   4.73332    1160   13
   192   1.52268   1.68359   0.12541    1404   15
   193   6.20778   1.75268   1.42360    1155   14
   194   3.06754   1.43878   1.80560    1021   14
   195   3.23764   2.93936   4.75019    1119   13
   196   4.66102   1.34243   3.09743    1599   18
   197   4.57062   1.49811   3.05977    1608   17
   198   3.23548   2.94878   3.25618    1431   17
   199   3.07777   1.52073   3.35941    1281   13