     1   0.00000   0.00000   0.00000       0    0
     2   4.76368   1.45450   0.19108    1680   16
     3   5.04209   1.46136   0.60376    1723   17
     4   3.64787   2.06087   0.77326    1165   13
     5   2.21540   1.96872   6.17990    1156   11
     6   5.99848   2.00659   3.33398    1167   15
     7   5.79253   0.90584   6.11367    1439   15
     8   0.49889   1.81999   1.86475     740   11
     9   2.44128   2.10696   5.69923    1975   17
    10   1.13613   1.58169   5.87409     974   12
    11   3.19962   1.17947   5.68074     719   10
    12   2.53437   1.89241   6.16802     942   15
    13   4.82803   2.36199   3.72433    1146   13
    14   0.89099   1.81048   2.38941    1463   15
    15   2.38761   1.32032   0.69534    1291   15
    16   0.31448   1.96067   5.35180    1789   18
    17   0.55554   2.01241   6.16957    1223   16
    18   2.86325   0.62908   0.65924    1773   16
    19   4.18490   1.40588   3.07679    1002   13
    20   1.90325   0.65296   2.63754     908   13
    21   0.23964   2.48686   3.20693    1508   16
    22   3.56178   1.90686   0.66257    1154   14
    23   0.23474   2.58293   4.95105    2078   18
    24   1.80007   2.35018   4.43876    1027   12
    25   4.85629   0.67931   2.35327    1733   14
    26   3.75686   2.57141   2.44285    1202   15
    27   6.24000   2.71786   3.76170    1648   15
    28   5.78608   0.79179   3.59016     560   10
    29   2.04518   1.29511   4.09081    1032   15
    30   4.28206   1.51503   1.04686    1411   17
    31   0.88118   2.62355   0.73030    1377   13
    32   5.37585   0.57168   0.44257     831   12
    33   0.82425   1.04195   3.49518    1587   16
    34   3.98519   1.44000   5.36505     926   13
    35   3.33567   0.65327   0.36006    1259   18
    36   4.67884   1.96523   2.40111    1170   14
    37   5.05829   2.09012   0.24790    1535   17
    38   2.98503   2.43248   4.09616    1270   16
    39   0.81082   1.73162   0.89782    1538   16
    40   4.05722   1.04300   1.58069     951   10
    41   3.03424   1.01591   5.13695    1292   16
    42   5.70920   1.26312   3.68398    1841   20
    43   2.42223   1.85528   0.96875    1129   13
    44   5.42169   0.49762   6.00622    1971   16
    45   1.31123   1.41969   2.70820     915   12
    46   0.83233   1.43524   1.41714    1352   17
    47   2.27368   2.34051   1.11661    1925   16
    48   4.21660   1.16310   3.80100    1281   15
    49   0.61530   0.81152   5.26862    1752   18
    50   2.69859   1.11427   2.58453     998   12
    51   4.34086   2.23660   5.40053    1234   12
    52   4.85890   1.27684   3.90883     666   10
    53   5.31542   2.50157   4.27664    1302   13
    54   1.98842   2.49029   0.32081     575   11
    55   2.74842   1.44345   1.49487    1520   18
    56   5.20743   0.91585   3.38363     861   14
    57   4.18472   1.67113   2.55577    2450   22
    58   3.94883   1.70364   5.59948    1112   11
    59   0.99974   2.29787   2.63137    1097   13
    60   1.94777   0.76868   0.83079    1022   13
    61   2.50124   2.33071   2.48520    1014   13
    62   0.00370   1.94899   4.80364    1220   13
    63   4.03985   1.47148   0.10021    1039   13
    64   4.72677   0.99255   1.72572    1267   15
    65   4.31289   2.85577   1.47330    1423   16
    66   1.20379   2.27246   4.86955    1088   12
    67   5.57548   1.85562   3.23049     830   11
    68   5.85239   1.34636   2.30161     653   11
    69   2.85775   0.57830   2.63778    1767   18
    70   5.37843   2.62607   4.78951    2038   22
    71   1.68495   2.36218   6.10873     820   13
    72   2.50858   2.11364   0.79201    1116   15
    73   3.08260   0.93406   4.16787    1767   15
    74   4.87713   1.74943   1.40683    1860   16
    75   3.59910   1.48101   4.03585    1232   13
    76   1.07364   1.50840   1.75188    1846   16
    77   6.16785   0.99948   3.87462    1207   13
    78   5.24952   1.75848   1.89885    1007   14
    79   3.83477   1.69662   5.96216    1087   14
    80   2.93146   0.68981   3.05530     982   11
    81   4.35201   1.51858   3.48219    1325   13
    82   5.03937   2.45433   3.28796    1407   17
    83   5.55370   2.23627   0.90901     838   12
    84   5.67350   0.87767   2.60775    1281   14
    85   0.24600   2.31815   0.65725    1280   15
    86   0.65595   1.48961   2.78876     870   14
    87   5.88764   2.34327   3.76815     689   14
    88   3.04288   3.10489   1.19179     930   14
    89   1.86486   1.00404   0.98397    1105   14
    90   2.56573   1.88666   1.40061    1101   14
    91   6.07675   0.83978   4.00411    2221   22
    92   5.55580   0.79228   2.72985    1457   17
    93   4.93758   0.91988   5.14692    1380   18
    94   1.27030   2.04952   4.75469     719   12
    95   3.95177   0.52913   0.55226     817   13
    96   5.79087   2.19400   2.75899     935   14
    97   1.26961   1.51677   5.91450    1306   16
    98   0.81004   0.56113   0.84921     852   11
    99   2.33206   1.85226   2.17520     829   11
   100   6.24970   2.06472   4.85845    2953   23
   101   2.51755   1.36877   4.66569    1284   13
   102   6.09627   0.62974   4.79379    1644   18
   103   3.21226   1.71653   0.36606    1184   14
   104   4.17926   1.59134   0.14106    2030   19
   105   1.73567   1.61714   3.05228    1680   18
   106   2.80703   0.96778   5.59074    1535   20
   107   1.84597   0.97628   1.67372    1025   15
   108   1.95041   2.15868   4.50376     646    9
   109   5.52220   1.40467   0.85429     751   12
   110   1.07879   1.51831   6.06141    1501   13
   111   2.09716   1.94803   4.12716    1203   14
   112   3.32498   0.71247   4.33245    1180   13
   113   3.94634   2.83703   1.83202    1368   14
   114   5.51382   1.91430   0.63912     979   14
   115   0.96360   0.91188   5.09815    2368   23
   116   2.11000   0.71095   3.61864    1115   14
   117   4.68696   2.02076   1.80518    1020   15
   118   1.13930   1.98094   2.85274    1690   18
   119   3.37443   2.44506   5.35725    1185   14
   120   0.68498   1.34544   2.89751     905   13
   121   3.52547   1.29843   4.90595     784   10
   122   4.18887   1.12271   4.68542    1251   19
   123   4.40372   1.11550   0.83861     847   14
   124   3.77798   0.84261   2.87256    1095   12
   125   1.50872   2.44936   0.94134    2011   20
   126   4.06325   1.10790   3.99389    1443   14
   127   2.24887   0.37847   1.01068     905   13
   128   1.17210   2.15264   1.22774    1768   19
   129   0.91650   1.57630   6.08872    1211   12
   130   0.35869   1.09377   3.29561    1425   14
   131   2.23164   2.17496   1.89202    1174   15
   132   2.35174   1.85328   4.25326    2384   16
   133   0.63201   1.18481   3.79637    1278   12
   134   0.34314   1.66774   1.23438    1233   15
   135   4.82836   2.81186   6.26933    1026   13
   136   4.60209   0.30384   2.86849    1409   16
   137   3.69440   1.19512   0.37522    1385   17
   138   4.20425   1.69033   0.56651    1123   14
   139   1.77167   1.84265   1.64157    1460   18
   140   3.13009   2.69277   5.44832    1012   16
   141   3.71171   0.40903   1.03456    1318   14
   142   1.07738   1.62842   3.32847    1155   14
   143   5.24570   2.55502   5.97885    1591   15
   144   2.83681   1.61745   3.32033    1155   17
   145   1.50518   1.60620   3.47563    1223   15
   146   2.39078   1.71420   1.40240    1880   17
   147   2.57260   0.43720   1.39094    1437   18
   148   5.02968   2.74603   4.74625     782   13
   149   1.65122   0.64574   2.33742    1188   16
   150   1.39194   0.54493   1.67471    1338   17
   151   3.05567   2.91582   2.33087    1666   20
   152   2.10000   0.82974   1.33441     979   13
   153   0.39890   2.73172   1.62861     971   14
   154   0.31882   1.98565   1.31230     708   10
   155   0.96035   0.95530   2.83436     755   11
   156   1.46859   0.66796   2.47979    1888   15
   157   4.52885   0.31502   0.18868    1257   15
   158   3.06588   1.50177   3.08573    1559   14
   159   3.46931   0.75759   0.62762     983   10
   160   1.91500   1.90040   0.61369    1080   12
   161   3.11238   0.84011   0.04145    1373   17
   162   0.68695   1.61508   4.01267    1594   15
   163   3.02493   1.58398   3.12609    1446   17
   164   0.48018   1.12506   3.35819    1545   16
   165   4.24697   2.25968   2.10461    2528   18
   166   5.45783   1.04687   1.24250    1406   13
   167   1.89269   1.75555   5.71124    1370   14
   168   2.40296   0.93053   0.01808    1639   16
   169   4.58606   1.19333   2.16492    1847   17
   170   1.61156   1.63425   4.06708    1256   14
   171   4.04320   0.66267   0.69977    1271   13
   172   4.80838   1.59974   2.54136    1132   15
   173   1.49197   2.06503   1.73724    1335   15
   174   5.51789   1.15636   4.10060    1158   12
   175   5.22736   1.37756   2.00354    1575   16
   176   3.24557   1.40136   3.33215    1409   15
   177   1.35692   1.40012   3.72575    1771   21
   178   5.29154   1.01763   0.93801    2204   17
   179   5.51983   1.19409   5.37667    1787   20
   180   3.97313   1.09857   0.98179    1407   15
   181   5.75112   1.62599   6.18855    1093   17
   182   1.45449   1.23896   2.61205     900   13
   183   6.01279   1.77107   5.03548    1323   14
   184   5.83453   0.58101   1.34823    1304   17
   185   3.70643   2.45576   5.09405    1531   17
   186   3.26554   1.81918   0.25721    1247   15
   187   4.65642   1.00807   2.28676    1323   19
   188   6.08717   0.62288   1.37532    1447   12
   189   4.34498   0.60527   0.62716    1848   18
   190   5.04639   0.69784   5.70877    1726   17
   191   0.81507   1.91970   5.51615    1157   17
   192   4.22178   1.05259   4.11045    1362   14
   193   5.03744   2.17045   1.91997    1475   15
   194   3.14287   1.68028   0.02006    1285   13
   195   3.32860   1.79744   1.54909    1438   15
   196   2.74507   1.96272   0.77539    1143   13
   197   1.12398   0.95183   2.25240    1803   15
   198   6.11236   2.23607   0.27835    1602   16
   199   0.01421   1.71917   4.06378    1286   15
   200   2.26817   1.01946   3.85182    1443   16