     1   0.00000   0.00000   0.00000       0    0
     2   3.66761   2.11047   0.65830     955   13
     3   3.59165   2.09160   5.37686     410    8
     4   5.78702   2.32134   4.00276    1402   14
     5   2.70960   0.83262   2.29246     557   11
     6   3.54167   2.15480   2.31470    2851   20
     7   1.49279   2.05958   2.44438     303    7
     8   2.70792   0.81856   5.30693    1701   13
     9   3.47532   2.14617   3.67236     896   11
    10   1.66175   2.08262   0.87116    1624   17
    11   2.64672   0.79646   0.77114     647    8
    12   2.76082   0.85593   2.20105     917   11
    13   3.56951   2.15563   2.13682     877   11
    14   1.49279   2.05958   2.44438    1008   15
    15   3.60537   2.19414   3.77485     479    9
    16   1.63126   2.06430   5.56389     471   12
    17   1.63936   2.21134   5.54514    1033   12
    18   1.66563   2.07661   0.79657     229    8
    19   1.61537   2.16548   4.02265    1052   12
    20   2.56710   0.81225   5.40445     679   14
    21   5.84958   2.34129   0.78787    1909   15
    22   4.71764   1.00132   5.47128     594    9
    23   3.66845   2.19824   3.95896    2630   21
    24   1.59686   2.06977   5.55069     715   12
    25   1.65714   2.04614   3.99270    3930   21
    26   4.69053   1.13232   0.77451     311    6
    27   5.86459   2.24366   4.03992     522   10
    28   3.67128   2.18282   2.29355    2622   20
    29   5.71108   2.18577   0.90233     711   14
    30   4.86865   1.06871   2.20637    3702   19
    31   0.40685   0.90462   2.45899     870   15
    32   0.54281   1.11142   0.83364     753   10
    33   3.66183   2.12385   0.55432    1323   14
    34   4.61203   1.06149   0.79996    2047   19
    35   2.75074   0.84829   5.32785     636    8
    36   1.62210   2.02870   3.92771    1986   18
    37   1.61652   2.09697   5.66543     399    8
    38   2.64672   0.79646   0.77114     695   12
    39   5.79926   2.37894   3.93854    1109   14
    40   1.58742   2.10797   5.50770    2189   18
    41   4.77117   1.06451   3.90538     373    8
    42   4.77605   0.94441   0.77218    4945   26
    43   5.79926   2.37894   3.93854     540    9
    44   3.67408   2.14011   0.66443     512   10
    45   4.87528   1.05984   3.88017    1579   15
    46   3.61809   2.22216   2.20074     490    9
    47   3.63972   2.12223   2.19797     693   12
    48   2.63196   0.80337   5.37084     750    9
    49   0.43457   1.00668   2.52849    1914   15
    50   2.56710   0.81225   5.40445     468   11
    51   5.76792   2.22995   0.82355     334    9
    52   3.56128   2.16592   5.44922     591   11
    53   4.84254   1.06439   0.71886     401    7
    54   5.96435   2.27876   0.89474    4231   26
    55   3.48979   2.15879   0.51997     843   12
    56   3.47236   2.11163   0.69980    3260   22
    57   4.76472   0.95483   5.36455    3199   18
    58   0.51341   0.91417   2.38824    1846   21
    59   0.45077   0.90674   4.15813    3739   25
    60   3.63972   2.12223   2.19797     840   11
    61   2.59693   0.73732   2.21255     299    9
    62   3.60994   2.11056   3.76553     825   12
    63   5.83773   2.39937   0.92868    1206   14
    64   3.68728   2.18935   3.79908    1426   13
    65   3.54746   2.17803   5.22137     337    9
    66   0.53641   0.93532   0.89052    3702   25
    67   3.57905   2.24320   0.73059     696   13
    68   3.64126   2.18308   2.35889    1781   20
    69   0.55661   0.97718   5.62253    1963   19
    70   3.52814   2.23690   3.75227    1372   13
    71   2.62004   0.86255   4.00816    2290   16
    72   4.84957   1.01134   2.24089     552    9
    73   3.62972   2.16420   5.37557    1030   14
    74   5.94743   2.39846   5.59232     909   13
    75   1.58493   2.19051   3.98607     715   15
    76   1.65713   2.03817   4.03413    1775   20
    77   4.69697   1.05948   3.86237     434    9
    78   4.71518   1.06038   3.78761     530   14
    79   5.72994   2.21516   3.91876     596   11
    80   1.70278   2.24761   2.50459     272    7
    81   3.70881   2.17700   5.38816    1445   17
    82   1.59465   2.16634   2.51180    1189   13
    83   2.55662   0.90167   0.68290     786    9
    84   5.83362   2.21009   0.82078     479   10
    85   1.58126   2.17461   0.90998     784   11
    86   5.80594   2.34053   3.91285    1882   19
    87   2.62678   0.89350   2.33014     377    8
    88   4.71518   1.06038   3.78761     854   11
    89   0.36646   0.93881   4.21269    4769   27
    90   2.56710   0.81225   5.40445     365   11
    91   1.57648   1.99372   2.43163     440    9
    92   5.66530   2.33530   0.77815     745   13
    93   3.67991   2.16624   5.32380     950   13
    94   0.45577   0.92987   2.54951     733   12
    95   4.70237   1.10247   2.35264    3014   19
    96   1.61956   2.19068   0.89910    3075   23
    97   4.69328   0.96304   5.47197    2687   17
    98   1.60968   2.14017   5.61800     416    8
    99   4.77122   0.91951   2.36378     604   12
   100   3.52912   2.16775   2.12960    4152   24
   101   2.68903   0.75262   2.21425     734   11
   102   5.83362   2.21009   0.82078     441   11
   103   2.50886   0.89471   3.98084    2029   16
   104   1.49279   2.05958   2.44438    1240   12
   105   1.73305   2.13489   2.47417     623   11
   106   0.44860   1.04219   2.41654     617    8
   107   0.47959   0.92300   0.98600    1044   14
   108   1.73114   2.10766   3.98923    3352   22
   109   5.69039   2.26948   0.67158    1266   14
   110   4.71518   1.06038   3.78761     796   14
   111   2.64582   0.82805   2.22251    1253   17
   112   0.51341   0.91417   2.38824     624   12
   113   5.86459   2.24366   4.03992    1195   15
   114   1.72345   2.12215   2.54368     570   11
   115   4.72257   1.13798   5.42174    5196   30
   116   2.80683   0.82731   3.73499     318   12
   117   1.59122   2.20868   2.47168     366   12
   118   1.58742   2.10797   5.50770     839   12
   119   4.79687   1.15738   0.69659     343    7
   120   4.79439   1.16945   0.66708     292    9
   121   3.51087   2.17177   5.27127     276    8
   122   0.39831   1.01555   5.71300     715    9
   123   1.50437   2.08491   0.80292    1121   13
   124   5.71890   2.35702   2.34704    3950   26
   125   0.37019   1.00643   2.59167    2723   19
   126   4.66728   0.97298   3.94039     534   11
   127   5.82771   2.21405   2.48088    3636   20
   128   0.45281   0.90349   5.51894     539    9
   129   0.52065   1.01919   2.37443     714   12
   130   3.67408   2.14011   0.66443     500    7
   131   1.56480   2.11320   3.96268    5898   23
   132   0.54813   0.92081   0.95021     581   12
   133   5.72932   2.16357   3.92457     781   13
   134   1.47306   2.11086   5.46960    1114   10
   135   5.70238   2.26322   0.61633    1352   12
   136   5.67981   2.24162   0.78935    1271   13
   137   3.57905   2.24320   0.73059     438    9
   138   4.65245   1.14364   5.44920     712   14
   139   4.64684   1.15350   3.90011     344    8
   140   3.63497   2.18422   3.79048     770   11
   141   1.74317   2.08149   4.09177    1476   15
   142   2.54041   0.78247   5.43991    2499   23
   143   0.28451   0.86739   4.21175    1521   17
   144   3.56221   2.22454   2.20543     981   13
   145   5.66530   2.33530   0.77815     379    9
   146   1.58023   2.00406   0.85859    3510   19
   147   1.57422   2.13540   0.78767    3153   21
   148   5.95596   2.41736   2.45195     505   12
   149   0.47108   1.04501   1.04554     985   14
   150   4.64112   1.07585   3.81043     936   10
   151   5.91671   2.28533   5.57143    1594   15
   152   5.86459   2.24366   4.03992    1461   13
   153   5.88692   2.34066   2.58849    2021   19
   154   2.56290   0.92611   4.00595    1997   14
   155   3.69833   2.14361   3.95082    5229   24
   156   5.86230   2.31504   5.73714     954   12
   157   5.74912   2.33668   4.06698    3041   15
   158   5.86459   2.24366   4.03992     853   10
   159   3.70263   2.18031   3.87480     812   11
   160   2.61720   0.92326   5.54801     379    9
   161   0.42413   1.05514   2.45655    1139   14
   162   2.65103   0.84142   3.97608    1494   17
   163   3.63972   2.12223   2.19797    1379   13
   164   0.36261   0.93956   0.85999    1454   17
   165   2.56710   0.81225   5.40445    1072   12
   166   1.45885   2.13808   3.92352    3041   23
   167   5.85479   2.37134   5.55687     402   10
   168   2.71092   0.80961   0.61026    2224   16
   169   3.60687   2.19993   3.81955     798   12
   170   3.69223   2.15890   2.32666    2592   20
   171   2.69336   0.79695   0.77529    3293   22
   172   1.66563   2.07661   0.79657    2096   18
   173   4.70753   1.07367   3.90423    4947   30
   174   5.80697   2.29100   5.55006     603   12
   175   3.54600   2.21720   3.81424    4177   23
   176   2.73443   0.86214   2.33262    2574   18
   177   3.65652   2.18888   0.69498    1320   16
   178   5.68540   2.23451   5.44070     715   14
   179   4.61647   0.97901   3.80797    2098   21
   180   1.49279   2.05958   2.44438    1440   18
   181   5.76999   2.20866   0.93765    4515   27
   182   3.57011   2.18697   2.10868    1630   13