     1   0.00000   0.00000   0.00000       0    0
     2   3.69989   2.73706   5.58265     405   10
     3   3.55807   2.58961   0.71058    1047   10
     4   4.40906   1.18817   1.30324    1410   10
     5   0.47537   0.51222   3.75907     623   12
     6   5.66216   1.94906   2.66496    2499   19
     7   3.62454   2.68461   0.81410    2226   19
     8   2.75192   1.26089   3.63759    1083   15
     9   0.35468   0.41383   5.57010     254    6
    10   4.38872   1.16101   2.85300     490   10
    11   5.92067   1.87880   4.40334    2576   16
    12   5.82721   1.83417   1.15915     364    9
    13   0.69184   0.50547   2.08897    1793   16
    14   4.33408   1.24667   1.22158     579   11
    15   3.64212   2.79936   5.62324     410    9
    16   0.38321   0.58791   0.84674    1876   17
    17   4.38837   1.30262   1.25418    1069   14
    18   0.47251   0.49212   0.82480     879   12
    19   0.35468   0.41383   5.57010    1550   17
    20   5.91759   1.82725   2.82449    1511   16
    21   1.16534   1.97819   5.10698    1880   14
    22   5.80090   1.81127   4.26909    1353   16
    23   2.61155   1.17884   5.05610     494   13
    24   2.72551   1.19176   5.18983    1232   11
    25   4.24721   1.24796   5.97370    3090   23
    26   0.44165   0.49234   2.29178     553    9
    27   1.35984   1.92747   3.54465     587   10
    28   0.46414   0.53478   2.22948     595   10
    29   1.17267   1.89441   4.98152    1414   16
    30   5.85504   1.93335   5.95286    1997   19
    31   2.60783   1.16998   5.22231    4401   25
    32   0.35468   0.41383   5.57010    1978   17
    33   3.59030   2.68278   4.01554     639   10
    34   0.52381   0.51269   5.44826    1043   14
    35   3.45015   2.72335   2.32087    4647   22
    36   3.65465   2.50043   5.65053     960   11
    37   0.63940   0.44009   2.09628    3951   24
    38   5.77604   1.98872   1.09090    2771   24
    39   1.23585   1.92236   3.38411    2460   15
    40   4.26567   1.06146   5.99087     330    7
    41   1.30154   1.83487   0.29288    1508   17
    42   5.72855   1.89480   1.05380     424   10
    43   4.34193   1.13434   5.98462     818   11
    44   5.74919   1.92974   5.76886    1035   13
    45   1.22023   1.85620   3.45683     558   13
    46   2.73522   1.30615   3.50774     517   11
    47   3.65958   2.57061   0.93338     991   11
    48   4.46630   1.20622   4.23383     979   12
    49   4.32813   1.32871   4.41753     674   11
    50   4.35138   1.18139   1.36586    1616   14
    51   1.21360   1.98507   3.42079     502    8
    52   4.25210   1.20521   4.33022     188    8
    53   2.65812   1.24378   1.85573     318    7
    54   1.28112   1.96087   0.32127    1991   15
    55   2.77957   1.11287   0.37055    3588   23
    56   0.44165   0.49234   2.29178     966   11
    57   1.20116   1.95023   4.97425    2332   18
    58   4.33750   1.24275   4.39950    1128   15
    59   1.26416   1.80981   1.79839    3619   21
    60   2.70607   1.11057   1.89285     584   11
    61   0.69737   0.44181   5.29319     383    8
    62   1.18814   2.00073   3.43627     575   12
    63   4.41655   1.28935   4.35426     378    9
    64   5.75810   1.82434   4.29972     265    8
    65   5.76565   1.86671   1.27282     414   11
    66   0.44131   0.34053   5.31852     423   11
    67   3.57277   2.53136   2.39995    1941   15
    68   4.36542   1.27499   5.91621    3978   25
    69   3.48423   2.72161   0.69280     654   10
    70   0.49300   0.40383   2.30880     698   10
    71   0.46972   0.46981   0.61732     377    9
    72   2.67538   1.16679   1.88975    3771   24
    73   4.29495   1.19939   1.22736     734   11
    74   3.65723   2.57734   1.04582     637    4
    75   4.46872   1.26844   4.45883     759   13
    76   0.52381   0.51269   5.44826     377   11
    77   2.67532   1.31883   5.01514     620    9
    78   1.24278   1.86533   3.44804     767   13
    79   1.22744   2.02387   5.14651    2116   19
    80   0.52227   0.48849   3.66581    3889   24
    81   1.11607   1.93460   0.28438    3960   21
    82   2.76016   1.28130   3.49043     918   11
    83   3.84815   2.61172   5.69310     604    9
    84   4.23403   1.29246   1.25750    1183   14
    85   5.77604   1.98872   1.09090     955   14
    86   5.82274   1.79865   2.77190     745   10
    87   5.72855   1.89480   1.05380     771   11
    88   0.46998   0.58057   5.43877    1490   16
    89   1.21360   1.98507   3.42079     488    8
    90   3.64769   2.65171   5.72970    3593   23
    91   3.65142   2.55770   4.08294    1409   16
    92   2.75192   1.26089   3.63759    2165   20
    93   3.32354   2.65402   3.76140     829   11
    94   2.61155   1.17884   5.05610     380    9
    95   5.79924   1.93536   4.28557    1745   17
    96   5.86540   1.83036   5.99988    3113   20
    97   0.42509   0.34637   3.84945    3693   22
    98   4.35783   1.13211   1.29356    1373   18
    99   2.75192   1.26089   3.63759     646   12
   100   0.66822   0.53116   0.56275     845   12
   101   5.92778   1.92873   2.72805     935   14
   102   4.26334   1.07617   2.81087     637   12
   103   1.13630   2.07794   0.36993    2511   20
   104   2.76087   1.11168   0.34603    1969   17
   105   1.27899   1.97172   5.13482    1015   14
   106   2.70723   1.11898   0.28924    1031   12
   107   0.70252   0.47676   2.05745    1953   21
   108   4.32053   1.11474   1.37170    1512   15
   109   2.57487   1.28498   2.02339     762   12
   110   4.39609   1.11025   1.29261     681   10
   111   5.76565   1.86671   1.27282     603   13
   112   0.38932   0.47105   2.42571     930   12
   113   5.76281   1.80147   1.15389    2702   16
   114   0.61310   0.47217   0.57241    1130   13
   115   4.25499   1.27789   2.80609     520   13
   116   2.68938   1.17533   1.85782     479    8
   117   3.58553   2.70177   4.05162    1159   12
   118   3.68722   2.46761   0.84185    1182   14
   119   1.16355   1.91034   5.14014    1721   15
   120   0.77387   0.50365   3.66246     686   11
   121   2.76475   1.16448   3.55731     343    7
   122   5.74753   1.86592   4.28310    1720   20
   123   0.44131   0.34053   5.31852    1993   16
   124   4.23854   1.07783   6.06387    1118   16
   125   3.91355   2.70458   4.18720    3714   22
   126   1.23177   1.84977   5.16493     509    9
   127   2.64593   1.27146   5.13292    1184   15
   128   1.28112   1.96087   0.32127     243    7
   129   1.15931   1.94403   4.98388    1512   15
   130   4.36750   1.21560   4.39023     961   16
   131   0.54000   0.50526   3.74241    1378   11
   132   0.51087   0.53189   5.37996    2329   19
   133   2.61155   1.17884   5.05610     380    9
   134   3.58425   2.59183   0.90043     813   12
   135   0.51950   0.45966   3.75886     607   12
   136   4.36031   1.23855   2.87087     634   11
   137   5.77570   1.74257   5.85393    3860   22
   138   2.69955   1.28139   0.45967    1299   16
   139   1.31159   1.82181   3.51676    1046   11
   140   1.25080   1.88790   3.36353    1675   17
   141   2.67976   1.15291   1.94729    1400   15
   142   1.17235   1.93255   3.45703    2171   18
   143   3.68432   2.51280   4.04496     883   10
   144   1.27887   1.85835   2.00287     810   10
   145   0.15385   0.53538   1.02656     987   11
   146   1.21360   1.98507   3.42079     907   14
   147   0.29758   0.46553   0.86992     758   12
   148   3.78543   2.69724   5.76252    1367   13
   149   1.23609   1.98833   3.54122    2293   19
   150   0.38726   0.50864   2.37147    2652   17
   151   2.79568   1.22891   0.30166    2901   21
   152   5.93153   1.97468   1.21910     781   15
   153   3.46649   2.61585   5.56957    4691   26
   154   5.82381   1.98821   4.19843    4065   27
   155   2.60484   1.18166   0.39980    5404   28
   156   5.77604   1.98872   1.09090     232    6
   157   5.82091   1.96334   2.66178    1988   18
   158   0.62608   0.36387   3.82241    2634   18
   159   0.69737   0.44181   5.29319    1646   15
   160   1.17808   1.90510   0.46227    5269   32
   161   1.31513   1.97798   1.79994    2948   18
   162   4.33408   1.24667   1.22158     653   11
   163   5.71301   1.89118   5.93368     851   15
   164   0.43477   0.55217   5.52796    3154   22
   165   1.26196   1.89538   0.43820     716   11
   166   0.35468   0.41383   5.57010     622   10
   167   2.68286   1.38469   5.07425     364   13
   168   4.42433   1.21012   5.82857    2242   19
   169   3.59758   2.71881   2.50444    2175   18
   170   3.78908   2.60030   0.96352    5524   27
   171   0.62458   0.37439   3.75756    1199   13
   172   2.73934   1.19923   0.38220     651    9
   173   4.40906   1.18817   1.30324     436    9
   174   3.69989   2.73706   5.58265     828   12
   175   2.74840   1.32214   0.47492    2159   17
   176   5.69880   1.83488   1.07417    4331   24