     1   0.00000   0.00000   0.00000       0    0
     2   5.44003   1.89459   5.88815     567   10
     3   5.49714   1.64737   4.22056     906   12
     4   5.61911   1.71433   2.68805    1253   17
     5   0.86184   2.00802   5.01247     656   13
     6   0.84312   1.84277   0.18346     470   10
     7   2.35193   1.30454   0.30562    1155   14
     8   3.48251   2.67682   2.64608     379   10
     9   3.26936   2.63234   2.47602    2761   21
    10   3.98615   1.21899   1.22083     381    9
    11   2.26563   1.24982   3.60246    2965   16
    12   4.04468   1.21485   2.93916    1898   17
    13   0.43522   0.41158   0.39892    2604   16
    14   3.39692   2.69027   2.46480     460    9
    15   5.47575   1.77271   1.15627     698   10
    16   5.46077   1.68357   5.80362    1225   12
    17   4.08672   1.18975   5.96028     737   14
    18   4.15656   1.14493   2.80430     890   13
    19   0.40744   0.59801   5.14123     658   14
    20   2.41842   1.30235   5.02483    2979   21
    21   0.22891   0.45639   5.27949     525    9
    22   0.47035   0.49866   5.03284    1022   11
    23   0.88499   2.03489   4.98145     906   10
    24   0.93138   2.08049   0.17605     542    8
    25   0.50919   0.46013   0.37712     987   12
    26   0.34271   0.36630   0.55425     334    8
    27   5.43217   1.80505   4.15621     899    9
    28   2.39252   1.22290   5.20851     587   12
    29   4.13610   1.21441   4.31299     928   13
    30   0.26067   0.39759   0.53292     770   13
    31   2.35683   1.40159   3.64581    2094   15
    32   0.84389   2.10972   0.30936     499   10
    33   5.46907   1.79892   2.62590     380    9
    34   2.41444   1.31967   2.08401     357   11
    35   2.42606   1.42310   0.49321     806   12
    36   0.82138   1.90093   4.89886    1469   14
    37   2.29173   1.35128   0.53232    3134   20
    38   3.64542   2.73842   5.96701    1037   12
    39   0.25244   0.38474   2.15185    1519   17
    40   4.08283   1.17118   1.19740     749   14
    41   4.07484   1.20320   1.41632    1469   19
    42   5.43548   1.80719   1.09733    4394   20
    43   0.93973   2.08180   0.29374     888   10
    44   2.47140   1.44869   5.18505     915   14
    45   3.47002   2.60462   5.84295     816   13
    46   3.32684   2.63414   0.81906    3038   18
    47   0.47003   0.44470   1.89374     770    9
    48   4.11638   1.14135   1.27149     453   10
    49   3.99344   1.22529   2.81304    2414   20
    50   5.46842   1.92503   4.28183     632   11
    51   0.45898   0.44474   3.48022    3212   20
    52   5.53152   1.76956   5.89955    1801   13
    53   4.12702   1.17962   2.75752    1936   16
    54   0.94687   2.07375   1.87133    5216   22
    55   0.21244   0.59686   2.11469     873   12
    56   3.95203   1.25838   6.12924    1055   14
    57   0.40963   0.38769   3.66599    2188   19
    58   2.45964   1.31012   1.96291    1430   16
    59   5.46735   1.82430   4.30973    4844   28
    60   3.60967   2.61595   5.86048    1898   14
    61   2.24848   1.24606   3.65731     681   16
    62   2.45595   1.35151   1.84171     653   13
    63   5.46396   1.88813   1.09018     617   13
    64   3.63129   2.73485   4.36386    1392   13
    65   0.51949   0.43718   0.41126    1658   17
    66   2.45563   1.27028   3.44725    1075   14
    67   4.07601   1.21534   6.02870    2990   19
    68   0.82138   1.90093   4.89886     897   10
    69   2.31863   1.29278   0.36659     574   11
    70   2.36876   1.26629   5.16206    1329   12
    71   3.95754   1.23042   1.37341     609   13
    72   0.82946   1.98218   0.15364     318    8
    73   5.51599   1.98429   1.21127    1761   14
    74   2.42953   1.38670   0.38735    2609   16
    75   0.45603   0.43307   3.50952    1602   13
    76   5.46907   1.79892   2.62590     842   13
    77   0.99734   1.93112   0.40650    1223   13
    78   0.90051   1.96344   1.76619    1229   16
    79   0.97356   1.85499   3.46244    2618   16
    80   0.97479   1.94827   5.12909    2293   20
    81   0.95713   1.92913   3.39234     792   14
    82   2.37647   1.35857   3.41274    2308   17
    83   2.47132   1.31899   3.51118    4019   21
    84   2.26954   1.28585   2.05939     708   13
    85   0.92691   2.03894   4.96069    1181   14
    86   3.45287   2.50813   5.67736    3727   22
    87   2.31158   1.36671   2.09375    2867   20
    88   3.23656   2.57534   5.57904    1335   15
    89   0.88994   2.01906   4.95208    1861   16
    90   0.97836   2.01780   4.98375     750   10
    91   4.01353   1.10251   2.76392    2116   15
    92   3.19480   2.61069   5.53642    1176   12
    93   2.39509   1.26945   3.57331    1273   13
    94   0.97252   1.90169   1.87626     540   12
    95   4.14445   1.20800   4.41059     771   11
    96   3.60693   2.55919   2.69507     563   10
    97   5.58433   1.72826   5.94988     467    6
    98   0.87038   1.90916   3.50834    5976   29
    99   3.98645   1.24341   4.49995    2955   17
   100   2.42054   1.35423   3.55314    1622   15
   101   2.42048   1.30758   2.03726     951   13
   102   3.43448   2.62271   4.15235    3194   24
   103   0.47035   0.49866   5.03284     490   13
   104   0.03166   0.46447   0.74889    2058   18
   105   4.07601   1.21534   6.02870     709   15
   106   3.34473   2.54366   5.66735     860    9
   107   0.23340   0.58166   0.54042     934   14
   108   0.41269   0.58172   0.42141     522    9
   109   4.08672   1.18975   5.96028     414   11
   110   4.04826   1.20672   4.37140     742   13
   111   4.13241   1.20318   2.81122     627   11
   112   0.36944   0.63131   3.66442    1803   15
   113   2.32717   1.32858   0.54395     258    6
   114   2.46335   1.37628   2.06639    1023   12
   115   2.32660   1.35472   0.37974    2701   19
   116   5.56192   1.77003   1.18443     474   11
   117   0.00874   0.55029   2.41030    2059   15
   118   4.12311   1.14740   2.75687    2198   17
   119   0.44001   0.54152   2.05668    1205   11
   120   5.45861   1.79155   5.87151    1334   13
   121   4.05972   1.29163   2.93595    1365   16
   122   2.32756   1.47125   2.04339    1145   14
   123   3.99842   1.26134   1.28271    1986   17
   124   0.35880   0.55900   1.98697    5106   28
   125   4.09834   1.18356   1.31106    2455   18
   126   3.99851   1.11111   5.94881     887   12
   127   2.37546   1.37465   3.67936     662   14
   128   3.26936   2.63234   2.47602     482   11
   129   0.23478   0.56369   5.29198     338    6
   130   5.58433   1.72826   5.94988     882   10
   131   4.04468   1.21485   2.93916     631   10
   132   5.61911   1.71433   2.68805    1412   13
   133   0.43806   0.52874   3.62457     963   10
   134   0.81321   2.07326   0.15089     795   12
   135   5.46907   1.79892   2.62590     582   11
   136   3.26151   2.63254   0.89088    3937   25
   137   4.02398   1.11745   1.25299     649   11
   138   0.83674   1.87652   3.44926    2580   17
   139   5.46907   1.79892   2.62590     386    8
   140   0.84139   2.00602   3.40936    1310   14
   141   5.46907   1.79892   2.62590    1206   15
   142   2.42544   1.37027   5.13347    2042   21
   143   0.83417   1.87238   1.78509    1218   15
   144   0.04072   0.42684   3.87336    1767   16
   145   2.39598   1.25537   0.48456    3570   21
   146   0.31546   0.45826   0.45449    3809   22
   147   5.61911   1.71433   2.68805     373    9
   148   3.39692   2.69027   2.46480     378   10
   149   5.55435   1.82359   2.75296    1553   17
   150   0.13345   0.55361   5.37903    2178   16
   151   2.39281   1.28213   5.26819     445   11
   152   4.07154   1.20452   4.52570    1663   18
   153   0.95931   1.93989   1.88120    3892   26
   154   2.37463   1.28530   0.34479    3397   18
   155   3.97649   1.06939   4.57312     312    7
   156   0.36327   0.53980   0.43875     804   10
   157   0.90405   2.04257   0.20127    2459   19
   158   3.58234   2.55251   4.30254    3215   18
   159   4.08672   1.18975   5.96028     366    8
   160   0.86290   2.07091   1.88474    1708   19
   161   0.97777   2.05607   3.38717     570    9
   162   0.20747   0.56314   0.61028     348    9
   163   0.56068   0.46808   3.36590     476   15
   164   4.15077   1.15089   4.39234    1589   16
   165   0.51012   0.50407   1.89724     603   10
   166   0.44001   0.54152   2.05668     220    7
   167   0.17071   0.57473   5.32340    2453   15
   168   3.46580   2.47506   2.63904     441    8
   169   0.17071   0.57473   5.32340     334    9
   170   5.50499   1.85900   2.68966    3184   15
   171   0.95787   2.01965   5.11572    4677   22
   172   0.94122   1.93077   0.25207     429    8
   173   3.41896   2.66232   2.48433     632   14
   174   5.46907   1.79892   2.62590     553   10
   175   3.31795   2.67770   0.96849    4760   21
   176   5.46907   1.79892   2.62590    1716   15
   177   0.44001   0.54152   2.05668     614   12
   178   0.86313   1.84780   0.23861    1676   16