     1   0.00000   0.00000   0.00000       0    0
     2   2.41716   1.12075   0.60473     798   11
     3   3.10680   2.10214   1.86421    1018   14
     4   5.65508   1.88627   1.70033    1384   15
     5   1.91550   0.93851   3.10547    1499   16
     6   6.13654   1.55396   0.64461    1406   12
     7   0.85782   1.97044   3.86990    1121   13
     8   0.46505   1.22610   1.54108    1871   18
     9   1.78559   0.97691   0.03752    1589   18
    10   3.33825   0.43832   1.19059    1839   17
    11   2.08033   2.46455   1.05523     845   12
    12   1.45536   0.43639   0.40457     828   14
    13   1.12038   2.56510   2.74890     827   11
    14   1.82661   2.44389   4.93598    1202   16
    15   5.99673   0.71694   0.98171    1745   15
    16   4.80666   2.11827   5.52835    1099   15
    17   1.15965   1.52385   3.74758    1149   15
    18   3.52349   0.90693   5.39522    1769   17
    19   5.61313   1.33631   6.11768    1384   15
    20   5.39768   1.00888   1.23115    1757   16
    21   1.43792   0.99007   0.96223    1606   16
    22   0.78276   2.18290   3.69645    1824   15
    23   2.58959   2.46880   3.17913    1411   17
    24   2.69172   1.76724   3.31027    1278   14
    25   2.13604   2.53298   1.94397    1057   11
    26   0.94314   2.53570   5.21385    1120   13
    27   6.10194   1.59003   4.92814    1004   12
    28   2.05053   1.64176   3.09782     774   14
    29   4.21163   2.70998   0.88318    1485   18
    30   5.41367   1.22054   4.17993     990   13
    31   0.00398   0.59507   1.04232     657   12
    32   5.92618   2.51176   2.91360    1108   13
    33   5.37908   2.12857   5.04736     954   14
    34   5.17314   1.76202   1.37939     899   12
    35   5.19662   2.34870   2.80212    1079   14
    36   4.76530   2.44017   1.02513    1678   17
    37   3.19020   2.39649   2.08570    1909   15
    38   2.60794   1.41481   5.41786    1163   16
    39   2.18463   2.23551   1.77511    2074   17
    40   5.31939   1.80567   5.58845    1221   14
    41   0.76784   1.60230   2.67112    1117   13
    42   2.68579   2.21120   5.05592    1097   11
    43   2.98448   2.42907   5.44241     949   13
    44   0.48539   1.33710   2.90521    1498   17
    45   2.31436   0.88716   0.13334     613   13
    46   2.88372   1.21955   3.91165    2440   16
    47   0.60672   1.08562   3.36824    1194   13
    48   0.81087   2.13547   1.71986    1566   13
    49   0.47770   2.76894   2.87969    1528   19
    50   0.98847   1.15012   6.08215    1815   16
    51   3.35108   2.30082   3.22079     818   11
    52   3.03443   2.93442   0.14628    1140   11
    53   5.64429   0.87764   2.78460    1814   16
    54   0.52496   1.08189   0.26020    1791   16
    55   4.14898   1.40340   5.66856     724   11
    56   3.25282   1.66166   2.64793    1290   15
    57   0.80631   0.64946   5.12227     624   12
    58   1.03563   2.57911   5.90565    1244   12
    59   0.79222   2.01432   1.85117     917   13
    60   1.29658   1.59822   5.79225    1231   14
    61   0.65748   1.05483   5.15667    1033   17
    62   2.20603   0.96942   4.01881    1116   13
    63   2.11171   0.80599   2.15919    1588   14
    64   5.69276   2.79166   5.43791     690   10
    65   1.75287   0.98224   4.37167    1198   16
    66   5.07857   2.59888   3.56344    1291   16
    67   4.16582   2.40146   0.57503    1337   15
    68   5.56675   1.41431   4.42250     952   11
    69   3.91716   0.56502   4.21551    1235   14
    70   1.63828   1.51850   4.28951     918   13
    71   4.49717   0.52023   0.97031    1877   17
    72   2.93854   1.84233   1.15181    1336   15
    73   4.85905   1.90903   3.77037    1451   13
    74   1.47573   2.04577   3.58490    1429   16
    75   2.82333   2.08164   0.77781    1464   13
    76   5.12899   1.93403   4.44615    1049   13
    77   4.89316   1.34365   5.78481    1478   18
    78   0.44048   1.86915   4.59668    1205   15
    79   3.96804   1.87802   4.15778    1219   15
    80   4.77298   1.78982   0.91725    1372   16
    81   0.79761   1.58620   3.49667    1006   15
    82   4.01794   1.16296   1.71044    1064   14
    83   3.79027   2.63827   3.78561    1559   18
    84   3.17433   2.42649   3.04115    2232   16
    85   1.60415   1.79809   2.06734    1388   16
    86   0.43794   2.00088   6.12193    1749   17
    87   5.30542   2.42137   3.51577    1159   14
    88   2.41375   0.89597   2.75815    1061   15
    89   3.60863   0.87406   2.76806    1250   16
    90   1.40608   0.58562   0.30595    1541   18
    91   1.15019   1.84629   6.07412    1368   15
    92   5.83429   0.68794   1.17995    1099   11
    93   0.32072   2.28277   0.22353    1616   18
    94   0.52843   2.15325   0.63922    1548   16
    95   0.91092   1.59155   1.96150    1286   15
    96   0.24839   0.64852   2.91175     927   14
    97   4.22335   1.41436   2.68735    1015   15
    98   0.38094   2.20541   6.06080    1859   18
    99   0.16583   0.89296   4.47595    1703   17
   100   1.01155   0.66605   3.88597    1579   15
   101   5.60973   1.16357   4.20550     780   12
   102   0.05464   0.47792   3.61045    1857   20
   103   3.83086   2.16426   2.55367    1442   17
   104   3.03155   1.49090   5.73923     899   13
   105   5.53787   0.70152   2.50541     815   10
   106   0.35952   1.70636   0.02880    1700   15
   107   5.81915   1.29508   0.24020     864   15
   108   5.79661   0.73230   6.02287    1759   16
   109   0.94752   2.39415   3.13905    1639   14
   110   5.68146   2.44582   3.69390    1342   14
   111   6.08816   1.83586   3.71352    1938   16
   112   5.21904   2.82258   2.39071    2888   20
   113   2.04557   1.71076   5.23407    1770   16
   114   2.34143   1.64438   5.87654    1719   18
   115   4.54336   1.65848   0.75300    1252   15
   116   6.15813   2.60778   3.48482     945   11
   117   0.85529   2.45620   4.40394    1162   14
   118   0.15952   2.37157   1.06382    1583   16
   119   4.88319   0.84470   5.58822     915   14
   120   2.07668   2.35603   1.63060    1546   15
   121   5.63320   1.66349   3.26901    1071   14
   122   1.71174   1.28525   1.37130     845   14
   123   5.05884   0.25147   4.76381    1604   17
   124   0.39732   0.16934   0.41922     845   11
   125   2.71998   0.46365   5.78456     887   13
   126   1.04949   2.13731   3.15053    1302   19
   127   6.25463   2.01639   0.33576    1723   16
   128   2.12071   1.93433   2.22151     993   14
   129   4.29690   1.42243   3.86186     935   12
   130   4.80173   2.89033   5.25990    1325   19
   131   4.78495   1.11713   5.92146    1344   17
   132   2.84351   1.58531   0.60013    1353   15
   133   5.55471   1.35346   0.82134    1599   15
   134   6.22075   1.19957   0.54160     961   13
   135   3.34459   2.77061   5.19052    1208   13
   136   3.30964   2.47345   5.68268    1252   14
   137   3.37634   0.74913   6.11715    1661   14
   138   2.70794   0.28798   3.10110     600   10
   139   3.77483   1.03478   5.55822    1682   18
   140   4.53674   0.88202   4.75474    1263   12
   141   1.14440   1.85735   0.22666    1079   13
   142   5.65556   1.48631   4.39682    1131   14
   143   3.84839   0.85566   3.36438    1986   16
   144   5.88402   1.46443   0.79958    1125   15
   145   0.59482   0.87963   0.10397    1727   16
   146   5.32010   1.33797   2.22039    1116   15
   147   0.82938   1.26783   5.40682    1263   16
   148   1.94087   2.12569   6.09045    1319   14
   149   1.90742   1.91382   5.45909     958   13
   150   5.83503   2.73731   1.71048    1500   19
   151   5.02615   1.74416   1.97574    1106   13
   152   5.69606   1.08046   3.04506    1567   16
   153   2.34830   2.47483   0.34279    2271   21
   154   3.59315   2.51594   4.02770    1394   17
   155   1.07268   1.10935   1.60082     985   11
   156   2.82494   0.39246   4.77984     790   13
   157   3.22729   1.05140   5.84293    1101   14
   158   2.10946   0.88783   2.34469    1348   14
   159   2.77506   1.07144   0.27166    2525   17
   160   2.89436   1.77788   0.84797    1122   12
   161   3.75884   0.78586   3.87452    1217   17
   162   1.28815   1.96689   3.60658     971   13
   163   5.31014   1.18889   3.82301     734    8
   164   4.99090   2.20941   5.56338     960   17
   165   2.80919   1.57139   4.33110    1874   17
   166   5.19035   1.37983   3.52844    1074   14
   167   5.34837   0.82921   2.91876    1907   19
   168   3.87810   1.72828   1.12199    1056   12
   169   3.76843   2.66441   6.10552    1438   17
   170   5.54217   1.85377   4.59020    1197   16
   171   2.82999   1.34487   1.83832    1706   16
   172   6.28146   2.55097   3.31438    1263   13
   173   0.40860   2.24620   1.95817    1184   16
   174   2.94699   1.33143   2.89739    1602   18
   175   4.53604   1.85280   1.76123     999   14
   176   2.26934   1.19424   3.39453    1228   13
   177   5.48514   1.66428   2.49066    1379   17
   178   2.34506   1.92049   5.75903    1231   14
   179   4.50467   2.46529   5.53030    1363   15
   180   0.13019   1.36134   3.78303    1821   19
   181   3.06619   0.41853   0.68754     851   12
   182   5.43581   1.55661   6.07800     922   15
   183   1.01751   1.97987   4.05546    1348   13
   184   5.30653   2.23602   3.73412    1373   15
   185   0.59752   1.65228   5.46435    1154   14
   186   3.56506   0.49007   0.06928    1584   13
   187   6.20951   0.90240   5.75353    1742   17
   188   1.78559   0.97691   0.03752    2125   21
   189   1.90836   0.88532   4.97715    1221   16
   190   1.94502   0.33887   2.09114    1344   15
   191   2.04077   0.92231   0.25003    1386   15
   192   6.13206   0.91650   3.31858     766   14
   193   1.69147   0.72507   0.68979    1659   15
   194   2.04921   2.59298   5.23426    1467   14
   195   5.92217   0.22717   6.16650     773   11
   196   0.78915   2.93397   1.11844    2188   18
   197   6.12656   2.91648   0.01805    1414   16
   198   5.63685   1.55552   1.02902    1440   16
   199   5.92707   0.95242   1.98241    1424   14