     1   0.00000   0.00000   0.00000       0    0
     2   3.71820   1.25115   1.44420    1145   15
     3   3.89573   1.22717   1.40492    2394   19
     4   5.26727   1.62982   2.95226    2438   20
     5   0.75591   0.19761   1.46253     856    9
     6   5.47322   1.79890   1.29086    4891   23
     7   6.11894   0.30943   2.35016     855   11
     8   5.31010   1.72583   2.75244    1432   13
     9   0.72583   1.77321   3.33693    1435   14
    10   5.45693   1.72073   6.04477    3048   17
    11   6.24442   0.21331   2.30507    5088   25
    12   2.89726   2.88660   3.84649     426   12
    13   0.67474   1.82388   1.71927    1091   11
    14   0.56961   1.82421   3.36161    2705   19
    15   3.91174   1.32495   4.59927     603   11
    16   0.70600   1.95620   1.73627     443   11
    17   2.11503   1.46929   1.81155    3476   21
    18   3.78455   1.36913   3.09066     794   11
    19   3.93389   1.40691   3.00555     542   10
    20   0.18598   0.22678   2.17369     728   11
    21   3.90233   1.29281   4.57429    2357   13
    22   5.39847   1.81067   1.27665     540   10
    23   0.17685   0.36295   5.22709     878   11
    24   3.79090   1.40382   6.20580     749   10
    25   5.39847   1.81067   1.27665     478   10
    26   0.54015   1.92007   1.62517     331    9
    27   0.62642   1.94923   3.21312     821   11
    28   5.35162   1.72539   4.33079     687    9
    29   0.68212   1.88394   0.04785    1094   11
    30   0.76817   1.74855   0.09295    1486   13
    31   0.32812   0.39068   3.52668    2542   19
    32   0.20248   0.34117   3.73234    2118   17
    33   0.04144   0.25251   3.73574    2055   19
    34   0.14006   0.32964   3.76405    2189   16
    35   0.80212   1.79139   0.24379     998   12
    36   3.34506   2.90611   2.75797    3587   23
    37   5.47322   1.79890   1.29086     710    9
    38   3.88602   1.20943   1.40318    2815   18
    39   3.79995   1.31116   4.65985     406   11
    40   3.74195   1.32207   6.09436    1055   13
    41   0.72395   1.68536   3.34341     789   10
    42   0.63869   1.93604   3.23263     354    9
    43   5.37346   1.75302   1.19880    1642   15
    44   3.88833   1.25454   6.15347    2678   20
    45   5.40429   1.76093   5.99806     470   10
    46   6.23026   0.29705   5.32767    1263   13
    47   0.59567   1.83226   0.11482    1262   10
    48   5.31877   1.65684   4.40779    2595   18
    49   3.83700   1.29103   4.44338     856   14
    50   2.21389   1.30768   3.46463     831   12
    51   2.30172   1.37191   0.23011     362   12
    52   5.25431   1.75873   5.89111    1489   15
    53   5.37081   1.62920   1.24096     857   15
    54   0.69393   1.86596   1.83959    4197   25
    55   3.92846   1.31134   2.93698    2603   19
    56   2.18562   1.37801   0.24814    3753   22
    57   5.39847   1.81067   1.27665     551   13
    58   6.27418   0.28872   5.25321     669   12
    59   0.74481   1.76738   4.94002    1313   11
    60   5.43887   1.70646   5.97261    2596   19
    61   3.51935   2.71887   4.47518    1177   13
    62   3.77306   1.26866   4.43957     526    8
    63   5.34020   1.78565   5.94034     575    7
    64   6.27156   0.43923   5.32451    2681   18
    65   3.34506   2.90611   2.75797     578   11
    66   6.13718   0.32319   3.89462     752   16
    67   3.34506   2.90611   2.75797    1055   13
    68   5.43411   1.76783   2.91253    1231   15
    69   3.81409   1.17893   3.04519     438    7
    70   3.85879   1.38592   1.33549    1443   10
    71   0.59117   1.80536   1.63465     383    9
    72   0.32584   0.31455   3.39320     303    9
    73   0.52323   0.27859   4.71514     458    8
    74   0.14913   0.34347   5.34267    1352   17
    75   6.03142   0.29737   2.42704     320    6
    76   0.75734   1.76388   4.84719     476    9
    77   0.29648   0.30848   1.98802     462   11
    78   3.30761   2.73175   0.95255    4632   26
    79   5.28824   1.70180   4.31720    2078   18
    80   2.08702   1.42921   1.80289    1846   13
    81   0.32584   0.31455   3.39320    2809   18
    82   3.82655   1.21173   1.48176    3219   22
    83   5.34372   1.59249   4.37144    3912   25
    84   3.34506   2.90611   2.75797     312    6
    85   3.34506   2.90611   2.75797    1682   16
    86   2.29664   1.49856   1.85366     879   12
    87   0.75359   1.80922   3.26346     655   12
    88   0.69908   1.80505   1.72906     477   12
    89   3.88277   1.42412   4.61215    1196   16
    90   3.34506   2.90611   2.75797     433   10
    91   2.16694   1.39205   0.30997    1864   13
    92   3.83700   1.29103   4.44338     444   11
    93   5.39847   1.81067   1.27665     663    8
    94   0.60851   1.78423   4.88750    2686   16
    95   0.29648   0.30848   1.98802     916   15
    96   5.30756   1.71415   2.78708    1352   14
    97   3.85879   1.38592   1.33549     463   12
    98   5.36645   1.67404   5.94860     401    8
    99   2.25951   1.29683   1.85121    2366   19
   100   3.74232   1.17059   6.20903    4211   22
   101   3.76495   1.25256   1.43056    4013   21
   102   5.30058   1.67455   2.90241    2865   21
   103   5.45313   1.68123   4.34628    5268   28
   104   5.34133   1.63079   5.96767    2179   20
   105   2.28200   1.51996   1.91473    2657   19
   106   0.69848   1.84054   0.17274    1601   18
   107   3.75258   2.85157   4.67973    1635   16
   108   0.55327   1.92338   0.12429    1869   17
   109   5.41110   1.68501   4.45442     918   10
   110   6.17849   0.35425   2.27156    3915   24
   111   5.22217   1.82127   1.28142    3729   20
   112   2.18665   1.41380   4.93654    2512   20
   113   0.72395   1.68536   3.34341    1672   15
   114   5.22354   1.78740   2.88533    1660   16
   115   3.72793   2.87243   1.46510     945   16
   116   3.68051   1.24976   6.26494    1096   12
   117   3.73054   2.88329   1.49629     959   12
   118   0.76454   1.87307   4.98188     505    6
   119   5.39707   1.60740   1.23726    1891   17
   120   0.66751   1.75246   0.09674     282    9
   121   5.39847   1.81067   1.27665    1728   16
   122   3.75422   1.34043   1.33036    3476   20
   123   3.77740   1.17291   6.19961    1719   15
   124   3.38137   2.73183   5.76763    1545   12
   125   0.28767   0.40764   5.15585     672    9
   126   2.20354   1.43056   1.91392     804   11
   127   3.78397   1.24111   3.08510     441    8
   128   2.21722   1.36055   0.22468    1053   13
   129   5.32704   1.68495   4.31394     638   14
   130   0.71554   1.91901   4.98469     516   10
   131   0.59657   1.74884   0.10659     528    9
   132   0.32584   0.31455   3.39320     557   11
   133   0.26567   0.35674   1.95268    3396   18
   134   3.23542   2.90715   4.26901     577   10
   135   5.24153   1.73221   6.03044     390   10
   136   2.93668   2.86618   0.79582     892   13
   137   5.32753   1.73863   2.87409    1712   14
   138   5.39847   1.81067   1.27665     523   10
   139   3.93389   1.40691   3.00555     602   11
   140   2.12618   1.49294   0.19809     986   12
   141   3.75528   1.37391   3.13616    1624   14
   142   3.64141   2.81340   4.44410     802   10
   143   3.52459   2.92094   1.21436     484    8
   144   0.75359   1.80922   3.26346    2131   18
   145   2.09713   1.41882   0.16905    1845   19
   146   3.04456   2.89856   5.43472    4800   25
   147   6.27418   0.28872   5.25321     651   10
   148   3.08216   2.82061   3.87315     611    9
   149   0.47275   0.29702   3.42638    2814   19
   150   3.56407   2.88140   4.50505    2225   17
   151   3.86574   1.33699   1.32959     606   11
   152   3.81719   1.26721   1.29902     748   13
   153   2.28899   1.35185   3.31718    4109   22
   154   5.42093   1.66627   2.85937     975   13
   155   3.77740   1.17291   6.19961     782   11
   156   3.54050   2.82954   5.92240    1674   18
   157   3.53767   2.71808   4.44174     525    9
   158   3.86176   1.36761   1.43113     517    8
   159   3.11656   2.93730   4.00486     656   11
   160   5.39847   1.81067   1.27665     455    9
   161   2.09710   1.54331   0.28577    1986   15
   162   0.18673   0.36860   5.25962    3681   19
   163   0.31042   0.21937   3.59512    2713   20
   164   0.72395   1.68536   3.34341     631   10
   165   0.75359   1.80922   3.26346     553    7
   166   6.14912   0.32290   0.74241    1404   13
   167   0.69908   1.80505   1.72906     769   12
   168   3.84589   1.35834   6.05815     759   17
   169   0.77258   1.83172   3.27462     430   11
   170   2.08702   1.42921   1.80289    1229   16
   171   2.15858   1.45905   1.77504     525   11
   172   0.70600   1.95620   1.73627     458    9
   173   3.09019   2.75699   4.08432     844   11
   174   3.68345   2.84672   4.50007    5080   26