     1   0.00000   0.00000   0.00000       0    0
     2   0.44401   2.35973   5.64763    1115   12
     3   5.66183   2.21704   5.58680    1125   12
     4   4.58660   2.12865   4.41858     929   12
     5   5.32507   1.72491   5.23760    1823   19
     6   3.28396   1.43653   5.78893    2066   19
     7   1.95531   2.30166   4.04689    1071   15
     8   4.44317   2.15246   6.14359    2236   21
     9   2.37310   0.55598   5.82407    1221   14
    10   3.08361   1.09644   5.20891    1022   14
    11   4.02919   1.18455   2.50083    1252   16
    12   2.26059   1.08590   0.49780    1569   15
    13   4.18123   2.46586   4.94321    1115   11
    14   5.30466   1.18532   3.22415    1359   15
    15   0.03252   2.27157   0.35212     776   11
    16   6.16659   0.88422   2.31514    1289   16
    17   0.77005   1.27251   4.00093     952   14
    18   0.01706   0.42076   4.57635     674   11
    19   1.65274   2.03456   0.66583    1259   15
    20   1.90087   1.13632   0.29708     945   11
    21   0.68380   0.93744   2.77485    2110   18
    22   1.20491   0.57906   5.29614    1277   14
    23   1.09084   2.17269   5.10176    1141   13
    24   1.47520   1.64165   5.33332     988   14
    25   2.83200   2.15292   0.15978    1453   17
    26   4.95586   0.53215   4.92667     964   15
    27   1.50396   2.12315   4.61024    1756   16
    28   1.30008   2.48441   4.92409    1124   13
    29   0.73959   1.37367   5.22987    1493   15
    30   0.09016   2.34349   5.15843    1483   14
    31   1.93528   2.15952   5.80922    1153   15
    32   4.60525   2.55519   6.13196    2718   21
    33   3.02461   2.04875   3.47373    1653   15
    34   5.48637   1.08465   2.50504    1668   15
    35   3.69317   0.97683   2.21683     913   11
    36   2.55419   2.05503   5.34528     975   10
    37   1.85774   0.11173   6.11526    1821   16
    38   2.77678   1.25114   4.87199    2129   18
    39   0.53061   2.42853   5.75395    1289   15
    40   2.59785   1.77086   0.68437    1301   15
    41   4.51097   1.83169   3.18901    1744   16
    42   4.41808   2.51194   3.16234     759   11
    43   3.79445   1.22031   6.19165    2056   16
    44   2.73465   1.61361   4.98451    2274   21
    45   1.57777   2.30239   6.27363    1709   15
    46   2.76423   1.76125   3.80847    1159   13
    47   1.88745   1.61530   3.59283    1115   12
    48   5.93403   0.52443   2.04717    1409   15
    49   5.92833   1.32178   1.73004    1369   14
    50   4.93871   0.92294   5.92079    1098   14
    51   0.38222   1.31153   5.33880     926   11
    52   3.51830   2.13429   5.14895     968   10
    53   4.12642   1.51477   1.25360    1795   16
    54   0.73362   1.57840   3.55211     934   12
    55   5.26867   2.18733   1.75890    1630   17
    56   5.98197   1.50119   5.12770    1620   16
    57   2.08761   2.22513   1.19967    1613   16
    58   1.26970   0.79384   4.69668    1613   19
    59   0.36141   0.33474   1.86283    1391   15
    60   3.05146   2.32648   6.26509    1312   15
    61   0.09366   0.59432   1.58393    1136   13
    62   0.37334   1.04801   3.39223    1026   13
    63   2.80259   1.32317   2.53139    1129   13
    64   6.08150   1.15193   5.91960     871   12
    65   5.18820   0.42009   5.47474     884   11
    66   0.22994   2.52438   5.28686    1188   13
    67   4.86831   0.32435   5.35593    1487   17
    68   3.75134   1.93301   1.93941    1602   13
    69   0.12896   2.32102   3.87925    1570   17
    70   0.29132   1.41286   0.15204     948   11
    71   0.03252   2.27157   0.35212    1122   13
    72   3.89801   0.86785   2.14792    1526   16
    73   4.27515   1.36847   5.52965    2644   18
    74   2.62721   0.59119   3.33566     990   15
    75   4.29852   1.31498   5.47598    1342   15
    76   5.25343   0.85066   1.79419    1776   18
    77   4.12240   2.58314   0.86110    1266   17
    78   4.22066   1.77559   1.70200    2193   20
    79   1.83039   0.15202   2.38027     942   12
    80   5.59622   1.41437   4.58844    1091   14
    81   0.68923   2.05899   3.64432    2328   18
    82   4.51951   2.37207   2.69578    1556   16
    83   2.10145   0.82943   1.88501     918   13
    84   3.18200   0.84957   5.26772    1883   18
    85   3.78620   1.48074   4.62765     851   12
    86   2.17328   1.13444   2.14052     752   10
    87   2.71028   1.92719   1.90740    2044   18
    88   2.08633   0.59909   3.39092    2080   22
    89   5.09462   0.83465   0.77080    1070   13
    90   1.26295   1.77191   5.77833    1481   16
    91   3.05884   0.85216   2.64539    1175   15
    92   3.76509   0.75761   2.75571    1318   18
    93   0.92457   1.46320   0.90775     609   10
    94   5.08832   0.43004   5.43390     953   14
    95   5.47385   1.98751   1.18690    1160   12
    96   5.27503   1.77250   5.61165    1324   13
    97   1.95077   1.86504   1.69150    1848   19
    98   3.46524   0.86903   2.43293     818   14
    99   1.28473   1.23613   2.31251    1665   17
   100   3.63155   1.14084   1.93541     934   17
   101   0.15468   2.50769   0.06776    1289   14
   102   5.42980   0.57066   2.38769    1172   14
   103   1.81655   2.48065   5.81766     783   11
   104   2.65828   0.99072   1.50767    1123   12
   105   2.38143   0.77182   4.75287    1146   13
   106   0.85473   2.70981   1.53952    1407   13
   107   2.81760   1.86493   3.63715     816   14
   108   1.45015   1.67281   0.47527    1003   14
   109   0.84728   1.25359   0.08245    1381   18
   110   3.41949   1.81442   0.71953    1124   13
   111   5.27342   2.79077   3.03688    1200   13
   112   3.67553   0.79820   1.61155     953   12
   113   0.91539   2.39349   1.99491     648   10
   114   4.11116   1.81815   2.15528    1481   15
   115   3.68517   1.27303   4.05958    1133   14
   116   3.06691   0.93556   3.05314    1017   15
   117   1.47171   1.19716   3.24414    1508   16
   118   5.25423   0.73105   5.59686     760   11
   119   5.62703   1.78086   3.53292    1149   14
   120   4.78628   0.91781   2.78783    1160   13
   121   2.11514   2.13484   1.16834    1814   19
   122   4.42689   1.10646   5.55241     849   11
   123   4.70374   1.35240   1.86269    1141   13
   124   6.20401   1.78912   0.82009    1245   15
   125   5.84316   0.66432   3.61262    1596   16
   126   0.16622   2.85854   5.32123    1653   14
   127   1.93997   0.13173   0.28271    1688   17
   128   3.19763   2.11818   1.86844     943   12
   129   0.35524   0.86094   0.71640    1099   13
   130   3.20825   0.47157   2.21493    1117   15
   131   1.06200   1.38400   5.34396     852   13
   132   0.93688   2.35647   5.15368    1599   15
   133   4.18215   2.04767   5.04734    1408   15
   134   2.50742   2.11840   0.64862    1039   14
   135   3.13552   1.94267   3.91451    1898   15
   136   5.44462   1.96071   2.54224    1178   14
   137   2.01524   2.18833   1.12857    2636   22
   138   4.71720   1.38050   6.14734    1378   15
   139   1.30536   1.77481   0.67683    1373   13
   140   0.62562   0.97549   1.49791    1365   14
   141   4.16253   2.42325   3.37980    2361   22
   142   3.15388   2.30852   2.41801     847   11
   143   2.15582   2.26333   2.17069    1053   12
   144   3.57750   1.01334   5.40147     979   13
   145   2.12626   1.34434   1.46440    1267   13
   146   5.87588   0.63959   5.04106     755   14
   147   1.33578   2.30622   1.45837    2048   19
   148   5.51196   2.74500   2.95872     766   12
   149   2.47537   1.40112   3.87869    1179   12
   150   0.78151   1.80796   2.44150    1396   18
   151   2.67951   2.13845   1.98082     768   13
   152   0.82971   0.37677   0.09186    1627   15
   153   2.68249   0.58322   2.66797    1195   16
   154   4.93837   2.08456   2.46046    1272   15
   155   4.86747   2.11462   5.89394    1826   16
   156   0.43407   1.53216   2.62008    1602   19
   157   5.77178   2.68588   0.12592    1373   20
   158   1.77237   1.84718   0.99923     924   11
   159   6.05100   0.69550   3.85341    1338   15
   160   4.54274   0.72026   5.87076    1341   14
   161   2.13306   1.93930   3.14572    1647   15
   162   3.34655   0.74477   6.21566    2205   21
   163   2.86155   2.20733   5.22960     685   11
   164   1.12092   2.29184   5.04905    1358   15
   165   2.98957   0.24599   3.53951    1007   12
   166   6.28134   1.96832   5.95669    1823   18
   167   0.25025   1.36590   4.39381    1166   13
   168   5.67985   1.46446   3.29775    1225   14
   169   0.08454   1.68001   2.42997    1546   14
   170   1.95877   1.37068   2.62872     746   13
   171   4.07811   2.06330   4.88700    1279   12
   172   0.03252   2.27157   0.35212     901   14
   173   3.87034   1.94739   5.46444    1731   16
   174   1.54199   1.34398   5.31463    1342   15
   175   4.40228   0.91704   5.79849    1551   16
   176   3.19671   1.98211   0.15756    1461   15
   177   4.22553   0.13015   6.15067     803   13
   178   3.00547   2.78924   3.14576    1313   15
   179   3.97954   1.03122   0.71659    1559   16
   180   2.24253   0.64813   3.59187     660   12
   181   0.97886   1.08114   4.62720    1573   17
   182   1.59602   0.48471   2.39986    1484   17
   183   2.36818   0.24917   5.50498    1195   15
   184   3.07133   1.99755   5.48402    1257   15
   185   2.38133   1.69310   2.28696    1370   14
   186   4.70374   1.35240   1.86269    1024   14
   187   2.83989   1.73624   4.92965    1412   17
   188   5.90820   2.91341   3.14895    1562   16
   189   5.64703   0.94299   4.24338    1222   15
   190   4.70432   2.51127   4.24127    1718   17
   191   1.83188   2.23158   4.65220    1314   16
   192   2.66102   2.06691   6.20355     933   12
   193   3.42400   0.87005   1.64505    1371   17
   194   5.72798   0.90353   1.12690     888   12
   195   3.07849   0.40824   5.19538    1222   13
   196   1.52475   1.64897   1.14648    1660   15
   197   5.08760   2.75400   2.59122    1235   14
   198   0.69517   1.34779   5.99136    1343   13
   199   1.91948   1.12485   3.29422    1111   14