     1   0.00000   0.00000   0.00000       0    0
     2   3.25471   1.64489   4.77820    4472   15
     3   0.43727   3.00479   4.85586    2957   13
     4   4.93541   1.67733   4.71503    4828   14
     5   0.22643   1.51044   1.67174    5280   16
     6   0.11572   1.52599   0.12804    5595   17
     7   0.71636   3.06822   5.09497    1976   11
     8   4.96243   1.70037   4.84715    4518   15
     9   5.01920   1.62959   1.63979    4282   14
    10   3.35323   1.69327   1.45861    3374   12
    11   0.20531   1.41696   4.66997    4706   14
    12   1.69535   1.51632   6.22143    5251   15
    13   4.89692   1.52226   0.11787    4346   14
    14   1.76326   1.61016   2.98226    3830   14
    15   6.01406   2.98138   2.59116    4345   13
    16   3.25471   1.64489   4.77820    3111   12
    17   3.32174   1.64457   4.74272    4284   16
    18   0.20996   1.49675   3.30118    2768   14
    19   4.57436   0.02424   1.89996    4577   14
    20   3.39665   1.61952   0.04907    4222   14
    21   4.72043   0.11052   4.87020    4082   15
    22   1.50036   2.99485   4.29748    2872   13
    23   0.96694   3.10789   0.75404    3634   14
    24   2.11138   0.05757   4.29124    6167   17
    25   0.24099   2.97186   1.53637    3527   13
    26   3.23764   1.64056   3.19344    3795   13
    27   5.45672   3.04811   3.66544    5099   14
    28   4.83781   1.64619   0.00831    4441   14
    29   2.05250   0.06689   5.95083    4644   15
    30   2.39992   3.09124   0.50969    3094   13
    31   5.32916   3.06433   0.45550    3587   15
    32   1.78834   1.51703   1.49594    3218   14
    33   0.28289   1.64501   4.77506    5245   18
    34   1.83107   1.56915   3.12129    3501   14
    35   0.14966   1.39582   3.20861    3970   16
    36   0.51190   3.03169   3.56645    5157   16
    37   3.33302   1.58037   1.54929    3507   12
    38   3.28193   1.59854   1.59128    3518   11
    39   4.57371   0.15429   0.38333    3071   12
    40   3.30402   0.13741   1.56209    3833   15
    41   3.48146   1.60559   4.60667    4124   14
    42   1.91136   1.40684   3.09123    3415   14
    43   1.84255   1.45993   0.05665    3778   12
    44   3.25471   1.64489   4.77820    1946   10
    45   0.20257   1.54988   3.31050    3267   15
    46   3.44509   1.65928   0.08441    4914   15
    47   1.88993   1.52398   6.18845    4956   17
    48   0.26402   1.57075   1.60686    3669   15
    49   1.76833   1.59740   6.28300    2036   10
    50   3.32173   1.69177   1.52522    4525   15
    51   4.82265   1.56295   3.25922    2503   12
    52   1.79416   1.51471   3.10546    3978   14
    53   3.38453   1.59071   3.02726    4230   15
    54   3.35323   1.69327   1.45861    5417   16
    55   1.70337   1.47506   3.09579    4159   13
    56   1.67308   1.55238   3.15212    3557   14
    57   3.36935   1.51297   1.55399    5079   18
    58   0.25638   1.63224   4.71133    3581   14
    59   5.03331   1.52670   0.11857    3761   13
    60   3.41947   1.58213   1.61406    4459   15
    61   1.76514   1.56040   4.55457    3777   14
    62   0.16496   1.60396   3.10280    3470   16
    63   4.83518   1.72482   0.11120    3311   15
    64   0.24575   1.55420   1.70699    3874   18
    65   1.91463   1.41407   1.58063    2905   12
    66   3.30299   1.56416   4.63570    3107   12
    67   6.05176   2.99749   1.23217    5662   17