     1   0.00000   0.00000   0.00000       0    0
     2   4.19919   1.53310   3.11440    5514   22
     3   1.10876   1.66756   1.73681    2281   14
     4   4.25465   1.47172   6.21451    3846   19
     5   5.87805   1.57448   3.10404    4004   17
     6   2.64491   1.46485   4.82238    3478   17
     7   1.12499   1.70404   1.78205    1330   12
     8   4.23201   1.48663   6.19751    1752   12
     9   2.70888   1.55684   3.14887    1812   13
    10   1.05785   1.69942   1.69963     608    7
    11   4.18251   1.53251   6.25864    1400   11
    12   5.82282   1.67682   3.17508    1472   11
    13   3.07355   3.01954   5.24281     828   11
    14   5.83774   1.70082   3.09702    2252   14
    15   4.13889   1.46775   6.07475    2432   14
    16   4.30305   1.51401   3.08611    4043   15
    17   4.23250   1.64169   1.52565    5188   22
    18   0.25838   0.02673   2.33089     536   10
    19   1.00510   1.68503   4.93472    2692   16
    20   5.68511   1.57951   1.41322    3990   21
    21   4.25950   1.52442   1.35923     757   11
    22   1.06733   1.65414   1.78120    2942   15
    23   2.47367   2.98002   5.98353    1136   13
    24   1.15187   1.53021   4.86346    2086   11
    25   0.26532   0.08632   5.44143    2723   14
    26   5.90193   1.79328   6.14557    4877   17
    27   4.19932   1.50639   1.50575    1384   13
    28   3.47691   2.93372   4.03271     781    9
    29   3.67617   3.09075   2.51361    2881   18
    30   1.25536   0.15366   4.60255    3932   17
    31   1.07757   1.74808   0.02281    3692   15
    32   2.58610   1.50404   4.89070     653    8
    33   1.05785   1.69942   1.69963    2878   14
    34   6.14311   0.23668   5.89450    1202   13
    35   2.74790   1.54430   0.11861    2403   14
    36   2.66513   1.46920   1.51098    1775   13
    37   3.27036   2.88647   5.28771    3000   13
    38   5.87805   1.57448   3.10404    1168   12
    39   6.10252   0.11949   2.94383    3822   22
    40   4.18079   1.59185   4.60638    5555   21
    41   3.56931   2.91859   2.49595    1802   13
    42   5.83774   1.70082   3.09702    3466   20
    43   4.43594   2.97270   3.28912    3525   17
    44   5.76462   1.78691   6.10018    3974   18
    45   2.75852   1.46823   3.32755    2086   14
    46   1.12499   1.70404   1.78205    1682   13
    47   5.90708   1.72897   3.07145    4508   17
    48   2.93321   3.00287   1.76566    1176   11
    49   3.43450   2.85468   0.82156    4441   17
    50   4.18713   1.49786   1.32498    1251   13
    51   2.66664   1.53715   3.10423    2834   16
    52   0.06791   0.26093   1.14225    3517   18
    53   4.21530   1.37971   3.08160    4045   18
    54   5.90681   1.67990   3.05984     812   10
    55   2.61122   1.43929   1.63927     434    9
    56   5.88355   1.59409   4.56343    2457   14
    57   2.62541   2.98151   6.26121    3930   18
    58   2.04180   3.07523   4.16219    2540   15
    59   4.17926   1.56475   4.48611    1561   13
    60   2.59614   1.54483   3.22999    1136   12
    61   2.53368   1.50866   0.01263    1477   12
    62   0.90312   0.09069   0.17469    2814   17
    63   1.62599   3.06537   5.15986    5629   20
    64   2.64486   1.40858   3.15934    6092   24
    65   1.13263   1.54224   1.80498    1745   15
    66   3.03319   3.01056   5.11489    1220   11
    67   2.50772   2.95462   4.47088    2356   16
    68   0.98632   1.63341   1.68116     947   10
    69   1.09877   1.64918   3.22866    3310   16
    70   5.90597   1.62417   1.41316    1477   10
    71   4.18713   1.49786   1.32498    1466   12
    72   1.33588   0.13369   2.93674    1188   11
    73   2.65616   1.48084   6.27253    2093   13
    74   3.49275   2.95509   5.55051    1937   11
    75   5.72826   1.61002   6.26564    1427   12
    76   2.59802   1.45536   3.17684    1911   12
    77   2.62329   1.51291   4.85781     966   10
    78   5.85473   1.69203   4.71698    1466   11
    79   2.38907   3.11782   2.96446    2093   13
    80   4.33509   3.04263   0.13806    4615   16
    81   2.73554   1.32418   0.00839    2223   12
    82   2.58323   1.47670   0.05565    1549   11
    83   5.87805   1.57448   3.10404    1736   12
    84   5.68771   1.60649   1.39073    1707   13
    85   3.59675   3.13429   0.94373    2008   14
    86   2.56848   1.54465   4.83365    1931   15
    87   4.29459   1.41879   3.01331    4319   18
    88   5.80208   1.68425   4.61049    3179   16
    89   5.76411   1.76833   1.60606    1965   11
    90   3.03319   3.01056   5.11489    3033   17
    91   2.63225   1.47148   3.31035    1817   14
    92   5.80339   1.66556   4.58187    3127   18
    93   2.69965   1.44058   0.01805    1184   13
    94   1.17427   1.68246   4.88966    1080   11
    95   0.99718   1.68582   0.11962    3218   14
    96   5.76357   0.11084   1.58128    1912   11
    97   4.19743   1.46955   1.46369    1814   14
    98   5.90575   1.68330   4.67280    4268   23
    99   3.31512   3.00161   0.75195    2394   16
   100   4.18713   1.49786   1.32498     917   10
   101   2.68532   2.97591   3.18406    1380   11
   102   4.18713   1.49786   1.32498    3053   15
   103   3.19297   2.97229   3.66401    2845   16
   104   5.85473   1.69203   4.71698     624    9
   105   4.30187   1.45924   1.53309    1685   15
   106   4.18713   1.49786   1.32498     459    9
   107   2.75852   1.46823   3.32755    1283   11
   108   0.25838   0.02673   2.33089    2151   13
   109   5.81252   1.63001   4.59736    2422   13
   110   0.21644   0.15334   0.97083    1249   12
   111   5.91758   1.60146   4.59716    3101   16