     1   0.00000   0.00000   0.00000       0    0
     2   2.35272   1.24105   0.55802    1434   16
     3   4.04512   1.13984   1.37938    2567   19
     4   3.97919   0.97297   2.96179     803    9
     5   3.65646   2.66008   2.72662     749    8
     6   4.11628   1.10150   4.41566    1065   14
     7   0.25709   0.53192   3.88305    1634   17
     8   3.99587   1.05646   4.43689    1834   16
     9   2.41399   1.24730   2.11877     906   13
    10   2.36264   1.41106   5.13318     978    9
    11   5.57648   1.90664   5.78411    1319   15
    12   0.97353   1.98705   1.85298    1616   15
    13   5.63575   1.83520   4.22773     703   11
    14   4.24408   0.98186   1.23518    1270   16
    15   3.69147   2.50833   4.40606     969   13
    16   5.45207   1.87656   4.19945    1423   16
    17   2.37731   1.30851   5.26220    1344   16
    18   3.73766   2.62285   2.90225    1666   18
    19   2.47963   1.31493   0.49308     849   14
    20   3.96048   1.18153   1.41738     692    9
    21   2.44366   1.41912   5.30604    2253   19
    22   0.93035   1.98909   0.38469     947   11
    23   4.16062   1.10972   4.31982     971    7
    24   5.60211   1.81871   2.51429    1251   14
    25   2.28518   1.44901   2.18536    1804   15
    26   3.65918   2.52401   1.16223    1614   17
    27   2.36582   1.20204   0.46263    1332   12
    28   4.07925   1.12200   2.87103    1046   14
    29   5.53316   1.77451   1.12698    1641   15
    30   2.37092   1.42218   3.62730    1797   18
    31   5.49499   1.68989   5.78655    1528   16
    32   0.45106   0.42211   3.55835    1547   16
    33   3.64740   2.60991   4.32311     848   15
    34   4.04285   1.13473   1.43329    1112   15
    35   2.34823   1.32508   5.14041    1260   13
    36   4.17242   1.04351   2.78518    1298   21
    37   1.10560   2.07636   5.08234    1013   11
    38   5.43351   1.89350   4.24242    1085   15
    39   0.97274   1.93898   4.97042     911   13
    40   0.52040   0.56480   5.07580     698   10
    41   5.61676   1.78768   2.61330    1194   13
    42   5.51962   1.79127   0.97430    1229   14
    43   2.44604   1.25228   2.19853    1178   15
    44   4.05774   1.13223   1.26055    1011   13
    45   5.61313   1.90052   2.53011    1194   13
    46   3.93437   1.12202   1.47133    1183   13
    47   4.16149   1.03080   4.40292    1695   16
    48   3.48141   2.59272   1.08581    1443   13
    49   4.13533   0.98526   5.98527     972   14
    50   4.20230   1.07411   1.24500     943   12
    51   4.21249   1.19409   4.40809     993   11
    52   4.01100   1.02495   1.22854     757    9
    53   0.00000   0.00000   0.00000     986   13
    54   3.83697   2.57050   1.36188     903   14
    55   3.95824   1.00975   6.20409    1748   16
    56   4.05081   1.08427   4.36596    1318   13
    57   5.64171   1.75995   4.19946    1237   14
    58   0.21303   0.55791   2.26109    1270   15
    59   0.43533   0.58580   5.25896    1601   16
    60   3.71157   2.51405   2.71800    1075   13
    61   0.36365   0.51044   2.01264    1588   17
    62   4.07169   1.04652   5.97467    1312   18
    63   0.61763   0.61550   0.40916    1163   14
    64   0.41591   0.49949   3.60160    1064   13
    65   0.30086   0.54256   2.13235     842   11
    66   5.62210   1.80713   2.73259     712   10
    67   2.41783   1.35738   3.70906    2278   20
    68   0.62521   0.51624   4.98803    1901   17
    69   1.02223   2.02729   0.22791    1360   18
    70   3.41148   2.53117   4.15022     697   11
    71   0.46227   0.65529   5.21017    1144   12
    72   3.52157   2.74456   1.05249    1057   12
    73   3.49789   2.61275   1.12670    1571   15
    74   0.87936   1.96317   3.45468    1244   13
    75   4.20304   1.12703   1.33397     513   11
    76   3.95824   1.00975   6.20409    1282   14
    77   3.59726   2.62743   5.92222     632   12
    78   0.86403   2.20575   3.38785    1372   14
    79   4.13314   1.07488   5.93770     912   11
    80   3.56644   2.52902   2.69806    1870   20
    81   0.31534   0.47591   3.62559    1409   16
    82   3.62511   2.60201   1.08751    2314   17
    83   3.97223   1.17199   4.43970    1040   16
    84   3.62843   2.64780   4.34889    1007   12
    85   0.24141   0.48454   3.83077    1583   16
    86   5.57370   1.72173   5.84180    1930   19
    87   0.51436   0.46479   3.66371    1234   14
    88   4.06597   1.04698   4.49633    1383   14
    89   0.93943   1.98995   3.32811    2014   19
    90   2.50457   1.33316   0.43650    1310   16
    91   1.04134   1.97372   4.98406    1050   15
    92   4.08802   1.08760   4.56723     861   12
    93   3.71529   2.51842   4.35896    1830   18
    94   0.50990   0.54052   5.01870     816   12
    95   3.52982   2.53246   2.50975    1778   17
    96   5.65889   1.75112   4.12117    1264   16
    97   3.96048   1.18153   1.41738    1501   17
    98   4.16937   1.02620   6.04848    1343   15
    99   3.44978   2.66347   4.00347    1364   15
   100   5.52904   1.82950   5.75660    1258   13
   101   1.07716   2.10330   0.33394    1781   16
   102   0.46591   0.60908   0.32763    1812   18
   103   5.55049   1.80828   4.20098     837   12
   104   1.01641   2.17103   5.00469     884   12
   105   2.37379   1.29307   5.14525    2103   22
   106   4.05252   1.16815   4.43751     797   14
   107   5.48004   1.87935   1.01942    1390   15
   108   0.92758   2.08907   0.14009    2463   18
   109   0.35127   0.65394   2.08877     910   13
   110   0.85126   2.14060   0.29112    1763   19
   111   4.17865   1.00721   1.37553    1192   11
   112   3.74481   2.67567   2.85370    1153   17
   113   3.62853   2.63505   2.74355    1526   18
   114   3.58839   2.55588   2.64786    2231   19
   115   4.21873   1.09865   6.07646    1191   18
   116   2.35629   1.29089   1.97728    1152   14
   117   3.39975   2.56784   1.01856    1250   15
   118   0.79923   2.13939   4.78311    1087   17
   119   2.34775   1.32262   0.54001    1213   15
   120   0.32271   0.56675   3.83523    1464   18
   121   5.38968   1.84687   5.65228     908   13
   122   3.77822   2.68418   2.86314    1714   19
   123   4.01633   1.03969   2.89618    1257   13
   124   0.54093   0.55165   5.06394    1127   12
   125   2.33534   1.32064   3.62846    1744   18
   126   0.58076   0.44129   1.93358    1269   11
   127   2.33579   1.31520   0.53099    1421   16
   128   2.32101   1.43574   0.54085    2344   18
   129   2.35272   1.24105   0.55802     801   10
   130   0.56622   0.58774   1.98778    2097   17
   131   4.27222   1.00035   5.89476    2087   16
   132   1.07142   2.08564   0.18675    1821   21
   133   5.63575   1.83520   4.22773    1023   12
   134   3.75218   2.52390   1.24966     941   14
   135   4.01633   1.03969   2.89618     525   10
   136   2.47963   1.31493   0.49308    1114   14
   137   5.62697   1.74700   5.80631    1427   17
   138   3.54148   2.70326   5.79613    1958   19
   139   3.74481   2.67567   2.85370    1057   14
   140   0.98589   2.05345   0.24138    1581   18
   141   3.70309   2.64805   2.72079    1743   18
   142   0.44668   0.69220   5.10054    1015   17
   143   5.61673   1.76932   5.76586     858   11
   144   2.46649   1.47010   2.08947     974   12
   145   4.12414   1.00389   6.11690    1260   16
   146   2.30856   1.42184   0.56732     771   12
   147   3.95824   1.00975   6.20409    1657   19
   148   5.53987   1.82007   4.12901     886   12
   149   1.09751   1.97197   1.92801    1257   15
   150   0.81820   2.14143   1.75531    1103   15
   151   3.53205   2.63651   1.18926    1197   15
   152   2.37386   1.24601   2.02947    1261   15
   153   4.11900   1.18567   5.98066    1725   18
   154   5.50192   1.66223   4.22571     651   11
   155   0.92764   2.11030   1.78493     585   13
   156   4.05252   1.16815   4.43751    1875   17
   157   4.11249   1.17892   5.91810     899   11
   158   4.21638   1.03295   2.87661    1453   18
   159   3.36425   2.55057   4.05435    2037   21
   160   3.48464   2.46758   5.85092     836   12
   161   3.99069   1.06828   2.89984    1570   17
   162   4.00214   1.07669   6.09417     753   12
   163   4.05252   1.16815   4.43751    1915   13
   164   3.46463   2.59752   4.12609    1279   15
   165   1.02584   1.95918   1.86567    1702   14
   166   5.58082   1.86599   1.17608    1063   13
   167   3.49677   2.67797   5.79539    1547   15
   168   3.52157   2.74456   1.05249    1259   14
   169   5.54480   1.77244   2.64649    1154   16
   170   3.51976   2.54766   5.81069    1244   12
   171   5.57831   1.79361   5.90033    1874   17
   172   0.87117   2.05773   3.39638    1921   18
   173   3.45401   2.65724   4.13708    1372   13
   174   3.62754   2.49643   2.78062    1197   13
   175   5.48769   1.75368   1.04886    1123   14
   176   4.09225   1.09541   4.53758    1324   14
   177   0.49971   0.57218   1.94111    1594   19
   178   2.32035   1.25762   3.61350    1304   15
   179   2.36582   1.20204   0.46263    1454   13
   180   4.07169   1.04652   5.97467     915   12
   181   5.52661   1.88065   4.24778    1475   15
   182   5.69360   1.76353   2.69682    2140   18
   183   0.53438   0.62805   3.54623     930   17
   184   0.33121   0.65016   0.57388    1206   13
   185   4.21648   1.13310   1.34244    1441   17
   186   2.47135   1.30821   2.11191     999   12
   187   0.87117   2.05773   3.39638    1707   19
   188   0.92526   2.05205   1.81501    1911   22
   189   3.82221   2.60477   2.91646    1534   13
   190   5.48004   1.87935   1.01942    2088   19
   191   0.44278   0.43974   0.55432    1022   15
   192   0.29213   0.47684   5.31164    1345   16
   193   3.59005   2.63471   4.25708    1785   17
   194   0.58599   0.55918   0.27281    1531   17
   195   2.38168   1.26096   3.67904     925   14
   196   4.05252   1.16815   4.43751     576    9
   197   2.47963   1.31493   0.49308    1509   13
   198   4.05499   1.05565   2.86637    1349   16
   199   1.00764   2.12660   4.91935    1331   15
   200   5.68085   1.70041   2.57834     808   12