     1   0.00000   0.00000   0.00000       0    0
     2   3.71523   1.73438   5.40145    1719   16
     3   3.01849   1.99127   4.74594    1361   16
     4   3.32898   1.46196   2.20479    1351   16
     5   0.74498   0.84805   1.38030    1912   17
     6   4.19412   2.12113   0.66214    1155   14
     7   2.97828   2.80116   6.10215    1402   19
     8   0.78157   0.72725   3.44572     850   15
     9   6.09871   1.18763   5.60376     887   16
    10   0.73712   1.11854   3.92183     850   11
    11   4.10383   1.22020   3.63182    1033   16
    12   4.25853   0.37826   1.64558    1134   14
    13   3.62963   1.71507   4.95274    1725   15
    14   3.59250   1.14359   1.70246     988   12
    15   2.94357   1.87154   6.05520    1526   17
    16   1.92419   2.12362   0.23328    1678   17
    17   5.38590   1.53443   2.31882     747   11
    18   5.03163   1.66954   5.22304    2189   19
    19   1.71017   0.55862   3.62190    1642   12
    20   4.95696   2.57017   6.06828    1284   13
    21   3.48979   2.29946   4.86402     791   12
    22   3.43648   2.23740   4.52866     726   12
    23   3.15246   1.04675   0.29500    1171   15
    24   2.22485   1.35094   2.94608    1223   16
    25   5.54834   1.75396   5.01353     881   12
    26   1.51959   1.75318   5.69321     924   15
    27   3.99219   1.44222   5.97862    1119   13
    28   1.63423   2.01586   0.48371    1298   16
    29   5.39273   3.00387   0.17859    2081   18
    30   3.70854   2.11656   2.48922    1107   14
    31   5.42069   1.81133   0.60883    1439   17
    32   4.57342   1.88092   3.93808    1410   17
    33   1.32069   2.49820   4.25942    1565   14
    34   5.45354   2.38347   2.06267    1545   13
    35   1.16093   0.87156   2.22959    1254   18
    36   5.74642   1.81087   6.02899     929   10
    37   0.21967   0.79117   6.04503    1354   13
    38   2.47907   0.52194   0.01527    3269   20
    39   2.92435   1.49733   2.46926    1246   13
    40   4.39940   2.05966   2.48551    1342   17
    41   6.19962   1.97536   1.40581     945   13
    42   0.15380   2.90776   5.93491    1235   14
    43   0.49070   2.35409   0.32786    1299   17
    44   2.26789   1.57603   4.37961    1445   13
    45   1.13823   0.90533   0.58261    1683   17
    46   2.71973   0.92954   4.05425    1415   16
    47   5.04050   1.55700   2.02832    1425   16
    48   1.42341   1.83767   0.92730    1943   16
    49   4.82254   1.54520   5.38410     962   11
    50   0.76220   2.30152   1.61588     902   12
    51   5.34019   1.33408   4.09365     719    9
    52   5.95892   2.29015   0.42117     977   12
    53   5.18040   1.08984   1.87020    1576   16
    54   1.81741   1.34089   0.79586    1418   15
    55   5.21398   1.33433   5.51809    1656   15
    56   2.39478   0.90090   1.60988     948   14
    57   0.75294   1.98254   2.21962    1371   16
    58   0.68326   2.19808   4.38700    1382   18
    59   0.12893   2.42139   4.04336    1436   18
    60   4.60225   1.09037   2.94165    1040   12
    61   5.38679   0.78595   1.60796    1456   14
    62   6.10508   1.86393   6.19384    1334   16
    63   2.10017   0.84133   0.84579     985   10
    64   1.78848   0.65435   4.67899    1281   14
    65   1.69288   1.87118   3.41840    1431   13
    66   1.60472   1.61705   1.23219    1015   14
    67   1.53215   2.05852   1.07410    1106   19
    68   2.01545   0.51564   2.86009    1351   14
    69   1.06685   0.90398   2.85373    1398   15
    70   5.32638   1.89854   1.21641    1531   21
    71   0.66629   1.70346   5.79271    1133   14
    72   3.67283   0.46952   0.09151     804   12
    73   3.17558   1.65681   2.62759    1281   16
    74   4.04687   1.41459   0.94846    1087   14
    75   4.87378   2.32410   5.42912    2170   19
    76   2.09702   0.79528   3.60911     610    9
    77   3.77319   2.75537   4.83531    1957   17
    78   1.97785   2.20838   3.83965    1399   17
    79   2.02229   1.46000   0.60885    1752   16
    80   1.68452   0.98865   1.96940    1087   14
    81   1.39597   1.95552   4.91776    1140   16
    82   2.03426   2.36460   1.23585    1481   17
    83   5.91800   1.10172   3.99286    1695   14
    84   1.86819   2.28450   2.23451    1281   14
    85   1.52807   0.98026   3.65203    1872   22
    86   3.71025   1.72309   0.83540    1011   15
    87   1.54436   0.38892   0.06750    2325   19
    88   3.44063   1.25740   0.98396     918   13
    89   1.79608   1.40796   4.47428    2311   20
    90   5.49876   0.78023   1.69224    1640   18
    91   5.38535   1.42532   0.24660    1103   15
    92   1.03253   1.90015   4.90272     650   11
    93   3.17355   1.56448   1.84058    1654   12
    94   2.03007   2.59494   5.77649     667   11
    95   5.55711   0.35295   3.10675    1185   14
    96   6.05446   1.64784   2.79735    1112   17
    97   4.49811   2.46235   2.32458    1554   18
    98   4.59224   1.69800   2.50048    1533   16
    99   2.86315   0.83947   1.06121    1252   14
   100   2.51745   0.87157   4.89888    1058   14
   101   3.86707   2.27755   3.36330    1021   12
   102   5.51162   1.07963   1.34279    1033   15
   103   5.84220   0.40499   5.87221     817   13
   104   1.65162   1.30240   5.31892    1153   16
   105   3.17891   0.77249   2.91081     798    9
   106   4.16226   1.32567   1.20914    1481   15
   107   5.53286   0.98430   3.96655     787   12
   108   2.89155   2.68877   4.37528     755   11
   109   2.01216   1.16430   0.25519    1092   13
   110   3.56202   1.47432   3.15457    1180   13
   111   5.38590   1.53443   2.31882     988   11
   112   6.27496   0.71183   2.39158    1311   14
   113   2.29814   2.79775   0.03903    1897   17
   114   1.92033   2.35232   1.11891    1525   16
   115   1.50494   2.07579   5.48001    1692   17
   116   0.82184   1.62892   3.67984     714   10
   117   3.17915   1.81754   0.52646    1603   15
   118   4.43939   1.72423   0.95703    1633   18
   119   1.70222   2.23014   4.46193     639    9
   120   3.41702   1.71395   2.33889     966   13
   121   3.47826   1.54266   5.10345     701    9
   122   1.18263   1.34102   2.74343    2120   17
   123   4.12780   1.57239   1.45244     994   15
   124   5.16819   2.56981   1.10714    1238   13
   125   0.99231   2.51075   2.64474    1237   15
   126   0.20125   2.42100   1.31287    1395   13
   127   3.06918   2.34194   5.44580    1074   13
   128   1.41661   0.93226   5.19076    2434   19
   129   1.97421   1.21101   1.56526     697   11
   130   3.20931   0.48092   6.00888     818   14
   131   4.53179   2.70914   2.29205    2353   17
   132   0.40341   1.11153   0.63294    1586   14
   133   1.28428   0.70343   2.69709    1443   17
   134   5.56336   1.52739   3.36738    1337   14
   135   4.54057   1.23281   2.44853    1414   17
   136   3.25601   0.75055   0.79740     870   11
   137   6.13317   1.65851   0.92710     586    9
   138   0.18781   1.94670   5.53322    1565   13
   139   2.97244   1.60623   3.26878     933   12
   140   5.69779   0.03634   2.67841    1724   18
   141   4.56254   2.36075   2.19564    1208   14
   142   0.63001   1.33648   4.14059    1153   14
   143   3.51470   1.10849   5.64966    2132   17
   144   2.85613   1.92420   3.87027     850   12
   145   2.57435   1.80950   5.15114    2091   19
   146   1.10899   1.02224   2.80930    1684   15
   147   4.10640   0.62787   4.46968    1161   13
   148   3.10795   1.99161   3.84896    1174   11
   149   5.64443   1.37352   2.25966    1611   19
   150   1.18174   2.32707   4.49397    1348   18
   151   6.18844   2.82705   3.63168    1025   16
   152   2.18394   1.62079   5.11405    1969   19
   153   2.00210   1.64333   0.36778    1572   14
   154   0.96932   1.68516   5.47810    1828   14
   155   4.46526   1.15790   3.46313    1491   17
   156   2.92190   2.69626   1.66951    1933   18
   157   3.68074   2.15046   1.44900    3265   27
   158   3.76744   1.82051   2.84539    1262   16
   159   1.30430   2.41266   4.65217    1409   17
   160   0.70462   1.68519   5.57728    1249   17
   161   3.27019   2.63027   1.43643    1252   14
   162   6.15875   1.53804   1.51156    1387   16
   163   5.63576   0.54046   1.33930    2019   17
   164   5.93150   0.52082   3.83657    1246   15
   165   4.92070   1.03053   1.09026    1041   13
   166   2.98503   1.14280   2.69357    1864   16
   167   4.81008   0.46598   0.69380    1733   19
   168   6.05226   2.21943   5.35548    1739   13
   169   1.90033   1.32495   3.13905     349    8
   170   2.49173   0.62884   3.73696    1556   12
   171   0.71529   1.11716   3.36551     999   12
   172   2.15642   1.39783   3.98640    2253   20
   173   0.02655   2.11494   6.25408    1330   13
   174   4.72886   1.10875   5.87291    1526   17
   175   4.14107   1.81106   2.80962    1960   17
   176   1.17595   0.99991   1.91968    1021   12
   177   0.89218   1.53885   1.21213    1031   14
   178   4.55376   1.09071   2.40604    1545   17
   179   1.06400   2.31341   5.69454     857   12
   180   2.98935   1.90483   0.80679     746   13
   181   1.51623   2.55992   2.23846    1373   16
   182   3.50255   2.58722   1.95819    1549   17
   183   5.06227   0.97790   1.14273    1714   18
   184   5.48262   0.75272   4.80509     967   13
   185   0.84842   2.33581   0.47635     937   13
   186   5.61385   0.20358   3.15877    1421   16
   187   4.98173   2.38549   2.27126    1182   13
   188   3.83983   1.78092   5.77082     822   15
   189   2.55930   1.40799   3.53721    1254   16
   190   5.69665   1.41673   3.62885    1483   15
   191   2.51785   2.69896   1.54697    1739   18
   192   2.24159   2.64987   3.61626    1528   18
   193   0.55219   1.71227   3.72477     915   10
   194   1.87584   1.28590   2.11994     864   13
   195   4.13275   1.26956   3.81186     757   11
   196   6.06277   0.64234   3.92628    1255   15
   197   1.23147   1.90107   4.93728    2417   21