     1   0.00000   0.00000   0.00000       0    0
     2   3.54116   2.74263   6.20506    1006   14
     3   0.21729   0.37557   0.20709    1721   18
     4   5.21658   1.62527   4.46410     810   12
     5   2.04986   1.53013   1.99455     843   13
     6   3.57209   1.16286   1.45433     911   13
     7   0.49760   1.91321   4.62387    1072   13
     8   3.50327   2.81296   4.55013    1165   14
     9   0.46971   1.90251   3.25603    1189   14
    10   3.37950   2.94125   3.01453    1240   13
    11   3.61894   1.32807   3.20423     885   12
    12   5.01411   1.57520   1.28272    1430   16
    13   0.41131   1.87718   3.18864    2047   19
    14   5.04431   1.65650   1.18361    1336   14
    15   3.41621   2.91914   6.17707    1202   14
    16   0.37101   1.83205   0.05011     650   11
    17   0.16245   0.35269   3.45572    1041   15
    18   0.26733   0.24926   3.23159     945   12
    19   0.25419   1.88534   1.44966    1368   15
    20   0.35539   1.94979   3.29106    1048   13
    21   0.23462   0.32859   3.22213     986   13
    22   3.51888   1.17690   3.05188    1243   16
    23   0.57047   0.45883   4.54844    2283   16
    24   0.66439   0.34282   6.13904    1331   13
    25   0.19167   0.17452   0.09040    1856   16
    26   1.86649   1.69050   5.02915    1565   17
    27   1.94053   1.46421   4.95368    1329   13
    28   2.00352   1.53193   5.12492    1198   16
    29   1.87397   1.54568   3.45666    1634   13
    30   1.90790   1.58853   3.41508    1104   12
    31   3.52542   1.34127   3.10276    1321   16
    32   0.45554   1.87910   4.65441    1335   13
    33   2.04018   1.64654   1.89656    1196   14
    34   0.35539   1.94979   3.29106    1539   18
    35   2.05607   1.48831   1.74360     685    9
    36   0.55123   0.34301   4.58433    1304   15
    37   2.01826   1.57176   1.85200    1618   16
    38   2.03991   1.57648   0.28974    1713   15
    39   2.01189   1.65530   0.28240    1408   14
    40   0.33206   0.25907   3.28473    1114   13
    41   3.45905   1.13968   0.09289    1643   14
    42   0.49486   1.88964   6.23838    1704   15
    43   0.02086   0.31138   1.99554    1719   16
    44   0.51150   0.28969   6.24168    1312   16
    45   3.46393   1.19745   6.26337     998   15
    46   3.39409   1.22304   4.79436    1215   17
    47   3.10475   2.85268   2.71010    1130   13
    48   3.37273   2.80470   6.21260    1313   16
    49   0.49447   2.00856   1.58531    1036   14
    50   3.53365   1.30701   3.14727    1425   13
    51   3.82181   2.82723   3.40570    1064   12
    52   5.17872   1.67185   6.10244    1606   16
    53   2.04365   1.54451   5.04402    1172   12
    54   3.45905   1.13968   0.09289     898   11
    55   0.00000   0.00000   0.00000    1482   16
    56   5.11050   1.67564   5.93051    1309   14
    57   3.47829   1.39969   6.22852    1373   15
    58   3.64095   1.33280   1.42635    1054   14
    59   5.06684   1.61576   6.02311    1494   16
    60   0.31673   1.94035   3.18878    1471   14
    61   0.29879   0.40298   3.13759    1247   14
    62   3.52949   1.26384   1.56783    2313   18
    63   6.17054   0.24223   2.03872    1390   17
    64   0.38325   1.83935   6.27784    1319   15
    65   0.22925   0.39225   3.19611    3188   22
    66   3.52979   1.25617   0.09624    1369   13
    67   3.54463   2.85757   1.54308    1193   13
    68   0.31694   1.87998   3.03964    1274   15
    69   5.19903   1.65658   4.38972    1368   15
    70   5.19214   1.66581   6.10075    1024   13
    71   1.93635   1.43953   3.39888    1501   17
    72   3.14008   2.80201   5.84180    1888   17
    73   0.49969   0.30238   3.11421    1342   13
    74   5.17423   1.65375   1.25045    1326   15
    75   3.65651   2.81872   3.34241     798   10
    76   5.12578   1.46248   5.97465    1655   16
    77   3.64095   1.33280   1.42635    1410   16
    78   1.89112   1.68227   3.49976    1182   17
    79   3.42640   2.79424   1.48044    1343   17
    80   5.05826   1.65288   4.35696    1619   18
    81   5.13153   1.54233   4.47644    1057   13
    82   5.18689   1.67769   2.77812    1208   15
    83   2.03888   1.59598   5.00410    1119   15
    84   3.55795   1.11674   4.79348     753   10
    85   3.67577   2.84407   1.82170    1550   18
    86   3.47697   2.83331   1.50926    1250   14
    87   3.42880   1.36001   1.60164    1349   17
    88   3.69504   2.82244   1.84432    1534   16
    89   0.23260   0.25438   4.89635    1873   20
    90   3.66888   1.21510   1.55816    1279   16
    91   0.29879   0.40298   3.13759    1437   13
    92   1.94869   1.49815   3.39105    1416   13
    93   2.04797   1.45393   5.03687    1257   12
    94   5.10355   1.70759   5.95591    1729   17
    95   3.44474   1.26442   6.27095    1579   14
    96   1.91788   1.60307   1.89492    1383   16
    97   0.40670   1.76807   4.83569    1498   14
    98   2.02596   1.42353   0.30317    1017   13
    99   3.54244   1.23719   4.64366    1054   12
   100   3.64092   1.17756   6.26661     923   14
   101   0.35038   1.83766   4.71304     866   10
   102   3.54427   2.92258   1.64516    1593   17
   103   0.29490   1.82329   3.19305    1446   14
   104   4.05399   2.87226   5.17731    2187   20
   105   0.47884   1.89518   4.64872    1391   14
   106   1.88848   1.64071   0.40148    1938   16
   107   0.40853   1.78428   1.64725    1192   12
   108   5.08541   1.62216   4.34752    1100   11
   109   0.29879   0.40298   3.13759    2446   20
   110   5.00543   1.54377   4.49918    1866   15
   111   2.05981   1.62008   3.35365    1073   15
   112   0.41512   1.75598   3.11049    1721   15
   113   1.96057   1.54949   1.91631    1169   15
   114   3.57856   1.16538   6.24335    2275   19
   115   3.28652   2.96280   5.91634     972   14
   116   5.10899   1.54264   2.91048    1266   13
   117   3.79288   2.95007   0.17885    1425   13
   118   2.07835   1.43862   1.83424     900   12
   119   1.97785   1.56445   3.51358    1053   15
   120   3.37760   2.91742   1.47018    3251   23
   121   3.65624   1.35228   4.59685    1641   19
   122   5.17423   1.65375   1.25045    1839   20
   123   3.51292   1.26281   3.25848    1200   16
   124   0.17917   0.29701   1.75455     895   15
   125   3.58035   1.14198   0.08181     897   12
   126   0.31230   1.91052   3.28053    1034   13
   127   5.16807   1.63024   5.97392    1023   13
   128   0.13308   0.30379   4.85282     921   12
   129   0.42000   1.86423   6.27296     962   11
   130   1.89744   1.53578   1.77999    1222   14
   131   3.44374   1.25262   0.11408    1364   12
   132   5.22129   1.59606   1.31760    1458   16
   133   5.11606   1.57942   1.26176     992   12
   134   3.36656   2.86423   6.22927    1104   12
   135   5.11945   1.62010   1.40289     967   12
   136   3.88209   2.93274   5.01737    2173   18
   137   1.95338   1.58036   1.85330    2189   20
   138   3.51825   1.32154   4.79121    2451   20
   139   5.17423   1.65375   1.25045    1086   13
   140   1.96264   1.57116   0.24162    1278   14
   141   3.36762   2.81905   2.97174    2496   20
   142   1.92303   1.70119   1.80327    1351   14
   143   0.38558   1.95932   6.19917    1405   16
   144   0.51421   1.84404   6.22176    1439   15
   145   3.36656   2.86423   6.22927     842   12
   146   6.22288   0.30248   0.49292     956   13
   147   3.58011   1.23207   4.57319     714   12
   148   5.20691   1.60507   1.23292    1017   14
   149   1.98177   1.47133   1.84504    2019   20
   150   0.19362   0.24128   4.85219     734   12
   151   3.55966   1.23953   6.17974    1532   18
   152   3.65907   2.79040   1.75104     847   13
   153   0.00687   0.34684   0.27093    2193   18
   154   3.56262   2.81815   4.67052     812   13
   155   3.62062   1.36250   4.72168    1859   19
   156   3.61707   1.22317   4.69496    1525   19
   157   5.06453   1.61704   5.90375    1364   15
   158   3.55795   1.11674   4.79348    1389   13
   159   5.16994   1.51762   5.93509    1230   14
   160   0.73801   0.24361   4.29303    1700   17
   161   0.31339   1.79954   4.67416     998   13
   162   3.46177   2.82042   4.59012    1363   16
   163   0.46219   0.38129   3.09999    1620   20
   164   0.48493   1.87703   3.26751    1077   15
   165   3.55434   1.34109   3.03478     635   12
   166   0.38720   0.31233   4.59511     854   13
   167   5.11313   1.60077   5.85505    1684   15
   168   1.93818   1.45882   0.25227    1439   17
   169   3.62415   1.27539   1.51594    1580   16
   170   5.07663   1.48197   4.51076    1165   15
   171   0.34559   0.32893   4.69100    1445   14
   172   0.46327   1.79741   3.17109     539    9
   173   0.34334   1.77401   6.20125    1594   16
   174   2.03888   1.59598   5.00410    1004   15
   175   3.11148   2.83014   4.27308    1289   13
   176   2.07791   1.50779   5.00548     988   12
   177   0.30896   0.35539   4.76651    1973   19
   178   0.31105   0.29922   4.73543    1200   13
   179   3.31680   2.75084   2.98204    1286   16
   180   0.32311   1.81970   4.62668     907   13
   181   3.61549   1.33186   1.59818    1242   17
   182   3.44770   1.14929   1.58912    1361   14
   183   2.08687   1.51862   0.24685     672   10
   184   5.19916   1.62586   5.97156    1057   14
   185   1.97494   1.57653   1.81113     954   11
   186   5.02880   1.67973   2.79642    1196   17
   187   0.41315   1.96394   1.74295    1722   20
   188   6.20190   0.19678   0.43368    1292   12
   189   1.90790   1.49906   1.83972    1023   11
   190   5.17057   1.50778   5.88735    1722   14
   191   5.19214   1.66581   6.10075     845   12
   192   0.26890   1.90237   3.13130    1160   13
   193   3.49943   2.78584   3.00462    1332   11
   194   3.31680   2.75084   2.98204    1243   15
   195   3.60305   2.75117   4.76325    2082   19
   196   0.42000   1.86423   6.27296    1248   15