     1   0.00000   0.00000   0.00000       0    0
     2   3.33582   2.45686   5.30676     827   15
     3   5.72332   2.17928   1.06716    1305   12
     4   4.46909   0.98198   2.46540     593   11
     5   3.42980   2.44328   5.39443     720   11
     6   0.21722   0.86564   3.93804    1499   13
     7   3.42573   2.35902   2.22274     427   11
     8   5.62321   2.17092   4.03294    2299   19
     9   4.60867   1.09135   5.57083     446    8
    10   3.22007   2.36665   3.76402    1052   14
    11   5.83227   2.12039   4.29989     554   11
    12   2.43350   1.03804   5.43431    4995   26
    13   3.42573   2.35902   2.22274     747   10
    14   2.62778   0.94165   3.73386    1669   14
    15   3.33378   2.33142   0.55529    1188   11
    16   2.45787   1.08093   5.27898    1226   12
    17   0.40546   0.78966   0.83161    1447   14
    18   5.57124   2.15698   3.98358     319    9
    19   3.42573   2.35902   2.22274    1458   14
    20   3.36133   2.34723   2.18656     538   11
    21   0.26384   0.72951   0.85210     400    9
    22   3.38506   2.41118   0.65394    1105   15
    23   3.51278   2.37941   3.91537    1275   12
    24   3.38506   2.41118   0.65394    1469   19
    25   3.33557   2.40001   3.71930    1013   12
    26   5.62942   2.15507   2.46876    2652   18
    27   1.35329   2.10551   3.76627     762   10
    28   5.54399   2.18136   0.93759    1314   16
    29   3.37169   2.44179   0.58278    1854   14
    30   3.42573   2.35902   2.22274     480   11
    31   0.20069   0.78419   4.20941     450   13
    32   4.55622   1.14853   5.53751    1533   15
    33   4.40148   1.09011   4.10327     341    9
    34   4.59547   1.09420   3.93947    3163   25
    35   3.33378   2.33142   0.55529     432   10
    36   2.39293   1.01686   2.31031     594   10
    37   3.36933   2.32479   2.20081     774   13
    38   2.51829   1.03189   0.62685    1461   16
    39   3.31374   2.36512   3.77976     714   10
    40   0.21722   0.86564   3.93804     311    7
    41   5.65521   2.04246   0.99997    1543   15
    42   3.49333   2.33384   5.34481    1333   13
    43   2.59257   1.02163   3.57862     569   10
    44   2.49943   0.95591   0.54698     348    8
    45   2.41869   0.95664   3.77832    1118   13
    46   0.31044   0.78819   2.32926     315    6
    47   4.46900   1.04497   0.98437     509    8
    48   5.63278   2.15436   4.04427     487    9
    49   1.38186   2.14252   2.28544    1607   15
    50   3.60575   2.35979   0.82958     386    9
    51   5.78215   2.21991   4.10931    1087   12
    52   3.57906   2.35992   3.98316     633   11
    53   3.34492   2.33272   2.06732     690   10
    54   4.58463   1.01025   0.91784    1541   15
    55   0.39662   0.86609   5.46137     537   12
    56   3.53711   2.25605   2.43509     748   14
    57   0.34818   0.75513   2.34321    1848   16
    58   0.35277   0.80979   0.87971    1169   12
    59   4.38825   1.09080   2.48508     298    7
    60   3.28815   2.38024   0.58273    4208   24
    61   5.67236   2.15109   2.60113    1526   18
    62   5.62942   2.15507   2.46876     302    7
    63   4.52656   1.13860   5.64530    1391   13
    64   4.48073   1.17315   5.58882     457   10
    65   3.45058   2.33711   2.16718     521   10
    66   4.37339   1.05224   2.49112    1068   12
    67   5.59544   2.07930   2.42894     345    8
    68   4.37779   1.00916   4.04909     450    8
    69   3.51601   2.24036   5.49748     667    9
    70   0.29457   0.75835   2.44720    1018   11
    71   5.66459   2.07287   5.59386    2337   18
    72   4.48866   1.04160   0.90513    2403   24
    73   1.19121   2.05572   5.33177    1515   16
    74   0.33399   0.88189   0.68004    3349   16
    75   3.49297   2.41636   2.30830     707   13
    76   3.44453   2.38128   3.91096     767   13
    77   4.58463   1.01025   0.91784    1077   11
    78   5.66445   2.15567   2.47223    2739   19
    79   0.16791   0.79524   1.02601    1787   20
    80   3.42573   2.35902   2.22274     728   14
    81   2.43946   0.98214   2.12109     320    9
    82   5.76549   2.10507   0.94196     875   13
    83   3.36836   2.32223   3.79086    1010   14
    84   3.40118   2.25370   3.94380    1648   19
    85   4.51232   0.96624   5.61930    2251   19
    86   1.26532   1.98516   0.66957     644   12
    87   1.42959   2.02637   3.84032     796   15
    88   5.64148   2.08849   4.07777    1238   14
    89   1.30051   1.97619   5.38214     436   10
    90   3.29339   2.40942   3.76838    3431   20
    91   1.39178   2.09143   5.43763    3242   22
    92   0.21722   0.86564   3.93804     753   10
    93   5.69456   2.22554   5.63115    2046   19
    94   5.67972   2.21814   4.10272    1453   13
    95   5.65307   2.21877   5.67865     486    8
    96   1.28938   1.98214   5.36375     806   11
    97   1.43935   2.04331   5.37057    1735   17
    98   0.31858   0.86116   3.84721    4174   21
    99   0.21722   0.86564   3.93804     399   10
   100   5.75874   2.13732   0.92280     440    9
   101   5.79738   2.23467   4.14081    1403   16
   102   2.46295   1.00634   3.69626    1325   12
   103   1.42901   2.16439   5.41964    3873   19
   104   5.71081   2.09162   2.64154     808   10
   105   3.47416   2.41843   5.48670    5226   25
   106   0.40546   0.78966   0.83161     635    9
   107   3.33378   2.33142   0.55529     685   14
   108   3.41818   2.35142   2.24010     455    8
   109   5.60566   2.12927   0.95384    1372   13
   110   0.23500   0.85601   4.07750    1453   14
   111   3.41728   2.32516   2.29282     490   11
   112   4.36676   1.05182   5.58169    3337   21
   113   0.45745   0.89735   0.81948    1116   13
   114   3.51138   2.27710   2.35643     900   12
   115   1.31244   2.17720   3.75681    3135   19
   116   0.38390   0.78868   2.47617    2428   15
   117   0.45893   0.89829   5.52908    1207   13
   118   0.21722   0.86564   3.93804    1698   19
   119   0.38745   0.79051   5.35858     614   10
   120   5.57038   2.10816   2.39938    1635   19
   121   0.37151   0.88178   5.58048     743   11
   122   1.27892   2.09815   5.29538    2534   16
   123   1.25770   2.02007   0.61087     707   10
   124   1.31133   1.96282   2.28855    3282   22
   125   4.37779   1.00916   4.04909     659   15
   126   2.56865   0.99672   0.56246     574   10
   127   5.55911   2.09430   5.57915    1463   14
   128   1.26931   2.01907   2.19631    3477   18
   129   5.78149   2.12007   5.80823    1520   13
   130   3.44578   2.31563   5.36638    2716   23
   131   0.27525   0.79959   2.56768     644    9
   132   4.46031   1.21461   4.08992     361   10
   133   3.42287   2.28662   3.78679    1467   13
   134   5.75936   2.22601   5.68791    1300   12
   135   2.69654   1.00938   2.04665    3500   23
   136   3.37353   2.26880   5.42571    3524   21
   137   5.81147   2.07451   5.65825     465   12
   138   4.50926   1.03796   0.90711     977   13
   139   4.40535   1.18085   0.94996     981   12
   140   4.59895   1.02892   0.82120    1501   18
   141   4.43984   1.08442   4.06042    1474   13
   142   1.39685   1.96105   3.86440     560   11
   143   2.68898   0.99475   0.48493     299    8
   144   5.58448   2.14387   4.12948     922   13
   145   3.41818   2.35142   2.24010     825   13
   146   4.43841   1.19843   4.05066    2631   18
   147   3.41818   2.35142   2.24010     751    8
   148   1.41504   1.91511   2.26447    1613   13
   149   2.48146   1.03223   5.36080    1183   12
   150   5.81147   2.07451   5.65825     441   10
   151   4.50053   1.00981   0.89672     973   13
   152   5.65227   2.19112   1.04256    4703   26
   153   2.56865   0.92869   5.29219    2463   23
   154   4.37087   0.99475   2.49448     349    9
   155   0.21722   0.86564   3.93804     315    8
   156   3.49810   2.33844   2.21740    3069   18
   157   4.46909   0.98198   2.46540     370   10
   158   3.49333   2.33384   5.34481     245    8
   159   1.43478   2.15875   5.42680    2202   17
   160   3.31127   2.33828   2.11664     846   12
   161   3.42648   2.31053   5.50320    4383   23
   162   5.68312   2.10245   1.02297    1203   15
   163   2.58055   0.99643   2.11596     381    9
   164   2.63439   1.01286   3.62704    4528   22
   165   0.36390   0.82583   5.61797     840   14
   166   4.50710   0.98253   0.89587    4299   23
   167   5.62600   2.07803   5.75934    2995   26
   168   1.29671   2.09377   5.33518    1018   12
   169   4.53154   1.00506   0.84129    1342   19
   170   2.66249   1.02660   0.47843    3091   16
   171   3.42713   2.40310   0.66577    3267   23
   172   5.67179   2.17129   5.76305     696   12
   173   4.33957   1.05879   4.09049    2812   18
   174   2.48146   1.03223   5.36080     445   10
   175   0.33074   0.76360   3.97072    1041   14
   176   2.54429   0.94716   5.43495     557   10
   177   4.47056   0.94399   5.56562     364   11
   178   3.43811   2.32859   2.23251    2047   16
   179   4.62752   1.01043   5.58670     682   14
   180   5.56970   2.16228   5.52676    5054   26
   181   1.22094   2.11879   3.68541    1929   16
   182   5.83227   2.12039   4.29989     460   10
   183   1.47313   2.11428   2.34110    2690   18
   184   0.31275   0.73808   5.65934    1857   15
   185   5.66426   2.15417   5.74963    2022   16