     1   0.00000   0.00000   0.00000       0    0
     2   3.95612   0.82523   2.49335    1555   15
     3   6.26537   1.01015   3.80879    1128   12
     4   6.26537   1.01015   3.80879    1120   13
     5   5.23630   1.92837   3.95772    1107   14
     6   1.94233   1.09869   5.65209    1048   17
     7   4.22314   0.78563   0.71603    1386   15
     8   1.99345   1.16654   0.93422    2004   19
     9   3.13012   2.29586   0.83369     937   13
    10   4.98744   2.04020   0.65419    1667   16
    11   5.03866   2.08727   0.70141    1954   20
    12   0.05388   1.05795   0.58618    1971   18
    13   1.85064   1.18017   2.48321    1949   17
    14   5.10499   1.89514   2.29931    1296   15
    15   0.98327   2.22818   2.23170    1008   15
    16   2.11088   1.06198   0.91626    1139   15
    17   1.93158   1.09650   4.07922    1659   18
    18   3.15845   2.24793   2.62040    1217   14
    19   0.77005   2.29618   5.33323    1511   16
    20   0.91137   2.37498   3.85051     779   12
    21   1.87601   1.00747   5.59741    1120   14
    22   3.95864   0.84247   2.53118     827   13
    23   0.94032   2.34215   2.17896    1218   15
    24   5.17267   1.95035   2.25947     891   12
    25   6.22877   0.99472   2.20448    1629   17
    26   3.26829   2.06431   1.01983    1576   15
    27   4.18388   0.76535   3.97408    1262   17
    28   1.00956   2.34368   0.84390    1619   16
    29   3.97598   0.71945   2.56624    1154   12
    30   3.93418   0.71575   1.01678    1116   12
    31   0.03044   1.03868   2.15914    1572   16
    32   4.16490   0.82496   3.98592    2001   17
    33   0.93020   2.34657   5.27729     927   13
    34   3.12074   2.02915   5.72879    1954   19
    35   2.13067   1.09828   0.75131    1515   16
    36   4.98744   2.04020   0.65419    1382   13
    37   5.08630   2.00949   5.34091    1469   19
    38   0.86832   2.25934   5.35343    2059   18
    39   1.00309   2.26803   2.21172    1257   11
    40   0.91720   2.32734   5.26507    1935   20
    41   0.73667   2.28218   3.68231     599   11
    42   5.12632   2.01567   5.40021    1241   17
    43   5.07913   2.05830   2.13655    1224   15
    44   5.05559   1.93383   5.24059     750   11
    45   2.04198   1.12208   4.05098    1843   18
    46   6.24238   0.86847   3.80639    1114   12
    47   6.20550   0.97632   5.35165    1392   15
    48   3.26239   2.10749   5.75912    1494   17
    49   6.23389   0.95780   3.71091    1235   15
    50   0.80012   2.39976   3.63274    2107   21
    51   3.83293   0.82631   2.57837    1691   15
    52   0.84610   2.31930   0.63788    2134   18
    53   0.11708   0.93519   5.13557    1144   12
    54   3.11230   2.22799   4.15729    1591   15
    55   4.06850   0.84886   0.85572    1222   14
    56   3.23054   2.16508   2.60082    1122   14
    57   3.98553   0.85090   5.76831    1453   14
    58   5.13750   2.05401   3.85945     681   12
    59   5.18299   2.06689   2.25356    2247   20
    60   5.04794   1.95053   3.87919    1333   12
    61   5.02274   2.04897   5.43661    1392   13
    62   1.92089   1.18903   0.96347    1198   13
    63   3.95812   0.78563   5.59859     938   14
    64   1.95704   1.11303   0.95826    1845   16
    65   3.13891   2.22882   5.67831    1043   14
    66   5.15568   2.11551   5.45179    1209   15
    67   6.16290   0.87940   5.42013    1692   16
    68   3.91266   0.86042   2.60996    2177   22
    69   3.34610   2.18034   4.31635     471    8
    70   4.02357   0.70717   5.75806     981   13
    71   4.01520   0.87681   5.69970    1263   15
    72   1.97991   0.98821   5.68916    1600   17
    73   2.06115   1.23091   5.49988    1371   18
    74   0.11218   0.91083   5.33714    1500   16
    75   4.16331   0.83646   0.79058    1364   15
    76   0.91602   2.23594   2.21097    1217   12
    77   1.96246   1.18943   2.49427    1463   15
    78   5.06946   2.04777   2.25941    1060   14
    79   2.03207   1.02289   3.96332    1438   15
    80   4.03324   0.75421   2.46329    1330   16
    81   0.09824   0.95407   0.56706    1487   15
    82   0.11405   1.00022   2.06578     936   13
    83   1.85794   1.06728   1.02874    1764   17
    84   0.17281   0.96213   0.47812    1046   13
    85   1.82326   1.15997   2.50885    1481   14
    86   3.06669   2.14692   0.87443    1156   15
    87   4.09239   0.72529   5.56092    1069   12
    88   3.92058   0.81048   2.66202     844   11
    89   0.00745   1.11439   0.51094    1408   14
    90   0.94259   2.37379   2.27163    1680   18
    91   1.91300   1.05876   4.07205    1677   15
    92   4.22750   0.73935   5.53749    1157   15
    93   3.13085   2.18473   2.56328    2235   13
    94   0.69829   2.36425   5.21478    1090   15
    95   3.10534   2.23366   4.08194    1461   16
    96   4.11924   0.88509   0.88603    1893   16
    97   0.00407   1.07184   5.15726    1468   17
    98   6.20641   0.98998   2.14991     845   14
    99   3.22825   2.17654   1.11516    1227   11
   100   0.88877   2.29753   2.23653    1138   14
   101   3.11324   2.08498   4.04197     848   13
   102   0.84755   2.27657   3.78842    1770   16
   103   0.92349   2.30591   2.30446    1394   16
   104   4.04463   0.63465   5.66231    1140   15
   105   4.11924   0.88509   0.88603    1635   17
   106   0.74651   2.30385   0.49777    1678   17
   107   0.03774   1.00144   2.12198    1745   17
   108   0.95076   2.43227   0.61423    1058   14
   109   3.11734   2.10563   2.67542    1118   18
   110   0.97305   2.27461   2.39340     494   10
   111   3.17364   2.15540   2.51674    1169   13
   112   4.07564   0.78664   5.68336    1271   16
   113   5.11213   2.11059   2.40159    1677   15
   114   0.15382   1.04034   5.37584    1514   20
   115   1.93158   1.09650   4.07922    1290   14
   116   0.76340   2.30715   5.21880     763   11
   117   1.88642   1.19143   4.08803    1327   15
   118   1.98350   1.25876   2.37006    1836   18
   119   0.94498   2.37686   0.81578     700   11
   120   1.93778   1.17617   0.86747    1335   14
   121   0.93020   2.34657   5.27729    1308   13
   122   0.85377   2.28566   5.41421     803   13
   123   4.01697   0.93200   5.62010    2177   19
   124   4.11924   0.88509   0.88603    1008   12
   125   5.21548   2.01732   2.24015    1277   11
   126   3.23959   2.06393   0.93850    1412   18
   127   5.00290   2.19075   3.73112     984   13
   128   1.00842   2.33260   4.00612    1069   16
   129   0.94498   2.37686   0.81578     927   14
   130   1.06352   2.37161   0.84625    1349   12
   131   1.02270   2.38200   0.69344    1295   15
   132   6.16400   0.88316   5.35976     647   12
   133   0.91116   2.35061   2.21932    1984   21
   134   0.10912   0.88997   5.34251    2561   20
   135   1.83769   1.10802   4.05677    1026   13
   136   6.26537   1.01015   3.80879     600   11
   137   0.12401   0.96805   2.04432     762   11
   138   6.16400   0.88316   5.35976    1006   12
   139   3.12942   2.24092   2.57651    1013   13
   140   4.08208   0.72178   0.75636     748   11
   141   0.94032   2.34215   2.17896    1420   14
   142   1.02657   2.31347   0.76400     911   13
   143   0.71575   2.31871   3.68967    1928   18
   144   5.00620   2.11982   0.58794    1223   15
   145   0.93112   2.41822   0.57343    2564   22
   146   0.04409   0.93719   5.38730    1451   17
   147   0.06130   1.03660   5.40366    1555   17
   148   5.26107   2.07558   0.75629    1125   11
   149   5.23203   2.09740   5.45738    1070   11
   150   3.91156   0.74981   4.04381    1205   15
   151   0.98787   2.39456   2.20688    1647   17
   152   2.09224   1.17010   0.78565    2557   18
   153   5.12898   2.08086   3.78902    1216   14
   154   3.99725   0.86371   2.62098    1188   12
   155   0.84475   2.35188   2.22721    1351   13
   156   0.92677   2.31982   5.49678    1231   14
   157   3.05149   2.16129   5.69567    1307   15
   158   0.83212   2.39688   0.66925     613   13
   159   0.74974   2.30460   3.74845    1157   13
   160   4.99580   2.03981   2.18827     643   12
   161   3.05097   2.24158   1.02838    1135   13
   162   4.20316   0.85907   3.97373    1315   15
   163   3.99725   0.86371   2.62098    1702   18
   164   4.16651   0.77616   3.88442    1378   16
   165   4.00264   0.73211   0.92748    1375   16
   166   0.97050   2.38844   5.40594    1768   21
   167   2.03701   1.14094   0.90358    1250   12
   168   0.04409   0.93719   5.38730     999   13
   169   5.01986   1.95245   3.72899     942   13
   170   2.01113   0.98605   5.54995    1220   14
   171   1.00686   2.32732   3.97667     833   12
   172   2.02850   1.01501   5.60816     951   14
   173   0.12516   0.99300   2.10447    1607   16
   174   0.72537   2.38578   0.52151    1066   15
   175   2.02850   1.01501   5.60816    1140   15
   176   2.07656   1.22670   2.38575     859   11
   177   3.99881   0.89687   5.52213    1015   14
   178   5.17412   1.96797   3.78056    1814   16
   179   1.00436   2.41292   3.83381    1289   17
   180   4.16728   0.72211   5.47813    1202   12
   181   1.94792   1.02436   2.42019    1490   16
   182   0.04532   1.00538   0.65717    1518   18
   183   1.92312   1.18145   4.04736    1277   16
   184   0.73667   2.28218   3.68231    1458   19
   185   3.10635   2.17587   2.58176    1331   16
   186   4.09891   0.82883   5.62756     823   13
   187   2.11703   1.09381   3.93613    1451   18
   188   0.83922   2.25464   3.70682    1541   17
   189   0.86717   2.41444   0.50252    1622   20
   190   1.88642   1.19143   4.08803    1012   12
   191   0.84755   2.27657   3.78842     667   10
   192   3.99717   0.80962   4.13130    1205   17
   193   1.94909   1.15681   5.50849     944   11
   194   2.03037   1.10431   5.53266    1299   15
   195   3.10043   2.15940   0.95440    1374   16
   196   4.07272   0.82859   0.96474    1190   17
   197   5.02973   1.94462   5.37815    1052   13
   198   3.26255   2.07688   0.96338    1562   16
   199   3.08439   2.17049   2.56698    1239   15