     1   0.00000   0.00000   0.00000       0    0
     2   4.19863   1.01532   1.36586     803   13
     3   0.66593   0.67156   0.32761    1231   16
     4   4.00255   2.44462   1.50529    1292   14
     5   2.55305   1.38941   3.80731     968   13
     6   3.71788   2.43319   4.22712     961   12
     7   5.59543   1.71755   2.48269    1724   18
     8   3.81589   2.38507   6.12448    1475   16
     9   4.11481   0.96009   4.58104    1090   13
    10   4.29759   0.98995   6.05467    1487   18
    11   4.31243   0.91032   5.90106    1710   16
    12   3.86270   2.37007   4.38883     957   11
    13   2.61048   1.33976   2.18500    1576   16
    14   5.57577   1.68671   5.57830    1828   17
    15   0.58225   0.69667   5.13264    1089   14
    16   1.14066   2.10897   1.86529    1254   12
    17   0.60514   0.73191   5.17955    1070   12
    18   5.64035   1.71870   2.60681    1305   15
    19   0.87221   0.73208   3.28271    1177   14
    20   0.96859   2.37526   1.86122    1384   17
    21   5.62224   1.86485   2.53447     612   10
    22   0.66132   0.67795   0.39139    1231   15
    23   5.54156   1.64940   5.58607    1047   13
    24   4.03167   2.43216   2.93705    1154   16
    25   5.50142   1.74272   4.01503    1025   14
    26   0.72868   0.54428   3.42764    1608   15
    27   3.86044   2.39204   1.37578    1548   17
    28   4.04136   2.42821   1.38635    1350   14
    29   1.07597   2.14094   0.28742    1157   14
    30   4.26682   0.89458   5.91389    2026   14
    31   4.19522   0.91251   1.42932     624   11
    32   5.54156   1.64940   5.58607     718   11
    33   5.73375   1.80562   2.57545     875   13
    34   4.31329   0.84443   2.84808    1835   17
    35   1.11095   2.19250   0.14234    1969   16
    36   5.55500   1.84334   5.56312    1612   16
    37   0.61532   0.56122   0.42263    1040   12
    38   0.70718   0.56028   3.39950    1419   14
    39   5.54156   1.64940   5.58607    1104   14
    40   4.31220   0.99794   1.21776     745   11
    41   3.81724   2.46639   5.95926    1822   18
    42   1.16484   2.28465   3.41633    1127   12
    43   4.17688   1.02311   5.93649    1610   15
    44   0.65439   0.68297   3.39817    2515   18
    45   1.22176   2.14050   1.92819    2164   16
    46   5.50743   1.79265   0.80257    2191   19
    47   2.49373   1.42965   0.70576     686   11
    48   2.56489   1.37307   2.22578    1849   14
    49   0.70861   0.65267   0.40773     931   12
    50   3.68866   2.55900   4.30455    1584   15
    51   0.52645   0.74951   0.48295    1181   14
    52   2.48473   1.49101   3.73470    2007   13
    53   2.49383   1.35336   0.72756    1431   16
    54   1.11322   2.19988   1.71291     777    9
    55   5.54156   1.64940   5.58607    1667   14
    56   4.26954   0.94079   1.29551    2225   16
    57   3.78497   2.33237   6.09452    1329   13
    58   1.00807   2.28421   4.78006    1257   11
    59   4.21271   0.90473   4.33600    1039   14
    60   3.88841   2.57385   5.92330    1354   14
    61   0.87687   0.70004   3.20853     921   13
    62   4.07699   2.40146   1.41866    1539   17
    63   2.49321   1.36045   0.64745    1545   16
    64   2.39868   1.44397   2.27773    1032   14
    65   1.08611   2.30519   1.83625    1233   14
    66   1.06284   2.24242   0.17812    1574   15
    67   0.92299   2.15389   4.80574    1245   14
    68   5.54156   1.64940   5.58607    2353   18
    69   3.98898   2.46091   4.46125    1748   16
    70   4.17730   0.86484   4.39385    1281   14
    71   3.75052   2.44843   4.35839    1530   19
    72   0.74554   0.69559   3.46954    1147   14
    73   5.64378   1.70040   5.60500    1310   13
    74   0.73729   0.69684   1.94794    1101   14
    75   4.04191   2.43408   2.94048     837   13
    76   3.79887   2.45101   1.15897    1769   17
    77   0.53521   0.76299   0.35963    1706   18
    78   4.25749   0.83366   1.43728    1125   14
    79   2.57114   1.40234   5.23716    1666   17
    80   5.73729   1.71056   0.92582    1080   14
    81   1.15906   2.32669   3.44203     861   13
    82   5.63048   1.86999   5.72065    1523   14
    83   5.61576   1.73685   4.18168    1440   16
    84   5.51155   1.78215   5.61608    1490   16
    85   5.51191   1.71884   0.88199    1480   16
    86   3.75052   2.44843   4.35839    1060   13
    87   3.77761   2.44922   2.89946    1528   15
    88   0.87687   0.70004   3.20853    1016   12
    89   3.94547   2.49072   6.22444    1114   14
    90   4.23686   0.98820   1.30106    1334   16
    91   2.57545   1.39074   3.66594    1334   15
    92   0.89807   2.16017   0.08315    1731   15
    93   4.06026   0.92268   6.21460    1501   17
    94   5.54156   1.64940   5.58607     728   11
    95   3.87572   2.41003   6.12062    1450   16
    96   4.11256   0.90571   1.37559    1431   17
    97   2.51752   1.47306   0.58944    1043   16
    98   5.54156   1.64940   5.58607    1728   20
    99   3.74529   2.48738   2.64014    1327   16
   100   4.24037   0.90376   2.85217    1586   14
   101   4.19039   1.06884   4.55954    1510   17
   102   5.62224   1.86485   2.53447    1172   12
   103   0.95585   2.09656   1.73542     884   13
   104   5.65124   1.72609   0.96534    1410   14
   105   3.72655   2.58460   2.78548    1356   13
   106   4.27785   0.89589   1.25902    1076   14
   107   5.61576   1.73685   4.18168    1891   18
   108   1.02316   2.08453   1.79387    1158   16
   109   0.60418   0.80779   0.39085    1290   16
   110   1.17888   2.22478   3.37814     653   11
   111   1.15479   2.21389   5.01257    1122   15
   112   4.25749   0.83366   1.43728     855   14
   113   5.54156   1.64940   5.58607     690   12
   114   3.78753   2.39768   1.15784    1288   16
   115   3.76314   2.42405   4.25090     815   12
   116   4.21376   1.01698   2.99863    1664   16
   117   2.54302   1.41027   3.78995    1469   16
   118   3.77575   2.44411   1.33393    1857   19
   119   5.63019   1.74071   5.71342    1178   15
   120   0.62916   0.63449   3.37361    1177   13
   121   4.19015   0.91226   1.24592    1500   14
   122   3.86044   2.39204   1.37578    1331   15
   123   2.55305   1.38941   3.80731    1214   13
   124   1.19443   2.16754   0.34035     941   11
   125   3.70652   2.39713   1.12775    1503   17
   126   4.32381   0.82272   4.47596     719   10
   127   4.15337   0.97111   2.90720     704   11
   128   0.00000   0.00000   0.00000     903   15
   129   0.83770   0.69494   1.66637    1786   18
   130   5.52567   1.66712   2.41976    1525   14
   131   0.70718   0.56028   3.39950    1750   19
   132   4.37162   0.88818   1.15800    2851   19
   133   2.50202   1.36342   3.71976    1379   17
   134   5.61648   1.68709   2.50354    1503   14
   135   4.22670   1.05692   1.37519    1516   16
   136   1.11632   2.16781   5.08886     807   11
   137   1.04777   2.20063   0.23951     769   15
   138   5.65676   1.92607   0.95371    1132   13
   139   2.46575   1.32231   3.82871    1087   13
   140   2.50626   1.37363   5.24237    1542   13
   141   3.73173   2.38883   2.79607     764   12
   142   5.63266   1.77121   3.94042    1819   15
   143   2.48603   1.48140   0.68504    1842   18
   144   3.82075   2.32190   2.74795    1166   15
   145   4.28866   0.93906   2.84632     932   12
   146   5.54156   1.64940   5.58607     792   13
   147   0.73729   0.69684   1.94794    1537   15
   148   0.75043   0.76193   4.91094    1079   14
   149   2.55439   1.34681   3.68211    1656   15
   150   4.26847   0.88764   2.75909    2084   17
   151   0.93952   2.20818   4.89862     862   13
   152   2.43639   1.39986   0.75052     885   15
   153   4.19903   1.07563   2.96502    1458   16
   154   0.74235   0.57022   3.28611    1330   16
   155   1.12372   2.13459   4.93073    1742   19
   156   2.60050   1.45280   5.37348    1093   15
   157   4.09079   0.81852   5.99797    1653   16
   158   0.75046   0.62260   1.68432    2386   18
   159   5.50544   1.80620   3.97215    1166   13
   160   5.61576   1.73685   4.18168     890   12
   161   3.65571   2.47666   5.82636    1258   14
   162   2.38722   1.42972   2.13978    1995   18
   163   4.20831   0.93946   6.11776    1079   12
   164   0.61374   0.59179   5.09673    3135   20
   165   2.39944   1.48204   3.79814    1029   14
   166   2.49321   1.36045   0.64745     754   11
   167   0.82494   0.65795   3.40343    1409   14
   168   2.38104   1.34805   3.74056    1464   17
   169   5.62224   1.86485   2.53447     784   13
   170   3.82338   2.44166   6.09922    1325   13
   171   0.97304   2.34963   4.90257    1097   15
   172   0.71517   0.69195   3.47100    1651   19
   173   4.23776   0.95306   5.96813    1470   14
   174   4.12211   0.80867   2.94516    1616   16
   175   1.01974   2.12363   1.71954    1196   11
   176   2.47552   1.31761   0.66960    1614   17
   177   5.58983   1.67178   2.53490    1128   15
   178   1.14066   2.10897   1.86529    1764   17
   179   3.88355   2.41923   6.09697    1287   15
   180   0.58966   0.68214   3.57415    1106   15
   181   2.52717   1.42278   0.55250     421    6
   182   1.17798   2.29421   3.40001    2229   20
   183   0.75279   0.67124   3.41460    1355   14
   184   3.83633   2.49132   6.01518    1323   16
   185   4.19295   0.88002   2.99328    1361   17
   186   2.47155   1.31909   5.45690    1503   16
   187   4.27065   1.01432   1.28582     844   15
   188   4.17900   1.00745   4.39417    1248   12
   189   0.60330   0.68745   0.34990    1029   16
   190   3.69861   2.42061   4.35015    2501   21
   191   5.64260   1.75729   4.01290    1161   16
   192   5.64022   1.75637   2.51803     684   11
   193   1.09182   2.23848   1.76788    1369   14
   194   1.01975   2.34256   0.23500    1385   16
   195   2.50109   1.37330   3.69434     889   13
   196   5.62224   1.86485   2.53447     941   14
   197   4.23409   0.96115   1.43606    1354   12