     1   0.00000   0.00000   0.00000       0    0
     2   5.79261   1.63746   2.55006     797   10
     3   1.23978   2.10354   1.75262     811   12
     4   0.79642   0.49045   1.86571    2194   20
     5   2.69722   1.32711   2.14929     377   10
     6   5.75111   1.61377   2.57726     437    7
     7   3.95213   2.71000   1.26305     839   12
     8   2.62735   1.47544   2.11897     530    8
     9   4.23932   1.00907   6.22681    2848   20
    10   4.54387   0.98963   1.21636     340    8
    11   4.00379   2.71532   5.87598     430   11
    12   5.79261   1.63746   2.55006     282    8
    13   0.95659   0.56177   3.41416    1113   11
    14   5.85209   1.74798   4.15365    4880   26
    15   4.28731   1.17463   2.96617     366    8
    16   4.17413   2.53719   4.46890    2435   20
    17   3.94458   2.45279   4.37648    4462   25
    18   4.02179   2.47180   2.88873    1491   13
    19   2.83482   1.46396   0.49615     351    9
    20   4.42571   1.18468   1.34256     693   12
    21   3.91945   2.62727   5.96075    1577   15
    22   5.82838   1.64675   2.57705    1092   17
    23   5.79761   1.80293   4.09592     566   10
    24   3.94963   2.57180   1.22753     955   12
    25   4.12564   2.62263   1.25943    1209   16
    26   0.88910   0.68620   1.88203     904   10
    27   2.71217   1.26381   2.02198    2877   16
    28   1.20949   2.03679   3.49154     926   13
    29   4.44013   0.97793   6.09997    1534   15
    30   5.90869   1.79614   2.69363    1005   12
    31   1.33286   2.13620   4.93565     629   11
    32   5.71496   1.71422   4.21450     736   13
    33   4.34316   1.03818   4.62683    2792   16
    34   5.70947   1.72956   2.64801     504   10
    35   1.07874   2.21075   0.11958    3070   20
    36   2.81009   1.47027   2.19715     301    6
    37   4.35094   1.04629   1.35706    2293   17
    38   3.83236   2.51123   4.32250    1710   12
    39   5.76405   1.61628   5.73339     730   10
    40   1.14700   2.09316   0.24181    4490   26
    41   0.91075   0.65968   1.94801    2727   19
    42   0.81289   0.54130   0.26476     593   14
    43   0.66061   0.54531   3.64255    1684   16
    44   1.23186   2.18480   4.82923     557    9
    45   2.73844   1.40068   0.56580    2110   20
    46   4.05634   2.46063   1.28495    5800   34
    47   3.85834   2.59320   5.75710    1208   16
    48   5.81743   1.81374   4.07136    1711   14
    49   0.79437   0.55791   5.08406     876   12
    50   5.82838   1.64675   2.57705     494    9
    51   5.78204   1.87342   4.13788     619   13
    52   4.43131   0.95531   2.90184     919   10
    53   5.77749   1.71384   4.17110    2158   17
    54   4.02573   2.49341   5.87105    1478   12
    55   1.27235   2.04338   1.81769    4513   21
    56   4.49924   0.99800   2.93556    1008   13
    57   3.85292   2.54931   2.80725     484   11
    58   4.00480   2.51003   5.84793    1732   16
    59   1.22621   2.09159   0.23434    5094   27
    60   0.94003   0.48887   1.83965     745   12
    61   0.94104   0.64191   1.66278     334    7
    62   2.80849   1.37758   2.06559    1085   13
    63   3.86976   2.65354   2.71269     922   12
    64   3.83342   2.69901   5.82775     498   12
    65   3.97371   2.63010   2.75747    1272   11
    66   0.67902   0.66788   5.07453    1232   15
    67   5.71667   1.81448   5.75996    2742   15
    68   4.08854   2.55567   2.96800    1794   14
    69   2.69722   1.32711   2.14929    1913   18
    70   2.71355   1.44475   3.59059    3265   19
    71   4.39200   1.03354   2.90308    1806   13
    72   1.14840   2.15225   3.43746    1420   16
    73   3.93479   2.60466   5.87359     396   11
    74   2.69893   1.47755   0.41735    1265   14
    75   5.90390   1.76446   1.03753    2113   19
    76   2.69722   1.32711   2.14929     567    7
    77   0.65784   0.45767   0.50815    1459   13
    78   2.65118   1.32403   0.42400    1383   15
    79   4.28975   1.00374   1.33287    5619   26
    80   4.27451   0.95004   3.03605     871   12
    81   2.61530   1.52747   2.13772     302    7
    82   5.93177   1.84838   2.64470     617   10
    83   5.71664   1.78020   2.50559    1685   13
    84   2.64795   1.27001   0.53766     362   10
    85   5.77116   1.81332   0.92994     866   11
    86   0.81964   0.53902   1.88290    1317   13
    87   5.76405   1.61628   5.73339     476   12
    88   5.82307   1.73923   0.93042    1102   11
    89   2.69981   1.34158   2.11919    2151   13
    90   5.85617   1.86293   1.06572     355    8
    91   1.17418   2.07278   0.16018     796   12
    92   2.70040   1.27629   5.34823    1019   13
    93   4.46127   1.01059   6.05038    1065   13
    94   5.79261   1.63746   2.55006     463    8
    95   5.82596   1.73432   5.67092    1432   13
    96   5.77116   1.81332   0.92994     950   12
    97   3.90696   2.59726   1.17933     592   11
    98   2.71185   1.43602   3.67447    2344   18
    99   4.31917   1.07525   2.93289     704   11
   100   5.89376   1.69295   2.70264    4315   22
   101   3.93479   2.60466   5.87359    1325   14
   102   1.27507   2.04037   3.41422     521    9
   103   2.58948   1.52030   0.63508    2139   19
   104   5.85617   1.86293   1.06572     647   13
   105   0.98365   0.56838   1.78784    1350   13
   106   4.28827   1.04398   1.29334    1784   16
   107   5.78204   1.87342   4.13788     613   12
   108   2.69722   1.32711   2.14929     431   12
   109   4.00514   2.58769   4.33504     671   10
   110   5.77116   1.81332   0.92994     555    8
   111   1.19121   2.21060   4.83877     812   11
   112   1.22972   1.98967   5.07999    3684   20
   113   0.84771   0.61232   5.02469     970   15
   114   5.71513   1.78098   5.60501    1639   17
   115   1.30792   2.20726   4.95423    1442   17
   116   4.01153   2.55400   5.85188    1364   16
   117   2.65265   1.35475   2.20377    1610   13
   118   4.32650   1.05318   1.43339     823    9
   119   5.81743   1.81374   4.07136     450   10
   120   4.26290   1.01648   1.39285    1746   19
   121   3.87823   2.46544   2.77538    2551   19
   122   5.75039   1.85527   1.02745     282    7
   123   0.72666   0.58981   3.51352     551   10
   124   3.94458   2.45279   4.37648     726   12
   125   4.40902   1.04327   5.93375    1016   14
   126   3.89072   2.64344   5.84407     394    6
   127   5.77116   1.81332   0.92994     454   10
   128   1.03438   0.63454   3.31454    3558   21
   129   5.68647   1.83599   4.24793     797   10
   130   2.71039   1.48074   0.45711     686    9
   131   0.69530   0.56362   3.50299     800    7
   132   5.85617   1.86293   1.06572     659   13
   133   1.21897   2.19481   4.81273     380    9
   134   3.89424   2.52322   5.83824    1059   14
   135   3.94458   2.45279   4.37648     985   11
   136   1.27241   2.00386   4.96643    5211   22
   137   1.07158   2.19999   1.65750    1586   17
   138   5.89458   1.75701   5.73226     400    9
   139   5.79261   1.63746   2.55006     558   10
   140   4.19902   1.04317   6.23187     283    6
   141   3.81515   2.43367   1.18865    1174   12
   142   0.69712   0.60570   3.72776    3074   21
   143   4.47601   0.99756   1.32759    3258   25
   144   3.79896   2.50663   1.18801    1289   14
   145   4.29807   1.04789   4.50176    2281   19
   146   0.65702   0.51733   2.20004    1281   15
   147   5.77116   1.81332   0.92994     454   11
   148   4.27451   0.95004   3.03605     492   13
   149   5.82838   1.64675   2.57705     445    8
   150   1.17246   1.98440   3.41106     748   13
   151   4.38143   0.96612   2.92599    1352   13
   152   1.39748   2.17688   0.34238    3789   23
   153   1.06450   2.01085   4.79092    4436   26
   154   3.85115   2.52628   2.68032    1638   13
   155   3.96410   2.51511   2.82448     622   12
   156   2.63925   1.30104   0.56100    1633   18
   157   3.83036   2.68008   2.60433    3268   26
   158   4.38441   0.92730   2.93994    4144   25
   159   5.82838   1.64675   2.57705     708   13
   160   3.73552   2.59944   4.18204    1629   12
   161   4.39738   1.08529   4.59008    3106   18
   162   5.77116   1.81332   0.92994     572    9
   163   3.91773   2.57213   4.19409    2906   20
   164   5.95153   1.69357   4.29817     858   13
   165   2.56002   1.42901   5.34426     596    8
   166   3.88528   2.52891   4.42257    2726   16
   167   0.82863   0.54404   3.45165    2860   16
   168   0.91820   0.63760   0.19816    4677   24
   169   4.01153   2.55400   5.85188     567   12
   170   0.84358   0.70381   0.33328    1486   18
   171   4.34298   1.02301   2.83741    5480   22
   172   5.87547   1.90776   2.57897    2399   16
   173   5.79261   1.63746   2.55006     564   12
   174   5.91664   1.71498   5.88409     483    9
   175   4.32396   1.13423   1.46189     682   11