     1   0.00000   0.00000   0.00000       0    0
     2   6.17026   2.06338   5.18679    1086   13
     3   0.50275   0.84198   0.67958    2501   20
     4   0.67949   0.85478   5.24532     999   13
     5   4.48333   0.88813   4.19664    1157   15
     6   4.66004   0.30527   5.58675    1727   17
     7   0.46038   2.08082   4.10768     641   12
     8   0.58778   0.87291   2.08138    3093   23
     9   5.52524   2.03888   3.92397    1046   13
    10   0.30204   1.65711   1.96815    1534   16
    11   5.66204   2.13668   2.38855    2691   19
    12   1.20274   1.80216   4.50810     495   12
    13   5.68011   2.08352   2.38782     372   11
    14   0.58757   0.96359   2.12858    3341   21
    15   4.19124   2.38327   4.12819    1136   13
    16   2.44492   1.12546   3.98624    3133   22
    17   0.00037   2.37038   4.21624     375   10
    18   3.66263   1.17979   4.40849     372    9
    19   1.25771   1.09026   3.74446     463    8
    20   4.57431   1.06873   5.69052     715   11
    21   0.14290   1.15519   0.35285     580   10
    22   2.46659   1.05902   3.99799     974   10
    23   5.66456   2.15845   3.86573     834   10
    24   3.57655   2.40616   5.60162    2569   16
    25   1.47641   1.40278   3.05213     942   13
    26   0.74508   1.01118   4.08907     515    8
    27   4.71194   1.39390   3.47400    4820   24
    28   6.00884   1.37585   2.03924     571   10
    29   5.04779   1.25136   0.81336     694   10
    30   5.70919   0.68134   2.59138     992   16
    31   4.70046   2.19971   1.59422    1836   16
    32   1.74679   1.36601   5.10882    2985   20
    33   4.40449   2.44596   5.40704    1336   14
    34   0.47325   0.60828   3.86796     938   12
    35   2.66824   0.98094   5.31984     512    9
    36   6.17026   2.06338   5.18679     733   11
    37   1.26191   2.31471   5.20601    1053   12
    38   4.40916   0.87471   2.50667    1909   19
    39   0.51683   0.81302   2.19627     462   10
    40   5.65993   2.17809   3.89642     937   10
    41   5.68678   2.01122   5.54674     961    8
    42   4.47273   0.70888   0.40465    2811   19
    43   1.26191   2.31471   5.20601     302    8
    44   6.08992   1.63373   2.37444     752   13
    45   5.39605   1.15743   3.86171     569   11
    46   6.08679   2.50321   3.75505     763   12
    47   1.85459   1.23393   4.09395    1073   12
    48   4.37838   0.92651   5.72817    1979   18
    49   2.44870   1.71021   4.93262     537   10
    50   3.98996   2.12203   0.69092    3516   21
    51   0.56998   1.85426   2.71298     889   12
    52   4.34222   0.40883   1.89134     558   11
    53   5.14914   0.88938   5.87378     717   10
    54   1.46857   2.13192   5.31331    2024   15
    55   2.46069   1.02113   2.38920    5157   27
    56   0.60349   0.76483   3.38393     469   11
    57   0.29082   2.50698   3.44343    2821   22
    58   0.56448   0.91243   3.85376    1816   15
    59   2.38204   0.99665   2.29567     695   13
    60   2.61196   1.17472   3.93062    4536   26
    61   3.74599   2.32441   5.75731     885   14
    62   0.74508   1.01118   4.08907    1091   14
    63   6.17026   2.06338   5.18679     342    8
    64   3.58182   2.17310   5.54232     630   11
    65   3.60613   1.42911   2.25003     323    9
    66   5.00439   1.71637   0.58143    1796   14
    67   3.60613   1.42911   2.25003    1198   11
    68   4.86005   1.17812   5.67435     491    9
    69   2.46837   1.11391   3.83714     393    9
    70   4.74977   1.92581   4.39845    2040   15
    71   4.43328   0.87947   4.05237     432   10
    72   1.26460   2.21541   3.72020     485    8
    73   0.17730   0.82081   0.72550    1534   15
    74   1.12955   1.73980   3.21007    1198   11
    75   3.66158   2.23261   4.03111     572   10
    76   2.98318   1.75335   5.15173    1694   16
    77   5.19720   0.42044   1.73455    5107   24
    78   3.69855   2.28240   4.06058     417   12
    79   2.99528   2.18201   1.83674    1333   15
    80   4.51442   0.88936   4.08591     588   11
    81   5.98865   0.22405   5.82720    3810   19
    82   5.31981   1.17668   2.29269    3574   18
    83   0.58778   0.87291   2.08138     436   10
    84   2.38204   0.99665   2.29567    3178   19
    85   3.70655   2.11747   5.62256     432   10
    86   5.55955   1.46763   4.00345     529   10
    87   1.26460   2.21541   3.72020    1774   14
    88   4.51439   0.91689   0.81454     327    9
    89   0.29082   2.50698   3.44343     388    7
    90   0.41319   0.83504   0.76037    2411   20
    91   3.71602   2.29287   1.08102    1184   11
    92   2.44492   1.12546   3.98624     600   10
    93   0.62295   0.92831   3.78134    2261   15
    94   1.13377   0.85891   3.60372     671   14
    95   5.60097   2.02759   3.94239    2036   17
    96   2.66824   0.98094   5.31984     479    9
    97   4.86005   1.17812   5.67435     472    9
    98   1.26191   2.31471   5.20601     625   10
    99   4.43459   0.59595   5.73791     671   13
   100   0.48643   1.75196   3.40433     381    8
   101   2.31295   2.50286   4.65434     823   11
   102   4.55858   0.92010   2.44747     649   11
   103   1.10325   1.36582   5.53290     499    8
   104   1.39971   2.27814   5.33184    1463   16
   105   1.95146   2.10379   4.11153    3135   18
   106   3.73837   0.22146   0.72731     462   10
   107   0.60524   0.85871   2.10965     374    7
   108   1.82891   1.51869   1.52713    1078   12
   109   6.17026   2.06338   5.18679     436   12
   110   2.55676   2.40033   0.13920     615   10
   111   4.48995   0.96141   1.03850    3779   21
   112   2.57387   1.09212   5.37367     605   13
   113   1.25123   2.18806   5.32857    1334   14
   114   5.28770   0.84527   6.11264    1239   17
   115   1.26191   2.31471   5.20601     371    9
   116   4.99173   0.52929   4.51483    5538   26
   117   1.50183   0.99988   4.48859     392   10
   118   0.38986   0.81578   5.48106    3855   22
   119   2.49666   1.19655   0.61042    1104   11
   120   5.38068   0.92040   0.43049     405    8
   121   3.70314   2.17285   4.13807     772   12
   122   5.15339   0.23546   1.94512     828   11
   123   2.92181   1.38028   4.51633    5727   28
   124   4.71028   0.39326   6.03702    1365   13
   125   2.90276   0.75573   6.07419    1467   14
   126   1.35401   2.58735   3.38419     307    8
   127   5.68678   2.01122   5.54674     490   13
   128   2.66824   0.98094   5.31984    1289   15
   129   1.49486   2.21559   2.25332    4171   25
   130   1.51856   2.21781   3.81247    1510   16
   131   4.46497   0.83949   3.98142     402   10
   132   5.38861   0.06093   0.37689    1160   13
   133   0.54886   0.89421   3.79922     467    7
   134   1.97543   1.77972   1.50214    3774   21
   135   4.06472   2.32788   1.84955    5267   26
   136   2.66474   1.10281   5.43677    1538   14
   137   2.73502   1.19182   3.73251    5244   22
   138   1.26460   2.21541   3.72020    1991   18
   139   1.46934   0.49916   5.51561    2662   18
   140   1.26191   2.31471   5.20601    2215   16
   141   1.66996   2.04123   5.77589    2071   14
   142   4.50927   1.20848   3.44341    1725   13
   143   0.39700   1.95685   3.13774     735   10
   144   3.73837   0.22146   0.72731     688   10
   145   4.54763   0.92590   5.63615    3004   22
   146   1.21932   2.22331   5.14491    1438   15
   147   4.15353   2.28068   5.31705    2705   18
   148   3.48762   2.07364   2.33566     971   15
   149   2.07559   2.62299   2.35637    1288   11
   150   0.14290   1.15519   0.35285     539    9
   151   1.33011   2.22126   3.72706    1076   12
   152   0.91877   1.51794   4.45183     855   11
   153   2.61540   1.53276   4.18931     992   17
   154   5.68678   2.01122   5.54674     817   12
   155   1.39652   2.32605   5.45874    3374   21
   156   5.25875   2.65354   0.41741    2531   17
   157   0.03928   0.78626   4.43780    1846   19
   158   5.64468   2.06120   0.77065     978   13
   159   5.61676   1.98597   2.35371    2032   16
   160   6.12635   2.11536   5.33657     996   11
   161   1.11722   1.34735   0.82834    2949   17
   162   3.79178   2.32909   0.97221     770   12
   163   1.76282   1.95366   3.78394    1046   12
   164   1.13569   2.39538   0.25210     651    9
   165   4.72887   1.65734   4.74309    1697   17
   166   0.55774   1.72689   2.28578    2277   18
   167   2.63764   1.13618   0.81784    1057    8
   168   2.47853   1.12218   0.69705    4299   19
   169   1.63861   2.87249   5.13598    4343   23
   170   4.48215   0.90813   1.03244    3212   24
   171   2.16918   1.71502   4.80141    1332   13
   172   5.68954   2.01333   3.97447     311    9
   173   4.81450   1.40169   2.98857    1935   21