     1   0.00000   0.00000   0.00000       0    0
     2   6.25776   2.12670   0.95352     915   14
     3   4.98931   1.20297   2.45241    1395   19
     4   0.74918   0.69573   5.63892     762   11
     5   6.09543   2.05552   1.14240    3040   23
     6   0.56733   0.80247   0.99245    1008   16
     7   6.16136   2.15151   4.06921    1624   19
     8   3.00624   0.97357   2.00329    1212   16
     9   3.00734   1.12987   5.16566    2435   24
    10   5.03531   1.12596   5.66561    1373   19
    11   3.06370   0.98888   5.33761    2025   16
    12   6.19890   2.09338   5.87989    2012   16
    13   1.68205   2.03018   5.20494     991   14
    14   6.12516   2.02625   4.13919    1445   17
    15   0.72578   0.76540   5.60433    1541   18
    16   6.05677   2.07146   4.11866     859   11
    17   0.08387   0.84008   2.78979     565   10
    18   2.84112   0.97908   2.26528    1772   18
    19   1.85974   2.09984   5.38254     364    7
    20   3.79252   2.43301   0.55108     815   14
    21   4.91139   1.22350   4.06980    1517   18
    22   0.58920   0.70042   5.73040    1457   16
    23   3.96041   2.44634   5.45633     843    8
    24   3.74091   2.44238   2.04644     488   11
    25   3.13500   1.08243   5.19937     634   12
    26   3.08088   1.09190   2.18157    1204   13
    27   5.91735   0.77964   5.99614    1663   17
    28   6.21569   2.05763   1.00063    1238   16
    29   6.15816   2.03784   2.75677     463    8
    30   3.79683   2.42655   3.62510     406   11
    31   4.82339   1.02417   4.13588     769   12
    32   0.65414   0.82582   0.96798    1132   12
    33   4.80218   1.10712   1.04108    3147   25
    34   0.64927   0.61555   1.00698     858   14
    35   4.85392   1.01140   5.52791     240    8
    36   0.02163   2.09500   2.75397     576   14
    37   1.82024   2.11796   0.72857    1761   19
    38   0.19329   0.34649   5.46414    1419   16
    39   6.22392   2.08805   5.84334    1524   16
    40   3.04462   1.09975   5.21365     383   10
    41   3.00958   0.92141   1.99241     565   13
    42   3.18379   1.07467   0.43596     772   10
    43   0.77612   0.74673   0.83368     761   13
    44   4.98279   1.20916   2.63441     669   11
    45   3.00534   1.12438   2.16768     944   14
    46   5.93632   1.70089   5.09919     814   13
    47   2.85545   0.98631   6.25952     621   13
    48   1.81903   2.09548   3.76431     567   12
    49   0.81856   0.69015   3.96488     798   14
    50   0.72578   0.76540   5.60433    1005   13
    51   6.11175   2.07965   1.10626    1891   19
    52   4.85118   1.12631   5.64778     304    8
    53   4.79369   1.08343   0.92801    2345   22
    54   1.64755   2.05187   3.78068     966   15
    55   3.00624   0.97357   2.00329    1319   13
    56   1.51584   1.26125   2.65652     728   13
    57   1.74845   1.89554   3.63421    2400   24
    58   1.69452   1.96106   5.30348     846    9
    59   1.76894   2.01910   2.10144    1157   15
    60   3.77309   2.52452   5.35452     639   12
    61   0.91827   0.72584   3.93817    1045   16
    62   6.09035   2.17389   1.05110    1615   18
    63   3.04335   0.94560   2.20213     965   14
    64   0.60378   0.78496   0.94879    2661   23
    65   2.82220   1.10283   2.15343     399    9
    66   0.59197   0.72948   4.17325     866   11
    67   3.04462   1.09975   5.21365     403    9
    68   3.15520   1.02192   5.10371     593   15
    69   4.96583   1.09043   2.43929     439   14
    70   5.40672   1.10667   3.53033    1514   17
    71   3.58404   1.08378   6.16857    1145   13
    72   3.90791   2.34213   5.44540    1587   16
    73   3.17310   0.96844   0.37033    1854   19
    74   0.77035   0.75736   5.56791     516   12
    75   3.78304   2.30043   0.67070     903   17
    76   1.89987   2.06638   5.36318     747   12
    77   4.97968   1.11251   3.96147     565   12
    78   4.99034   1.23286   4.06884    1341   10
    79   3.92683   2.34895   5.47726    1107   15
    80   4.01873   2.31161   5.42247     751   10
    81   4.83247   1.09859   5.64787     535   11
    82   6.22330   2.14394   1.17858     837   13
    83   2.98322   1.10336   0.53218     813   12
    84   3.87548   2.40850   5.42244    1543   19
    85   6.14139   2.18215   4.23528    2588   23
    86   2.50318   2.38348   3.32207     695   12
    87   0.64713   0.75417   0.98889     785   15
    88   4.80218   1.10712   1.04108     664   13
    89   3.87496   2.23784   5.40015    1346   13
    90   5.98612   2.18006   0.92178     418   11
    91   0.76938   0.77667   5.57738    1548   18
    92   1.90231   2.06014   3.79879    1431   18
    93   0.91477   2.12778   3.78587     306   10
    94   3.02124   1.07190   0.64588    1348   17
    95   2.91832   1.00792   0.54280     943   15
    96   3.18216   1.00314   0.39598     786   14
    97   3.69043   2.40809   0.54044    2896   19
    98   4.61455   0.77677   0.54655    1647   14
    99   0.70693   0.68148   5.60258     996   16
   100   4.96543   1.06241   2.57470    1705   17
   101   3.83681   2.47654   2.26581    1424   17
   102   3.99444   2.44717   2.35644    2007   19
   103   1.62094   2.07644   5.22366    1853   21
   104   3.00187   0.89347   3.58629     291   11
   105   3.87634   2.24720   0.62309     751   11
   106   4.82608   1.13643   4.04105     950   15
   107   3.13718   0.89736   3.58789    1144   13
   108   1.62955   1.98388   5.28205     595   13
   109   1.82754   1.99347   3.89556     676   10
   110   1.70859   2.14988   5.35337     864   16
   111   2.91832   1.00792   0.54280     372    8
   112   6.17588   2.08345   5.88125    1183   17
   113   0.85352   0.76031   2.20224    1557   17
   114   5.01706   1.17169   0.90073    1438   19
   115   6.15858   2.13620   5.74610    1736   15
   116   0.91477   2.12778   3.78587     511   12
   117   1.84370   1.87276   2.29137    2200   19
   118   0.69518   0.91792   3.99621    1287   16
   119   0.61122   0.83912   1.00321    2673   21
   120   3.01409   1.04494   3.78403     818   14
   121   6.07922   2.08662   2.52266    1041   14
   122   2.84128   0.59138   2.79760     955   15
   123   1.70485   1.92603   3.69115    2887   23
   124   1.70143   2.07215   3.80023     768   11
   125   0.61528   0.86671   5.63121     622   14
   126   4.86650   1.06969   5.74250    1861   19
   127   3.80976   2.35411   3.65319    2250   21
   128   5.03099   1.04181   4.16164     667   11
   129   4.94436   1.12770   2.40502    1378   17
   130   6.26872   2.12135   4.33800    2066   21
   131   0.69518   0.91792   3.99621     623   12
   132   6.18354   2.02554   4.31130     252    5
   133   4.92794   1.14200   3.95409     346   11
   134   4.88034   1.14013   5.62774     887   12
   135   6.09035   2.17389   1.05110     339    9
   136   1.70092   2.11156   5.44265    1050   12
   137   6.16431   2.23766   4.24303     746   13
   138   4.94452   1.17442   0.94553    1234   17
   139   0.72034   0.67815   4.12163    1172   14
   140   3.18249   0.88922   3.53176     790   11
   141   0.79944   0.66784   2.34729    1001   13
   142   0.67562   0.68443   4.05708    2789   23
   143   0.91477   2.12778   3.78587     553   10
   144   3.88164   2.43430   3.81139    1411   18
   145   1.79273   1.95846   0.63410     763   12
   146   3.96684   2.35684   3.84267     471   11
   147   6.11255   2.02173   1.02127    1174   14
   148   2.92187   1.01923   3.61728    1152   14
   149   1.86454   2.03964   2.25450     923   14
   150   1.84213   2.10535   3.90755     804   13
   151   4.86451   1.25054   4.15100    1733   16
   152   3.75520   2.50608   0.56580    3474   22
   153   6.11010   2.17405   1.06185    1386   14
   154   6.06336   2.01993   4.14711     359    9
   155   4.02324   2.34811   2.30229     787   14
   156   5.02311   1.13501   0.96824     864   16
   157   6.24436   2.14850   1.08414     778   11
   158   3.12225   1.03201   0.50050     941   10
   159   1.90231   2.06014   3.79879    1897   20
   160   4.82608   1.13643   4.04105    1360   16
   161   6.23670   2.14497   5.78814     890   16
   162   0.94214   0.72574   0.69506     569   10
   163   0.72060   0.65497   0.96955    1469   19
   164   6.16168   2.06636   2.65027     532   11
   165   3.79324   2.37444   2.25224     777   14
   166   3.05556   0.98362   2.00678    1455   18
   167   1.85631   1.97089   5.43008     822   12
   168   3.07466   1.09010   5.22950    1022   13
   169   4.77327   1.12399   2.51882     899   11
   170   0.74335   0.82423   5.67670     859   13
   171   3.69458   2.45660   0.52946     492   11
   172   6.08211   2.06511   4.17983     513   10
   173   3.78352   2.47950   3.78898    1638   16
   174   1.67023   2.04933   0.50001     508   11
   175   0.43780   1.14085   4.44053     923   15
   176   1.77191   2.00697   3.81741     774   13
   177   0.89979   0.73969   2.32234     798   11
   178   3.13805   0.88024   0.38857     906   15
   179   1.72131   1.94485   5.42034     889   14
   180   0.93366   0.80459   5.49512     795   17
   181   1.74666   1.90466   3.70521    1608   18
   182   0.85461   0.70379   2.32785     630   10
   183   0.05151   2.02619   5.84006    1310   18
   184   4.74918   1.13031   2.64582     644   14
   185   3.80794   2.28429   3.77925     755   11
   186   6.15438   2.25335   4.14750     922   10
   187   4.93341   1.07227   2.53677    2274   20
   188   0.83017   0.84877   2.48508     676   13
   189   3.61599   2.37806   2.05012    1549   20
   190   4.80218   1.10712   1.04108     706   13
   191   3.08531   0.99265   4.63709     763   14
   192   4.88613   1.23863   4.06963    1839   18
   193   0.69518   0.91792   3.99621     533   11
   194   6.27971   0.98553   3.02083     929   13
   195   6.21126   2.10221   4.12228     699    9
   196   1.60391   1.92898   5.30038     755   13
   197   6.24212   2.00677   2.69058     876   12
   198   0.77774   0.83078   4.06047    1145   13
   199   5.48441   1.11705   1.28195     964   14
   200   2.92031   0.92916   2.14721    1022   16
   201   3.11430   1.05561   2.12171     826   13
   202   2.93147   0.99453   0.56842    1485   17
   203   0.77612   0.74673   0.83368    1396   17
   204   3.01973   1.03153   0.44850     500   11
   205   4.86162   1.17859   4.07566    1978   20
   206   4.89220   1.06439   4.08672     937   18
   207   6.20040   2.12082   5.74858    1022   12
   208   0.66737   0.66603   2.52486    2805   24
   209   1.81903   2.09548   3.76431    1131   13
   210   2.67100   0.89719   5.96030     687   11
   211   4.99222   1.16591   5.76300     603   11
   212   2.91340   0.95952   5.26336    1375   16
   213   2.87659   0.93986   2.17287    1073   15
   214   4.00200   2.43848   0.83459     584   13
   215   3.02661   0.94765   3.64043     879   14
   216   1.63991   2.09509   0.54395    2922   20
   217   5.00843   1.04451   0.81084     716   12
   218   0.76521   0.73757   0.76091    1842   20
   219   0.94214   0.72574   0.69506    2665   20
   220   2.98270   1.01519   5.37867     907   17
   221   0.00729   2.02330   4.29709     681   13
   222   5.06034   1.04611   2.49962     461   10
   223   0.69518   0.91792   3.99621     871   11
   224   1.82025   2.06308   0.63283    1223   20
   225   6.05601   2.17148   2.46963    1039   12
   226   1.70143   2.07215   3.80023     887   12
   227   0.77004   0.76428   3.98871    1343   14
   228   6.16713   1.99765   2.66755    2419   23
   229   6.14064   2.00879   5.76221    5042   27