     1   0.00000   0.00000   0.00000       0    0
     2   5.31349   1.74621   6.15124     974   11
     3   5.38800   1.58045   2.97804     988   14
     4   0.52486   0.10275   1.58311    1744   15
     5   0.39118   0.23558   0.38030     774   11
     6   0.56301   1.73238   4.81013    1256   17
     7   5.25223   1.69536   4.63325    1119   13
     8   3.89681   1.57816   3.07152    1939   24
     9   5.32852   1.67974   4.62488     895   16
    10   0.08776   0.16586   5.21878     921   14
    11   1.99214   3.09000   6.07154     629   12
    12   5.26806   1.70566   3.14524    1046   16
    13   3.79604   1.52280   4.66782     613   11
    14   4.35478   3.03495   3.72940    1398   15
    15   0.53778   1.69321   0.02973    1691   14
    16   3.33971   3.01091   4.15453    1334   18
    17   3.79491   1.50917   3.03773     776   10
    18   5.39961   1.52427   4.60859     609   13
    19   5.40204   1.67988   6.09234    2383   21
    20   2.12751   1.52284   0.09561     613   13
    21   2.20172   1.55409   0.08712    1229   15
    22   0.59475   0.12125   1.52046    1447   16
    23   5.37320   1.72455   4.50366     893   16
    24   0.76571   0.15095   1.38401     590   12
    25   2.30558   1.54900   4.82544    1957   16
    26   5.98107   0.08429   2.56811    1781   16
    27   3.69359   1.52276   1.53840    2186   17
    28   3.83339   2.99838   0.13415     340   11
    29   3.40634   2.88861   2.72108     840   13
    30   0.77674   1.59693   0.15208     632   10
    31   5.89656   0.21180   2.48397    1294   15
    32   3.07747   2.93459   2.42112    2619   24
    33   0.77174   1.78967   4.82721     624   10
    34   2.19845   1.42916   4.90124    1591   15
    35   2.24173   1.59678   4.83715     996   13
    36   0.58126   1.67056   1.56589    1565   16
    37   2.40891   3.01279   3.27109     731   18
    38   3.79640   1.54445   1.58145     846   13
    39   0.90339   0.12736   2.84562     917   11
    40   0.66099   1.61254   3.21628    4092   29
    41   2.29572   1.45604   0.12751     658   13
    42   2.26552   1.51186   4.76584    1732   16
    43   3.70748   2.89214   1.46467    1163   15
    44   5.33071   1.70529   2.91449     900   13
    45   0.59274   1.66281   6.26342     688   10
    46   2.91925   2.95100   5.48467    1965   19
    47   3.78304   3.11047   3.16283    1608   17
    48   2.28689   1.56395   1.77597    2178   18
    49   0.69839   1.61356   4.84426    1468   17
    50   0.54115   1.66625   1.68931     784   17
    51   5.25911   1.60510   1.50237     741   14
    52   3.86321   1.49179   1.42251     929   12
    53   2.31172   1.58586   3.17809     791   12
    54   5.38613   1.58117   1.40242    1331   15
    55   3.91266   1.45490   6.24701    1241   14
    56   0.72530   1.64699   3.08762     842   11
    57   3.69437   1.30455   1.57067    2004   19
    58   0.63437   1.61447   0.13981     555   11
    59   1.25760   0.06563   4.12832     719   15
    60   3.78304   3.11047   3.16283     739    9
    61   0.63478   1.65602   4.75729     646   14
    62   2.30159   1.55604   0.06370    1382   15
    63   0.14069   0.24337   3.71021    2710   20
    64   0.77671   1.66474   1.75793    1038   13
    65   3.78304   3.11047   3.16283     311   11
    66   2.98659   2.96131   5.55224    2495   21
    67   3.88537   1.35399   1.43022    1130   14
    68   5.38928   1.68176   6.11937     649   13
    69   3.73372   3.00054   1.38261    1027   16
    70   0.55775   1.64394   3.10045     405   11
    71   5.38721   1.66622   4.60541    1477   17
    72   2.94946   2.91404   2.40141     536   11
    73   2.13937   1.52264   4.74038    1258   13
    74   2.17218   1.43906   1.65295     822   13
    75   5.38970   1.75632   4.65097     901   18
    76   2.58937   3.03260   3.40963     590   11
    77   0.18939   0.14210   2.07927     545   10
    78   5.05939   0.09485   3.45997     806   15
    79   0.59114   1.81426   3.14847    1048   16
    80   3.69982   1.38925   1.38152     534   13
    81   2.56392   2.91700   0.41286     788   11
    82   5.36617   0.14047   3.16088    1185   16
    83   2.65205   2.92140   1.87754    1172   13
    84   0.67354   1.70089   3.20026    1535   18
    85   3.84534   1.43402   3.17302    1734   17
    86   5.46985   1.72320   4.60581    2235   19
    87   3.90758   1.48973   6.23115    1424   16
    88   0.73409   1.63512   0.18851     263    9
    89   0.08481   0.14187   0.53980    1791   18
    90   0.39118   0.23558   0.38030     462   10
    91   5.33989   1.63130   3.05216     725   13
    92   4.35478   3.03495   3.72940     981   13
    93   3.35046   2.93759   2.68724    1577   18
    94   5.30101   1.60610   4.71832    1453   16
    95   0.31960   0.25559   1.96018     681   13
    96   0.58126   1.67056   1.56589    1001   17
    97   2.23396   1.50438   3.16753     763   14
    98   2.23510   1.58540   1.60894     506    8
    99   3.69228   1.53156   3.08673     582   13
   100   5.37320   1.72455   4.50366     536   10
   101   0.67722   1.69901   1.71223     569   12
   102   2.31122   1.55776   0.03285     658   11
   103   5.27398   1.68681   3.06338     820   13
   104   5.42179   1.66045   4.62381    1541   16
   105   2.27024   1.50226   1.75471    3299   25
   106   2.33375   1.53451   0.16867     890   14
   107   3.83188   1.53237   0.02660    1489   17
   108   5.36444   1.68957   3.17163    1402   16
   109   2.10511   1.35039   0.19302     475   12
   110   5.41087   1.58696   6.04087     758   12
   111   3.14655   3.05541   5.51581    2158   23
   112   4.99285   3.06611   5.82132     692   12
   113   0.77174   1.78967   4.82721     361   10
   114   0.66095   1.64331   3.31529     391   10
   115   2.16286   1.49864   4.72608     544   10
   116   3.90870   1.53840   1.63838     750   13
   117   3.65412   2.95130   3.07497     801   16
   118   4.11790   3.03791   0.36570     656   14
   119   2.55412   2.99183   5.10110     988   15
   120   0.54937   1.67751   1.53454     675   12
   121   0.52216   1.64208   3.16131     692   14
   122   2.08806   1.49173   1.71867     519    8
   123   2.66248   3.12685   3.52746     488   12
   124   0.73287   1.67012   0.01624    1519   14
   125   3.79152   1.56261   1.55515    1091   15
   126   0.78323   1.79424   0.02484     429    9
   127   0.88801   0.14132   1.35721     651   14
   128   0.61837   1.59445   3.21286     956   14
   129   2.18524   1.45626   3.17649     484   11
   130   0.73409   1.63512   0.18851     714   15
   131   0.73409   1.63512   0.18851     712   12
   132   5.31210   1.69397   6.15929    1035   12
   133   2.26214   1.52423   0.13708     633   11
   134   3.86446   1.46402   3.13364     748   15
   135   5.44304   0.04081   2.98198     826   12
   136   0.05106   0.17267   5.37306    1070   15
   137   0.65707   1.57266   1.71899    1801   17
   138   0.88801   0.14132   1.35721     773   14
   139   3.76842   1.39398   6.14488    1322   18
   140   2.26915   1.58463   3.26084     758   14
   141   0.64210   1.56233   0.05871    1141   14
   142   2.24978   1.56372   4.77792    1897   15
   143   0.67722   1.69901   1.71223    2777   23
   144   5.36196   1.68594   4.58592    1542   20
   145   5.26562   1.69108   3.05446     712   16
   146   3.69422   3.00504   4.48749     366    8
   147   3.72751   1.50075   6.23275     925   11
   148   6.11938   0.10745   5.45442    1898   15
   149   0.06758   0.26315   5.37324     416   11
   150   0.64981   1.61551   4.88930    3334   22
   151   5.40320   1.74703   4.61501     362   10
   152   2.11172   1.50434   0.07791     406   10
   153   0.55633   1.68835   1.67322     691   15
   154   3.89763   1.39092   1.39524     584   11
   155   5.33276   1.64628   6.08810     390    9
   156   0.88801   0.14132   1.35721    1215   16
   157   2.74681   2.96943   5.20959     810   13
   158   0.73409   1.63512   0.18851     956   11
   159   6.12672   0.26748   0.90671    2275   19
   160   5.31210   1.69397   6.15929     744   11
   161   0.73446   1.76377   1.71898     656   12
   162   3.81442   1.51229   3.00452     898   11
   163   5.39961   1.52427   4.60859    1744   19
   164   3.81841   1.47688   3.13676     893   15
   165   3.70347   1.48123   6.26479    1297   13
   166   2.98250   2.89536   0.74931    1464   17
   167   0.49463   0.14697   3.38907    1253   16
   168   0.45921   0.13116   0.21022     547   11
   169   2.32574   1.41877   3.31147     839   12
   170   0.39118   0.23558   0.38030     507    9
   171   3.82885   2.96037   0.06989     513    9
   172   3.92265   1.47510   4.58183    1089   17
   173   2.25895   1.60505   0.13730    1461   17
   174   0.59475   0.12125   1.52046     276   13
   175   3.74418   1.48515   1.44058    1750   22
   176   1.12813   0.02506   2.56478    1158   15
   177   5.29794   1.77535   4.61586    1695   14
   178   0.12877   0.20543   2.12964    1394   16
   179   2.80342   2.88999   0.57978    1239   14
   180   5.26908   1.72937   4.71755     689   11
   181   3.74913   2.88561   4.69881    1222   18
   182   2.26416   1.50260   4.81264     725   14
   183   5.25634   1.54026   3.08834    1388   17
   184   0.69322   1.68278   4.78745    2946   20
   185   5.37603   1.53540   4.68627    4885   26
   186   6.10166   0.20009   0.94323     961   17
   187   2.13152   1.39996   1.70552    2057   22
   188   0.63478   1.65602   4.75729     799   13
   189   3.70112   1.46260   2.95196     318    6
   190   3.24325   3.04494   2.59157    1877   20
   191   5.27467   1.70304   6.09828     834   12
   192   3.77632   1.47548   6.15432     786   10
   193   2.59408   3.00131   5.05074    1847   18
   194   0.58362   1.69460   3.32137     925   10
   195   3.84770   1.38528   6.20929    1204   17
   196   3.70508   2.96527   3.05381    1216   16
   197   0.69161   1.61411   3.12543    1087   17
   198   0.45290   0.25509   1.85557    1899   19
   199   5.34732   1.70867   6.21495     811   13
   200   2.20203   1.35899   0.19503    1495   15
   201   0.61320   1.58718   0.18308     398   11
   202   0.62549   1.60181   3.27717     353   10
   203   0.77164   1.68075   3.25747     690   10
   204   2.16399   3.04071   4.76444    1015   13
   205   5.29165   1.62015   6.12632    1492   17
   206   5.33300   1.68631   6.11016    2934   21
   207   5.39961   1.52427   4.60859     837   15
   208   0.49463   0.14697   3.38907     714   15
   209   0.68779   1.60653   4.76107    1251   12
   210   2.16798   1.54753   0.15568     901   13
   211   0.75636   1.59828   6.25315    1525   17
   212   0.66495   1.63039   1.66648    1575   16
   213   2.29572   1.45604   0.12751     537   13
   214   0.65809   1.71512   3.20427     570   14
   215   2.25970   1.44554   1.55511    1206   18
   216   5.47939   1.66546   4.72881    1939   19
   217   2.24484   1.48893   1.67099    1584   18
   218   3.91441   3.04884   0.11965     720   10
   219   0.61402   1.55092   1.68794    1299   16
   220   0.52911   1.64195   4.89163    1047   17
   221   0.27401   0.17870   5.05592     764   14
   222   3.19733   2.90474   0.90437     643   11
   223   0.18233   0.11961   3.72708    2283   22
   224   0.20299   0.22232   0.37349    1064   14
   225   0.67354   1.70089   3.20026    1182   13
   226   3.67806   1.55624   4.59949    1586   22
   227   3.38935   2.96392   2.72474     862   14
   228   2.14152   2.99946   3.06668     812   11
   229   3.77969   1.52340   4.75086    1897   17
   230   3.70199   1.42618   6.27680     960   13
   231   3.44010   2.90240   4.36572     412    8
   232   0.39118   0.23558   0.38030     911   14
   233   3.72178   1.42207   3.04446    1346   18