     1   0.00000   0.00000   0.00000       0    0
     2   4.14463   3.05229   4.83434    1608   12
     3   3.19781   2.97142   3.94166    3257   15
     4   0.83552   1.74563   4.88859     717    9
     5   5.60050   0.15882   4.77590    4122   22
     6   5.59586   1.60505   3.21767    1598   12
     7   5.57372   1.55979   6.11949     703    9
     8   2.52517   1.55797   4.83888    1545   13
     9   0.95509   1.76072   4.83687    5406   23
    10   4.04906   1.37983   4.63339    1045    9
    11   0.78332   1.70514   4.67222     631    8
    12   2.43927   1.39752   1.77870    3428   13
    13   2.81774   2.92597   3.49542    3371   17
    14   2.81774   2.92597   3.49542    3170   17
    15   2.32746   3.02713   4.61699    2945   18
    16   3.84822   3.03848   6.13950    4728   24
    17   3.95008   1.42621   4.61476    1805   11
    18   2.42936   1.54353   4.85028    2725   16
    19   2.43635   1.42323   3.14174     672    8
    20   2.51903   1.61430   1.72935    1359   12
    21   0.88126   1.67076   3.30221    2429   15
    22   0.07222   0.19218   5.48099    5153   22
    23   4.10062   1.37416   1.36937    1884   14
    24   3.97509   1.57636   4.59705    1267   11
    25   0.85808   1.64522   1.58899    3319   17
    26   4.04906   1.37983   4.63339    1724   15
    27   2.69834   2.97997   1.82650    1596   16
    28   1.11544   0.09136   4.52056    3816   19
    29   0.83059   1.57933   0.20330    1086    9
    30   0.18026   0.12737   5.46709    3778   20
    31   5.57467   1.67370   4.74610    4058   19
    32   3.98248   1.43533   3.06699    2493   16
    33   4.04183   1.49045   6.22445    2924   14
    34   2.38833   1.47143   3.20362    3327   17
    35   5.50977   1.72565   3.13960    1490   12
    36   0.83970   1.72939   4.78182    2469   15
    37   0.23096   0.18502   2.24710    1518   15
    38   2.36474   1.53926   3.13679    3330   17
    39   2.37213   1.39123   1.72360    3349   17
    40   2.81774   2.92597   3.49542    1187   11
    41   2.40447   1.39169   1.75107    1689   14
    42   4.05116   1.60384   3.00249    1283   11
    43   5.55672   1.62197   2.95496    2103   15
    44   2.42967   1.61732   4.85644     900    9
    45   0.06273   0.16601   5.52370    2255   15
    46   3.93929   1.50689   3.00397    3606   19
    47   0.87862   1.70548   3.27573    1327   11
    48   3.45077   2.90562   5.76750    1899   15
    49   5.54384   1.69582   1.47657    1783   13
    50   4.04906   1.37983   4.63339    3682   16
    51   0.83871   1.64829   3.32318    2453   16
    52   5.78613   0.16479   1.37854    1221   10
    53   5.52641   1.79830   3.02718    1351    9
    54   2.70013   3.03571   0.23935    1850   13
    55   5.53604   1.70071   0.00864    3919   18
    56   2.43635   1.42323   3.14174     434    8
    57   0.70778   0.12299   0.13735    1786   13
    58   2.94439   3.00316   2.10311    4622   18
    59   0.86866   0.16264   4.66857     823   10
    60   0.81520   1.55427   4.82426    4660   17
    61   2.43635   1.42323   3.14174    3000   17
    62   3.95990   1.37966   6.09396    3232   14
    63   2.43635   1.42323   3.14174    3449   16
    64   6.12972   0.07647   1.10396    1849   12
    65   2.43635   1.42323   3.14174     890   10
    66   0.84010   1.68290   0.00385    2038   14
    67   3.97012   1.52497   4.51534    3222   18
    68   0.83314   0.14266   3.13248    2360   13
    69   0.79710   1.68236   1.72484    3595   16
    70   4.01682   1.41249   4.61313    2351   15
    71   0.84617   1.81035   1.72300    1330   11
    72   5.63622   1.69124   4.61128    1677   14
    73   4.24192   3.04401   5.01524    2432   13
    74   6.13898   0.12542   0.97947    3233   19
    75   4.02349   1.49513   1.48734     884   10
    76   2.58201   2.97834   0.22208     640    8
    77   0.80800   1.68720   1.61664    1683   14
    78   4.08197   1.51683   1.44145    2813   17
    79   2.81774   2.92597   3.49542     950   10
    80   3.12431   2.97023   2.21801    5534   24
    81   2.42976   1.59567   0.08719    3645   20
    82   0.10071   0.18951   2.33423     645   10
    83   3.39454   3.00118   4.16878    1550   12
    84   3.13930   2.99557   2.35331    3878   20
    85   3.85304   2.95673   3.02884    1640   12
    86   2.46020   1.48239   1.74432    1355   13
    87   2.44158   1.53380   1.68878    1132   14
    88   4.01392   1.42109   6.08189    4267   16
    89   3.98358   1.45588   2.97420    2484   15
    90   4.10062   1.37416   1.36937     472    9
    91   2.81774   2.92597   3.49542    2317   15
    92   4.08010   1.46835   2.98172    3709   20
    93   2.36597   1.34096   1.60624    2225   15
    94   0.80967   1.63154   0.09819    1383   11
    95   2.39883   1.49509   4.88089    1978   14
    96   5.78941   0.25520   1.34584    1416   12
    97   4.10062   1.37416   1.36937    1998   14
    98   3.96781   1.55582   4.66267    2954   17
    99   3.63757   2.93753   1.26192     638    9
   100   0.44106   0.16892   0.40756    2977   17
   101   5.57193   1.60777   3.15171    3848   21
   102   2.42601   1.44219   4.77886    4884   19
   103   5.62118   1.66500   1.47668    1833   13
   104   3.36904   2.85016   4.11467     967   12
   105   0.95533   1.62742   3.18971     936   10
   106   2.37136   1.59313   0.05946    1282   11
   107   0.39690   0.05374   0.40915    1529   13
   108   5.23482   0.09173   3.46595    2818   17
   109   5.56330   1.77522   1.39553    2192   16
   110   0.82488   1.63205   0.12626    3693   14
   111   0.86620   1.53632   0.13350     883   10
   112   4.09342   1.42867   4.55764    2573   15
   113   6.03251   0.22275   4.27730    4203   22