     1   0.00000   0.00000   0.00000       0    0
     2   5.76481   1.67859   0.00768     508   10
     3   5.66393   1.58502   6.25350    5186   25
     4   2.20462   0.07399   3.62935    1398   17
     5   4.15224   1.51915   4.66502    3202   21
     6   4.63187   3.11838   2.12802    2217   11
     7   4.02079   1.62118   3.04110     604   10
     8   4.14973   0.07805   6.24900     558   11
     9   4.14045   1.56223   1.62113     731   11
    10   4.18915   1.64736   1.54571    2526   14
    11   5.74846   1.51362   4.78593    2792   18
    12   2.05569   0.11640   0.41765    1839   16
    13   2.52584   1.46887   3.08506    1048   12
    14   5.69614   1.51067   4.65603    1012   13
    15   2.63399   1.41531   4.77717    2965   15
    16   1.05513   1.71263   1.60369    1948   16
    17   4.19539   1.45223   0.01325    1184   14
    18   1.12805   1.73221   4.70339     337    7
    19   4.08775   1.52688   3.11629    2843   19
    20   4.17925   1.46314   1.53883     613    9
    21   0.96902   1.71598   1.48932     567   11
    22   2.70406   1.55064   3.15324    5064   24
    23   4.24475   1.54268   1.51153    2749   18
    24   4.23988   1.43149   6.21836    4365   21
    25   4.06360   1.55606   6.25440    1336   14
    26   0.11113   0.11807   2.47361    3592   24
    27   4.17925   1.46314   1.53883     382    9
    28   4.14045   1.56223   1.62113     524   10
    29   5.75018   1.57079   1.45935    1499   14
    30   0.96336   1.63142   3.17780    1223   14
    31   0.89411   1.73740   0.10651     672   12
    32   4.14045   1.56223   1.62113    1099   15
    33   2.94787   3.01442   5.03215    1026   13
    34   4.24475   1.54268   1.51153     676    8
    35   2.96556   3.01014   5.00212    5045   23
    36   2.62281   1.47925   3.29922    2317   17
    37   1.03428   1.64747   4.70730     382    8
    38   6.13485   0.07824   5.83998     632   13
    39   5.83588   1.64295   1.43747     621   12
    40   1.04868   3.06613   3.20912     398    6
    41   2.10528   3.06404   4.15377    1364   17
    42   0.90683   1.56656   3.11211    2497   20
    43   1.54225   0.13717   5.68760     938   11
    44   2.63187   1.53917   1.65695    2177   16
    45   5.60094   1.69945   1.46490     860   14
    46   5.68784   1.61768   6.23024    1888   19
    47   0.56568   0.18106   3.62297    4203   20
    48   1.04432   1.61834   4.64464    1018   13
    49   4.13549   1.45402   1.53498    3540   24
    50   1.05513   1.71263   1.60369    1403   13
    51   5.60874   1.61810   4.64113     374    9
    52   5.71000   1.65838   6.18911    2530   15
    53   0.98201   1.64673   1.63351    1653   16
    54   1.01146   1.75725   1.61319     471   11
    55   5.71928   1.46376   3.00117    1753   13
    56   1.04917   1.70357   6.19076    3658   17
    57   5.36926   0.10964   0.41013     501   10
    58   3.01376   2.97493   1.91522     586   10
    59   0.97885   1.70555   4.82231    3786   20
    60   4.14045   1.56223   1.62113     701   13
    61   3.63954   2.98463   1.05206    2203   18
    62   5.65530   1.57836   6.21889    1480   14
    63   0.97885   1.70555   4.82231     557    9
    64   1.00345   1.57629   1.57127     645    9
    65   4.12119   1.45868   0.01888    1154   13
    66   4.46652   0.05045   4.32147    1935   15
    67   5.58938   1.58641   3.16329    1259   13
    68   4.11149   1.59231   3.04613     695   11
    69   5.83090   1.58464   6.23720    1214   15
    70   5.76187   1.62223   2.99930    1566   16
    71   3.15126   0.08214   4.16752    4454   27
    72   4.05888   1.53583   3.13029     657    9
    73   0.92766   1.68129   0.02059     332   11
    74   4.13353   1.53680   3.21151    1494   16
    75   0.99258   1.62772   0.11658     937   11
    76   0.96547   1.48987   1.54869     465   11
    77   2.59991   1.40245   3.17459     670   11
    78   3.07725   3.06390   0.40717     381    9
    79   5.31443   3.03108   5.81090    1515   17
    80   5.31443   3.03108   5.81090     414    9
    81   6.13485   0.07824   5.83998     437   10
    82   1.02284   1.64318   3.29327     645   10
    83   5.71576   1.48988   6.13492    1712   15
    84   3.22139   2.97524   0.63865     485   10
    85   5.81890   1.59565   4.54399     847   12
    86   3.54246   2.93425   5.55594     378    7
    87   0.98843   1.61359   4.66095     864    8
    88   5.68784   1.61768   6.23024    1012   12
    89   2.60707   1.62729   0.04931    2271   19
    90   3.85225   3.04945   4.50695    3412   16
    91   1.88232   3.07190   5.51033    5159   22
    92   0.62554   0.16463   0.44874    1121   11
    93   5.75388   1.65558   3.17713     362    8
    94   2.50485   1.55184   4.68765    2171   16
    95   4.63187   3.11838   2.12802    2259   15
    96   0.87537   1.59754   1.54769     287    7
    97   4.14045   1.56223   1.62113     400    9
    98   4.25987   1.53928   1.59709    2879   23
    99   1.01146   1.75725   1.61319     362    9
   100   1.00547   1.66430   4.78304    4752   22
   101   1.05077   1.57070   3.12296     468    7
   102   5.19034   3.03375   5.80385    2889   21
   103   2.65916   0.03444   1.61421    2824   18
   104   5.74163   1.59622   4.66749    3066   19
   105   4.02685   1.57080   4.71239    3215   17
   106   5.57837   3.05648   3.08999    1994   18
   107   5.64572   1.49885   3.11861     379    8
   108   0.93180   1.63284   4.81194    1952   17
   109   5.57837   3.05648   3.08999     377    9
   110   4.12602   1.61835   1.64240     576    7
   111   2.16543   0.07846   3.51843    3160   20
   112   2.05865   3.04458   5.73483    1885   17
   113   5.64572   1.49885   3.11861     728   11
   114   5.60320   1.65960   1.46533    1693   16
   115   4.53834   0.05907   4.35517    1272   12
   116   4.53834   0.05907   4.35517    1158   13
   117   4.53834   0.05907   4.35517     676   10
   118   6.01244   0.16408   5.94486     489    8
   119   1.00533   1.68695   3.04606     554   10
   120   3.51608   2.99949   2.54418    1078   15
   121   1.05310   1.70378   0.13786    1432   16
   122   2.51277   0.07708   1.58690     635   10
   123   4.16814   1.47634   3.19414     622   10
   124   1.71450   3.08708   5.48430     880   11
   125   6.13485   0.07824   5.83998     420   11
   126   1.08553   1.61603   4.69747     473    8
   127   2.62763   1.62874   1.57204    3649   22
   128   5.76672   1.55294   6.19768     636   11
   129   4.15139   1.52711   3.08391    1712   14
   130   4.14045   1.56223   1.62113     615   13
   131   5.64572   1.49885   3.11861     916   13
   132   2.61978   1.59282   6.24741     258    9
   133   1.02802   1.59207   0.08376    1456   15
   134   4.16652   1.47834   1.51713     982   12
   135   4.11311   1.54821   3.23715    2821   19
   136   5.75992   1.59369   1.42275    4063   25
   137   1.46348   3.06069   1.96475     530   12
   138   4.02613   1.59635   6.25465    1180   12
   139   3.15126   0.08214   4.16752    1035   14
   140   5.82094   1.66639   2.98363    1482   15
   141   4.22388   3.00591   4.67959    2779   19
   142   2.52681   1.52498   3.18721     424    8
   143   2.02762   3.07169   2.67184    1647   19
   144   1.90007   0.14198   0.72230    2130   14
   145   5.62258   1.57868   0.01781     856   13
   146   2.83913   3.07740   0.16367     792   10
   147   4.14045   1.56223   1.62113     777   10
   148   4.06585   1.54423   1.51687     958   14
   149   4.84555   2.98279   2.28014     625   10
   150   4.02805   1.56233   0.04319     787   10
   151   0.60269   3.02934   4.20939     314    7
   152   2.79027   3.00633   4.95237    1131   15
   153   2.57502   1.54987   0.14515    4426   23
   154   1.12805   1.73221   4.70339    1070   12
   155   1.83014   0.10402   0.74576    1678   16
   156   2.73710   0.06981   6.25386     827   12
   157   4.31178   3.03345   3.23388     844   12
   158   2.59352   1.56056   4.79855     922   11
   159   1.09156   1.61776   4.68464    3008   17
   160   4.53834   0.05907   4.35517     720   14
   161   2.86333   3.01998   1.86652     426    8
   162   5.69851   1.67752   3.01866     560   10
   163   5.62740   0.05753   1.64840    2394   18
   164   5.64572   1.49885   3.11861    1646   16
   165   2.83847   2.99163   3.51004     879   14
   166   5.72641   1.63369   4.62753     198    7
   167   3.96751   2.95608   4.43702    1118   13
   168   3.22139   2.97524   0.63865     673   11
   169   4.16454   1.59093   2.99241    1740   14
   170   2.49826   1.41392   1.61202    2426   21
   171   3.22294   3.09060   5.33718    2455   18
   172   2.52681   1.52498   3.18721    5261   24