     1   0.00000   0.00000   0.00000       0    0
     2   3.94875   1.42226   1.46730    1386   15
     3   5.07240   0.20117   3.64321     847   14
     4   2.19893   1.03100   2.35394    1363   14
     5   3.52081   2.58478   0.32410    1021   12
     6   0.64665   1.61310   1.34941    1916   18
     7   3.22516   1.14736   0.91512    1273   17
     8   3.13951   1.23059   5.44962    1000   14
     9   3.09256   0.75638   1.72708    1183   11
    10   5.37331   2.02043   0.15512    1355   17
    11   4.16713   1.56312   0.21985     723   12
    12   1.23440   1.01252   6.17489    1067   16
    13   6.10719   2.12281   4.12589    1597   12
    14   3.41826   2.66176   5.47839    1431   16
    15   4.30556   2.23863   2.30287    1346   15
    16   4.79042   0.62396   2.96019    1859   16
    17   2.55337   0.79787   3.77208    1028   12
    18   4.67518   1.38940   4.73865    1245   17
    19   4.78506   2.46183   3.72210    1295   14
    20   1.80105   1.85799   0.04626    1467   17
    21   2.02228   1.80813   1.87828    1656   19
    22   4.58884   2.12329   6.04293     929   13
    23   3.44080   2.26867   5.52721    1676   19
    24   3.53124   2.16705   4.12781    1416   17
    25   5.01161   2.39651   0.46717    1025   15
    26   1.53821   0.56815   5.68964    1509   16
    27   2.98441   1.17150   2.06189    1279   13
    28   2.43820   2.02271   1.49102     895   14
    29   1.72816   0.66064   0.76086    1022   13
    30   0.39216   1.85939   5.26098    1038   13
    31   4.14502   1.68076   5.78026    1227   13
    32   5.50194   1.45263   0.97230    1420   13
    33   4.07137   0.94833   5.92479    1033   14
    34   3.33541   2.02591   4.86997    1686   18
    35   5.84242   1.71131   5.01740    1330   15
    36   5.07256   2.08925   2.09382    1845   16
    37   2.01633   1.34676   3.80878     921   13
    38   3.06206   1.41520   3.73853    1494   18
    39   5.41127   1.76762   5.65281    1324   12
    40   2.80311   0.70692   5.12100    1075   14
    41   3.82768   0.87118   2.51297     692   11
    42   4.81279   1.48868   0.55371    1499   16
    43   2.26069   2.45391   2.77809    1704   15
    44   5.71958   1.99634   2.84776     927   12
    45   3.19242   1.92240   2.00833    1138   15
    46   5.91456   1.55516   5.10314    1940   19
    47   5.20666   1.62742   2.82682    1855   17
    48   0.51094   2.20538   2.87482    1156   14
    49   1.80826   1.61883   2.02331    1779   17
    50   0.64385   2.77627   4.84151    1416   17
    51   0.35289   1.99790   2.87082     895   13
    52   0.76708   0.49567   4.31376     853   13
    53   0.01612   0.30442   2.77979    1739   17
    54   2.57036   2.43572   1.79995     980   11
    55   4.11083   2.37027   3.26753    1281   13
    56   4.63011   1.02646   1.81323    1074   14
    57   3.40247   0.40597   2.82248     933   13
    58   0.78382   1.22747   1.47987    1699   16
    59   1.66194   0.73063   4.86964    1519   14
    60   1.88106   1.09873   0.48228     758   10
    61   2.55278   1.36979   2.82918    1373   16
    62   0.24019   2.53530   1.52868    2275   18
    63   1.76239   1.84636   4.24597     875   13
    64   1.39387   2.57046   4.74604    1976   20
    65   2.23946   1.98513   2.62653     907   10
    66   3.41054   2.73469   5.64841    1363   14
    67   1.47149   1.03861   5.61668     878   13
    68   1.94419   0.38207   1.41082    1234   16
    69   5.07240   0.20117   3.64321    2637   23
    70   3.64434   0.92965   3.42248    1453   18
    71   0.95958   1.11401   0.65510    1532   17
    72   1.37976   2.88526   1.02595    1479   16
    73   4.90274   1.05088   4.78204    1227   13
    74   5.11814   0.42022   4.75492    1243   16
    75   3.49940   1.77263   0.03291    1036   13
    76   5.65350   1.32826   3.99830    1813   16
    77   3.51330   1.53479   6.18728    1440   15
    78   4.00381   1.70554   0.10720    1802   19
    79   2.28317   2.92925   0.78094    2487   19
    80   0.62727   2.34384   1.44268    1927   18
    81   4.13901   1.99071   0.03538    1240   15
    82   0.98961   2.17740   5.18695    1501   13
    83   4.42665   2.69685   4.23005    1256   16
    84   0.81102   1.25581   2.49769    1010   13
    85   0.41968   1.78037   0.01526    1544   13
    86   0.99951   0.66166   2.29992    2296   16
    87   0.23228   0.47950   2.31133    1201   16
    88   3.98310   0.80980   1.75413    1411   16
    89   1.54433   0.27060   3.13935    1326   14
    90   3.09671   1.38572   4.13205    1519   15
    91   5.72444   0.98853   4.09345    1834   16
    92   5.54989   1.85708   0.67466    1803   17
    93   1.54708   1.89143   4.86513    1539   16
    94   3.45713   2.04471   3.79361     953   13
    95   2.94500   0.48587   2.94269     632   13
    96   4.46535   0.78111   3.81182    1283   15
    97   2.34091   2.59922   0.50218    1470   16
    98   1.04159   0.41749   1.84419    2168   19
    99   2.60255   0.69601   5.69814    1377   14
   100   3.54057   2.13702   1.14838     984   10
   101   3.45082   1.17514   2.01937     916   13
   102   0.28070   1.12442   3.30028     867   13
   103   5.27255   2.09380   0.44654    1855   19
   104   3.55683   0.44075   1.30396    1799   16
   105   0.97706   2.59115   0.21388    1497   15
   106   3.18469   1.39834   0.40210    2706   20
   107   0.07235   0.87257   1.68655    1187   14
   108   1.55176   1.10973   3.00708    1826   15
   109   0.18741   2.37354   0.59838    2156   18
   110   3.90102   1.42027   3.87834    1750   16
   111   5.03828   0.85460   0.85435    1011   13
   112   3.60453   2.54816   5.40835    1032   14
   113   3.26134   1.31418   1.97510    1821   18
   114   2.64672   1.16438   3.92978    1075   15
   115   1.08487   2.08522   4.52361    1581   16
   116   1.36832   2.14635   4.03764    1311   10
   117   3.76009   0.49530   1.17276     714   11
   118   0.84883   1.88916   3.82073    1127   14
   119   5.62102   1.26446   4.57167     957   14
   120   0.14989   2.60005   0.09507    1010   14
   121   0.47106   2.27123   0.87793    1341   16
   122   5.49208   1.63500   2.40757     482   11
   123   4.34361   1.36841   2.57629    1025   13
   124   5.30587   2.41576   1.44005    1533   19
   125   3.10143   0.55601   3.64221    2233   18
   126   0.92202   1.62569   1.74809    1190   13
   127   2.42295   1.57367   3.97079    1462   18
   128   0.83272   0.89645   5.05781    1386   18
   129   0.14537   2.34255   0.50684     863   12
   130   4.69605   0.63895   4.96448    1334   13
   131   3.58846   1.39791   0.74860     957   16
   132   4.23560   2.06397   5.63770    1329   16
   133   3.05534   0.50679   0.21342    1506   18
   134   3.92473   3.02260   6.10985    1537   17
   135   1.32522   2.28510   0.62912    2839   25
   136   1.65925   0.59632   2.57711    2150   19
   137   5.22763   0.86342   5.34702    1267   15
   138   3.30460   2.18581   3.81206    1110   12
   139   1.81792   1.12116   1.83624     983   15
   140   1.44011   0.22529   1.47806    1636   17
   141   2.38559   2.15272   1.48705    1206   16
   142   5.18591   1.68637   1.96372    1032   13
   143   0.56862   0.90395   2.04965    1754   17
   144   0.39776   2.28214   5.92150    1012   14
   145   0.09806   1.08330   5.90921    1255   15
   146   5.08282   1.46678   6.07587    1181   17
   147   1.82162   0.57039   5.76068     947   14
   148   4.98383   1.57528   2.79670     965   14
   149   0.65533   1.81390   3.15662     886   15
   150   2.32944   1.35820   4.90639    1992   17
   151   4.81588   1.79817   5.11416     810   13
   152   3.25027   1.64112   2.83535    1418   16
   153   1.54921   1.84534   2.42193    1087   14
   154   1.60430   2.19214   0.82967    1030   12
   155   4.01841   2.00665   5.94571    1014   14
   156   5.51232   0.51895   2.38845    1259   16
   157   1.04533   1.89868   0.35584    1619   18
   158   0.20228   2.16809   5.12438    1066   12
   159   2.75615   1.42603   5.13887     872   13
   160   3.17914   1.40269   1.60486    1895   20
   161   3.57009   2.48837   2.91180     883   12
   162   4.23652   0.59237   2.40290     703   12
   163   1.52167   1.62928   3.79615    1000   10
   164   2.64678   1.90184   2.48272     952   12
   165   3.53815   1.52536   0.79699     934   12
   166   4.78506   2.46183   3.72210    1255   16
   167   4.01517   1.18362   3.79574    1971   14
   168   5.46325   1.90560   4.45764    1414   16
   169   5.15404   1.43563   3.76629     834   13
   170   4.54650   1.45456   0.16946    1773   17
   171   6.25598   1.95988   3.53767     646   10
   172   6.03675   2.29781   1.09094     964   14
   173   3.51879   0.59817   2.03838    1334   15
   174   2.48595   3.03063   1.00563    1108   15
   175   0.49933   1.96835   0.38985    1369   14
   176   5.19947   1.71601   1.60439    1149   14
   177   5.08613   0.59845   4.79611    1022   15
   178   4.94937   1.69371   4.86522    1520   18
   179   5.42408   0.41171   2.80857    1090   14
   180   1.43118   2.46326   4.19767    1204   15
   181   0.02638   2.58546   3.59424    1420   13
   182   1.62672   1.06945   5.25600    1428   17
   183   4.03550   2.70721   4.66648     820   11
   184   5.55463   1.26915   6.15755    1895   15
   185   2.08841   2.00038   5.88656     672   13
   186   5.81044   1.65547   4.33569    1026   13
   187   0.90128   1.58618   2.01822    1128   14
   188   5.52061   2.89675   2.82297    1555   16
   189   5.95925   2.51183   3.44409     975   14
   190   2.22818   1.01339   2.80325    1196   14
   191   3.50479   1.25273   1.85496    1328   17
   192   3.29285   2.48976   5.52753    1827   15
   193   2.21068   1.14614   4.56776    2074   19
   194   3.03080   1.50713   5.81653    1008   12
   195   3.92285   1.16564   2.77593    1092   13
   196   1.86360   2.06441   5.45590     805   13
   197   2.83768   1.80156   0.64736    1279   10
   198   2.95279   1.10218   0.14289    1487   13