     1   0.00000   0.00000   0.00000       0    0
     2   2.69364   1.29972   5.43796     858   14
     3   4.06713   2.43462   4.55692     458    9
     4   0.97226   0.76396   0.06903     363    9
     5   1.23593   2.25757   3.31600    2211   24
     6   2.53054   1.34433   0.71514    1056   13
     7   4.44129   0.89145   2.91994    1265   14
     8   5.77530   1.64472   0.85138     471   11
     9   2.61536   1.53548   5.31327     622   12
    10   4.28067   0.77863   1.53967     736   14
    11   4.49455   0.90005   1.29453    2344   21
    12   1.15591   2.30626   1.74972     541   11
    13   0.96153   0.73348   1.88025     640   11
    14   0.96083   0.81800   1.72520    1676   18
    15   5.89414   1.85187   5.58802    1726   20
    16   5.84481   1.62013   5.55238    1756   17
    17   4.34335   0.82645   2.97346    1439   16
    18   2.60920   1.43770   5.33352    2017   15
    19   5.84094   1.78307   5.63850     499   13
    20   4.01440   2.34546   4.34614     809   14
    21   5.90042   1.76591   2.40367     973   12
    22   0.87584   0.79312   3.44454     673   13
    23   1.02666   0.73534   3.29542    1867   18
    24   5.72866   1.63968   2.33271     646   13
    25   2.67132   1.54605   2.35443    1263   18
    26   2.78659   1.50221   0.70447    1486   17
    27   1.09799   2.27532   3.22845    1396   14
    28   5.73686   1.79476   5.53778     388   11
    29   4.14292   2.34002   1.39692    1614   18
    30   4.10300   2.54713   1.24587     763   16
    31   2.64162   1.39355   2.35759     754   13
    32   3.87524   2.47333   4.25469    1418   16
    33   1.14475   2.37703   1.83123     565   12
    34   3.95407   2.35406   5.97381     959   13
    35   4.26241   0.97428   3.00035     645   12
    36   2.59949   1.48520   5.35453    1490   16
    37   4.34304   0.98720   6.03788    1071   16
    38   3.87139   2.47818   4.31097     630   11
    39   5.76524   1.64937   0.91092     720   11
    40   1.08024   2.31393   0.14585    1234   18
    41   2.75464   1.26748   0.63979     569   11
    42   1.28134   2.38091   0.32597     461   10
    43   4.44024   0.93112   4.42947     454    9
    44   0.99108   0.72635   3.27536    2253   21
    45   5.88179   1.66452   0.92263     916   17
    46   5.78627   1.78707   0.83816    1269   14
    47   4.18330   2.49418   3.05493     290   10
    48   5.70962   1.71988   0.76264    2368   22
    49   5.74368   1.74586   0.72352    1637   15
    50   4.22841   0.86672   3.03184    1525   20
    51   0.76044   0.74179   1.92703    1280   15
    52   1.05587   0.68140   4.83946    1947   20
    53   1.24312   2.34303   5.02841     973   15
    54   2.70914   1.40156   5.43998     353    8
    55   2.65014   1.32898   2.29129    1435   19
    56   4.06976   2.33797   6.16874     913   14
    57   4.41043   0.78929   6.17419    1607   17
    58   4.47238   0.91811   4.59067    1337   16
    59   1.22410   2.29966   0.26724    1081   15
    60   5.81807   1.64315   0.87864     549   12
    61   0.80173   0.71201   1.89116    1042   15
    62   5.85930   1.67568   5.68152     924   12
    63   2.58319   1.38886   3.91961     381    9
    64   5.80852   1.83325   2.42073     359    6
    65   1.19577   2.25313   3.36375     357   11
    66   4.54060   0.89585   2.84957    1452   18
    67   4.18458   2.47713   2.97983    1409   16
    68   1.24180   2.14327   4.87769    1374   16
    69   3.97868   2.41573   4.37191     833   12
    70   5.83764   1.68634   2.37722     814   14
    71   0.74884   0.69293   5.20473     616   11
    72   0.99399   0.68286   1.68358    1484   18
    73   2.61536   1.53548   5.31327    1763   23
    74   2.61452   1.45261   2.32623     315    9
    75   2.70018   1.29239   5.37240    1260   16
    76   4.07950   2.42121   2.90567    2347   20
    77   4.43911   0.89612   2.88707    1244   15
    78   1.05587   0.68140   4.83946     395   11
    79   2.67837   1.50237   0.70202    1557   17
    80   0.79813   0.65396   3.49275     517   12
    81   2.67127   1.43231   2.38702    1160   15
    82   1.16373   0.77310   3.19174    1279   18
    83   0.91460   0.78759   3.42409     695   16
    84   4.47363   1.01023   6.06685     862   14
    85   4.03948   2.36626   6.07442     476   12
    86   4.28564   0.97394   2.97436     699   12
    87   2.61318   1.50382   2.37074     295    8
    88   4.39031   0.76314   1.35454    3177   26
    89   2.61318   1.50382   2.37074     976   15
    90   1.20347   2.16446   1.76077     481   11
    91   2.62799   1.51195   3.71291    1167   15
    92   0.72556   0.70328   5.02676    1313   20
    93   1.04664   0.61853   4.91746     450   11
    94   2.75705   1.39669   3.74392    1365   17
    95   5.83890   1.73044   5.60253    1366   16
    96   4.40077   0.76540   6.05930     415   10
    97   5.92889   1.66041   4.09776     667   11
    98   2.72237   1.53830   0.71940    1029   13
    99   4.29738   0.97204   1.49301    1427   17
   100   1.02924   0.83296   4.93584     780   13
   101   1.05587   0.68140   4.83946     616   12
   102   2.75929   1.42415   5.49863     894   12
   103   1.02868   0.68200   3.32064     851   14
   104   5.86500   1.72239   0.79161    1235   17
   105   0.85376   0.75835   3.32400    1203   13
   106   5.74058   1.76951   3.89857     839   16
   107   1.21297   2.25287   0.14713    1163   17
   108   4.18922   2.46591   4.67460    2410   21
   109   5.81064   1.65873   5.49735     910   15
   110   2.65347   1.43518   3.92800    1249   12
   111   1.20663   2.29543   0.15007     610   12
   112   0.80461   0.60174   4.98428    1306   16
   113   1.06516   2.33129   3.21103    1658   21
   114   4.43649   1.02765   1.45390     501   11
   115   3.85862   2.43396   2.80162     727   15
   116   4.52573   0.96484   2.84966    1821   17
   117   1.24645   2.15483   4.98204    2205   20
   118   5.87156   1.65163   4.01989     558   12
   119   2.68988   1.53721   5.35647    1569   15
   120   1.31881   2.29549   0.27003     727   11
   121   4.26241   0.97428   3.00035     548   10
   122   5.83890   1.73044   5.60253     228    5
   123   4.02666   2.33271   4.39483     422    9
   124   5.73448   1.70863   3.92035     339   10
   125   4.41748   0.89788   4.36011    1598   17
   126   4.52079   0.77431   1.29347     440   11
   127   4.41404   0.99210   6.17733    2091   18
   128   5.73585   1.67626   2.45328    1550   16
   129   1.07948   0.70804   3.22375    1204   12
   130   1.40881   2.33230   3.43323    1931   14
   131   5.92889   1.66041   4.09776     703   11
   132   2.65351   1.37833   0.65721    4064   28
   133   1.21903   2.16452   0.27241    1091   18
   134   4.14837   2.32590   1.32154     924   14
   135   4.36724   0.74397   4.47833    1453   19
   136   2.61452   1.45261   2.32623     306    9
   137   4.08194   2.55765   4.48669    1938   21
   138   4.10771   2.51487   2.95488    1671   18
   139   5.86529   1.69838   3.93335    1376   11
   140   5.73448   1.70863   3.92035    1222   13
   141   2.59841   1.37167   0.79570     655   12
   142   2.60699   1.52318   0.69639    1424   16
   143   1.09799   2.27532   3.22845     290    8
   144   1.19280   2.30841   1.62092     730   10
   145   2.65127   1.43387   5.45311     671   12
   146   1.14605   2.17809   3.38789    3428   27
   147   2.61318   1.50382   2.37074    1233   16
   148   2.68443   1.45199   2.32752    3086   25
   149   4.10041   2.39540   2.86487    1594   17
   150   4.45056   0.93824   2.81799    1713   18
   151   1.05587   0.68140   4.83946     807   14
   152   1.18773   2.14306   3.34875    1325   15
   153   4.26241   0.97428   3.00035     604   11
   154   5.93640   1.68774   5.58708    2547   23
   155   0.00000   0.00000   0.00000     560   12
   156   5.83421   1.71785   5.69196     571   11
   157   2.70914   1.40156   5.43998    1224   17
   158   5.93496   1.65014   4.14356     864   12
   159   2.74030   1.32071   0.80304    1083   15
   160   2.67710   1.42192   5.29499    1265   18
   161   5.77342   1.81666   3.92488    1475   21
   162   5.88779   1.74762   5.61957    2687   19
   163   2.73545   1.41703   3.75126    1411   16
   164   2.77636   1.34529   3.89009     603   13
   165   5.83890   1.73044   5.60253    1294   12
   166   1.13826   2.30096   1.72376     430   11
   167   5.89916   1.63797   5.57117     670   11
   168   4.14292   2.34002   1.39692     417   10
   169   2.66960   1.32788   5.42560    2077   17
   170   5.83049   1.76087   2.44295    1013   12
   171   5.73006   1.79098   2.29819     671   12
   172   4.33927   0.97985   4.49430    1866   16
   173   2.59287   1.46459   0.77230    2672   18
   174   4.52079   0.77431   1.29347    2227   18
   175   2.68988   1.53721   5.35647     869   15
   176   2.70894   1.47398   0.76589    1574   15
   177   4.04492   2.29065   1.37856     547   13
   178   4.05454   2.41451   2.90258    1362   15
   179   4.41473   0.79760   6.06051     812   14
   180   4.22491   2.44097   4.55610    1237   16
   181   5.81295   1.84071   2.35384     635   13
   182   2.65577   1.32033   3.86216     862   16
   183   5.86474   1.68875   0.80271    1016   12
   184   4.02079   2.30917   4.37068    1721   17
   185   4.36275   1.00392   4.54380     586   11
   186   0.77508   0.82555   5.00983     841   15
   187   5.73448   1.70863   3.92035    1198   17
   188   1.02830   0.81619   0.11396     755   15
   189   4.36095   0.95442   2.92473     707   12
   190   2.63045   1.36411   0.76291    1081   15
   191   2.67441   1.27779   3.77591     976   13
   192   4.05301   2.36180   1.20518    2449   20
   193   3.88115   2.38898   5.95767    1590   17
   194   4.17491   2.43834   1.34413     578    9
   195   2.63728   1.44108   3.96744     615   12
   196   5.83771   1.76578   3.87678    1052   15
   197   5.73057   1.65637   3.91358    1299   15
   198   5.88078   1.73952   2.45614    1299   17
   199   4.30458   0.74100   6.12799    1142   14
   200   0.94626   0.73901   3.48156     844   12
   201   1.15790   0.79686   3.17168     718   12
   202   4.19745   0.82871   6.19916     731   12
   203   5.83771   1.76578   3.87678    1257   19
   204   4.18159   0.93449   6.27665    1209   17
   205   2.67304   1.52297   0.71347    1841   18
   206   4.26241   0.97428   3.00035    1758   18
   207   4.37955   0.96651   6.11029     606   10
   208   5.80090   1.72575   4.02926    1011   14
   209   0.87921   0.67292   1.77664    1202   12
   210   4.43188   0.87220   1.22690     633   13
   211   4.26241   0.97428   3.00035     788   14
   212   4.43649   1.02765   1.45390     653   12
   213   4.38126   0.85379   2.81253     801   14
   214   0.85822   0.69714   3.41315    2004   17
   215   3.89290   2.35051   1.30245    1805   20
   216   1.00450   0.56188   0.19875    4605   25
   217   2.51195   1.40147   0.81007    1299   15
   218   5.84370   1.84369   0.88608     826   14
   219   5.72035   1.67141   2.39407     892   14
   220   2.67547   1.44565   0.66706     631   14
   221   5.86529   1.69838   3.93335     762   11
   222   4.26262   0.96292   2.96716     742    9
   223   5.78012   1.59836   4.02546    1122   18
   224   1.02868   0.68200   3.32064     398    8
   225   4.44645   0.86303   6.10243    1649   16
   226   1.17024   2.20262   0.21346     573   12
   227   1.14764   2.40577   0.17005     670   13
   228   2.67304   1.52297   0.71347     493   12
   229   4.27233   0.96290   2.93307     842   12
   230   4.08857   2.32200   4.44612     718   13
   231   1.21784   2.16719   1.81975     753   15
   232   1.18909   2.19561   3.36699     580   11
   233   5.70126   1.74591   5.56620     806   14