     1   0.00000   0.00000   0.00000       0    0
     2   6.16824   0.78616   4.96468     997   12
     3   3.11095   2.50454   6.02630    1402   15
     4   3.24390   2.36091   6.21048    1065   15
     5   3.38334   2.43084   1.51628    2174   20
     6   1.76563   1.41321   5.44009    1094   13
     7   4.99219   1.68544   2.46378    1795   17
     8   4.97404   1.81521   3.95888     547   10
     9   4.77016   1.75334   4.08292    1511   16
    10   6.23411   0.67977   0.17014    2231   17
    11   3.37039   2.40809   6.20456     603   10
    12   4.80529   1.56725   4.05628    1231   14
    13   3.13700   2.43217   4.47709    2123   22
    14   1.69117   1.47402   5.40639    1669   18
    15   4.84358   1.65767   0.79576     431   12
    16   4.92223   1.77550   5.52784     549   11
    17   3.21276   2.50331   4.67917     750   12
    18   3.14907   2.50044   4.50926     826   13
    19   4.83728   1.58262   0.91366     623   11
    20   1.64893   1.43356   5.36823     654   10
    21   3.22249   2.37361   2.87306    1615   16
    22   3.50388   0.81014   6.16856     555   12
    23   0.42086   2.23516   0.17324     740   12
    24   3.49267   0.82696   6.02283    1483   16
    25   3.21067   2.37232   1.41745    4074   25
    26   4.94492   1.69964   0.80171     552   10
    27   0.33277   2.35740   0.04903     777    9
    28   6.25089   0.71235   1.91239    1279   16
    29   6.16600   0.73003   3.44646     916   14
    30   1.90110   1.52813   0.63452    1269   17
    31   6.24811   0.63260   1.76426    1165   11
    32   3.52659   0.86121   2.82364    1999   18
    33   4.79323   1.69190   5.50412    2021   16
    34   4.95214   1.66041   5.58695     742   11
    35   0.15329   0.71917   4.91910    2526   23
    36   3.09802   2.39769   1.33937     667   13
    37   5.04997   1.61586   3.97894    1421   19
    38   0.02080   0.76549   1.65070    1082   14
    39   3.21756   2.39748   4.58889    1768   18
    40   0.24003   2.18378   0.13027     813   14
    41   3.18350   2.45253   2.86738     632   11
    42   0.00000   0.00000   0.00000     398   10
    43   1.66277   1.56025   2.30949    1316   18
    44   3.09802   2.39769   1.33937     535   10
    45   4.92825   1.70308   0.87204     559   12
    46   4.92223   1.77550   5.52784    1413   16
    47   1.84954   1.39753   2.24731    1414   17
    48   3.44339   0.85815   2.94648     800   13
    49   1.68583   1.46560   2.28828     551   10
    50   3.27018   0.93967   1.56174     272   10
    51   4.88394   1.72999   2.52107    3636   26
    52   0.04178   0.65137   3.44132     611   12
    53   0.18401   2.33170   1.68029    1759   16
    54   3.38531   2.52739   6.28134     908   14
    55   3.54698   0.85001   5.99443    1622   18
    56   6.26961   0.76691   4.86713     681   11
    57   3.32825   0.89338   1.43256     694   15
    58   1.83671   1.51654   2.31541     954   13
    59   1.68763   1.36795   3.80797    1629   18
    60   3.12145   2.47106   6.07955    1256   14
    61   1.68263   1.50967   3.80444    1026   13
    62   4.97013   1.68984   4.07247    1939   18
    63   1.77031   1.38063   3.78560    1498   17
    64   3.44662   0.81716   6.24642     662    8
    65   1.71802   1.36621   2.29857    1038   13
    66   3.56326   0.85790   1.28607     415    8
    67   6.07501   0.64168   0.31258     895   17
    68   6.22480   0.72366   0.24572     745   14
    69   1.73078   1.36295   3.86611     996   17
    70   3.19500   2.36894   6.19358     768   12
    71   0.44636   2.25900   1.84493     811   13
    72   4.83218   1.72334   4.01631    1885   19
    73   3.43858   0.92329   1.39188     732   12
    74   6.19483   0.74987   5.02116     910   11
    75   1.75995   1.51887   2.25722     459   10
    76   1.80072   1.44254   5.42753    1569   18
    77   4.95549   1.67710   5.54730     595   11
    78   5.00172   1.61788   3.95881    1189   13
    79   1.76308   1.49455   5.45525     478   12
    80   0.12381   2.21244   3.19899     700   12
    81   0.12459   0.65563   4.79221     296   11
    82   0.22476   2.23334   0.14607    1078   13
    83   1.72330   1.45552   3.88354     594   13
    84   3.22262   2.37374   3.01615     316   12
    85   4.99867   1.68214   4.02035    1521   16
    86   0.29126   2.25176   1.69876     804   13
    87   0.41336   2.27290   3.38010    1283   18
    88   3.21086   2.45125   4.61216     872   16
    89   1.83358   1.46928   5.44746    1203   13
    90   3.03991   2.42262   1.25083    1087   17
    91   4.97811   1.82042   2.45260    1051   13
    92   0.02143   0.72962   4.96626    1046   11
    93   4.84776   1.65704   5.67257     377   10
    94   1.77478   1.50407   0.71306    1229   17
    95   0.16441   0.71616   3.32265    1638   20
    96   3.44662   0.81716   6.24642     669   12
    97   0.24720   2.28952   0.00722    1152   13
    98   0.23841   2.28444   1.74545    1683   14
    99   0.29952   2.28168   4.89270     981   15
   100   1.66589   1.52747   3.82754     459   10
   101   0.28177   2.18133   4.86861    1165   17
   102   3.50405   0.86213   4.43273     731   14
   103   3.36358   2.49062   4.74731     880   15
   104   0.35997   2.21787   3.23399    1103   12
   105   4.80509   1.65466   4.00284     806   14
   106   1.84048   1.50342   2.32767    1384   14
   107   0.38176   2.23813   4.84379    1964   16
   108   4.85117   1.63746   2.42947     668   12
   109   0.00000   0.00000   0.00000     630   13
   110   0.15594   2.25130   3.32118     955   15
   111   3.22262   2.37374   3.01615     508   11
   112   6.17984   0.70831   0.26682    1490   16
   113   1.81597   1.50088   3.81664    1116   15
   114   1.84620   1.35796   0.71011    1234   14
   115   1.80769   1.33725   2.30669    1635   15
   116   0.00000   0.00000   0.00000    1002   13
   117   0.45141   2.30495   1.83480     920   13
   118   4.85262   1.57012   4.04993    1208   16
   119   3.21686   2.50161   6.08312    1072   12
   120   3.37201   2.42842   6.25716     989   14
   121   4.97981   1.72806   0.96579     562   15
   122   1.63857   1.44250   2.33552    1105   14
   123   1.73953   1.44019   3.82898    2429   19
   124   4.77762   1.72026   2.52613     628   11
   125   4.99219   1.68544   2.46378    1270   15
   126   1.82822   1.55493   0.73008     842   13
   127   3.30965   2.50426   3.04882    1668   16
   128   0.12839   0.76967   3.24011     715   12
   129   4.87674   1.68762   0.95300    1779   20
   130   0.12472   0.77675   3.26191    1906   19
   131   1.74272   1.45982   2.30460    1648   19
   132   3.16979   2.50644   1.40953    1057   13
   133   6.21640   0.75544   1.85213     362   10
   134   3.38614   0.86446   1.51945    4472   25
   135   3.31116   0.82782   2.99240    1564   14
   136   3.03914   2.39859   2.78653     644   13
   137   4.89527   1.61993   2.44355    2782   21
   138   0.00000   0.00000   0.00000    1208   17
   139   0.39661   2.31014   3.47040     885   12
   140   4.87530   1.74672   5.63549     753   12
   141   3.09802   2.39769   1.33937     473   12
   142   0.14756   2.27559   4.78532    1993   21
   143   4.81895   1.76555   3.96911    1197   14
   144   0.29755   2.30827   0.25213     948   17
   145   4.90732   1.62945   3.96864    1326   15
   146   1.74272   1.45982   2.30460     331    8
   147   3.24835   2.37914   6.10139    1161   16
   148   3.29713   0.88739   2.99138    1433   17
   149   0.08646   2.34930   4.67782    1697   18
   150   6.18551   0.63487   5.14011     800   14
   151   3.24816   2.52508   4.52880     854   15
   152   1.70251   1.37591   2.19284     987   14
   153   1.85096   1.41796   3.73748    1311   13
   154   4.88042   1.60482   5.64847    1420   15
   155   0.07984   0.75706   0.20147    1515   22
   156   6.18774   0.76045   3.42576    1264   16
   157   3.30903   0.85824   1.44904    1369   14
   158   3.34205   2.44610   6.14463     336    8
   159   1.61167   1.37328   5.49342     385   10
   160   3.35397   0.84345   6.04076    3035   21
   161   0.09876   0.70649   1.72714    1078   16
   162   0.07819   0.71299   3.30926    1219   15
   163   4.96215   1.68008   5.59662     763   12
   164   4.95586   1.64293   2.45390    3360   29
   165   1.88905   1.45351   2.32885    2107   19
   166   6.16609   0.73482   1.80350    1507   13
   167   0.12459   0.65563   4.79221     651   11
   168   3.49234   0.90594   6.08129     654   15
   169   4.86769   1.58795   0.84178     617   13
   170   3.29863   2.41625   1.61696     593   12
   171   0.15496   0.72853   4.78292     769   13
   172   0.10926   0.71610   0.15826     833   13
   173   1.73953   1.44019   3.82898    1196   15
   174   1.74978   1.51366   0.63820     393    9
   175   3.33138   0.82034   1.45422     719   13
   176   0.23763   2.32839   0.21300    1180   15
   177   5.01253   1.68244   4.00559    1643   18
   178   3.17777   2.42023   1.40257     353   12
   179   0.30822   2.16989   0.13769     822   12
   180   6.13674   0.72839   3.40612    2329   21
   181   4.82108   1.67844   2.36672    1047   13
   182   1.89052   1.46276   2.24450     610   13
   183   0.41336   2.27290   3.38010     678   11
   184   0.17307   0.78104   3.29782     735   12
   185   6.27482   0.71769   0.25495     987   12
   186   0.24951   2.31857   0.06203     795   15
   187   4.89835   1.79696   2.47365     939   13
   188   0.15594   2.25130   3.32118     578   13
   189   3.22262   2.37374   3.01615    1017   15
   190   3.34205   2.44610   6.14463     702   13
   191   4.94216   1.62678   0.80364     547   13
   192   4.89580   1.74476   2.50930     576   10
   193   0.21447   0.72717   4.73874    1374   15
   194   3.43253   0.88226   3.01053    1295   14
   195   4.85946   1.61378   5.55432     404   13
   196   3.33627   0.85876   6.20739     548   14
   197   0.21661   2.29833   1.82650     841   16
   198   3.38370   0.88190   2.94861     760   11
   199   1.68890   1.43272   3.90361    1163   14
   200   0.00000   0.00000   0.00000     799   13
   201   2.99272   2.44735   1.21804     601   11
   202   0.19345   0.74579   6.26482    5104   31
   203   1.65503   1.54936   2.30853    1513   16
   204   1.78174   1.53609   0.73375     553    8
   205   0.41129   2.26003   3.39307     873   15
   206   0.21447   0.72717   4.73874     624   14
   207   3.09858   2.35455   6.03987    1179   14
   208   0.06002   0.68998   0.20419     706   12
   209   0.15156   0.67640   0.19254    1291   18
   210   3.35485   2.36397   4.59539     717   12
   211   3.34147   0.82303   4.71544    3313   24
   212   0.30884   2.16747   3.31070    3173   21
   213   0.41336   2.27290   3.38010     801   14
   214   1.80605   1.38133   5.42864    2842   20
   215   4.95635   1.62141   3.93478     667   13
   216   4.98978   1.70832   4.08962     610   10
   217   3.09802   2.39769   1.33937     447   12
   218   3.27757   2.45634   4.64001     681   12
   219   6.20917   0.71102   1.88802    1386   15
   220   4.96190   1.81484   2.50888     921   12
   221   0.06889   0.69315   4.81173     872   15
   222   0.31029   2.20005   1.82159     756   14
   223   0.09778   0.76144   4.79823     498   11
   224   3.09802   2.39769   1.33937     490   12
   225   0.09535   0.75937   3.21021    1277   14
   226   1.80044   1.36398   0.65584    1241   17
   227   0.31440   2.22148   1.74695    2477   16
   228   3.53360   0.80780   6.15322     881   15
   229   1.81277   1.49058   2.31599     585   13
   230   0.14143   2.19483   3.12048    2282   20