     1   0.00000   0.00000   0.00000       0    0
     2   4.07942   1.55765   4.79651    1079   15
     3   3.52229   2.92670   2.56511     458   11
     4   0.80517   0.05772   3.18446    1208   15
     5   4.16636   1.50588   1.64065    1008   14
     6   0.79265   1.57659   0.01589     887   13
     7   2.50122   3.02739   4.72766    1337   16
     8   3.92263   1.47747   4.80386     553   11
     9   2.55780   1.46517   1.65903    1337   17
    10   2.55786   1.63473   3.25157     747   11
    11   3.95648   1.44970   0.06298    1120   15
    12   0.95959   1.63667   3.07959    1876   20
    13   0.79762   1.55779   3.16051    1124   14
    14   1.01459   1.60265   0.06566    1010   15
    15   1.03338   1.61514   1.63519     952   14
    16   1.06468   0.07303   4.45353     844   13
    17   1.84255   0.04859   3.91609     624   11
    18   0.88187   1.52628   0.07981     409    9
    19   0.99762   1.75332   4.75539     744   14
    20   0.97143   0.06219   1.60093     979   14
    21   3.24059   2.97077   3.91488     835   10
    22   5.51314   0.15764   1.61602    1990   20
    23   0.95896   1.61305   1.55218     714   13
    24   0.88588   0.06247   1.59406    1705   16
    25   5.76003   1.54225   1.45178     443   12
    26   2.52922   1.42307   1.63812     618   10
    27   5.70858   1.70433   1.51852    1110   16
    28   5.74969   0.12794   2.92680     624   13
    29   3.94605   1.66285   3.17552    1857   20
    30   5.69265   1.58716   3.03726    1736   17
    31   1.59135   0.16334   4.10172     740   14
    32   4.12454   1.44802   1.59644    3116   23
    33   5.73845   1.67691   6.17352     744   12
    34   0.98374   1.77222   3.24491    1303   16
    35   0.77899   0.06273   0.24794     628   11
    36   3.99002   1.63931   0.01671    1155   14
    37   0.94934   1.63644   6.17694     881   14
    38   0.38799   0.23699   3.56207     771   13
    39   0.01784   0.11843   4.16640     529   10
    40   0.84520   1.60700   3.12807     443    9
    41   5.01846   3.04299   2.55012    1117   14
    42   2.53943   1.52944   1.59454     904   11
    43   0.85097   1.68000   4.85235    1979   16
    44   4.16598   1.41165   1.60034    1680   18
    45   5.62013   3.09830   1.56308    1013   13
    46   5.49548   0.13189   1.63320     996   15
    47   0.99322   1.59522   1.50941     856   12
    48   1.24629   0.15845   2.80177    1407   17
    49   3.94952   1.44797   4.63792     994   14
    50   3.98693   1.54753   4.60895     677   10
    51   2.51598   1.64439   1.55714     719   12
    52   1.04494   1.68782   1.61941     767   14
    53   2.54790   1.66477   1.63994     881   13
    54   5.57833   1.52938   4.70602     639   14
    55   3.49482   2.97930   4.18877     799   12
    56   4.14793   1.56086   4.65290     835   14
    57   1.67898   3.09634   0.78765    1911   17
    58   2.41016   1.58156   6.20749     788   13
    59   5.49429   1.60386   4.52603     894   12
    60   0.81134   1.52565   1.60298    1112   14
    61   2.15245   0.09814   0.21249    1484   14
    62   4.07981   1.46191   1.63333     412   10
    63   4.04057   1.47024   6.14662    1408   16
    64   5.62689   1.62902   4.62000    2179   23
    65   4.60292   0.06759   5.79937     355    8
    66   3.97526   1.59669   6.14051    4000   23
    67   5.59846   1.52544   4.68497     621   13
    68   4.07438   1.47440   4.66807     290    7
    69   0.12955   0.11177   0.75117    1765   17
    70   4.09356   1.50888   4.76496    1789   18
    71   2.15050   0.08727   3.40964     745   15
    72   2.56656   1.56107   4.75775    2281   21
    73   4.09141   1.61507   3.21511     761   11
    74   1.01459   1.60265   0.06566     649   11
    75   0.96117   1.61896   0.06675    1756   17
    76   5.56869   1.62716   6.21339    1893   22
    77   5.59607   1.60835   0.05937    1095   13
    78   1.68543   0.17806   2.39187    1048   12
    79   5.65061   1.53331   0.06836    2724   20
    80   5.64585   1.54564   6.21528    2474   21
    81   5.59835   1.61420   3.01107    1463   16
    82   4.09513   3.00963   0.15016    1862   18
    83   1.60272   0.18292   3.91134    1078   14
    84   0.90834   1.62760   0.02832    1603   12
    85   3.38465   3.04322   0.87361    1018   13
    86   5.62394   1.48557   4.59006     439   10
    87   5.86862   0.08642   6.17183     561   12
    88   5.63325   1.52773   6.15438    1137   16
    89   5.70044   1.58514   3.10339     906   14
    90   2.45067   1.50666   0.02615     625   11
    91   2.68091   3.09089   5.00316     749   12
    92   3.95519   1.45029   1.44669    1063   14
    93   4.17774   1.50919   4.78260    1383   17
    94   1.04966   0.16053   2.90597     773   13
    95   0.91449   1.50546   3.19986     831   14
    96   2.37135   1.60869   1.56472    1099   14
    97   4.02052   1.47571   3.08646    1625   19
    98   4.06371   1.52723   6.24360    2388   24
    99   5.01846   3.04299   2.55012     537   12
   100   0.36272   0.09966   0.48964    1779   17
   101   6.05591   0.11196   1.19543     790   10
   102   0.93354   1.72293   0.12121     579   12
   103   0.24182   0.16848   0.69419     762   11
   104   4.04362   1.49984   4.67667    2003   19
   105   3.99124   1.49983   3.22914     555   13
   106   3.57103   2.92359   2.68860    3872   24
   107   4.14793   1.56086   4.65290     765   11
   108   5.56489   1.68238   4.62180     593    8
   109   4.14393   1.55587   3.10430    1436   19
   110   5.01555   3.08872   5.60103    1103   14
   111   4.08841   1.39924   1.45291     655    9
   112   0.99443   1.74877   1.66506     771   11
   113   0.76394   0.11746   3.33747    1471   17
   114   0.98983   1.70054   1.62051    1746   19
   115   5.70858   1.70433   1.51852    1681   16
   116   5.58453   1.59683   1.54698     916   11
   117   4.07942   1.55765   4.79651     578   10
   118   2.39699   1.45921   4.85907     543   11
   119   4.07942   1.55765   4.79651     420   10
   120   4.01734   1.40945   6.24322     376    8
   121   2.10584   3.07406   5.86774     901   12
   122   0.30868   0.19141   2.15354    1016   14
   123   2.58898   1.59340   3.19228     920   16
   124   4.17723   1.48050   3.11623     549   10
   125   2.48241   1.46327   1.73337    1347   16
   126   5.48262   3.05598   4.55632     595   13
   127   2.58086   1.58867   3.20869    2745   22
   128   0.57199   0.15125   2.01409    2346   23
   129   1.13132   0.13834   6.08294     849   11
   130   1.04332   1.51499   3.18832     528   12
   131   2.58898   1.59340   3.19228     575   13
   132   1.39438   0.11344   2.73881     663   13
   133   4.09356   1.50888   4.76496     321   10
   134   5.59031   1.59539   6.09332     868   12
   135   1.01459   1.60265   0.06566     778   12
   136   3.86155   2.97410   1.37176     709   12
   137   3.68426   0.08157   0.48204     622   13
   138   4.11344   1.50334   2.99223     533   12
   139   0.86955   1.57703   4.75611     677   11
   140   5.01555   3.08872   5.60103     494    8
   141   0.95215   3.06799   0.12080    1178   16
   142   5.63367   0.10325   6.24536    1296   18
   143   4.66258   3.00517   5.21223    1876   19
   144   0.40881   0.16104   3.72508     699   13
   145   3.89683   3.01092   6.09883    1419   20
   146   4.13396   1.48830   6.14599    1468   19
   147   2.46411   1.64203   6.26131    1123   14
   148   3.18152   3.05100   5.43158     517   11
   149   5.97331   0.17033   4.48699    2199   22
   150   0.98374   1.77222   3.24491     540   10
   151   1.18486   0.14129   1.38600     793   11
   152   1.45337   0.13747   2.59884    1236   15
   153   3.21622   3.00624   5.33794    1681   17
   154   4.00167   1.47854   4.69988     995   12
   155   0.85161   1.70996   1.47180     766   13
   156   4.09356   1.50888   4.76496     768   14
   157   0.53386   3.04531   1.16422     906   13
   158   1.01459   1.60265   0.06566     355   10
   159   4.15209   1.56247   4.76721    1569   16
   160   4.01269   1.66365   4.75999    1878   19
   161   1.10007   0.07624   3.07704     451   11
   162   5.66020   1.68191   1.37093     629   16
   163   5.65814   1.59367   0.08119     950   15
   164   2.51987   1.47184   4.74863    1685   17
   165   0.99443   1.74877   1.66506    1094   14
   166   0.92320   1.54521   4.87935     407   11
   167   3.22064   0.08834   4.11231    2100   19
   168   2.47583   1.64804   0.07168    1172   17
   169   5.65817   1.60880   4.73470     994   16
   170   3.06055   3.06082   2.11674     962   15
   171   5.31015   0.12885   1.81171    1411   16
   172   3.99897   1.61048   0.07109    1001   14
   173   5.75423   1.68554   3.08561    1475   17
   174   0.85339   1.66934   0.06887    3297   21
   175   1.41563   0.10709   0.99452     794   11
   176   5.69150   1.61421   0.00552    1200   16
   177   3.95473   1.55959   4.72562    2581   21
   178   1.04332   1.51499   3.18832    1233   19
   179   2.61604   1.59140   4.73358     260    8
   180   2.51333   1.42372   4.79885     479   12
   181   4.18562   3.10712   4.81009     509   15
   182   2.57029   1.52997   1.61992     627   14
   183   5.70950   1.60235   3.05566    1793   20
   184   0.89443   1.49779   1.56954     434    9
   185   5.53772   1.61803   3.08476     937   16
   186   2.55678   1.60316   3.16779    1189   16
   187   1.03064   1.65708   1.63914     574   13
   188   4.47523   2.97093   5.14817    1523   19
   189   4.10294   1.55459   0.01968    1499   19
   190   3.23818   2.98603   3.88194    2329   16
   191   0.80413   1.57293   0.13661    1457   17
   192   4.01182   1.55043   4.59562    1438   18
   193   1.01459   1.60265   0.06566    1226   17
   194   4.06518   1.58034   4.65824    1096   18
   195   4.09356   1.50888   4.76496     457    8
   196   0.98253   1.66405   3.07557    1208   15
   197   1.80801   0.08326   5.38102     479   11
   198   4.11423   1.63186   3.08578    1402   19
   199   2.39628   1.63788   1.57404    1229   14
   200   0.84520   1.60700   3.12807    1185   13
   201   2.68091   3.09089   5.00316    1149   16
   202   0.92100   1.63314   3.19978    1234   16
   203   4.49030   0.06182   2.75804     433    8
   204   2.55678   1.60316   3.16779     808   12
   205   5.68865   1.51351   1.52998     883   11
   206   5.65057   1.60691   1.43658    1378   16
   207   3.89683   3.01092   6.09883     526   12
   208   0.84797   1.61348   3.13735    1516   17
   209   2.48389   1.54474   0.15258     850   15
   210   2.52106   1.50199   0.18195    3363   26
   211   0.87128   1.72259   3.10037    2440   24
   212   0.91081   3.09419   4.77900     985   13
   213   4.02865   1.59018   3.14023     598   11
   214   4.65523   2.98066   2.21145    1605   15
   215   0.87141   1.65595   1.58244     861   13
   216   2.38369   1.41017   1.62248    1596   18
   217   5.57355   1.63364   6.21091     378   11
   218   4.07870   3.05304   0.11682    1268   17
   219   5.52376   1.67939   6.12384    1481   17
   220   5.94536   0.08105   2.79500     865   12
   221   4.17723   1.48050   3.11623     548   10
   222   1.24696   0.03131   4.50529     615   12
   223   4.06020   1.42268   4.74839     753   14
   224   0.89245   1.70482   4.68507    1173   12
   225   5.50376   1.47028   1.44935    2826   21
   226   3.40330   3.07569   0.88728    1768   17
   227   5.67436   1.50515   1.41850     686   11
   228   2.50851   3.09977   4.80425    1782   17
   229   2.44601   1.50466   3.16564    3021   23
   230   4.06794   1.61368   6.22819    1222   16