     1   0.00000   0.00000   0.00000       0    0
     2   0.96832   1.93914   3.34834     269    7
     3   2.38716   1.38384   2.01128    1451   15
     4   0.51934   0.35525   3.55415     411   11
     5   3.59947   2.71265   4.23940    2470   22
     6   3.95385   1.05904   4.53851    1394   12
     7   4.11151   1.26022   6.10498    2060   16
     8   5.52834   1.61838   4.25670     818   13
     9   0.29385   0.35398   2.07355    1490   11
    10   5.58629   1.76352   2.82287    2041   18
    11   0.37273   0.45853   0.43732     475   12
    12   2.38641   1.44416   5.10191     879   12
    13   5.47637   1.76008   2.82434    1943   20
    14   3.91952   2.69204   1.49794    3975   16
    15   0.17837   0.47362   2.23412     902   12
    16   2.46461   1.44217   3.42328    4967   22
    17   0.36329   0.27754   0.55804     570   12
    18   4.05628   1.05876   2.91643     626   12
    19   3.74123   2.77072   4.45499    2345   21
    20   3.80517   2.75626   2.90689     657   14
    21   5.44265   1.83707   1.12512    2978   19
    22   0.19252   0.39177   2.27976    1452   16
    23   3.38058   2.68698   5.68150     557   11
    24   3.52195   2.67868   2.65475     788   13
    25   4.06295   1.15165   2.98315    1559   17
    26   0.95820   2.01876   0.10862     773   13
    27   0.96832   1.93914   3.34834    1965   18
    28   0.95386   2.00564   1.77075     389    7
    29   2.48874   1.50080   0.40348     369   10
    30   0.20157   0.47477   0.62991     806   12
    31   5.52950   1.68518   2.70301     762    9
    32   0.39693   0.52603   5.24220    2131   21
    33   0.82090   1.96931   1.64393    3904   19
    34   0.86286   1.92503   0.16691     841   12
    35   0.45708   0.32520   0.35356    1221   15
    36   2.32262   1.40278   3.58022     356    9
    37   5.58285   1.72540   4.32843    1436   13
    38   4.04664   1.31965   2.95713     340    8
    39   0.29598   0.43087   2.14263    3065   23
    40   2.33111   1.37364   5.07659    2101   19
    41   0.85772   1.99179   4.92788     235    7
    42   3.29352   2.69488   5.62779    1965   15
    43   0.36329   0.27754   0.55804     830   13
    44   0.84062   1.94340   1.79683     361   10
    45   3.73957   2.62074   4.47208    3269   21
    46   0.94012   1.90793   4.92500     869   14
    47   5.48692   1.65995   4.45805     398    8
    48   3.22811   2.68738   2.40159     686   10
    49   0.82259   1.97701   4.86089     662   12
    50   4.04025   1.32811   2.97037     591    8
    51   2.40821   1.37829   2.07643     398    9
    52   2.36658   1.50582   5.00738    4482   26
    53   3.77018   2.67023   6.04220     785   12
    54   0.46144   0.47048   5.11489     804   11
    55   0.90253   1.98721   4.99124     492   12
    56   2.38849   1.40065   0.25557     419   10
    57   3.68046   2.84393   1.24784    1354   17
    58   5.54379   1.83928   4.40343    1160   15
    59   0.50027   0.50044   0.40190     411   10
    60   0.69527   0.43367   1.74728     567   11
    61   0.47408   0.51353   5.08103     365    9
    62   0.90733   1.86178   3.35680    2886   21
    63   2.42835   1.39302   2.06922    3754   22
    64   3.55937   2.73265   5.82604     780   11
    65   0.56446   0.44829   3.38953     897   13
    66   2.43201   1.38035   1.99343     742   12
    67   0.69527   0.43367   1.74728    1093   12
    68   5.50283   1.77403   4.34228     462   11
    69   0.22907   0.47274   3.74132    3160   19
    70   5.45983   1.79345   4.22020    4397   26
    71   2.34580   1.46992   0.32616     768   12
    72   3.40981   2.67747   0.92225    2326   17
    73   3.51322   2.74226   4.19971    3302   21
    74   2.41122   1.42290   4.95585     391   10
    75   3.66848   2.77402   1.28417    5049   23
    76   0.21956   0.44794   2.14706     799   13
    77   3.74245   2.81160   2.88405     596   12
    78   5.55949   1.87403   1.19614    3077   19
    79   0.59300   0.45894   3.46537     434    9
    80   0.56484   0.48580   1.77936    3746   21
    81   0.95820   2.01876   0.10862    1418   17
    82   5.51584   1.79386   1.27587     352   11
    83   3.93781   1.13711   1.49644     282    9
    84   2.37407   1.48034   0.37928    2240   15
    85   3.38831   2.76758   5.69393     483    9
    86   0.87719   1.94352   0.17214     736   11
    87   0.41938   0.48769   1.92198     644    9
    88   2.34580   1.46992   0.32616     580   10
    89   2.34348   1.39313   0.29902    1387   17
    90   0.33524   0.49025   5.16233    1045   14
    91   0.92359   2.10493   1.84962     929   10
    92   4.06611   1.28276   4.62510     622   12
    93   0.92359   2.10493   1.84962    1402   14
    94   0.36329   0.27754   0.55804     999   13
    95   2.45831   1.39296   1.82123     858   12
    96   2.44500   1.31102   5.11089    1099   14
    97   5.58257   1.69059   4.42326    1461   14
    98   5.62171   1.79353   6.00059     786   14
    99   2.39022   1.52004   3.60535    1099   16
   100   0.45167   0.51694   3.46703     347    8
   101   2.38133   1.34500   5.00840     921   16
   102   2.38321   1.39254   1.96278    3705   25
   103   2.40568   1.47043   0.38260    2907   22
   104   0.80767   1.93752   3.26200    1420   12
   105   0.50563   0.52052   5.04073    1139   14
   106   5.44482   1.82158   1.23236     639   12
   107   3.73957   2.62074   4.47208     274    8
   108   0.83910   1.96454   1.64503     801   10
   109   4.03490   1.11595   1.52288    1450   18
   110   0.85275   1.98057   1.67317    2097   15
   111   2.30643   1.30793   5.18772    1858   14
   112   0.49387   0.36633   0.41068     427   10
   113   3.99225   1.20109   2.98598    2326   18
   114   2.40246   1.51258   5.15911     752   12
   115   0.86624   1.89802   0.19346    2022   19
   116   0.87719   1.94352   0.17214    1873   17
   117   3.61204   2.57833   1.24465    1304   14
   118   2.42815   1.33191   3.53875    4624   26
   119   0.88937   1.97284   0.12029    2710   17
   120   5.46860   1.67209   4.33747     345    9
   121   2.44500   1.31102   5.11089     643   11
   122   0.87980   1.89352   1.79252    5553   28
   123   4.03485   1.11423   1.37073     661   13
   124   5.51584   1.79386   1.27587     768   13
   125   0.81121   1.93134   3.22783     922   11
   126   3.57609   2.64473   5.81760    2203   20
   127   0.92359   2.10493   1.84962     834   12
   128   3.60933   2.73215   5.89283    1243   12
   129   4.09211   1.06853   1.38884    1861   19
   130   2.38455   1.27821   5.11629    3269   24
   131   3.95251   1.27290   6.10997    3455   19
   132   3.76388   2.74768   2.89467     349   10
   133   0.88745   2.04066   0.08567    2501   19
   134   0.40834   0.42827   3.57944    1057   15
   135   0.62869   0.47583   1.78022    1554   17
   136   3.68668   2.68778   4.33695    1704   16
   137   3.22811   2.68738   2.40159     689   11
   138   0.45708   0.32520   0.35356     560   11
   139   2.49363   1.36597   3.44309     674   14
   140   0.68449   0.46171   3.29490     752   12
   141   0.80904   1.81368   1.68030    1427   14
   142   0.80194   1.92375   3.27677    1884   15
   143   3.38032   2.78471   4.00684     683   12
   144   3.81714   2.82472   1.31060     392    8
   145   0.67180   0.44644   0.17216    2371   21
   146   2.48095   1.49966   5.08683    1977   13
   147   3.55937   2.73265   5.82604     898   13
   148   3.84875   2.76475   6.11839     551    8
   149   4.00942   1.07097   6.14171    1254   13
   150   0.58725   0.35246   0.28322    1426   13
   151   4.03645   1.22948   4.45186     926   13
   152   0.86832   1.83395   1.68290    1522   14
   153   2.37126   1.36251   3.62981     782   12
   154   5.44482   1.82158   1.23236     487   11
   155   5.53119   1.63334   4.39169     620   13
   156   3.55937   2.73265   5.82604     789   14
   157   5.49958   1.77461   5.86887     776   10
   158   4.00640   1.14089   6.25818    1671   17
   159   5.49626   1.81111   4.30612     630   12
   160   3.67742   2.64610   6.00423     386    9
   161   2.36574   1.48694   5.16970    2488   18
   162   3.78701   2.66343   1.31662    1174   14
   163   5.57105   1.74389   1.14134    1009   13
   164   2.50512   1.50617   0.38865    1225   19
   165   2.38823   1.50302   1.94462    3745   21
   166   2.45550   1.36440   0.51928     596    9
   167   3.22811   2.68738   2.40159    1033   14
   168   4.01849   1.30345   4.51944     579   10
   169   4.02360   1.04846   4.46714    1355   17
   170   3.42662   2.64576   5.77906    4007   19
   171   0.40011   0.39579   5.19124     295   10
   172   3.76388   2.74768   2.89467     598   10
   173   5.61812   1.69711   4.26384    1053   13
   174   5.48574   1.63514   1.11463    4265   21
   175   5.60622   1.71094   1.13458     623   11
   176   5.49099   1.62091   2.75827    4447   17
   177   4.02921   1.14672   6.09405    1294   13
   178   2.43201   1.38035   1.99343     909   12
   179   2.32267   1.42439   1.89592     325    9
   180   0.61452   0.47767   0.27245    3556   22
   181   3.74245   2.81160   2.88405     827   15
   182   4.00097   1.25031   4.62804    2272   15
   183   0.86940   1.88186   1.85181     596   10
   184   5.52926   1.75172   5.84930    1508   17