     1   0.00000   0.00000   0.00000       0    0
     2   0.83200   2.20745   3.51531    1674   17
     3   1.32453   0.34429   4.98248     621   12
     4   3.66837   1.58995   2.46115    1540   16
     5   5.97569   0.62638   4.19883     780   12
     6   0.04544   1.25109   1.76025    1460   14
     7   4.42273   1.36607   1.38401    1272   18
     8   5.63486   2.20427   0.83385    1947   18
     9   0.35364   2.22472   3.89187    1042   13
    10   5.56940   1.73073   5.44610    1565   15
    11   1.65144   1.18929   2.36122    1205   13
    12   2.28613   1.99147   5.15116    2156   19
    13   0.17915   2.44251   1.66855    1343   16
    14   1.77170   1.31508   0.12600    1314   13
    15   5.67013   1.30168   0.58619    1286   13
    16   1.59717   2.96087   5.86191    1188   13
    17   0.37192   1.51647   1.93057    1092   14
    18   0.49516   0.36150   4.13347    1386   16
    19   2.25670   1.12281   0.49863    1456   18
    20   1.26787   2.51228   0.19608     816    9
    21   2.24196   1.13400   5.70376    1573   19
    22   5.25840   0.74745   1.30416     530   13
    23   6.20812   0.93245   0.22674    1847   18
    24   1.00388   0.94107   1.27242     810   13
    25   2.21700   1.00350   5.85342    1148   16
    26   0.90809   1.61765   0.80393    1039   14
    27   5.07548   1.95466   4.10512     712   10
    28   3.50248   1.21255   1.21626    1363   14
    29   5.08701   2.91718   4.32912    1068   14
    30   0.55176   1.85345   0.30107    1406   14
    31   3.14260   1.90860   0.98922     976   14
    32   3.54210   2.51307   1.39666    1714   16
    33   4.96849   1.93838   5.55639    1422   15
    34   5.40823   2.68046   3.71785    1278   18
    35   4.95649   0.84578   2.09458    1340   16
    36   0.84339   1.87173   6.21621    1060   11
    37   2.67971   0.80556   5.12621     952   14
    38   2.57155   1.64455   0.55349    1652   18
    39   3.70042   2.02847   3.11496    1340   19
    40   3.77877   0.83600   1.42501    1257   12
    41   2.71389   0.97814   2.11027    1508   17
    42   1.44826   1.61711   5.03171    1029   13
    43   4.77564   1.84416   5.05584     568   11
    44   1.61491   1.02081   1.72904    1449   13
    45   4.23242   2.50747   4.52760     723   10
    46   2.90000   1.18756   2.83353    1541   18
    47   2.19900   0.21233   5.83594     829   14
    48   2.87986   2.17618   5.17373     866   12
    49   1.81496   0.37439   6.28225     784   13
    50   5.76149   1.83515   0.15423     816   13
    51   1.34230   1.84470   3.39539    1753   15
    52   3.72245   1.76715   5.99467    1578   17
    53   4.25310   0.54020   3.37160    1631   14
    54   4.77564   1.84416   5.05584     992   14
    55   4.94125   1.71829   3.49700     928   11
    56   0.67575   2.82434   5.93020    1474   17
    57   5.55890   1.80054   3.82158    1069   14
    58   2.65051   1.19583   5.50757     856   11
    59   4.13631   2.14535   3.87971     867   15
    60   1.32277   1.86629   1.04903     789   13
    61   3.30273   2.41498   3.44945    1775   19
    62   0.58474   1.38181   1.00101     590   11
    63   1.94363   0.90114   5.86489    1457   14
    64   5.13125   1.02973   2.01952    1569   17
    65   5.72634   1.02722   2.86368    2056   15
    66   5.90202   2.54303   4.27676    1619   17
    67   4.01934   1.73736   3.80411    1357   16
    68   4.29286   0.91396   3.80611    1002   13
    69   5.33711   1.80623   3.63761    1080   16
    70   4.12486   1.07819   5.53559    1565   18
    71   0.27847   0.17882   1.42181     959   11
    72   0.16436   1.55420   6.15874     896   12
    73   3.98144   0.98593   2.35622    1249   13
    74   3.53125   2.69948   0.90350    1427   16
    75   1.77898   1.55802   1.22242    1237   16
    76   0.27577   0.27991   3.12929    1357   15
    77   5.81461   2.01616   1.60027    1215   17
    78   2.73129   1.15907   0.30281    1784   18
    79   3.82945   0.88380   0.67222    1080   14
    80   1.87002   2.30977   1.02744     947   13
    81   3.39314   1.75805   4.41283    1364   15
    82   2.61893   1.34530   2.85461     897   11
    83   2.41023   0.93496   2.63520    1007   15
    84   2.47559   1.70451   4.11126    1202   14
    85   0.31313   0.66645   4.56363    1501   18
    86   3.76807   0.62449   0.41812    2198   17
    87   5.78992   1.71455   3.77913    1308   16
    88   2.78690   1.84195   3.35835    2188   18
    89   1.55055   0.52404   1.18968    1150   13
    90   4.32958   1.90154   3.76264    1473   18
    91   0.88679   2.21925   0.29403    1727   18
    92   4.23909   0.77340   3.91475    1075   12
    93   6.22007   2.01935   5.16899    1326   15
    94   2.02890   2.24983   2.06421    1108   14
    95   3.14814   1.02899   2.86571    1988   16
    96   1.90192   0.24149   0.51992     842   10
    97   2.78294   1.01660   5.57928    1683   14
    98   6.06036   0.79083   0.84579     883   14
    99   4.99160   1.40890   4.04138     842   12
   100   5.89737   0.62473   4.66552    1624   16
   101   3.56337   1.92925   0.48776     822   13
   102   3.15300   0.99070   0.66883    1438   16
   103   4.07455   2.46394   5.19501    1511   15
   104   5.43383   2.03264   1.10356    2175   18
   105   4.86552   0.41646   0.16608    1696   17
   106   0.04544   1.25109   1.76025    1408   17
   107   0.80166   1.39056   0.97648    1301   16
   108   6.02925   0.43480   3.39655     990   13
   109   3.44277   1.28637   3.26375    1781   15
   110   1.44630   0.62856   0.84063    1375   15
   111   2.28807   2.51187   1.91486    1916   17
   112   5.36466   2.04049   1.29750     711   11
   113   3.77948   2.04025   2.43937     927   11
   114   0.89340   2.57999   0.66881    1965   14
   115   1.43707   2.34829   2.97777    1554   15
   116   6.03812   1.26949   5.07852    1004   11
   117   2.71203   1.63081   2.71028     714   11
   118   4.44348   2.23629   5.79712    1221   14
   119   0.52221   2.44103   4.74394     921   11
   120   4.09743   0.34794   2.96755    1525   17
   121   5.07125   1.90894   4.34862    2675   19
   122   0.29856   0.67818   3.67315    1449   17
   123   3.11554   1.94506   2.45227    1235   14
   124   5.82388   1.69201   4.83542     835   13
   125   4.07488   0.90009   1.36596     994   14
   126   4.48551   1.46442   5.36296    2301   17
   127   2.25826   1.09759   3.04310     871   11
   128   4.25182   2.33166   4.94517    1333   15
   129   4.12049   2.56271   1.54546    1212   15
   130   4.56113   2.01101   2.33240    1067   14
   131   4.36806   2.31455   0.43657     870   11
   132   2.23663   2.03108   1.00521    1722   17
   133   5.28783   1.66511   2.61915    1304   14
   134   4.90091   2.60812   1.92157    2236   15
   135   2.83388   1.27027   5.31154    1103   13
   136   2.49689   1.78855   1.77291    1031   11
   137   0.60134   2.05085   4.07712    2127   19
   138   0.74363   2.78895   5.77110    1074   14
   139   0.57934   1.89349   2.45595    1692   19
   140   4.37660   1.47680   0.89221    1879   17
   141   1.32196   0.85586   0.07893    1199   11
   142   3.83606   1.44545   5.56694    1292   15
   143   1.81778   1.37475   4.19350    1282   13
   144   0.17667   0.71703   2.37406     776   11
   145   1.78668   1.61374   0.97017    1002   15
   146   4.24425   0.57366   2.31442    1360   15
   147   4.56385   2.45298   3.58223     942   14
   148   3.61390   1.23315   6.26831    1213   12
   149   4.81287   1.10366   2.67546    1188   15
   150   2.23019   1.43849   0.86036    1077   11
   151   1.15338   2.38792   4.43800    1396   14
   152   0.06278   1.48878   3.66502    1276   16
   153   0.95185   1.35809   0.48362     972   11
   154   2.18230   1.21613   4.11400    1001   14
   155   2.76281   1.37284   1.22577    1206   14
   156   0.47428   1.96909   3.87099    1279   15
   157   5.63719   2.20764   3.53752    1597   16
   158   4.78324   0.73777   1.96658    1481   15
   159   3.89552   2.08384   3.97013     698   12
   160   3.09542   2.32026   0.10483    1291   16
   161   3.84486   0.75772   0.11794    1616   17
   162   3.87044   2.95315   1.52377    1442   15
   163   1.09951   1.12659   5.61968    1245   15
   164   4.61941   1.02903   4.97640    1392   14
   165   1.20228   1.69431   5.11815    1513   18
   166   5.01950   2.57923   0.54634    1068   16
   167   3.06861   0.40835   3.90069    1551   15
   168   3.65789   2.04136   4.91793    1207   15
   169   3.47088   1.03119   4.22122    1192   13
   170   5.88855   2.49354   5.06136    1075   15
   171   4.59819   0.25804   2.27415     750   16
   172   4.24228   1.83444   1.93893    1986   17
   173   2.85545   0.56190   6.07512    1744   16
   174   5.24692   1.16506   3.00270    1066   14
   175   2.31253   0.44356   5.34498     810   13
   176   4.22194   1.44369   3.54506     909   13
   177   0.10128   1.85757   1.01117    1701   19
   178   5.76865   2.64664   4.06486    1445   17
   179   1.08494   2.54255   2.18466    1490   16
   180   1.73134   1.63643   4.90075    1206   15
   181   0.80770   1.83291   5.07316    2167   18
   182   5.92898   1.30169   6.06272    1203   14
   183   4.07488   0.90009   1.36596     958   11
   184   4.44348   2.23629   5.79712     704   13
   185   1.61064   1.12697   3.87181    1082   16
   186   0.51867   2.32991   5.12815     958   13
   187   1.01126   0.86876   2.94490    1442   17
   188   2.62218   0.59508   0.86552    1652   17
   189   2.77675   1.50065   1.59438    1194   15
   190   5.60337   1.06285   2.36588    1602   19
   191   0.58117   1.55658   5.09441    1296   12
   192   4.29201   0.49334   3.78919    1393   14
   193   2.98852   1.66929   0.67725     659   11
   194   0.27483   0.90436   4.43126    1453   16
   195   3.61856   1.93499   0.20960    1989   17
   196   0.95397   0.71952   0.72604    1223   15
   197   1.89044   2.24898   4.55420    2454   21
   198   0.90129   1.82050   2.74105    1118   14
   199   2.68448   1.47538   1.20194    1614   16
   200   0.12107   1.27813   0.14272    1406   13
   201   5.02709   1.82181   1.77588    1208   12
   202   0.43605   1.08697   5.04184    2181   17