     1   0.00000   0.00000   0.00000       0    0
     2   3.91685   1.01151   4.25065    2709   20
     3   5.63630   2.16549   5.81985     584   12
     4   4.18363   1.08515   2.48426     634   12
     5   6.07832   2.67084   1.00631    1872   18
     6   0.71059   1.24409   0.38627    2115   20
     7   6.03453   1.18693   4.91149    1621   19
     8   3.74725   2.11466   1.11460    2799   22
     9   3.17324   2.45343   3.84175     880   13
    10   1.82356   2.39283   0.85354    1089   16
    11   5.58342   1.99236   0.67319     773    7
    12   5.60574   2.13539   2.77481     449    9
    13   5.68599   2.19933   2.73858     377   14
    14   3.80587   2.45669   0.22842    2374   19
    15   4.10161   2.46921   3.99008     990   12
    16   1.31472   2.46763   3.33355    2567   26
    17   4.26077   0.15641   1.88384    1097   13
    18   5.38300   2.11025   2.77122    1017   14
    19   3.05620   1.21376   4.27922     564   11
    20   2.54957   0.90116   0.35849     496   10
    21   4.14422   1.17334   2.55651    2526   21
    22   2.08223   0.96154   4.36678    1165   14
    23   5.86869   0.73840   2.89213     451    9
    24   4.31272   1.18847   5.57525    1397   16
    25   5.84993   1.78921   4.15099     833   13
    26   3.29185   1.55231   4.32339     743   15
    27   5.53235   2.15336   1.05443     443    8
    28   4.22336   2.37152   1.83065    1207   16
    29   2.65011   2.12068   6.00330    2827   19
    30   3.02264   0.62816   3.09871     826   13
    31   3.60854   1.06144   1.98649    1315   15
    32   0.59908   0.77467   3.50307     385    8
    33   4.18020   1.13967   5.72946    1546   15
    34   0.38575   1.57845   1.36619    1396   15
    35   6.15747   0.76910   1.20456    2350   20
    36   4.71602   1.76696   1.25048     571   10
    37   2.25387   2.26588   4.88913     848   15
    38   2.43467   1.05026   5.21408    1238   14
    39   1.11004   2.02727   0.60401     948   15
    40   0.19521   1.70600   5.09342    1184   17
    41   2.71327   1.71301   0.88966     485   11
    42   3.30223   0.88294   1.19920     595   10
    43   2.93407   1.06818   1.04360    1198   15
    44   3.67295   2.49508   3.69371    1031   12
    45   6.27666   0.70548   4.19943    1266   16
    46   4.37379   1.10326   2.45696    1251   14
    47   4.50522   1.57481   0.78784    2240   19
    48   2.35397   0.96341   2.07491     712   11
    49   6.20801   1.66287   4.35572     699   11
    50   4.74557   1.97553   2.13988    1694   19
    51   1.80419   1.05302   0.93816     431   10
    52   1.13769   1.97334   5.38465     769   16
    53   3.77854   2.09057   3.54743     378   11
    54   2.41394   2.27621   0.45200     910   14
    55   1.96640   1.06824   0.16451    1144   14
    56   4.30047   1.17132   3.99911     715   14
    57   1.89081   1.79880   3.02390     967   14
    58   2.14707   0.71723   2.54148    1210   14
    59   1.08706   1.91460   0.37359     395    9
    60   5.84993   1.78921   4.15099     961   13
    61   3.58093   0.07064   3.96057    2373   24
    62   2.83173   2.29677   1.24639    1228   16
    63   5.79197   1.34479   5.89762    2026   19
    64   5.03248   2.60792   4.46129    1138   14
    65   3.59802   1.78923   3.62152    1058   17
    66   3.34589   1.32648   2.25181     581   11
    67   1.40220   1.27992   4.65920    1110   14
    68   2.99163   2.41055   1.98682     844   15
    69   4.30630   1.15255   0.89796    1479   16
    70   2.98683   2.43201   5.15961     553   12
    71   3.06518   2.36519   3.69027    1263   16
    72   2.24453   0.62960   6.11743    1480   17
    73   5.52785   2.24732   3.98452    1655   21
    74   3.23655   2.23019   0.09303    2366   21
    75   1.12389   2.01516   3.73818    1810   19
    76   0.10978   1.48594   0.63455     831   16
    77   1.13234   2.04100   2.21811     670   12
    78   0.28297   1.18875   1.77087     901   14
    79   2.29794   2.36907   3.13335    1007   14
    80   5.03248   2.60792   4.46129    1241   17
    81   1.32061   2.14246   5.80704    1270   14
    82   0.50059   1.87368   4.38638     587   11
    83   2.10109   0.76088   4.68300     662    9
    84   5.60107   2.11011   5.89103     974   11
    85   3.00033   1.56752   5.86043    1345   19
    86   2.39657   0.96820   0.48592    2064   19
    87   6.00294   1.08738   2.58687    1607   14
    88   5.00378   1.90142   2.46304     774   15
    89   4.83485   2.71075   5.89324    1658   16
    90   1.74521   2.83971   5.42454    1109   13
    91   0.00114   0.73533   4.06602     754   12
    92   0.37445   1.84326   4.27725    1061   13
    93   5.68599   2.19933   2.73858     571   12
    94   1.14448   2.51702   5.29710    1374   13
    95   1.08531   1.86911   3.82378     608   10
    96   3.19519   0.95079   0.74684    1176   17
    97   4.28291   1.22651   4.00176    1325   17
    98   2.14702   2.64755   3.95194    1689   17
    99   3.77854   2.09057   3.54743     869   11
   100   0.75634   1.96645   3.26494     434    7
   101   0.15414   0.76194   0.78656    1095   17
   102   5.37740   2.09523   4.11030    1295   13
   103   4.79243   1.03683   5.59609     733   11
   104   0.20153   1.93714   0.40353    1371   19
   105   2.44597   0.91308   5.05905     606   12
   106   3.67217   1.65623   0.30547    2386   20
   107   2.40273   1.00640   3.64316    1517   16
   108   1.06211   1.85630   2.22038    1236   15
   109   2.37059   1.44407   5.83620     840   12
   110   6.25788   0.78611   2.52745     410    8
   111   5.80756   1.84250   6.04123     858   12
   112   3.69146   0.31839   3.01619     584   10
   113   1.57053   1.42295   3.04528     741   12
   114   3.13416   2.23656   0.46620     350    9
   115   0.89383   0.77095   2.21406    1422   14
   116   3.66017   2.40734   4.43105     988   14
   117   4.06131   1.33183   6.02410     741   12
   118   0.93880   1.97185   0.03322    1487   17
   119   1.76833   0.10186   2.07837    1058   12
   120   2.45471   1.02830   5.09476    1126   15
   121   4.56359   2.20422   1.06081    1199   15
   122   4.28120   1.19683   0.92656    1709   16
   123   1.67940   1.10386   2.36417     687   10
   124   2.23414   2.47451   6.27871    1541   16
   125   5.95629   2.33319   5.40101     899   12
   126   1.08625   1.90696   5.41205    1755   16
   127   0.04335   0.70215   4.12500     391   12
   128   3.17163   2.45243   2.21969     586   11
   129   0.46846   1.17499   3.12143    1167   15
   130   2.23631   0.91629   3.53298    1434   20
   131   4.14583   1.06598   5.62016    1341   14
   132   2.29226   0.93810   5.11944    1084   13
   133   5.62840   2.10357   1.13768     428   10
   134   3.05682   2.43853   5.28557     468    9
   135   1.02278   2.08334   0.61287     441    9
   136   3.19122   1.76147   4.47307     687   11
   137   5.84993   1.78921   4.15099     532    9
   138   6.08706   0.53006   5.80276     568   13
   139   2.10387   1.51442   0.40439    2577   20
   140   0.18096   1.65005   4.23831     471    9
   141   0.99934   1.94629   2.19927    1096   14
   142   1.08189   2.03519   2.18459    1478   15
   143   0.04306   0.79538   4.13200    3043   26
   144   3.47987   2.95145   3.96290    1339   15
   145   3.37168   2.61763   4.41968     697   13
   146   4.16071   0.38404   3.09109    1213   15
   147   4.82621   1.90981   5.78987     856   11
   148   5.94900   0.67473   2.40136    1485   16
   149   6.18942   1.02856   0.02868     963   13
   150   1.02016   1.47607   0.50736    1890   16
   151   2.36970   1.50648   6.01197    1591   18
   152   5.29640   2.00304   5.82604     944   13
   153   3.10906   1.25175   0.98921     787   11
   154   3.72314   2.98199   4.75917     838   14
   155   0.46846   1.17499   3.12143     382    8
   156   4.30680   1.12087   2.59008     424    9
   157   1.20911   1.93119   2.28131     630   12
   158   3.18331   2.43401   3.75563     791   12
   159   3.93263   0.90532   6.14040    1838   20
   160   3.87604   2.18822   2.94945    2582   21
   161   5.68599   2.19933   2.73858     456    8
   162   1.50458   2.72511   2.36839    1383   20
   163   0.05704   2.14040   4.20984    1130   13
   164   4.05584   0.75006   3.08382     695    9
   165   3.14367   2.35933   3.77757     701   14
   166   5.45335   1.45418   5.22261    1541   16
   167   3.05620   1.21376   4.27922     568   12
   168   2.23637   0.92753   5.19323     926   16
   169   3.70042   2.56924   0.69715    2336   20
   170   5.49084   0.96808   0.12696    2269   20
   171   2.46329   1.05229   5.11417    1822   17
   172   4.13508   1.17425   5.58558    1872   19
   173   3.19356   2.34361   2.14200    1070   16
   174   2.25855   2.03172   4.15171    3037   21
   175   5.28680   2.31657   1.04081    3474   23
   176   5.40055   2.22281   2.67601    3321   23
   177   2.25269   1.91696   1.04965     950   13
   178   5.68599   2.19933   2.73858     886   14
   179   2.96814   1.65395   5.28024     670   11
   180   5.51627   2.29009   5.96252     823   14
   181   3.11959   0.71726   0.58379     758   12
   182   2.72553   2.04856   4.56134     804   12
   183   0.08574   0.79135   5.59070     554   11
   184   0.71566   2.15517   3.88155     267    7
   185   5.12863   2.29680   3.30869     781   14
   186   0.96328   1.90894   5.25589     291   10
   187   1.11327   2.00700   2.12358     776   13
   188   2.27517   0.94144   0.19320     602   11
   189   1.21124   1.90820   2.20769     622   13
   190   2.44677   0.93852   3.75009     670   11
   191   3.21262   2.42036   2.21311     764   14
   192   2.37437   1.39755   2.79976    2183   19
   193   6.15774   0.64925   4.15142    1012   12
   194   3.25404   1.61549   5.04808     605   13
   195   4.07000   2.00627   2.96683     518   10
   196   4.07958   0.96691   5.32481     649   12
   197   2.02975   0.97027   2.87884     730   11
   198   3.22625   2.12232   2.97326    1696   15
   199   2.98555   1.94751   0.35384     976   15
   200   1.94643   2.21622   5.13435    1367   13
   201   3.42325   2.72831   6.16502     551   13
   202   4.97421   2.85055   2.34665    1504   16
   203   6.24183   0.64664   1.00701    1216   16
   204   1.90678   1.74555   2.26092     665   14
   205   3.98954   1.69209   2.50646     805   12
   206   3.80964   0.40924   4.34484    1206   16
   207   0.15908   0.96693   5.64435     327    8
   208   2.35009   2.10307   3.77774     569   10
   209   5.53163   2.20529   2.69641     956   14
   210   2.26683   0.95039   5.25156    2234   21
   211   6.11403   2.08616   3.49868     325   10
   212   2.52856   1.01073   1.97054     442   13
   213   1.76692   2.62071   0.45792     988   14
   214   5.22868   1.50754   1.21920     652   12
   215   6.15774   0.64925   4.15142     733    8
   216   5.39785   2.06339   0.13492     402   11
   217   0.88765   1.51929   1.78755    1321   20
   218   4.28797   1.12818   0.99726    1262   15
   219   2.76224   1.45137   3.62303    1498   16
   220   4.19834   1.28980   0.90311     569   11
   221   5.84993   1.78921   4.15099     339    8
   222   4.34940   1.11595   1.01421     808   13
   223   4.24712   1.09328   4.09337     844   14
   224   3.84296   1.62790   2.52110    3072   23
   225   2.38666   2.21719   5.33690    1131   15
   226   0.15908   0.96693   5.64435    1660   19
   227   5.09684   2.61544   0.49563    2626   22
   228   5.94900   0.67473   2.40136     953   16
   229   1.07031   1.15085   1.01754     802   12
   230   2.93929   2.38855   0.44133    1727   16
   231   3.38244   1.90822   3.67101     586   12
   232   3.37168   2.61763   4.41968     330   10
   233   3.13744   1.35731   4.28065    1028   16