     1   0.00000   0.00000   0.00000       0    0
     2   0.74339   1.47786   4.72781    3278   22
     3   3.78044   1.61824   6.21060    1291   19
     4   5.47910   1.57374   6.14408    1153   16
     5   0.99709   0.03421   1.25057    2095   21
     6   4.34310   3.06983   0.54697    1260   15
     7   0.11681   0.03639   3.63500     908   15
     8   5.44963   1.46432   1.56448     616   12
     9   2.22029   1.54635   0.02056    1425   18
    10   4.96875   3.02621   4.31216    2479   19
    11   0.56385   0.04994   4.77262    1279   13
    12   3.39275   3.04272   4.18828    1334   17
    13   4.29800   3.00055   2.00542     451    9
    14   3.84543   2.96533   4.73194    1167   15
    15   5.42691   1.51760   3.12118     450   10
    16   3.86111   1.45078   3.18812     932   14
    17   3.78257   1.50575   4.70431    1066   14
    18   3.88636   1.53055   3.21424     498   10
    19   3.91794   1.51417   4.71356     385    9
    20   0.81291   0.15081   4.57441    2101   21
    21   3.80735   1.46606   1.60628    1052   18
    22   3.85198   1.44113   4.68991     484   12
    23   2.01053   0.06012   1.87358     313    8
    24   5.54111   3.10762   0.13069     494   11
    25   5.90841   3.03120   0.56527    1478   17
    26   0.65691   1.73389   4.67838    1075   15
    27   5.36636   1.45545   4.56916     566   13
    28   0.72073   1.50074   4.66026    1125   15
    29   0.76503   1.63456   3.15806     560   11
    30   2.35480   1.52781   1.50630     994   14
    31   3.91696   1.55725   4.73603    1691   19
    32   5.42428   1.46746   6.18492    1743   19
    33   0.97247   0.17424   6.07982    1214   17
    34   0.63719   1.61638   3.09731     428    9
    35   5.43194   1.53258   1.53210     851   11
    36   5.65410   0.09582   6.09056     610   11
    37   3.81838   1.61492   4.68049    1240   15
    38   5.47791   1.55523   6.22785    2356   20
    39   3.78044   1.61824   6.21060     834   11
    40   5.43006   1.47296   6.24485    1144   12
    41   2.78492   0.08798   5.84031    1459   17
    42   1.83342   3.05957   1.11028    1272   16
    43   3.90873   1.50639   0.07316    2266   17
    44   2.31069   1.55077   6.22689     658   13
    45   3.91436   1.40828   3.13423     684   10
    46   5.41557   1.54113   1.49218    1245   14
    47   0.00000   0.00000   0.00000     388   11
    48   0.63697   1.67091   4.74788    2692   21
    49   0.60164   0.13680   1.63723     530   10
    50   2.29153   1.48760   1.67279     859   14
    51   5.36636   1.45545   4.56916    1140   19
    52   1.76385   0.07590   2.08430     649   11
    53   3.86498   1.61221   3.09917    1731   16
    54   2.01792   3.05563   6.06476     426   11
    55   5.42140   1.54575   1.52601    1020   18
    56   0.62913   1.62244   3.04146    2057   16
    57   0.72538   1.54037   1.60224     654   11
    58   4.53495   0.06443   5.65777    2328   19
    59   1.91569   0.08509   0.41218     983   14
    60   0.65738   1.58002   0.08168     850   12
    61   6.20999   0.17294   0.69010     766   14
    62   2.24159   1.58938   6.27704     646   13
    63   0.70341   1.55075   1.43758     695   13
    64   5.37915   1.61966   0.02665    1456   16
    65   3.84543   2.96533   4.73194     223    8
    66   5.49638   1.66930   4.68497     817   12
    67   3.30590   3.01200   1.05634    1692   17
    68   5.37306   1.46532   4.63115     561   12
    69   2.27148   1.58496   1.75212     735   12
    70   2.18511   1.50135   6.25137     867   14
    71   0.62975   1.68268   1.42959     757   16
    72   2.76192   0.05253   2.65769    1761   17
    73   1.72127   0.12335   5.23630     921   16
    74   2.29157   1.56482   6.27990    2104   19
    75   3.76575   1.53930   3.16672    1393   20
    76   5.46413   1.49646   3.01042     906   13
    77   3.82796   1.48025   3.27324     470   12
    78   0.77283   1.71811   4.61394    1012   16
    79   5.42612   1.45244   4.59503    1485   17
    80   4.94521   3.04614   4.20900     873   14
    81   0.76103   1.73041   3.13187     577   10
    82   2.27928   1.66328   1.63816    1583   17
    83   0.99260   0.02584   2.77824     829   13
    84   3.91016   1.55065   3.30674    3296   26
    85   3.99229   2.98321   3.31596    1300   17
    86   3.86806   1.51909   3.26319     496    9
    87   6.24200   0.08365   3.96863     592   11
    88   5.37915   1.61966   0.02665     886   13
    89   1.63838   0.16208   0.68580    1862   16
    90   3.87843   1.63751   3.12920    1649   17
    91   3.51041   0.06952   1.95334    2375   21
    92   5.42135   1.61659   4.61239    1520   16
    93   3.82081   1.39855   3.13048    1823   18
    94   5.32608   1.53185   4.67493     871   12
    95   5.46284   1.58108   1.40234    1331   16
    96   0.66432   1.53903   6.20013    1321   13
    97   0.75661   1.63415   3.13813    1131   17
    98   2.24348   1.48385   4.70927     440   10
    99   5.58774   0.09698   1.36658     520   12
   100   0.75647   1.66210   1.58199     914   14
   101   0.60562   1.64607   3.00289     890   16
   102   2.57069   0.14367   4.48234     467    9
   103   2.46324   0.08965   3.01624     646   12
   104   3.82806   1.49447   1.68028    1663   17
   105   5.40164   1.63180   1.42083     863   11
   106   0.68111   1.65484   3.07537     846   14
   107   5.45472   1.62780   6.25856    1742   16
   108   2.32213   1.53174   0.12522     652   13
   109   2.34975   1.59727   4.77354     707   16
   110   3.57849   3.02882   5.93446    1254   17
   111   0.64508   0.04133   0.11847    1584   18
   112   0.64978   1.75624   1.54615     510   12
   113   5.37487   1.60304   1.44261     907   12
   114   3.86143   1.49779   4.81793    1182   16
   115   5.01966   3.00730   2.83524     891   10
   116   0.69897   1.52589   3.10611    1739   17
   117   5.34608   1.42391   1.59507    1329   15
   118   0.77620   1.61333   1.65525    1748   16
   119   0.95012   0.12972   6.05343     771   13
   120   2.28565   1.67514   0.04311    1183   14
   121   2.24591   1.60354   0.04396    1406   18
   122   5.47093   1.55130   1.40650     522   11
   123   0.74423   1.67684   4.61286    1289   17
   124   3.81286   1.43024   4.73289     438   11
   125   5.44615   1.66537   6.18214     415   11
   126   3.77135   1.49008   3.16113     808   12
   127   4.26478   2.90667   1.97384     904   15
   128   0.72415   1.67832   3.01459    1052   14
   129   0.66876   1.63501   1.48943     631   11
   130   3.82681   1.38662   1.67871     459   12
   131   5.36211   1.49522   6.20036    2383   23
   132   3.12253   0.06971   3.94520     862   14
   133   0.71127   1.47953   1.62087     859   14
   134   0.65851   1.60694   3.01659    2061   17
   135   3.53910   2.97166   5.96268    3410   21
   136   0.35560   3.07705   4.40825     666    8
   137   2.18938   1.56159   3.21088     581   10
   138   0.64011   1.62526   4.72502    1143   15
   139   5.45211   1.67449   6.20776    1124   14
   140   1.30958   3.08493   0.55404    1249   16
   141   5.46797   1.49418   1.51969    2028   18
   142   3.90897   1.61985   6.23948    1043   15
   143   5.37915   1.61966   0.02665    1156   14
   144   5.28123   2.96902   4.63714    1918   25
   145   0.74416   1.65458   4.74934    1828   19
   146   3.83935   1.53402   4.82300     674   11
   147   2.34833   1.55158   6.24939     805   11
   148   2.32644   1.71188   3.18692     414    9
   149   0.77471   1.56139   4.68321    1303   14
   150   5.59824   0.02993   4.56390     913   13
   151   1.64085   0.10566   5.28030    1433   14
   152   2.18593   0.11305   4.81166     826   14
   153   3.81286   1.43024   4.73289    1219   13
   154   0.66287   1.54035   2.99079    1137   15
   155   2.33503   1.59645   4.87417     805   15
   156   2.10397   0.16813   4.95303    1654   20
   157   1.07797   3.06603   5.07141     687   13
   158   3.90572   1.47175   0.10114    1401   14
   159   5.67426   3.04614   1.79350    1431   16
   160   5.48062   1.67251   1.51301    1424   16
   161   0.74353   1.69786   0.14076    1578   16
   162   5.48684   1.65623   4.70709     563   12
   163   0.77411   1.60883   1.50746    1022   14
   164   0.33258   0.05794   5.15149     909   14
   165   3.78512   1.57095   4.62981    1058   14
   166   2.33713   1.70239   4.70127     624   10
   167   1.05095   0.12475   2.74361    2309   15
   168   2.34418   1.68732   4.78915     627   12
   169   4.75260   3.09669   2.56974    1405   17
   170   2.22779   1.61797   1.53857     764   10
   171   1.02728   0.20874   2.76149     529   10
   172   0.72196   1.61601   6.25580     951   15
   173   0.73796   1.66164   4.79526    1702   22
   174   2.18946   1.56905   4.75648     781   10
   175   1.58152   0.16874   5.40370    1090   15
   176   3.89861   1.50542   4.74039     981   12
   177   1.09917   0.19387   1.24606    1211   15
   178   1.96235   0.05907   1.88837    1984   20
   179   3.67701   2.99322   2.91076     987   16
   180   0.74919   1.60353   6.15343    1380   17
   181   0.78417   1.52224   1.54391    2664   19
   182   4.42055   2.99513   5.29205     655   11
   183   2.33823   1.45758   0.08088    1494   19
   184   2.23349   1.57781   0.00669    1626   15
   185   0.75338   1.64614   4.63757     258    9
   186   2.23623   1.54548   1.69543    1136   16
   187   2.23349   1.57781   0.00669     484    9
   188   1.84527   0.16893   5.09624    3257   21
   189   3.75298   1.41892   6.26961     658   10
   190   0.47717   3.06032   2.90516     535    9
   191   4.33190   3.04051   5.18461     743   13
   192   5.37915   1.61966   0.02665    1351   11
   193   5.38218   1.49111   3.15462     651   11
   194   3.82138   1.51270   1.70567    2150   20
   195   2.31287   1.69258   3.25512     785   14
   196   3.85198   1.44113   4.68991     446    9
   197   5.45310   1.57651   6.23251     867   14
   198   2.24891   1.55348   0.11384    1062   14
   199   3.75442   1.59692   4.65723    1164   16
   200   2.49307   0.03571   6.08798     822   12
   201   0.00000   0.00000   0.00000    1452   17
   202   0.63073   1.61328   4.54776    1228   16
   203   0.66365   1.59054   3.10997    1591   19
   204   3.90572   1.47175   0.10114     726   15
   205   6.22711   3.05323   2.32061     982   13
   206   2.30734   1.54081   3.28381     592   11
   207   2.31085   1.57638   1.60603    1350   16
   208   3.33858   2.98157   4.24993     592    9
   209   2.32583   1.54195   6.20985     622   11
   210   0.57220   0.07546   4.83075     812   12
   211   4.83227   3.02158   5.77485     684   13
   212   5.25232   3.11459   4.58570    1018   16
   213   3.91938   1.54157   0.06553     697   12
   214   2.01792   3.05563   6.06476    2228   21
   215   2.30570   1.58912   4.82074     477   11
   216   0.31978   3.06178   1.16796     495   11
   217   0.77594   1.70238   3.22557    1545   14
   218   2.29178   1.66075   1.74676     584   12
   219   2.30276   1.52408   1.72475    1237   16
   220   5.05678   0.07165   3.42424     777   13
   221   2.18593   0.11305   4.81166     455   11
   222   4.32915   2.95976   3.69471    1118   14
   223   4.57768   3.04848   0.69634    1034   13
   224   2.24320   1.49634   1.57970    1286   15
   225   3.82028   1.46187   1.62010     782   13
   226   5.46901   1.63171   4.63056    4553   26
   227   0.69221   1.70923   6.26850    1940   20
   228   4.63624   3.04019   3.90636     600    9
   229   1.67007   0.10860   5.23140    1950   16
   230   3.90293   1.43590   4.68579    1772   22