     1   0.00000   0.00000   0.00000       0    0
     2   2.64053   0.04900   0.28346     480   11
     3   4.56304   1.52554   4.67243     392    9
     4   1.34556   1.54670   4.81179    1157   12
     5   0.67480   0.05373   0.67750    1687   18
     6   6.22018   1.52908   4.74252     707   12
     7   6.17579   1.64986   1.59453     513    9
     8   2.91552   1.58145   1.64491    1103   16
     9   2.97893   1.61231   0.04626    1283   14
    10   6.27733   0.08815   4.49043     598   10
    11   1.40584   1.70152   6.26112     317    9
    12   4.61970   1.62607   1.49798     642   12
    13   2.64053   0.04900   0.28346     408    8
    14   4.45659   1.46584   6.27295    1405   15
    15   1.43326   1.62798   6.26711    1968   19
    16   3.05092   1.43995   1.73735    3494   22
    17   6.19369   1.58170   1.40866    1202   17
    18   5.51789   0.12646   5.41523    2448   18
    19   1.44920   1.62111   4.77825     629   12
    20   6.15162   1.60500   4.59461     949   14
    21   4.59934   1.41326   4.65468     355    8
    22   4.61448   1.56733   4.75022     659   12
    23   3.13627   3.04961   3.22246    4972   24
    24   2.92343   1.48711   4.64462    2313   17
    25   5.97644   0.16926   4.86050     381   10
    26   0.38719   0.07839   1.13947     504   10
    27   6.23242   1.63115   3.03996     412    7
    28   3.37718   3.09011   0.47064     348    9
    29   6.27733   0.08815   4.49043     481   12
    30   4.48505   1.50477   4.58109    1713   13
    31   3.01798   1.50899   4.72458     427   10
    32   4.61448   1.56733   4.75022     592   10
    33   0.81178   0.15423   3.79654    3039   19
    34   1.40584   1.70152   6.26112     941   13
    35   2.87991   1.48748   1.72281     826   15
    36   1.52260   1.55918   1.57479    1163   11
    37   3.58401   3.13321   0.44772    1061   15
    38   5.07469   0.08299   1.02175     350   10
    39   2.88525   1.59735   1.69892     549    9
    40   2.19260   0.11297   0.70978    1262   11
    41   4.39904   3.05480   2.92124    3068   20
    42   1.90673   0.14794   4.25411    1210   14
    43   4.58186   1.51135   3.03798    2161   14
    44   1.47866   1.58980   6.26804     547    9
    45   3.04145   1.58783   3.30717     890   13
    46   1.34406   0.15113   1.65627     517   12
    47   4.64247   1.52644   4.68684     932   18
    48   4.56581   1.50960   4.70137     813   12
    49   4.86580   0.07502   2.94296     899   14
    50   3.04602   1.42925   1.49293    1283   16
    51   1.42412   1.52014   4.79127     459   10
    52   4.09354   2.97920   2.73537     754    9
    53   3.68833   2.98392   3.90811     842   12
    54   3.04145   1.58783   3.30717     356    8
    55   1.61895   0.05822   6.04391     740   10
    56   6.02578   1.57343   6.27565     931   16
    57   4.65490   1.60618   4.62597     901   14
    58   1.42312   1.74906   0.12154     473   11
    59   3.11488   1.45482   0.08002    1384   14
    60   6.11377   1.56458   2.98446    2672   18
    61   6.20340   1.62831   3.18469    1308   16
    62   2.91874   1.44770   1.58884    4291   22
    63   5.64175   0.13673   5.12726     456   10
    64   1.43326   1.62798   6.26711    1361   16
    65   5.94204   3.08160   2.81153    1809   15
    66   6.16102   1.71432   4.74375     652   10
    67   4.51890   1.56999   4.78347     707   12
    68   4.54664   1.54075   6.16866    1783   18
    69   6.13022   1.58114   4.71859     354    9
    70   1.53584   1.73898   1.67276     516    9
    71   5.14703   3.01828   2.00771     868   10
    72   0.87434   0.20275   3.59148    2465   19
    73   1.44605   1.55006   3.12508     423   10
    74   3.10589   1.54481   3.16193     397   11
    75   1.02602   0.15311   5.07596    4916   24
    76   1.33145   0.06973   4.91772    1101   14
    77   1.19866   0.15316   0.19009     357   11
    78   6.26454   1.66932   4.58314    3942   21
    79   1.57782   1.71620   0.15816    3428   19
    80   6.22678   1.55904   1.58793     724   14
    81   3.91693   2.90427   0.81350     707   12
    82   4.50174   1.43122   1.54310    4504   27
    83   6.27623   0.07083   4.55136     852   13
    84   3.04659   1.41716   1.56201    1519   19
    85   6.20039   1.65394   3.08018     870   14
    86   3.04145   1.58783   3.30717     332    9
    87   6.07317   1.51416   6.18581    2410   22
    88   4.49440   1.63568   3.03854    1274   16
    89   4.31180   3.00782   6.00497    1464   16
    90   4.63883   1.50252   1.50897     986   12
    91   2.88525   1.59735   1.69892     741   10
    92   4.66785   1.51805   1.48361    4134   19
    93   0.84399   0.05789   0.56110    2901   21
    94   4.53840   1.41674   4.67173    2003   18
    95   0.82485   0.14719   2.17549     426    9
    96   1.98548   0.05347   4.12338    1366   13
    97   4.60461   1.41843   0.00246     710   12
    98   4.57059   1.49708   6.22452    2209   16
    99   0.73819   0.11348   5.35433    1749   14
   100   1.42262   1.65132   1.59521    1472   15
   101   3.00097   1.45336   3.29370     312    8
   102   1.48716   1.68287   4.87979     829   12
   103   2.88525   1.59735   1.69892     560   10
   104   4.12200   0.07515   5.25562    1022   12
   105   4.56844   1.64607   4.74993     940   13
   106   2.97328   1.51126   0.15544    3801   21
   107   2.91262   1.46078   4.76428    1443   15
   108   3.12227   1.54534   4.76448     821   13
   109   4.25348   2.97189   5.87326    2954   22
   110   4.50452   1.41945   3.07269    1012   13
   111   6.25979   1.64365   3.18936    1641   16
   112   1.38056   0.03952   0.05866     594    8
   113   4.65490   1.60618   4.62597     500   11
   114   4.69935   1.50470   3.21609     518    9
   115   2.83206   3.11552   1.32262    1484   12
   116   6.22346   1.58414   4.69529     482   10
   117   1.19866   0.15316   0.19009    2049   16
   118   6.17028   1.62236   0.03313    1924   18
   119   4.68673   1.64096   6.13224    2135   19
   120   4.61448   1.56733   4.75022     955   16
   121   5.63116   0.08019   3.70649    2267   16
   122   1.43661   1.73950   1.54165    1823   17
   123   6.14426   1.54868   2.99064     743   10
   124   2.97965   1.66045   0.12156    1360   16
   125   3.02174   1.65522   3.18784    1058   13
   126   1.39719   1.67520   0.14744    1324   14
   127   4.61448   1.56733   4.75022     832   15
   128   5.19556   3.06959   3.80595     606   10
   129   4.55746   1.52685   4.65438    2397   21
   130   5.11409   3.03898   3.73001    1061   16
   131   6.03804   1.56247   6.12387     864   13
   132   3.93489   3.06378   0.95786    1063   15
   133   0.58773   0.20183   4.03141     582   10
   134   2.96332   1.56103   4.72538    4866   22
   135   3.91541   2.92673   5.72788     614   12
   136   4.65490   1.60618   4.62597    1228   13
   137   1.40584   1.70152   6.26112    4713   26
   138   3.04145   1.58783   3.30717     436   11
   139   1.42348   3.07340   3.15044     571    9
   140   4.55279   1.49816   2.98893    2962   22
   141   1.40584   1.70152   6.26112     650   10
   142   6.13320   1.64081   3.18222    2782   21
   143   1.74336   0.04069   4.43137     547   12
   144   2.88525   1.59735   1.69892    2407   20
   145   6.06825   1.54927   3.11295     771   11
   146   6.07117   1.59549   1.49602     469    9
   147   6.09254   0.12182   4.84491    1865   14
   148   6.17768   1.66835   3.19413    2815   18
   149   3.93489   3.06378   0.95786     386    8
   150   3.56608   2.99448   5.37298    2262   18
   151   1.72722   3.06504   1.79310    3119   21
   152   1.47781   1.67946   1.72955     710   11
   153   4.50736   1.50295   3.20982    1706   18
   154   4.56808   1.56736   3.11228    4772   24
   155   6.16028   1.65284   3.08521    1409   16
   156   6.27733   0.08815   4.49043     382   10
   157   2.99477   1.42827   3.15655     975   10
   158   1.38704   1.68119   0.01645    2955   18
   159   4.79337   0.08284   6.08174    3536   19
   160   2.99219   1.40338   4.73159    1154   14
   161   4.60461   1.41843   0.00246    1828   15
   162   6.19462   1.58734   4.63068    1354   14
   163   6.17579   1.64986   1.59453     259    8
   164   4.96861   2.97238   3.55991     874   12
   165   6.23003   1.60874   3.04040    4098   24
   166   1.35618   1.64649   4.76415     464    8
   167   6.25471   1.74012   4.68423    1105   16
   168   1.41626   1.58891   4.79051     559   13
   169   1.46074   1.68752   1.55969    1159   14
   170   4.62353   1.52556   1.50760    2628   22
   171   6.16796   1.65288   1.49084     478    9
   172   4.33028   3.06807   4.46586     649   11
   173   1.39112   0.13908   0.10412    1538   18
   174   1.64118   0.11224   1.48120     372   10
   175   4.61448   1.56733   4.75022     580    8
   176   1.32508   1.72553   6.21503    5393   27
   177   3.00675   1.55162   4.84451    1406   17
   178   3.12728   1.57271   1.73796     873   12
   179   6.21739   1.49800   1.54463     676   12
   180   4.60876   1.54316   3.09998     256    7
   181   2.89155   3.07870   2.91984    1612   14
   182   1.33961   1.60317   3.05180    2365   18
   183   6.09190   1.68872   1.48822    2238   21
   184   6.17579   1.64986   1.59453    2544   16
   185   3.00097   1.45336   3.29370    3769   24