     1   0.00000   0.00000   0.00000       0    0
     2   4.71393   3.06536   4.71627    1201   12
     3   0.36792   0.18561   2.64719    2428   18
     4   6.05203   1.57836   6.23606     502   11
     5   6.27798   1.55932   6.22401     406   11
     6   6.06064   1.65163   0.04466    2069   20
     7   4.46691   1.41672   3.21032    1313   15
     8   1.51966   1.60614   0.16537    1776   15
     9   3.11270   1.46376   0.05129    1235   16
    10   2.17317   0.06091   2.35363     373   11
    11   0.21689   0.06770   1.10981    2639   18
    12   0.84460   0.05943   3.77715     880   13
    13   1.52479   1.70263   4.77942     312    9
    14   0.98418   0.11162   3.56004    1130   15
    15   2.91849   1.59149   0.09691     315    9
    16   4.67775   1.48536   0.06829    1711   17
    17   4.67752   1.53041   6.23606     646   12
    18   2.91664   1.56124   1.52908     624    8
    19   6.01038   0.01840   1.79590     950   10
    20   1.35323   1.56188   0.01816     862   15
    21   4.71316   1.54689   6.21727     543   12
    22   4.56592   1.43319   2.97906    2304   18
    23   6.12059   1.50952   0.03207    1604   18
    24   2.88933   1.65020   1.67905    2604   22
    25   6.26393   1.57394   3.16465     622   14
    26   6.02322   1.72168   6.20452     472   10
    27   3.11118   1.55068   0.06629     985   11
    28   3.09033   1.61266   3.20244     616   14
    29   6.25955   1.58130   3.16296     952   12
    30   3.49260   3.02277   2.02503     493   10
    31   6.03348   1.59498   4.72875    1035   16
    32   1.36649   0.10317   1.66708    1801   15
    33   5.15077   0.09834   0.98344    1235   14
    34   1.68183   3.07230   3.45039    1438   14
    35   1.39449   1.63178   1.48627    2442   19
    36   4.61245   2.98249   0.00566     521   11
    37   4.61092   1.48020   3.04814    1667   16
    38   1.44732   1.58058   3.20091    1480   15
    39   3.94560   3.05426   1.00246    1310   16
    40   0.09330   0.12147   5.97143    1412   14
    41   1.35275   1.65233   6.26530     742   10
    42   3.45777   2.98848   3.50672    3441   19
    43   2.88933   1.65020   1.67905    1290   15
    44   3.08453   1.53759   4.88261    1670   14
    45   1.56891   1.60198   3.22125     984   15
    46   0.98418   0.11162   3.56004    1016   14
    47   3.04673   1.45617   0.08884     924   11
    48   1.36592   1.66481   1.64154    2235   17
    49   6.12772   1.53963   4.69347    1123   13
    50   0.98418   0.11162   3.56004    2231   17
    51   4.51469   1.58071   6.16324    1767   16
    52   6.13266   1.54333   1.65654     953   13
    53   1.50725   1.65731   0.09665    1233   15
    54   0.98418   0.11162   3.56004    1924   19
    55   4.47511   1.51334   6.24749    1684   19
    56   2.88477   1.44692   3.24260    3951   19
    57   3.04228   1.49252   6.21325    2484   18
    58   1.46293   1.57671   3.07657    1331   14
    59   1.91506   3.09447   3.57336    3341   18
    60   5.44370   0.04195   5.41701     791   10
    61   1.40569   1.60959   4.74281     397    8
    62   1.00858   3.05995   2.83714     479    9
    63   0.98418   0.11162   3.56004     645   11
    64   2.15601   0.05839   0.79384    1496   17
    65   1.52479   1.70263   4.77942     314    7
    66   4.45520   1.60879   3.00208     743   10
    67   4.65359   1.51851   4.59669     851   13
    68   1.40725   1.58073   4.75744    1356   13
    69   5.48395   3.03775   5.64980     656   10
    70   4.50962   1.58311   1.53358     533   11
    71   6.26516   1.57317   1.40315     495   12
    72   1.52479   1.70263   4.77942     494   11
    73   4.69333   1.56096   0.04389    2462   17
    74   4.69914   1.57289   0.08056     451   10
    75   1.47776   1.55020   3.30015    1521   16
    76   4.55396   1.56725   3.07547     739   14
    77   2.17317   0.06091   2.35363    2395   15
    78   6.22046   1.72078   1.55353    2127   23
    79   4.63136   1.47868   4.70572    1759   16
    80   6.12928   1.57127   0.06374    1027   18
    81   1.57134   1.62988   1.64330     834   14
    82   3.12064   1.46649   0.01252    1105   15
    83   0.98418   0.11162   3.56004     490    9
    84   2.17317   0.06091   2.35363     234    5
    85   4.63136   1.47868   4.70572    1638   18
    86   1.76445   3.10402   3.47607    3177   22
    87   2.88933   1.65020   1.67905     927    9
    88   6.06580   1.70505   3.14544     690   11
    89   6.06132   3.05466   4.62892    1344   13
    90   0.60930   3.09112   3.84422     635   10
    91   4.47649   1.41482   4.70218    4569   22
    92   4.55577   1.52368   4.59797    1934   15
    93   3.11285   1.59153   4.76997     520   12
    94   3.08034   1.61900   0.01923    4276   22
    95   1.49971   1.61336   3.16824    1105   11
    96   0.45220   0.12488   5.80830     591   10
    97   6.25048   0.02222   4.73829    1183   14
    98   1.40247   1.53563   3.22018     972   11
    99   4.96908   3.07763   5.04915    1086   12
   100   3.02931   1.45948   1.53927     796   12
   101   4.50783   1.51579   0.03033    3342   24
   102   2.94849   1.55244   0.09644     530   10
   103   1.35677   1.61604   0.07054    1173   17
   104   6.03650   0.07357   3.34650     575    7
   105   3.04828   1.41657   1.51816     754   15
   106   6.26332   1.71149   0.08203    3232   18
   107   4.71316   1.54689   6.21727     642    9
   108   0.39051   0.09186   4.23147    1611   14
   109   0.76696   0.19989   3.79219    1092   11
   110   2.97436   1.54660   3.30870     678   12
   111   0.65555   0.22711   3.93598     480    9
   112   6.12668   1.61430   1.47112     799   13
   113   6.03694   0.16508   0.00893    1226   12
   114   1.48787   1.51881   1.73972     474    9
   115   4.35485   2.97499   2.94767    4173   21
   116   1.42261   1.70060   1.56948    1203   15
   117   4.51583   1.39560   1.43041    2239   16
   118   1.62615   3.09596   3.30385    4472   22
   119   3.11016   1.55439   1.59382     705   13
   120   3.07013   1.53245   0.14786    1880   14
   121   1.52479   1.70263   4.77942     729   10
   122   1.33810   1.57315   4.82426    2236   17
   123   6.13266   1.54333   1.65654     488    8
   124   1.51966   1.60614   0.16537     794   10
   125   4.55525   3.05975   1.62868    3826   25
   126   6.23029   1.72796   4.63299    3606   25
   127   4.51896   1.62409   1.50558     719   11
   128   1.36970   0.08268   4.76529    4660   28
   129   2.58558   3.04933   5.91378     402   11
   130   0.43701   0.16879   5.80475     369    8
   131   6.02843   1.57717   4.62644     971   12
   132   1.57134   1.62988   1.64330    2000   18
   133   6.23182   1.60549   6.25916    1941   16
   134   6.03348   1.59498   4.72875     671   11
   135   1.44732   1.58058   3.20091    1514   18
   136   3.09307   1.56591   0.13805     771   10
   137   4.57621   1.63796   1.53519     395   10
   138   3.05187   1.50422   1.66209    1518   19
   139   1.57134   1.62988   1.64330    1083   15
   140   6.24299   1.70035   4.79490     511   11
   141   2.90266   1.60897   4.63572    1398   16
   142   4.65864   1.62322   3.05884    1373   15
   143   4.53203   3.02964   1.61818     642   10
   144   1.65490   0.07394   6.00676     735   13
   145   0.61176   0.11370   0.70264    1553   14
   146   1.42410   1.73611   4.82727    1421   17
   147   0.97342   3.05480   5.79236     598   11
   148   1.47848   1.70370   1.61769     917   13
   149   6.24665   1.53497   4.69986    2110   17
   150   3.45457   3.02628   2.04234    2142   20
   151   1.42410   1.73611   4.82727     628   12
   152   3.10845   1.56236   3.31238     723    9
   153   0.79525   0.17082   2.19933     828    9
   154   4.63467   1.52481   3.12706     851   13
   155   0.60756   0.14433   0.89542    4217   25
   156   0.01158   0.12578   6.17033     282   10
   157   2.17317   0.06091   2.35363    3542   23
   158   3.00831   1.46080   1.52374     874   14
   159   1.31742   1.53959   1.59513    1318   12
   160   6.27298   0.04163   3.10340     381   11
   161   2.98830   1.64152   1.58481    2983   18
   162   2.93899   1.39396   6.24017    2837   24
   163   4.71275   1.42768   1.49671    2134   17
   164   1.13335   0.11575   1.75407    2529   21
   165   6.04429   1.66393   4.55300     866   10
   166   3.10447   1.50277   0.12067    3872   20
   167   6.28236   1.50356   1.50346    2116   17
   168   3.06124   1.58365   1.67042    4810   24
   169   1.35351   1.51071   3.11482    1972   17
   170   4.07857   3.06902   1.19262     754   11
   171   1.49137   1.60394   0.06133    1730   15
   172   4.43165   3.09520   6.25843     595   10
   173   4.71393   3.06536   4.71627     713   12
   174   2.99111   1.49833   3.13674    2096   15
   175   6.11280   1.69255   4.65718    3739   30
   176   4.58924   1.40368   3.15393    4816   26
   177   3.13820   1.47218   4.68370     830   11
   178   5.52027   0.11419   0.63990    3017   22
   179   6.25045   1.59478   4.78926     284    7
   180   4.63136   1.47868   4.70572     694   12
   181   2.17317   0.06091   2.35363     671   11