     1   0.00000   0.00000   0.00000       0    0
     2   6.14986   1.20595   3.70106    2423   16
     3   5.93271   1.65641   4.02663    1577   16
     4   3.10924   1.31764   4.55661    1588   16
     5   2.40201   1.64731   1.10138    1878   16
     6   5.55077   2.21077   2.71117     952   11
     7   3.67072   0.95488   1.09508    1206   15
     8   3.73939   1.16231   0.75829    2241   17
     9   3.84284   2.43764   6.08310    1297   16
    10   5.75400   1.67579   5.29500    1169   13
    11   4.37452   1.29324   2.13341    1752   13
    12   3.33819   2.42246   1.65408    1144   12
    13   1.25614   1.06793   2.65267    1077   13
    14   0.31178   1.71464   4.17593    1415   18
    15   1.01853   2.22008   1.82903    1598   16
    16   0.19693   0.79327   1.88970    1010   12
    17   5.41386   1.70643   3.82870    1453   15
    18   3.69012   2.19546   0.53259    1033   14
    19   1.29816   2.36170   3.86065    2004   19
    20   2.66625   1.26865   2.50427    1134   15
    21   4.30405   0.12537   1.83797    1455   19
    22   5.74947   2.05158   2.23787    1005   12
    23   3.67583   2.36061   4.34741     684   11
    24   3.54960   2.01404   3.00779    1442   13
    25   0.93467   1.32474   1.52984     928   11
    26   2.62403   2.28958   0.42424    1232   13
    27   0.98693   0.39905   1.64842    1740   18
    28   4.85215   1.00452   1.97081    1077   14
    29   1.86729   1.58082   5.72715    1423   17
    30   5.16528   2.18216   3.70395    1650   16
    31   3.92944   2.10332   2.40050     892   12
    32   4.61514   2.26367   4.48987    1004   13
    33   1.44794   1.28826   2.56795    1436   14
    34   3.00958   2.15965   4.20277    1129   14
    35   3.77608   2.19115   2.94466     744   12
    36   1.61145   2.14450   2.05861    1807   18
    37   0.21862   1.34523   0.45101    1157   17
    38   6.10669   0.43041   3.95148    1164   13
    39   2.10616   1.02712   5.69493    2164   20
    40   6.17532   2.26859   1.09716    1415   15
    41   1.53617   0.81381   3.44237    1087   16
    42   0.12134   1.43990   4.38784    1401   13
    43   3.08461   1.38591   0.17067    1530   18
    44   4.34212   1.36485   1.78634    1682   16
    45   4.03134   1.71601   3.45891    1277   14
    46   3.91951   1.43061   3.84038    1148   13
    47   3.85795   2.33950   0.09304    1469   19
    48   2.95856   1.10844   3.15110    1678   17
    49   2.90357   1.85736   2.12892    1604   16
    50   5.55076   0.94341   5.76063    1549   16
    51   3.72969   1.43833   1.08130    1423   15
    52   3.59897   1.22615   4.52404    1068   16
    53   4.35169   1.13761   3.37608    1540   18
    54   1.93604   1.89436   5.40753    1132   14
    55   4.70907   2.54344   1.75863    1737   15
    56   2.93187   2.24528   5.44365    1764   18
    57   3.69372   0.93809   2.27503    1351   13
    58   2.94620   0.50664   0.02939    1113   14
    59   5.21733   0.50626   3.03883     886   13
    60   5.77433   2.36517   5.98378    1233   14
    61   4.93313   1.27070   1.81377    1525   16
    62   5.53806   2.08375   0.60522    1530   14
    63   0.54849   0.95266   1.24854    1814   16
    64   2.01708   0.64485   4.49185    1861   16
    65   5.84415   0.80805   4.84685    1167   16
    66   5.45373   1.75495   2.28829    1467   17
    67   2.74465   1.05313   3.32289     874   15
    68   3.61361   0.26630   4.30039    2828   20
    69   2.98280   1.12774   1.88812    1270   16
    70   3.33969   0.75549   3.72705    1358   15
    71   5.10280   1.08693   3.43505    1340   14
    72   5.96142   1.28559   4.75730    1074   13
    73   0.64349   1.07834   0.63987    1685   16
    74   2.03990   1.64239   5.34371     796   10
    75   0.27580   0.03891   4.50220    1156   15
    76   5.13917   2.58787   2.27115    1501   14
    77   4.18703   0.84379   5.39455    1073   15
    78   3.83577   1.03548   2.50298    1321   14
    79   2.33786   2.21541   5.29438    1107   14
    80   2.35646   1.56992   5.52181    1542   16
    81   6.00726   0.85964   2.76321    1502   12
    82   5.16586   1.24581   5.26799    1294   14
    83   1.92564   2.09814   2.99261    1856   18
    84   5.18967   1.54961   0.07023    1254   13
    85   0.47314   0.84049   2.18586    1671   18
    86   0.96967   1.97492   1.52763     959   12
    87   4.37771   1.30927   6.00940     628   10
    88   3.69167   2.21278   0.74405     911   12
    89   1.34305   1.03956   5.89112     715   11
    90   0.10490   2.31874   0.30751    2526   20
    91   5.87621   2.07888   5.36747    1284   12
    92   4.39621   1.90500   1.98943     970   15
    93   2.45103   2.27472   3.56101     782   13
    94   5.73102   2.00340   3.04686    1193   14
    95   4.12898   1.79788   5.97044    1411   18
    96   3.72803   0.88487   0.52798     717    9
    97   2.52398   2.79457   0.47268     974   12
    98   2.32486   1.20476   2.18852    1189   12
    99   5.51568   1.80363   4.52471    1004   13
   100   4.28294   1.31134   2.30330    1031   13
   101   2.45293   0.86712   0.94074    1307   14
   102   4.29394   1.40730   5.47691    1599   18
   103   0.69080   2.28251   0.25016     626   10
   104   1.57907   0.99882   2.65814    1298   12
   105   3.76524   2.05604   5.52667    1717   19
   106   4.18138   1.20700   2.86311    1258   12
   107   0.59403   0.87640   2.51406    2081   18
   108   6.24325   0.92293   5.63620     911   14
   109   0.51419   1.66041   5.20400    1799   15
   110   6.10250   1.22512   2.64947    1074   13
   111   6.26569   2.36667   3.20327     986   11
   112   1.65293   1.37659   1.90828    1369   15
   113   5.62689   0.88948   1.95184    1027   14
   114   3.78725   2.19881   5.43696    1144   14
   115   3.22840   0.52226   3.87761    1063   12
   116   2.31843   2.26538   3.98770    1186   14
   117   5.71039   1.25322   5.23138    3122   21
   118   2.11615   1.18559   1.34709    1347   19
   119   3.85420   1.20649   1.98528    1355   16
   120   2.43503   1.23357   0.26510     895   14
   121   0.29341   0.88016   1.47132    1986   20
   122   3.98194   2.30240   3.60142     582   11
   123   2.35626   2.41680   4.65473    1656   18
   124   0.25120   1.96279   5.29823    1227   15
   125   1.01303   1.88114   4.70583    1144   14
   126   2.37933   1.51570   4.05771    1069   13
   127   4.58263   0.69366   2.38053    1053   14
   128   2.31733   0.04914   1.84334    1633   17
   129   3.99493   2.04893   6.10613     882   10
   130   5.40317   1.65583   4.55404     912   13
   131   0.71654   1.19250   2.47583    1103   12
   132   6.24243   1.13673   0.92411    1720   17
   133   5.60341   1.77213   4.13907    1235   13
   134   1.23991   2.07913   1.63441     835   12
   135   4.87796   0.91343   3.85968    1489   17
   136   1.66328   1.40533   0.98473    1255   14
   137   0.55714   2.50843   5.99696    2025   18
   138   5.70762   0.85823   1.57034    1598   14
   139   0.85453   1.90856   4.08403    1466   17
   140   5.88431   1.40103   0.32385    2121   17
   141   1.67974   2.42287   6.14990    1821   16
   142   1.49087   2.27694   4.90609    2186   18
   143   4.31035   2.47048   4.51724    1191   12
   144   3.32233   1.30478   0.60412    1010   14
   145   3.95263   2.58108   1.52075     907   10
   146   3.39567   1.15508   3.07861    1173   15
   147   4.93324   1.74746   5.05600    1346   16
   148   1.51196   2.19455   4.45342     711   11
   149   0.04270   0.56898   3.23346    2090   18
   150   3.57988   2.47253   5.95547    1076   12
   151   1.57190   1.62633   3.11188     706   12
   152   2.77896   2.33687   3.83677    1105   13
   153   2.14148   0.87125   0.33333    1239   15
   154   1.78361   1.75943   1.04057     811   12
   155   2.58026   2.65677   2.24528    1254   14
   156   3.07267   1.86352   3.09963    1441   16
   157   4.01364   1.51485   0.16298    1335   14
   158   1.23795   1.04287   0.46712     827   11
   159   1.96931   1.21400   1.51699    1216   14
   160   5.64412   1.27905   2.99872     650   11
   161   4.64450   2.49264   3.81977    1558   17
   162   5.39895   1.95254   2.18266     806   13
   163   0.06582   2.48098   4.76664     870   12
   164   4.70224   1.46427   4.88850    1132   14
   165   3.73005   1.36068   4.23434    1596   15
   166   4.46053   1.50119   1.17159    1464   18
   167   4.99575   0.54124   1.34493     540   10
   168   4.03736   2.05744   2.12240    1011   14
   169   4.51247   1.50242   3.77934    1955   17
   170   1.92424   0.89590   0.08467     894   13
   171   1.79224   0.90934   2.62641    1302   16
   172   3.35252   1.22502   5.45418    1651   13
   173   1.02788   1.18759   6.24325    1007   14
   174   0.58574   1.47859   5.81478     856   11
   175   3.57891   0.47816   5.34925    1126   16
   176   0.23773   1.60041   5.25917    1980   16
   177   0.22408   2.23862   1.35647    1584   17
   178   4.60659   0.63366   3.46172     793   13
   179   0.45379   1.77074   5.27614    1425   15
   180   4.16176   2.76403   1.46497    2073   15
   181   4.56605   1.38019   0.01663    1191   14
   182   3.54440   2.40064   5.84246    1453   18
   183   1.69270   0.55468   2.06574     929   13
   184   3.13243   0.68496   2.93622    1292   18
   185   1.91781   1.01816   0.06138    1421   17
   186   0.02387   0.77873   3.14637    1433   16
   187   6.09831   0.82692   2.16523    2079   18
   188   2.53330   1.29058   1.11119    1581   17
   189   1.79456   1.27632   3.51014    1108   15
   190   2.25881   1.96967   2.92349    2622   19
   191   0.52946   1.10409   5.53942    1146   16
   192   4.49268   2.29307   1.78272    1179   19
   193   5.48378   1.74345   0.01572    1472   13
   194   0.26386   1.57949   1.61244     797   13
   195   2.63818   3.09678   2.21604    1340   15
   196   0.71549   1.26795   3.32075    1137   13
   197   2.15117   0.79698   3.72747    1129   16
   198   3.92653   2.42299   3.23858     661   10
   199   6.23043   0.47787   4.29772     970   14