     1   0.00000   0.00000   0.00000       0    0
     2   1.10253   1.92656   3.37422    1740   17
     3   1.11526   1.87250   3.34971    1338   14
     4   5.94142   1.70140   1.17509    1679   11
     5   1.10253   1.92656   3.37422     508   11
     6   2.74008   1.36246   5.05631    2509   16
     7   3.45695   2.74937   5.40213    3454   14
     8   1.33501   1.87974   5.05176    2392   17
     9   0.73720   0.41381   1.98749    3944   17
    10   5.85975   1.72048   5.97836     766    9
    11   4.48193   1.16218   6.03410    4029   19
    12   4.38974   1.18089   1.38231    4162   18
    13   3.57991   2.73389   4.04766    1266   13
    14   1.08875   1.81886   1.75598     976   10
    15   5.80191   1.90744   4.41364     552    6
    16   2.72747   1.42563   0.41035    4371   19
    17   1.25693   2.01928   3.40797     730   12
    18   3.68820   2.83043   2.62247    2748   16
    19   3.85247   2.78137   2.74302    2561   15
    20   0.64056   0.39138   3.75905    2627   18
    21   1.35235   1.95917   0.30692    2920   19
    22   1.31074   1.85820   3.36857    3306   16
    23   1.26089   1.91122   1.80955    2400   15
    24   1.30592   1.91996   3.39529    3021   12
    25   0.45968   0.45663   3.79517    2064   12
    26   0.75161   0.50614   5.02099    2461   13
    27   0.37042   0.33265   0.74682    2582   16
    28   1.09940   1.82013   1.78983    2007   12
    29   0.31449   0.47534   2.55220    4986   21
    30   5.93665   1.77425   1.22729    2978   16
    31   1.27779   1.83589   0.31542    1220   13
    32   3.71355   2.76289   2.42651    2408   14
    33   2.81193   1.36479   0.40555    1228   11
    34   5.79057   1.81123   4.23912    3701   18
    35   4.45211   1.25131   2.80783    2673   17
    36   5.81197   1.84604   2.66993    1258   12
    37   1.16386   1.79816   0.15460    1830   13
    38   3.61977   2.68936   2.47257     977   13
    39   0.20308   0.45859   0.92903    1846   11
    40   1.15267   1.93918   0.19097    3311   19
    41   5.92321   1.89089   2.78352     830   11
    42   1.34324   1.87984   0.23835    2998   15
    43   2.69117   1.45201   1.97799    4837   18
    44   4.33902   1.30861   4.39802    2178   16
    45   0.41113   0.40107   2.21284    1752   11
    46   0.41539   0.45025   0.71508    1590   10
    47   4.33168   1.16703   4.47525    1068   12
    48   5.85827   1.80421   1.08733    1314   10
    49   4.33012   1.24877   4.46839     860   10
    50   1.15879   1.92635   3.42242    1926   15
    51   4.44430   1.18466   1.21635    2218   18
    52   1.28430   1.99640   1.85063    2452   14
    53   4.36294   1.30887   6.15229    3462   17
    54   5.91771   1.79219   2.90040    4868   23
    55   1.10253   1.92656   3.37422     927   11
    56   5.81344   1.80329   2.90195    2560   17
    57   4.43756   1.14997   1.31709    1194   10
    58   0.42641   0.38870   3.86398    2247   11
    59   1.08875   1.81886   1.75598     870    8
    60   3.68156   2.64457   3.96020    5227   21
    61   5.97981   1.86445   4.44648    2703   17
    62   3.75017   2.58509   4.20215    1505   14
    63   3.64972   2.82943   5.60494    4610   20
    64   0.00000   0.00000   0.00000    3263   15
    65   5.81584   1.74603   4.31589    1159   12
    66   5.88797   1.83359   2.86684    1753   13
    67   4.23266   1.17141   3.01517    4153   18
    68   1.10253   1.92656   3.37422     874    9
    69   4.37395   1.11053   2.83024    3496   17
    70   5.97981   1.86445   4.44648     824   10
    71   5.78481   1.90049   1.27781    2153   16
    72   1.23731   1.95383   3.34971    4185   15
    73   3.64580   2.60355   0.83965    2352   15
    74   4.45211   1.25131   2.80783    3500   16
    75   0.76284   0.44942   5.07524    2103   11
    76   3.93004   2.72572   5.91918    5020   19
    77   2.74008   1.36246   5.05631    1811   15
    78   5.92773   1.92508   2.72537    1170   11
    79   5.99229   1.79906   4.47374    3243   16
    80   2.71319   1.46097   3.51546    4195   24
    81   1.29133   1.87688   0.33384    2169   15
    82   0.61332   0.40860   5.30546    3288   16
    83   0.59774   0.32749   2.22776    1822   14
    84   5.92702   1.80677   2.68919    1757    9
    85   5.80093   1.71816   2.76599    1186   12
    86   2.74008   1.36246   5.05631    1001   10
    87   5.85358   1.69582   4.34140    3377   17
    88   3.40172   2.76087   0.78630    5385   20
    89   5.82328   1.81861   5.89361     909   10
    90   0.56887   0.44937   0.62288    2109   13
    91   2.74511   1.24009   0.34509    2827   15
    92   1.30400   1.81309   1.85210    1064   11
    93   0.75161   0.50614   5.02099     876   11
    94   0.64981   0.39657   2.11263    1482   14
    95   2.73047   1.44767   1.84984    1267   11
    96   4.27038   1.33135   4.47101    4338   22
    97   4.09606   2.76687   2.79008    3322   20
    98   2.69117   1.45201   1.97799    1531   10
    99   0.67963   0.48523   5.17008    4467   18
   100   1.20610   1.80605   4.89317    2043   14
   101   0.61099   0.43974   3.77162    3167   18
   102   5.91220   1.78727   4.26306    1942   14
   103   3.57183   2.77022   4.09552    1482   15
   104   4.24353   1.15191   4.54708    1243   13
   105   3.89210   2.65038   4.21419    1716   13
   106   1.24531   1.94088   0.27763    3515   15
   107   3.90615   2.69347   1.10121    3259   17
   108   4.37141   1.32343   4.34863    1680   15
   109   3.44469   2.69214   5.34490    1524   14
   110   5.87355   1.71025   4.29501    1756   12
   111   5.86757   1.74863   1.21732    1695   15
   112   1.33657   1.95309   3.52762    1966   15