     1   0.00000   0.00000   0.00000       0    0
     2   1.10068   1.96861   4.63222     747   11
     3   4.00443   2.66835   2.98402     849   12
     4   0.70703   0.33719   5.12601     672   11
     5   1.29636   0.47141   4.44766     841   12
     6   3.96153   2.67387   2.88993    1421   15
     7   4.22489   1.18751   3.17628    1888   18
     8   1.07689   1.96058   4.66516    1059   12
     9   4.01318   2.68953   3.09696     996   12
    10   0.96674   2.06798   1.64608    1344   17
    11   1.01723   0.40998   6.15874    1075   15
    12   4.23038   2.77033   0.10024    1601   18
    13   1.03802   1.94678   0.04008    1620   20
    14   3.91177   2.77154   2.82532    1401   14
    15   1.10044   0.34562   2.92813    1318   15
    16   4.33091   2.82863   4.88273    1693   16
    17   3.95882   2.77048   1.39336    1196   12
    18   2.57771   1.54119   0.45252     873   11
    19   1.07689   1.96058   4.66516    1000   15
    20   5.68064   1.64172   2.83514    1212   11
    21   4.02598   1.21933   4.66108    1268   16
    22   4.22734   1.13889   1.46409    1131   14
    23   0.77004   0.54050   0.19349    1864   15
    24   3.82977   2.73897   2.94141    1696   19
    25   4.26167   1.11497   4.55693    1228   15
    26   4.30514   1.13391   1.39393    1775   17
    27   2.56589   1.67266   0.47423    1076   11
    28   0.55001   0.37745   3.52034    2238   20
    29   5.73143   1.57827   4.34623    1570   19
    30   5.63889   1.67909   4.21971     929   10
    31   1.04466   1.96424   1.71808    1316   16
    32   5.60836   1.61173   4.31307    1425   17
    33   4.17003   2.62049   1.55687    1219   14
    34   4.14896   1.17443   3.09436    1535   16
    35   4.21968   1.15146   3.19605    1079   13
    36   0.97389   2.08423   4.78560     842   13
    37   0.80213   0.42514   4.83954    1085   13
    38   4.15456   1.17253   1.52145    1289   12
    39   1.02427   0.49399   6.11887    2436   18
    40   5.62534   1.58397   5.89736    1194   11
    41   0.79612   0.41069   1.83112    1937   18
    42   4.38267   2.68517   4.82964    1506   16
    43   2.62486   1.55470   0.40504     837   11
    44   0.80535   0.54620   4.91264    1507   16
    45   5.61834   1.52288   1.10855    1549   17
    46   2.53744   1.58138   2.06439    1564   14
    47   1.11161   1.85442   0.04120    1620   16
    48   5.74532   1.58517   5.99072     963   11
    49   0.91574   0.42654   3.29396    1480   16
    50   4.23472   2.73014   0.15491    1197   15
    51   1.08741   1.96590   1.56610     740    9
    52   1.10977   0.40802   0.01415    1324   15
    53   2.55811   1.58426   5.11471    1523   14
    54   2.65341   1.53751   5.10004    2163   20
    55   4.05777   1.26345   6.27157    1009   14
    56   5.63284   1.51300   1.16871    1233   14
    57   0.99966   1.93429   1.61589     556   10
    58   0.99354   2.04538   3.06213    1281   15
    59   1.06833   2.08560   1.65049    2327   17
    60   5.62287   1.56417   1.14630     979   12
    61   4.21004   1.10239   6.15302     886   11
    62   5.68064   1.64172   2.83514    1340   15
    63   3.87131   2.82100   6.07805     712   10
    64   1.12153   0.34185   1.41290    1490   13
    65   0.85711   2.09372   6.24696    1322   14
    66   2.57724   1.51317   1.99223     616    9
    67   5.65780   1.62032   1.07076     840   12
    68   4.34439   2.64743   3.36377    1098   14
    69   0.83387   0.44357   3.40865     969   11
    70   1.09493   2.02360   0.10622     976   10
    71   1.03189   1.94951   3.18494    1264   13
    72   4.18825   1.22346   1.43478    1145   12
    73   3.71872   2.77529   4.41828    1470   17
    74   2.61936   1.54334   2.04224    1160   15
    75   0.99966   1.93429   1.61589    1564   16
    76   2.57247   1.59162   3.46451    1924   18
    77   0.97566   2.11418   0.03085     517   11
    78   4.16067   1.23728   6.19720     687   12
    79   0.82380   0.39117   0.16540    1649   17
    80   1.07250   1.99377   4.64348    1486   15
    81   4.13892   1.21396   0.00146    1884   14
    82   4.24094   2.74326   0.12504    1609   13
    83   4.12049   1.26832   0.04976    1221   13
    84   5.77388   1.58208   2.67392    1116   16
    85   3.95058   2.82408   4.54731    1082   11
    86   2.55946   1.62855   0.29997     986   14
    87   4.13343   1.24079   1.42407    1484   17
    88   0.90287   2.06105   3.17025    1057   13
    89   2.50829   1.69043   0.40636    1444   17
    90   2.58125   1.53285   4.99518    2339   18
    91   4.17173   1.27854   1.50865    1455   15
    92   0.97373   1.88896   4.69551    1112   15
    93   2.49767   1.67644   0.44427    1267   15
    94   4.36923   2.76511   3.40506    2226   20
    95   2.58006   1.56940   0.37282    1237   17
    96   5.68064   1.64172   2.83514     953   14
    97   4.25869   2.62634   0.24373    1321   14
    98   4.07327   2.63802   4.69611     924   12
    99   2.57771   1.54119   0.45252    1511   17
   100   1.06490   1.86897   4.77680    1553   16
   101   5.78524   1.61011   4.24618     936   14
   102   2.49736   1.45735   2.03158    1085   13
   103   5.79772   1.55256   1.27038    1001   13
   104   4.14780   1.03180   4.69011    2008   21
   105   4.09626   1.05244   3.19796    1407   15
   106   2.57771   1.54119   0.45252     973   13
   107   1.00528   0.31322   1.65439    1315   16
   108   5.79384   1.50288   4.27473    1165   11
   109   1.12517   0.51357   6.21670    1140   15
   110   5.66167   1.71143   5.88615    1493   16
   111   0.99122   1.87090   1.57427    1207   13
   112   4.20227   1.15802   6.12558    1389   14
   113   5.62462   1.66074   5.89004    1184   12
   114   2.53689   1.61852   5.12506     939   15
   115   3.97546   2.79087   4.56711     786   11
   116   0.95871   2.01980   1.61564    1450   13
   117   5.75486   1.53268   4.29746    1160   14
   118   5.63149   1.58087   2.60669     864    9
   119   0.96838   1.93079   3.17425    1313   15
   120   4.16071   1.16717   1.51584    2316   19
   121   3.92761   2.75557   6.16154    1240   14
   122   1.05329   1.96921   3.06687    1239   15
   123   4.39274   2.78490   3.41580     873   14
   124   5.60129   1.57872   5.92328    1245   14
   125   4.42718   2.69276   3.36781    1513   17
   126   5.73555   1.67102   5.88296    1673   18
   127   3.84302   2.79746   4.35666    1295   13
   128   5.73726   1.45980   2.74001    1514   15
   129   1.20099   0.26694   2.97585    1030   14
   130   1.10289   1.93799   0.00185    1832   18
   131   4.09626   1.05244   3.19796    1471   17
   132   4.20203   2.80303   1.71293    1378   13
   133   2.59802   1.64330   0.33305    1260   14
   134   1.06944   0.47379   3.06506     975   10
   135   1.24274   0.33130   2.90238    1357   15
   136   1.07926   2.00497   0.15018     859   11
   137   0.88607   0.27930   1.68220     692   11
   138   2.56744   1.55347   5.18421    1559   18
   139   2.55977   1.64435   3.41694     952   13
   140   2.44647   1.53266   0.41330    1189   13
   141   1.12908   1.91029   3.15877    1240   13
   142   2.58316   1.46238   3.48868    1190   16
   143   4.07327   2.63802   4.69611     924   11
   144   4.02235   1.17480   3.05061    1085   14
   145   5.73143   1.57827   4.34623    1493   10
   146   1.08686   2.00167   4.77970     646   13
   147   1.13763   0.29973   4.70271    1852   18
   148   4.07503   1.17378   4.83963    1074   15
   149   5.71752   1.51077   2.80154    2057   18
   150   1.04353   1.97780   0.05871    1161   14
   151   1.01009   1.83917   6.22384     927   15
   152   4.08450   1.25987   1.55560    2392   19
   153   0.99132   0.42335   1.49053    1732   16
   154   2.59704   1.52075   3.48050    1443   18
   155   0.98293   1.89412   0.10803    1595   15
   156   5.57548   1.58315   5.92876    1746   16
   157   4.05650   2.79398   3.06795     572    9
   158   0.67232   0.32836   0.42228    1311   13
   159   1.05563   0.42370   1.47988     682   11
   160   1.27043   0.47559   2.88288    1654   17
   161   1.01769   1.94327   4.67633    1904   19
   162   4.18348   1.16301   4.66256    1816   16
   163   2.63072   1.55438   3.44184    1305   16
   164   5.78352   1.60943   2.68405    1317   15
   165   3.80555   2.73578   4.30189    1530   15
   166   5.76139   1.71034   2.82161     874   16
   167   3.91177   2.77154   2.82532     830   12
   168   2.67782   1.64190   5.16857     761   12
   169   5.69363   1.50998   4.40672    1728   15
   170   4.09626   1.05244   3.19796    1434   14
   171   5.77760   1.56586   6.00814    1621   14
   172   4.20802   1.21619   3.14229     653   10
   173   0.82668   0.53501   0.07107     950   15
   174   5.73024   1.59117   1.22335    1793   19
   175   4.18741   1.25691   6.14335    1078   14
   176   3.88499   2.72384   1.42501     914   11
   177   1.02531   0.42963   3.10510    1564   13
   178   4.01318   2.68953   3.09696    1418   14
   179   2.45832   1.67933   2.00102    1731   16
   180   4.16067   1.23728   6.19720    1639   16
   181   4.27026   2.64693   1.71120    1783   16
   182   4.13235   1.14840   4.61329    1975   18
   183   4.12121   2.75610   1.45441     989   14
   184   4.26541   2.78990   3.28151    1731   14
   185   5.73143   1.57827   4.34623     879   12
   186   2.64017   1.52214   0.44402    1033   14
   187   2.69183   1.53500   0.28062    1184   12
   188   0.90619   0.27800   0.04015     882   11
   189   4.12527   1.10386   1.53629    1329   14
   190   5.82930   1.53206   1.27469    1088   14
   191   5.74532   1.58517   5.99072    1552   18
   192   0.97031   0.39027   0.03807    1736   16
   193   4.22417   2.81884   3.23739    1379   15
   194   1.05659   0.39166   1.55153    1341   16
   195   2.57771   1.54119   0.45252    3090   23
   196   0.92910   1.97804   1.57731    1059   14
   197   1.09541   0.48492   3.07901    1661   16
   198   5.82573   1.53771   4.19604    1024   14
   199   1.07562   2.05638   3.09583    1170   16
   200   1.11457   0.37606   2.99870    2154   21