     1   0.00000   0.00000   0.00000       0    0
     2   2.11372   1.32491   0.88234    1416   13
     3   3.48178   2.23237   2.92041     766   10
     4   3.86783   0.65368   2.82452    1657   16
     5   0.82310   2.22231   5.08312     859   11
     6   0.90417   2.32726   0.41367     382   12
     7   5.20583   1.80126   2.17896     323    9
     8   0.82811   2.35139   5.02589    1809   11
     9   0.75951   2.28002   1.70667    2554   20
    10   5.37214   1.76734   5.50806    4019   20
    11   0.75951   2.28002   1.70667     583   15
    12   0.78070   2.44658   4.88321     464    9
    13   0.50270   0.94740   0.27114    3873   20
    14   4.01524   0.75148   4.22428     446   10
    15   3.82818   0.74911   4.42279    1118   12
    16   2.23105   1.30445   2.38596     385    8
    17   0.49488   0.78411   1.67034    2969   23
    18   3.92707   0.88159   4.45690    1268   13
    19   3.60756   2.24665   2.85079    1383   11
    20   0.71826   2.31719   3.43853     381    9
    21   3.53529   2.33033   2.88489    1284   15
    22   5.30939   1.68356   0.74263    1322   13
    23   3.56813   2.28792   4.44598    2989   23
    24   3.53457   2.28376   1.30402    2304   18
    25   2.21468   1.43327   5.58681     462   11
    26   0.28620   0.89682   5.14104     387    8
    27   2.14473   1.35830   0.89492    1419   14
    28   0.32726   0.88500   4.91458     792   14
    29   0.83272   2.32142   0.34142     378   11
    30   0.78556   2.22896   5.06988    2069   17
    31   0.77638   2.42656   4.98538     963   11
    32   0.47716   0.82115   4.96244     632   13
    33   0.85519   2.41598   3.55558    2075   18
    34   3.48178   2.23237   2.92041     571   11
    35   3.84450   0.65883   1.34008    1836   16
    36   5.34941   1.67241   0.75148    1195   11
    37   2.21578   1.47633   5.49227     787    8
    38   0.39651   0.86923   3.40541    4142   19
    39   3.55398   2.21716   1.16421    1227   15
    40   3.74383   0.81338   1.45028    2940   21
    41   4.01524   0.75148   4.22428     562   11
    42   5.25579   1.87507   3.94559    2855   22
    43   0.82811   2.35139   5.02589     569   10
    44   3.94237   0.66416   4.52958    2077   15
    45   0.54095   0.92837   4.94825    3776   23
    46   5.40324   1.83671   3.91407    1882   15
    47   0.74773   2.38384   4.96019    1195   15
    48   0.38338   0.73545   1.86196    1100   11
    49   2.08906   1.41239   0.92520    2373   20
    50   0.78556   2.22896   5.06988     657    9
    51   0.21638   0.88213   0.43712    1509   12
    52   5.35548   1.77545   5.45057     366    9
    53   3.77784   0.72993   3.01790    3988   24
    54   0.46455   0.90041   0.21486    1561   14
    55   0.62006   2.32325   4.94181    1244   14
    56   0.71928   2.33185   1.82157     915   11
    57   3.77784   0.72993   3.01790     586   10
    58   2.13968   1.30246   2.42805     513    9
    59   2.08208   1.36167   4.11515     645   13
    60   0.82811   2.35139   5.02589    1605   15
    61   3.91355   0.64860   4.32128    1374   15
    62   0.54756   0.72833   0.15984    1638   17
    63   5.44182   1.77985   3.91610    2319   21
    64   2.25919   1.30846   3.90071     802   10
    65   0.36074   0.99259   3.38688     440    9
    66   0.82310   2.22231   5.08312     515   10
    67   0.82310   2.22231   5.08312     911   14
    68   0.76840   2.51972   3.51454    3526   19
    69   3.42635   2.29700   2.87382     644   12
    70   5.29156   1.81598   2.41243    2729   20
    71   0.36074   0.99259   3.38688    2564   14
    72   0.82811   2.35139   5.02589    1471   17
    73   3.58935   2.30871   6.09441     386   10
    74   5.24600   1.74052   0.70141    1764   17
    75   0.36074   0.99259   3.38688     718   12
    76   2.07253   1.32534   5.52178    5371   24
    77   3.86496   0.70171   4.39432     490   12
    78   3.90534   0.75034   1.24538    1369   13
    79   0.77456   2.33613   4.96341    3256   21
    80   3.89302   0.75886   2.96159    1211   14
    81   3.58266   2.28360   6.02314     380    7
    82   3.48178   2.23237   2.92041    1372   13
    83   3.94709   0.86946   2.85018     487    9
    84   5.26556   1.80719   3.91960    1674   15
    85   5.18447   1.74295   0.78027    1144   11
    86   3.58422   2.16943   4.50470    2862   18
    87   0.34645   0.81910   3.41907    1621   16
    88   4.01524   0.75148   4.22428    1089   12
    89   3.68453   2.35081   6.03174    2529   17
    90   0.81885   2.50249   1.87224     340    7
    91   3.59787   2.28272   2.89358    1350   15
    92   0.34159   0.81421   0.25640    1846   17
    93   0.69753   2.43810   1.89094    1795   18
    94   4.01524   0.75148   4.22428     374    9
    95   3.44764   2.29600   6.09192    4205   23
    96   2.23105   1.30445   2.38596     541    8
    97   0.61385   2.37836   3.36871    4211   23
    98   0.43162   0.94774   0.30929    1255   18
    99   3.98200   0.68005   2.69573    1297   13
   100   0.69931   2.33031   3.32084    2312   16
   101   0.72846   2.42629   0.29278     331   10
   102   3.82884   0.69887   2.96526    1659   16
   103   2.11199   1.40516   2.54284     621   12
   104   3.51556   2.22432   1.29852    2913   20
   105   5.24375   1.71638   2.36401     612   12
   106   3.52464   2.40010   1.32412     886   11
   107   0.55128   0.82241   4.92330     955   12
   108   0.54756   0.72833   0.15984    1133   12
   109   2.12870   1.42344   4.11636     640   10
   110   3.48178   2.23237   2.92041     539   11
   111   5.32532   1.74819   3.85081    3684   22
   112   0.80947   2.29611   5.02950    2275   21
   113   0.89897   2.39338   0.41310    3754   26
   114   3.72761   0.69335   6.06372     466   12
   115   5.32916   1.65263   5.49726     528    9
   116   5.27251   1.82906   2.30052     724   10
   117   0.53804   0.77354   0.09896    1062   14
   118   2.09854   1.44165   5.47136     701   11
   119   2.24252   1.38348   3.85127    1948   18
   120   2.05286   1.38986   3.93939    1959   19
   121   3.62343   2.34683   4.45517    1643   14
   122   0.63126   2.40091   4.92949    1202   13
   123   3.61202   2.30244   4.54977     517   11
   124   0.45011   0.80534   4.81522    2821   19
   125   3.82414   0.72597   4.62552     824   11
   126   0.73096   2.48848   1.86380     856   12
   127   2.14979   1.36103   5.54043    2698   17
   128   3.45519   2.41867   2.73773     484    8
   129   3.60756   2.24665   2.85079     867   11
   130   0.83230   2.27734   3.32038     569   10
   131   5.14328   1.73461   0.68316     355    9
   132   2.23172   1.45417   2.45702    1195   14
   133   0.97536   2.36351   3.60035     688   10
   134   3.90995   0.73410   1.17386     851   12
   135   2.11283   1.34366   5.56158     535   10
   136   2.09664   1.30186   3.87889    4548   24
   137   3.57141   2.31182   2.83022     840   11
   138   5.27392   1.70702   0.82785     582   10
   139   0.90417   2.32726   0.41367     716   13
   140   3.79296   0.69599   4.47959    5923   26
   141   3.48436   2.21230   1.23268    1867   14
   142   3.94062   0.87855   2.85959     661   13
   143   3.54170   2.24169   2.91190     347    9
   144   4.00142   0.65195   1.23811    4412   23
   145   3.89947   0.59988   2.86280    2030   15
   146   2.20076   1.39610   3.99778     613   11
   147   5.19934   1.88190   5.42041     574   10
   148   2.07524   1.36328   2.43584    4782   26
   149   2.13688   1.43539   3.88208    3405   22
   150   2.17735   1.36356   3.99033    3750   16
   151   5.25705   1.80872   3.88922     605   11
   152   2.17735   1.36356   3.99033     687    8
   153   3.97748   0.70101   5.95604     911   10
   154   3.94390   0.85976   5.95508     610   10
   155   0.27790   0.85422   0.39855     813   11
   156   0.54756   0.72833   0.15984     658   12
   157   3.60980   2.38562   2.85528    1033   11
   158   3.78533   0.78868   6.14484     413    9
   159   5.37214   1.76734   5.50806     614   11
   160   0.29210   0.79575   1.77097     890   12
   161   2.17207   1.50963   0.85764    3472   24
   162   3.56387   2.22798   2.95867    2083   20
   163   5.31470   1.80498   0.86655     584   10
   164   2.04351   1.38397   0.75796     777   14
   165   2.14322   1.34000   0.93790     629   13
   166   5.38783   1.67754   5.55357    3387   16
   167   0.82130   2.47611   0.34682     428    9
   168   5.38172   1.84813   5.50935     963   17
   169   2.15882   1.28538   5.61701     603   13
   170   0.77493   2.41879   3.41079    3429   20
   171   3.40520   2.19263   2.74133     615   10
   172   3.88686   0.83502   6.05064     886   15
   173   0.73946   2.31776   1.75014    5920   31